3 4 16 42 47 7 26 43 0 8 46 44
42 16 4 0 15 47 3 7 26 8 43 23
14 12 9 18 30 39 29 40 41 19 33 21
34 40 11 12 9 19 14 18 30 29 39 41
46 44 43 26 47 4 7 0 8 3 42 15
14 30 18 12 39 29 9 21 41 33 19 37
37 21 33 41 39 29 30 18 14 12 9 19
14 9 18 12 30 29 39 40 41 33 19 21
25 6 2 8 44 26 7 3 46 43 10 47
32 36 27 17 24 2 20 31 23 16 25 3
32 24 36 27 20 17 2 35 31 23 16 25
42 4 16 47 0 43 26 7 46 3 44 8
37 41 33 21 29 39 18 30 14 12 9 45
22 24 36 23 32 27 20 5 38 17 31 15
8 26 44 7 6 25 46 43 3 42 47 4
12 9 19 14 40 18 30 34 29 11 39 41
19 11 45 28 40 14 12 34 9 30 39 18
17 36 31 24 32 27 20 23 22 6 25 16
20 27 24 32 23 36 17 2 31 35 22 25
11 40 34 19 9 12 14 30 18 45 39 29
27 20 24 17 32 36 23 2 35 31 16 25
30 29 39 18 33 41 21 14 37 12 9 19
24 32 36 20 23 27 17 35 22 5 38 2
2 27 20 31 32 24 36 3 25 42 16 8
23 24 20 27 22 35 5 32 38 36 3 7
1 10 11 34 40 19 9 2 45 12 14 38
0 15 42 4 47 16 43 26 46 7 3 44
24 32 36 27 20 23 22 17 31 16 42 5
27 20 24 23 32 36 22 35 2 5 17 31
34 40 11 19 12 9 14 30 18 39 29 45
0 42 16 47 4 15 7 3 43 26 8 44
36 17 32 31 24 27 20 23 22 6 25 16
23 24 27 20 22 32 36 5 38 17 35 1
12 9 14 40 19 30 18 34 39 29 11 41
20 24 27 36 17 23 32 22 25 35 31 6
19 11 45 14 9 12 30 18 39 40 29 34
13 37 33 21 41 29 39 18 30 24 32 36
10 44 46 6 43 26 25 1 8 7 3 47
42 3 4 16 7 26 8 43 47 44 46 25
0 42 16 15 4 47 43 7 26 3 46 8
30 18 29 39 14 33 41 12 9 21 19 37
24 17 36 20 32 23 27 31 35 6 2 16
4 42 47 0 16 43 26 7 3 46 15 44
4 47 43 26 7 46 0 44 42 16 3 8
19 11 34 40 12 9 14 45 30 18 39 29
31 32 24 27 36 2 20 17 23 25 16 8
28 45 19 39 14 30 18 29 37 21 33 41
19 12 30 14 9 18 40 29 39 11 34 33


47 6 4 16 5 38 44 37 45 42 40 25
12 32 0 36 7 1 21 13 20 39 10 25
8 17 24 14 2 19 3 27 33 22 11 46
14 24 8 17 2 3 19 33 27 46 22 9
11 22 33 27 19 3 17 2 8 24 14 46
30 5 28 41 4 45 43 16 38 31 9 34
5 31 9 14 3 24 8 17 19 22 2 33
11 22 33 27 19 3 17 8 2 24 14 46
17 8 19 2 3 24 14 27 33 22 11 46
40 28 42 41 29 30 6 13 36 44 1 12
11 22 33 27 19 3 17 2 8 24 14 46
24 8 17 14 2 3 19 33 27 22 11 46
14 24 8 17 2 3 19 46 27 33 22 9
42 35 43 47 41 40 9 6 26 44 8 19
12 32 36 0 21 7 10 1 25 20 39 34
16 38 47 5 44 4 45 6 37 25 43 20
15 10 21 25 45 9 4 36 20 32 46 16
39 7 0 18 1 34 13 12 32 23 36 37
14 9 24 8 17 2 46 3 19 33 27 22
10 21 25 15 32 36 12 20 45 0 7 34
41 28 30 40 42 29 35 6 31 13 44 46
47 6 44 37 42 40 16 4 38 25 5 35
28 41 40 30 29 42 35 6 46 44 13 31
40 28 42 30 41 29 6 44 35 47 13 46
9 14 24 2 46 8 17 19 3 27 33 22
35 29 28 40 26 41 43 6 46 42 13 2
28 41 30 31 4 43 16 18 38 5 45 9
8 17 24 14 2 3 19 27 33 22 11 46
17 8 22 19 33 27 3 2 24 14 11 46
47 44 3 8 9 14 19 2 17 11 22 24
47 6 44 42 16 40 38 4 26 5 37 45
41 28 40 42 30 9 11 27 44 24 8 3
11 22 27 33 19 3 17 2 8 24 14 46
14 2 24 9 8 17 3 19 46 27 33 22
11 22 27 19 33 3 2 17 8 24 14 46
1 7 0 12 13 32 36 39 34 18 20 21
14 9 24 8 46 17 2 3 19 27 33 22
47 6 42 43 37 44 4 35 40 16 25 38
7 1 0 34 12 39 32 13 36 18 20 21
19 8 17 2 3 27 22 24 33 14 11 46
11 22 27 19 33 3 2 17 8 24 14 46
12 0 32 1 7 36 39 13 21 34 20 25
4 42 38 16 40 6 47 41 43 44 37 13
22 11 33 27 19 3 17 8 2 24 14 46
28 40 29 42 30 6 41 35 46 44 26 47
46 19 14 17 2 8 24 27 33 22 3 11
14 24 9 8 2 17 19 3 27 33 22 46
17 19 8 3 33 2 22 27 24 14 11 46


5 22 25 15 40 18 46 24 0 14 3 45
28 43 41 9 35 33 1 37 34 45 26 42
46 18 24 25 40 22 0 15 5 3 36 14
24 46 18 25 22 40 3 5 0 15 45 36
5 25 22 15 46 24 18 3 40 0 45 14
1 33 43 35 41 17 28 29 45 47 20 15
26 13 14 35 36 0 39 15 18 40 42 46
5 25 22 15 46 18 24 40 0 14 3 45
47 17 6 27 23 29 21 43 12 34 31 30
3 20 22 45 24 5 25 15 46 18 40 0
11 44 34 39 10 23 29 6 27 38 32 35
18 46 24 0 40 25 36 22 3 13 15 5
13 0 26 36 14 46 18 15 40 25 22 24
35 41 43 1 28 33 29 34 39 42 11 13
35 39 26 13 42 36 11 0 14 34 18 1
29 34 6 44 23 11 10 47 35 39 27 1
35 43 41 39 26 34 4 29 11 13 1 6
11 44 29 39 6 34 35 23 10 1 8 2
38 30 27 47 10 23 6 12 21 34 29 44
22 25 5 24 15 40 46 18 3 45 0 14
32 9 10 31 30 23 38 21 12 44 11 6
6 23 29 27 47 10 44 38 21 34 30 12
3 45 22 24 25 18 5 46 15 40 0 14
30 38 12 21 27 47 10 23 6 32 19 17
35 29 11 34 39 44 6 23 1 47 27 10
40 22 25 5 3 18 14 15 24 0 46 45
1 29 6 44 34 23 47 11 27 10 21 35
25 5 22 40 15 18 46 24 0 14 3 36
46 18 24 3 25 40 0 22 15 36 13 5
13 26 18 0 46 36 40 14 24 25 22 15
5 25 22 15 40 18 24 46 14 3 0 45
29 6 34 44 23 10 47 27 11 21 38 12
3 18 46 24 25 22 40 0 5 15 45 36
1 41 43 17 29 27 6 33 47 35 4 34
39 26 35 13 36 42 0 14 16 18 46 40
0 40 22 18 25 15 46 14 5 36 24 13
18 46 25 24 3 22 5 40 15 0 14 45
31 32 42 33 39 35 19 45 28 36 1 22
16 8 2 7 33 11 37 35 36 32 39 45
3 24 46 25 22 18 45 5 40 15 0 20
22 45 15 25 5 40 18 14 0 20 3 36
16 7 8 2 11 42 32 46 3 36 13 24
18 46 24 0 40 13 36 25 22 3 15 26
6 29 23 44 34 47 10 27 21 11 38 30
13 26 46 18 36 0 40 24 25 42 3 22
5 25 22 15 40 14 18 0 46 24 3 36
6 29 44 23 34 10 11 27 47 38 21 30
47 21 27 30 23 38 12 6 10 29 44 17


35 2 5 0 6 42 46 25 36 3 8 31
0 2 35 5 46 6 36 42 3 25 31 40
12 30 38 40 47 13 34 1 8 45 3 17
19 4 39 32 11 7 23 28 10 21 22 45
16 31 37 24 36 38 5 26 21 12 34 17
11 7 39 19 21 4 23 32 10 1 28 45
42 2 35 0 40 3 46 5 8 38 6 18
43 34 12 26 9 30 1 17 4 11 10 21
27 25 28 8 3 32 42 4 14 39 19 6
0 5 35 2 46 36 6 42 3 31 25 40
11 23 39 19 7 4 10 21 32 1 45 28
16 31 24 36 5 37 46 38 2 47 0 35
7 11 10 23 21 39 19 4 32 1 24 37
17 16 29 31 9 36 5 43 46 26 24 37
27 28 3 42 6 25 45 40 8 35 20 0
2 46 0 35 5 36 42 6 3 31 40 16
7 11 39 19 4 23 10 32 21 1 28 45
40 30 2 5 0 46 35 36 38 31 13 6
6 35 0 5 2 46 36 3 42 25 31 40
42 41 18 2 0 35 5 46 6 14 33 3
17 22 34 29 12 20 43 37 25 1 5 11
28 32 4 19 39 45 27 11 23 10 7 1
33 41 38 18 31 44 47 13 2 16 14 30
7 11 10 23 39 21 19 4 32 1 24 45
18 38 40 45 1 13 33 34 30 20 23 10
39 11 19 4 32 23 7 10 21 1 45 28
34 43 1 9 11 26 21 10 4 23 12 19
34 43 26 9 33 41 8 1 12 25 5 38
2 35 0 42 46 3 5 6 36 40 8 20
6 3 42 35 0 2 46 5 25 36 40 8
16 31 36 5 29 46 0 2 35 24 17 37
26 42 2 9 35 5 0 41 46 8 43 6
7 10 11 21 23 39 19 4 24 1 32 37
26 41 34 47 13 33 12 38 9 10 1 23
11 7 10 23 39 21 19 4 32 1 45 28
7 39 32 11 21 19 14 47 4 23 10 13
42 3 2 35 0 6 46 40 5 8 20 36
29 17 22 12 25 6 3 20 5 0 35 36
10 23 11 32 7 19 39 4 1 21 45 28
28 4 32 39 19 11 17 27 23 22 7 10
2 46 0 35 5 36 6 42 3 40 31 25
35 0 2 6 42 3 5 46 36 25 40 20
27 25 6 3 40 42 28 45 35 15 39 19
29 16 14 43 26 25 47 31 36 17 41 15
28 42 3 45 40 27 8 32 25 2 35 6
42 35 2 3 0 6 46 5 36 25 40 8
12 5 34 46 35 29 43 2 0 36 6 9
5 0 35 2 36 46 6 31 42 3 25 40


25 35 20 41 46 29 31 9 34 40 8 1
38 28 27 14 6 3 4 42 11 37 22 10
36 32 10 17 23 22 4 18 7 0 30 37
40 8 34 9 31 29 46 33 41 20 25 35
8 40 34 9 31 33 29 46 41 15 20 25
22 37 19 1 32 36 23 17 10 24 18 30
9 34 40 8 31 46 41 29 20 25 42 35
31 29 46 9 41 20 40 34 8 25 35 33
22 32 36 23 10 17 37 19 18 30 4 0
15 21 33 47 7 0 18 4 30 45 17 8
19 17 18 36 10 30 22 0 23 32 7 4
36 10 23 17 18 32 4 0 30 22 7 21
40 31 29 9 8 34 46 41 20 25 35 33
40 34 8 9 31 29 46 41 20 33 25 35
11 39 6 14 2 0 12 3 13 18 7 21
14 6 2 26 28 39 16 27 38 32 0 10
46 41 25 20 35 31 29 9 34 40 8 1
22 37 19 1 32 36 23 17 10 18 30 24
21 7 0 18 17 4 10 30 15 47 36 23
6 39 11 14 2 26 43 16 45 32 41 24
33 15 47 21 7 0 8 34 40 44 18 30
8 33 40 34 9 31 29 15 46 41 20 25
23 36 32 22 17 10 37 18 4 24 30 0
29 31 41 9 40 34 46 8 33 20 25 35
22 32 36 10 17 37 19 18 14 6 23 4
36 10 17 23 18 32 4 7 0 30 22 21
36 22 4 10 17 19 18 23 30 32 0 37
8 40 34 9 33 31 29 46 41 20 15 25
32 37 22 24 36 17 10 23 30 19 1 4
40 34 9 8 31 29 46 41 20 25 35 33
40 34 9 8 29 31 41 46 33 20 25 35
9 31 40 34 29 46 41 8 20 25 35 33
15 21 33 7 47 0 45 4 8 30 18 40
39 2 16 6 43 5 30 0 36 26 44 28
21 15 7 0 10 23 4 18 17 36 30 24
17 18 36 10 0 4 23 7 30 32 21 22
5 13 16 4 0 3 21 15 7 42 43 45
45 15 40 34 8 9 31 29 33 21 41 46
6 3 11 39 43 44 14 30 28 45 32 37
17 18 7 10 0 36 21 4 30 23 32 47
8 40 34 9 31 29 45 46 41 15 33 20
19 17 36 10 22 23 18 32 0 30 4 7
28 38 27 6 14 46 29 9 40 8 31 34
36 32 22 17 10 18 23 37 4 0 19 24
43 6 39 2 5 16 11 30 47 42 45 8
12 4 28 0 17 10 21 23 36 18 7 22
3 28 23 12 38 27 42 4 10 30 22 0
40 34 9 8 31 29 46 41 20 25 33 35


41 15 8 7 33 46 45 47 38 44 42 29
31 25 33 46 41 5 8 15 16 0 1 29
15 33 46 41 8 29 7 31 4 1 42 11
46 11 29 31 20 5 28 33 0 41 8 9
22 24 32 25 43 4 41 11 23 2 26 21
13 2 14 18 45 37 24 0 10 26 36 9
8 29 33 41 15 7 46 42 31 19 39 4
36 24 41 14 33 42 7 47 39 19 2 15
25 4 24 45 22 34 15 38 30 35 33 27
31 5 16 18 8 47 26 43 0 46 6 29
20 9 28 39 12 32 16 47 10 14 8 19
31 46 29 40 0 8 5 47 16 41 11 18
13 2 21 30 16 1 34 3 6 24 5 27
15 33 4 41 35 24 8 40 25 7 38 22
41 8 33 15 46 7 1 29 42 4 30 38
24 40 21 37 25 32 2 23 12 13 22 43
31 12 27 39 0 29 46 32 28 5 47 16
9 34 15 20 38 4 13 29 5 2 46 45
17 21 30 1 22 6 23 13 4 34 24 47
1 30 6 17 10 5 44 40 11 16 18 8
2 6 14 30 13 23 16 17 0 45 43 3
17 44 30 42 1 8 41 7 47 39 46 33
14 24 22 37 12 2 18 25 32 43 7 20
41 33 8 15 7 46 42 1 11 4 38 44
1 30 6 17 5 44 47 42 11 4 29 46
43 28 20 9 24 22 26 21 2 16 37 38
8 1 7 31 41 42 33 47 46 9 0 40
18 14 44 32 37 10 45 11 20 12 43 38
18 6 1 5 30 8 16 29 46 15 13 45
15 41 8 7 33 46 1 4 26 29 30 17
18 29 2 8 15 10 33 41 35 37 7 4
22 24 14 32 18 38 37 25 33 41 11 44
14 18 5 7 37 46 24 0 31 47 36 43
13 2 15 8 29 33 41 26 31 9 30 4
44 47 45 42 38 11 41 32 33 46 14 26
1 41 46 42 33 47 9 36 8 10 15 5
32 12 27 24 0 4 29 46 31 19 22 25
20 32 28 12 26 39 9 24 37 19 18 16
8 33 41 15 11 44 42 46 38 30 1 7
41 8 15 33 7 46 38 1 42 44 11 29
1 30 6 5 17 10 23 16 44 46 28 11
8 33 15 46 41 7 11 42 1 29 4 38
41 7 8 15 33 4 46 42 1 26 36 9
14 18 37 44 36 12 10 45 3 7 35 19
14 2 18 6 37 3 5 10 12 13 0 23
6 17 5 30 1 23 11 10 18 40 21 35
33 15 41 8 7 46 1 4 29 42 26 30
39 26 12 28 9 24 22 13 32 8 20 7


22 3 24 5 11 2 26 1 47 15 6 30
9 40 7 35 42 31 8 15 39 24 45 10
6 26 5 1 21 11 12 3 47 22 13 2
21 14 12 26 28 1 6 19 5 11 34 27
40 34 42 37 39 8 7 25 9 10 14 46
24 3 15 22 2 47 26 5 11 1 30 35
5 6 21 1 11 47 12 36 22 19 28 26
43 17 0 3 32 11 47 34 33 9 18 39
15 3 2 24 9 47 35 6 5 42 22 20
31 45 35 7 15 24 2 40 38 3 47 22
39 8 18 16 0 10 23 29 44 41 46 27
33 39 0 46 10 8 25 18 9 20 37 42
32 29 27 44 41 36 19 23 12 28 0 18
7 39 8 42 10 40 9 25 0 35 46 16
19 12 32 21 28 44 26 27 11 29 41 13
14 4 17 34 40 43 42 37 25 47 39 0
37 17 14 33 11 38 13 32 41 39 42 46
31 7 35 45 15 3 40 36 8 24 33 5
39 8 10 16 18 7 46 0 23 40 29 41
22 26 11 5 1 24 30 47 6 3 21 28
7 42 35 40 9 25 15 46 8 10 39 24
22 0 33 28 11 24 5 20 10 19 30 26
12 19 26 27 21 32 28 41 29 44 23 18
24 22 15 2 3 26 30 1 5 35 47 11
9 7 42 25 35 8 10 40 39 15 20 45
3 47 2 24 22 5 11 6 15 1 26 30
4 7 39 8 10 42 16 17 46 31 9 35
8 39 7 10 42 16 9 0 40 25 46 18
8 39 42 7 25 46 9 40 16 0 18 37
7 35 42 9 15 40 24 20 25 46 10 2
26 11 22 19 21 28 12 5 1 6 13 47
12 19 21 36 27 37 28 26 11 1 32 41
6 5 11 3 22 26 2 1 47 21 15 24
6 5 21 11 1 26 12 19 28 22 47 3
8 7 38 45 9 42 43 31 16 39 40 25
3 9 42 2 15 25 24 40 7 35 20 38
18 29 44 23 46 16 27 41 39 32 0 10
5 1 21 26 11 6 22 19 12 28 47 30
5 6 1 11 26 22 21 47 3 2 28 12
39 8 7 10 0 46 42 40 18 25 16 9
42 7 9 35 40 20 15 25 24 8 2 39
32 12 19 21 27 28 36 41 11 44 26 5
46 39 10 8 7 18 16 0 40 23 29 42
0 39 10 46 8 7 18 42 20 35 40 25
28 19 26 11 22 21 12 1 5 27 32 30
4 14 17 11 26 5 1 6 21 12 28 22
43 31 45 22 34 5 26 21 28 6 1 19
42 9 15 35 7 24 2 20 25 3 40 43


43 18 0 29 13 7 16 14 39 28 25 31
2 34 31 0 42 38 17 36 39 19 37 20
26 30 1 19 4 37 36 32 8 33 38 47
34 38 19 37 4 33 24 42 31 23 15 13
46 37 33 3 35 34 31 2 27 36 20 17
3 27 11 28 22 46 5 9 16 10 43 14
11 27 35 32 3 28 22 5 10 24 40 9
14 44 18 45 39 0 29 13 6 43 25 8
11 27 28 5 22 32 3 35 40 10 9 41
9 30 47 36 39 17 44 45 6 12 41 35
20 37 31 34 21 3 1 19 26 33 15 38
3 27 28 22 9 11 46 30 18 20 12 26
27 11 35 32 3 28 10 46 22 5 24 40
25 1 26 46 11 14 6 27 47 8 32 3
18 14 13 0 43 29 44 28 39 45 6 16
27 22 11 3 28 5 21 9 41 36 31 18
14 44 0 25 8 18 39 43 29 6 7 36
37 31 19 20 34 42 33 38 26 15 1 46
26 1 36 15 37 20 32 30 9 17 33 19
3 37 33 20 27 46 31 34 28 22 2 35
4 23 40 38 32 42 19 13 24 15 34 17
9 3 18 27 11 22 43 36 0 5 14 46
20 24 2 21 35 40 39 10 31 23 33 38
3 27 11 28 22 20 46 5 9 26 43 45
24 4 38 35 19 23 33 40 34 37 31 32
19 42 31 38 33 40 2 13 4 20 23 36
24 10 23 40 32 4 12 47 35 7 39 11
27 11 3 28 22 5 9 26 30 32 46 35
11 32 5 23 40 22 28 27 10 9 4 21
41 46 23 40 47 38 24 21 0 9 5 42
10 39 46 41 3 21 42 29 20 22 17 34
2 12 22 20 45 46 10 47 24 39 3 17
32 26 4 23 2 40 17 6 35 30 15 12
37 36 33 46 3 34 35 9 1 2 31 17
18 6 45 13 43 44 14 0 15 39 7 28
3 27 11 28 22 46 5 9 20 16 10 35
25 29 14 44 43 13 6 10 18 0 45 27
28 18 43 0 29 13 16 44 20 45 14 8
38 19 42 4 34 23 40 15 13 33 37 31
3 27 11 22 28 5 46 6 9 45 2 10
11 27 3 28 22 5 46 9 10 16 32 39
6 45 16 39 2 22 28 17 30 20 24 18
14 39 41 0 29 6 18 38 40 21 31 24
18 45 13 44 43 14 28 6 7 0 39 22
28 22 41 3 27 25 2 20 5 47 8 46
40 23 11 32 4 5 22 21 10 41 7 28
23 32 40 11 4 5 10 22 17 28 7 9
38 34 19 42 37 4 33 31 20 15 23 13


33 6 17 10 36 19 28 0 21 12 23 24
3 11 43 22 12 39 24 18 45 47 38 21
0 40 34 23 12 21 3 30 9 32 8 24
45 46 19 2 22 1 41 14 32 27 40 10
34 12 40 23 0 24 33 3 22 6 1 25
23 5 11 9 24 21 33 13 12 17 34 32
28 20 13 15 7 26 46 38 37 19 31 17
30 37 2 19 5 17 25 36 32 33 13 16
12 24 11 34 33 6 23 3 40 17 14 25
35 7 20 10 26 45 27 15 46 2 1 13
38 37 32 1 6 43 30 19 14 28 2 27
9 17 29 5 37 28 13 42 19 18 8 44
38 6 28 18 25 16 37 47 10 2 14 36
34 33 23 40 24 12 22 6 0 21 45 5
4 31 0 15 44 34 40 22 1 42 3 39
37 38 47 43 18 39 30 11 2 20 16 32
24 23 11 13 7 33 17 12 14 21 9 6
12 34 23 33 24 40 6 3 0 11 36 17
2 19 45 14 17 22 32 30 25 38 37 36
46 39 26 20 47 16 41 42 35 10 43 7
34 12 40 23 24 33 6 0 22 25 1 3
37 43 47 18 39 2 29 23 38 30 41 46
28 25 36 7 26 41 20 29 27 47 31 46
11 24 12 14 7 16 17 26 10 25 6 27
12 34 23 24 40 33 6 11 0 3 22 25
19 17 21 27 37 18 5 30 9 7 33 26
0 34 40 22 23 5 33 4 15 8 13 25
0 13 30 40 39 46 43 18 37 20 8 3
3 17 0 42 45 27 33 23 19 24 37 1
43 13 26 39 31 46 15 8 7 20 30 32
31 15 13 44 0 35 7 4 8 5 28 26
44 4 14 7 35 13 26 28 38 31 20 17
24 11 12 33 17 14 23 6 25 7 40 16
9 29 2 19 17 44 25 42 5 18 16 0
9 6 45 14 29 23 46 1 40 27 21 11
20 44 26 35 7 31 15 36 27 10 46 4
12 24 3 11 33 34 0 23 40 17 16 6
0 44 12 34 8 39 3 42 4 40 6 47
37 18 26 7 38 15 31 20 2 13 28 17
5 39 28 8 10 43 37 25 38 30 47 18
24 12 11 33 40 34 6 37 23 38 20 14
34 12 0 23 36 4 42 6 40 3 38 45
45 20 27 26 41 7 43 38 36 35 28 10
37 38 43 34 18 23 47 30 12 6 39 5
9 17 19 27 29 5 21 8 2 33 28 3
26 31 7 44 15 20 35 4 46 10 27 28
39 43 47 37 44 40 18 0 46 23 8 34
15 31 13 35 7 3 32 0 9 26 37 1


23 29 39 36 17 1 41 47 35 40 4 18
3 19 33 37 13 38 21 24 25 10 32 42
0 4 47 30 46 1 17 41 35 29 23 27
20 21 19 45 12 38 10 13 7 32 3 9
16 26 43 47 34 15 44 37 8 29 36 40
44 14 5 2 4 34 18 22 7 27 42 30
20 9 12 32 19 27 45 21 37 31 44 30
14 35 31 1 40 8 15 4 47 29 23 30
16 29 26 43 23 37 31 39 22 32 3 15
47 1 35 4 34 28 14 30 8 16 22 36
44 8 2 18 36 34 14 5 47 33 0 23
14 31 7 27 29 12 45 8 3 5 10 38
23 29 0 46 39 17 41 26 16 4 40 9
16 26 22 2 37 9 7 0 8 36 29 43
39 2 1 31 29 44 18 33 4 36 34 35
10 12 38 7 19 3 20 45 9 13 21 32
4 35 11 47 1 34 14 28 30 5 18 8
21 19 13 38 12 20 45 10 3 32 24 37
46 17 26 41 0 47 9 28 22 15 37 7
31 6 27 43 9 20 7 15 45 24 47 40
28 14 4 5 44 18 22 34 1 35 42 47
23 29 26 39 36 46 16 0 2 40 17 41
4 35 47 1 27 15 14 28 11 8 34 5
47 35 1 4 34 30 28 11 14 15 8 26
29 36 41 44 39 23 26 8 17 0 34 11
16 15 46 6 23 1 26 9 31 29 17 28
46 26 17 41 47 11 35 4 36 16 29 28
15 1 46 28 2 6 18 31 23 42 40 24
1 11 47 35 34 33 30 14 28 25 26 4
37 22 32 13 3 12 6 33 19 45 43 9
16 23 6 40 26 31 46 37 22 43 13 29
29 23 39 44 36 28 4 15 17 35 11 41
27 20 9 10 7 38 45 12 21 19 24 13
8 40 14 44 2 34 5 18 30 11 47 35
11 4 14 3 42 15 34 5 30 35 31 38
7 24 27 10 38 20 12 3 19 9 21 42
47 35 1 4 34 11 28 14 30 8 26 15
35 47 1 4 11 28 34 14 30 15 8 5
3 33 10 32 37 13 22 19 38 24 21 12
39 23 29 14 15 4 1 35 40 31 0 18
10 7 3 9 12 38 45 20 15 24 19 27
27 20 30 9 15 47 28 7 8 12 19 2
21 19 38 10 24 44 13 2 3 20 7 12
4 47 35 1 44 34 28 15 11 27 41 14
47 1 35 4 27 15 28 30 8 14 9 43
33 37 32 22 13 3 45 25 19 30 12 9
44 8 36 34 2 47 18 28 39 14 23 1
37 32 22 45 13 21 19 33 12 25 16 9


44 31 43 27 4 22 33 36 23 24 13 8
31 36 43 4 27 44 24 23 22 33 9 8
5 46 45 37 42 0 26 34 30 3 47 19
13 18 6 32 38 14 8 21 2 44 39 33
39 2 14 7 32 13 12 28 6 10 3 18
31 43 36 4 27 44 22 23 24 8 33 9
36 31 16 4 23 43 1 27 24 9 44 17
13 33 18 32 27 8 44 24 43 4 31 22
47 5 37 30 34 42 0 45 46 26 19 3
13 18 8 32 33 27 44 43 24 4 22 31
34 47 5 42 1 37 17 0 30 46 26 45
39 8 18 35 13 2 32 10 24 14 16 12
8 2 33 7 32 27 13 24 31 18 39 20
27 43 44 4 13 31 8 18 24 33 22 32
34 47 5 42 17 37 30 46 1 0 9 45
21 2 6 33 7 38 20 9 8 24 37 0
45 41 19 3 30 46 34 28 42 47 0 37
45 30 46 19 41 3 42 34 47 37 28 5
25 12 1 11 17 26 34 23 37 5 42 0
9 36 31 23 43 4 27 16 24 17 22 15
13 18 32 6 38 44 33 8 2 14 27 21
31 43 4 36 27 44 23 22 24 8 35 33
27 43 44 4 31 13 24 18 8 22 33 32
31 43 27 4 44 36 22 24 8 23 33 13
25 35 12 4 23 43 34 31 27 44 6 1
43 31 27 36 44 4 22 23 8 13 18 24
47 0 17 42 30 37 9 40 5 26 46 45
12 44 43 27 25 16 24 35 31 33 36 22
45 19 41 30 46 3 34 42 47 0 28 5
43 27 4 44 31 22 8 24 13 36 18 33
44 43 27 4 22 31 8 36 13 18 24 35
24 33 20 8 16 7 27 9 2 43 12 4
27 13 44 43 18 8 4 32 24 33 31 22
9 47 34 5 17 42 37 1 23 30 26 0
26 21 38 40 0 45 47 5 15 3 37 46
5 37 34 30 42 47 0 46 26 45 19 3
42 34 30 37 5 0 46 47 1 19 17 45
33 32 13 18 8 44 27 38 21 24 6 43
21 38 14 6 45 41 28 3 12 19 47 46
13 32 18 8 33 44 27 43 24 22 4 2
44 43 27 31 4 36 22 24 8 13 33 18
1 16 17 26 40 0 42 46 30 5 10 15
15 9 17 26 5 42 37 47 30 34 46 0
13 18 39 6 20 21 32 2 38 8 10 14
43 27 4 31 24 44 8 22 36 18 13 35
33 13 8 21 9 24 27 32 44 2 18 31
25 20 10 12 38 19 6 34 14 41 3 21
13 44 27 18 43 8 32 4 22 33 31 24


11 45 39 8 37 42 15 19 33 22 41 32
46 32 41 29 8 42 19 4 37 39 3 25
27 9 5 47 29 38 16 3 4 30 25 41
40 20 17 31 18 28 35 12 44 26 10 32
17 28 45 18 40 44 20 31 12 21 35 26
11 45 22 17 6 33 1 28 36 18 20 8
17 35 40 22 15 28 12 26 44 45 24 18
9 16 2 30 24 27 38 14 46 5 37 41
35 14 26 17 28 40 21 44 12 18 24 31
17 45 18 31 44 12 20 35 28 26 40 21
9 27 30 47 5 3 16 2 0 36 38 41
13 30 38 1 9 27 14 43 34 47 0 2
30 14 2 12 21 44 31 20 26 18 27 28
17 40 18 10 31 28 20 35 26 12 45 44
18 20 31 10 40 28 12 26 35 21 44 17
17 40 11 35 45 32 31 15 18 20 28 24
36 46 42 32 45 19 39 4 15 25 34 8
30 13 9 2 27 38 14 43 47 5 45 34
17 35 40 22 26 45 18 24 28 20 31 44
23 18 45 20 17 31 24 46 26 28 44 40
46 9 5 47 0 36 41 43 2 42 32 19
20 31 18 28 26 40 21 12 10 35 44 17
46 40 31 17 26 20 35 18 28 44 12 22
24 46 34 45 25 23 15 36 32 40 4 37
18 20 31 40 21 28 44 17 12 35 10 26
23 21 12 30 44 13 31 18 20 14 40 28
2 0 30 27 9 5 43 34 3 47 46 36
20 31 12 18 44 40 28 21 10 35 26 17
10 20 31 18 40 28 17 26 35 21 43 12
30 14 44 21 12 9 46 38 16 24 4 19
23 45 36 34 1 30 38 11 25 33 14 47
17 40 31 18 20 45 35 12 44 28 11 26
17 28 35 44 12 18 21 26 20 40 31 45
46 27 38 9 24 2 7 16 30 5 0 21
33 4 22 29 1 8 47 25 39 42 36 16
27 30 9 38 2 1 34 29 5 14 43 47
36 34 45 11 22 17 39 42 29 40 33 31
26 20 31 18 28 21 12 10 40 2 35 44
9 47 5 3 27 36 41 42 33 4 16 25
17 45 40 35 18 28 20 11 31 10 26 44
2 0 30 27 43 46 9 5 47 16 3 41
30 2 46 9 27 0 34 14 21 5 12 44
22 29 15 39 4 38 8 25 24 17 32 33
46 34 19 2 0 9 30 44 43 3 45 5
14 21 7 23 16 28 13 18 44 26 9 24
27 2 38 16 9 30 7 14 1 6 47 5
38 1 8 22 13 32 37 47 39 16 33 42
46 9 0 30 5 47 41 23 2 16 43 27


43 23 6 18 10 33 0 39 40 37 15 27
5 12 3 13 35 17 22 38 11 47 34 45
44 14 28 29 30 46 4 42 36 25 33 19
31 10 27 43 40 15 23 2 18 6 39 33
37 0 33 23 39 18 43 6 10 8 4 27
37 0 23 39 33 8 6 43 18 10 40 14
13 17 38 22 3 5 35 11 45 47 32 12
24 47 34 5 12 2 35 15 31 11 3 27
31 2 15 40 10 27 43 23 6 37 39 18
35 13 5 12 22 3 17 38 32 47 11 45
43 23 18 10 39 33 6 0 40 37 27 31
34 12 35 5 47 24 1 13 22 11 3 26
5 3 35 13 22 12 17 38 32 45 34 11
43 10 23 18 6 39 33 40 0 31 37 15
35 13 5 22 3 12 17 38 47 11 34 32
5 11 13 17 47 35 3 22 38 45 16 12
33 43 18 23 0 6 39 10 37 40 27 31
34 1 35 24 5 12 31 2 7 47 26 15
2 31 15 40 10 43 23 6 18 27 0 39
5 12 35 34 3 13 47 17 24 11 22 38
15 2 10 40 31 23 43 27 6 18 39 37
38 22 13 17 3 5 45 35 32 11 46 36
33 18 39 0 43 23 14 37 41 4 6 8
31 40 27 10 15 39 43 2 23 37 8 18
43 23 39 8 27 37 10 18 40 33 0 6
31 2 15 40 10 27 43 23 1 6 9 24
13 22 17 38 11 35 32 3 5 47 45 12
14 4 37 8 0 28 39 33 23 44 6 18
2 31 15 40 10 23 43 6 27 18 0 39
37 39 0 23 33 43 10 18 6 27 40 8
31 2 15 1 40 10 27 24 43 7 23 34
33 18 43 6 23 0 10 39 37 40 27 31
5 35 13 3 22 32 12 26 17 34 47 38
43 10 31 23 40 27 18 6 15 39 2 0
34 35 5 24 12 7 2 47 1 26 3 31
31 2 15 10 40 43 23 27 6 39 18 37
46 32 36 38 25 45 20 26 7 17 16 22
15 10 40 23 2 43 27 31 39 37 6 18
32 36 46 38 45 22 26 20 17 25 13 30
23 37 39 43 10 6 18 0 33 27 8 40
19 28 4 20 34 44 22 9 0 26 39 32
31 1 27 15 2 10 40 43 41 39 23 8
8 37 27 23 43 39 10 0 18 40 33 6
38 32 22 13 17 45 36 3 11 46 35 5
31 2 1 15 27 40 10 24 34 43 41 23
31 2 15 40 10 43 23 6 27 18 1 39
38 22 3 17 13 45 32 11 36 35 25 5
33 43 39 18 23 10 0 6 37 27 8 40


4 29 43 25 39 18 28 0 20 7 44 26
27 20 23 32 5 47 45 39 28 29 11 31
8 26 13 36 21 37 30 1 16 7 19 15
40 41 25 30 22 8 39 43 21 5 3 29
20 39 43 5 41 25 29 11 18 47 32 44
36 26 37 13 33 8 19 21 15 16 1 30
27 23 45 34 28 35 42 20 38 32 47 2
40 25 41 30 43 11 22 20 5 4 29 39
23 18 27 13 0 8 32 9 47 40 43 29
41 43 20 25 39 11 29 47 5 18 32 9
41 47 18 11 29 32 40 43 0 9 25 44
41 43 18 29 47 11 20 25 39 32 5 44
31 38 28 33 35 16 7 15 24 13 37 26
20 11 47 43 39 29 5 18 25 32 41 27
37 33 15 16 21 26 36 19 30 46 13 35
40 41 43 39 25 18 9 29 0 5 8 20
2 23 28 10 8 3 34 36 42 19 13 45
40 30 21 8 37 0 22 4 26 41 1 36
27 23 32 31 5 20 45 47 28 39 11 29
31 23 38 28 45 27 24 35 16 15 34 14
27 32 47 23 45 31 20 11 18 29 43 28
31 23 27 28 38 24 45 35 16 15 14 34
41 43 25 18 20 29 39 9 40 11 5 47
30 21 37 4 8 19 26 36 33 15 16 12
41 11 25 9 40 43 47 0 22 29 20 44
43 41 39 9 18 0 25 29 40 20 47 5
4 30 37 21 26 8 33 36 19 40 13 15
41 43 11 25 47 20 18 29 39 32 5 9
23 28 31 15 6 38 24 45 16 36 19 46
23 27 45 32 31 44 47 38 42 28 10 24
16 33 15 37 26 36 13 21 19 46 12 30
43 5 41 39 25 20 29 11 18 47 40 9
4 19 24 30 33 31 38 15 37 17 10 46
11 47 32 45 42 20 44 29 27 25 43 28
41 43 5 20 39 25 11 29 18 47 9 32
5 39 41 43 18 25 20 29 44 11 40 47
40 8 26 30 37 21 1 4 13 36 33 19
27 32 47 23 31 45 11 18 28 29 20 38
33 15 16 37 19 38 21 30 36 24 26 46
43 20 41 25 39 29 11 47 5 18 32 27
31 45 32 47 38 28 27 11 23 42 44 35
32 45 47 27 11 23 31 42 44 20 28 38
23 27 31 44 38 45 32 10 13 24 7 1
12 22 0 9 34 21 2 3 42 45 44 46
39 43 18 41 25 40 20 9 29 3 0 47
10 46 24 19 14 38 36 37 30 33 15 6
33 15 19 37 16 36 21 26 30 46 24 13
23 38 31 34 45 44 27 10 42 24 14 20


4 39 27 0 21 45 43 46 26 12 18 34
39 4 43 27 29 21 0 45 18 26 37 35
21 28 13 29 39 0 36 32 6 4 37 14
39 24 34 30 18 6 45 26 41 46 43 22
6 21 39 0 13 24 33 16 19 30 36 10
7 43 14 17 15 8 11 29 2 41 36 5
39 43 0 21 6 13 37 4 32 28 14 36
4 39 43 0 37 21 27 46 29 32 25 28
4 26 39 17 35 42 45 18 10 27 34 22
4 39 21 27 43 0 6 29 12 18 28 26
30 47 2 24 7 16 19 44 5 9 41 31
21 13 36 32 28 39 11 37 0 33 14 6
3 20 38 5 15 31 23 46 32 44 11 40
32 33 11 13 0 36 46 37 21 28 38 5
3 31 44 9 42 15 22 26 20 12 35 40
39 21 4 0 37 43 29 6 32 28 36 27
11 33 13 32 36 28 14 38 37 0 17 21
21 32 28 39 0 37 13 43 4 6 36 11
26 23 35 45 42 22 18 34 15 9 12 31
4 39 0 43 27 37 21 45 32 12 26 46
30 18 45 34 26 24 39 41 29 22 42 6
43 27 4 37 1 15 35 46 39 26 32 20
43 28 37 21 1 32 36 11 13 39 0 4
3 44 42 9 7 47 40 31 15 2 17 5
28 21 13 32 39 6 36 0 37 29 1 11
26 22 42 18 45 29 35 34 4 12 15 41
29 2 36 47 30 14 19 6 40 7 16 21
11 1 3 7 33 5 13 47 36 38 17 32
34 26 12 18 45 41 35 24 22 42 9 31
12 9 31 42 26 34 45 35 15 44 18 3
6 39 21 30 24 34 29 41 18 4 13 10
3 40 7 1 15 11 47 5 17 38 44 19
4 29 39 26 6 12 18 42 43 45 21 34
13 32 11 1 28 37 36 21 43 33 14 27
21 28 13 36 32 39 0 37 6 11 29 14
31 9 35 23 3 44 12 42 26 15 34 18
35 26 42 23 22 9 18 45 34 31 44 12
36 11 47 13 33 5 40 28 1 19 3 2
3 15 35 20 23 22 26 9 44 38 46 18
42 31 9 26 45 34 18 22 35 12 44 15
39 21 0 28 32 4 37 43 6 27 13 1
34 26 18 9 45 12 42 22 24 31 35 41
40 3 5 30 23 44 35 17 9 19 7 2
21 28 37 39 32 0 13 36 43 11 4 1
9 12 42 31 26 34 22 18 35 45 44 15
39 21 37 28 32 43 4 0 27 13 36 29
30 2 24 42 34 18 7 9 26 22 23 31
9 31 44 12 3 34 42 15 26 23 18 19


21 44 36 47 39 11 43 5 24 20 1 22
41 28 20 10 3 29 5 34 38 4 45 25
22 24 32 0 31 7 19 11 9 35 14 26
12 29 34 10 20 38 45 5 25 41 28 3
22 24 32 0 31 7 9 11 19 35 14 26
10 29 38 34 20 12 5 41 45 3 28 25
40 27 9 15 3 4 47 37 41 6 25 46
12 34 29 38 45 5 10 25 16 1 41 13
20 34 45 12 10 25 29 41 3 38 28 1
45 34 20 5 10 41 29 12 25 3 38 28
5 3 41 10 28 29 43 20 38 4 34 25
12 20 3 37 34 10 41 15 29 28 13 38
10 29 34 38 5 41 25 20 12 45 28 3
32 46 11 35 0 2 31 24 7 47 22 30
24 22 32 0 31 7 19 9 11 35 14 26
12 34 45 38 1 29 10 5 16 25 20 41
34 12 29 38 10 20 5 41 3 28 45 25
10 29 41 38 34 5 3 25 12 20 45 28
22 0 24 32 9 31 7 19 11 35 14 26
23 44 9 0 22 17 15 24 27 32 6 46
31 32 7 24 11 22 19 0 35 14 9 26
22 0 24 32 31 9 7 19 11 35 14 26
5 10 29 34 38 41 25 12 45 3 28 20
45 34 10 12 25 41 5 38 29 20 3 28
22 9 24 0 32 31 7 19 11 35 14 26
5 10 41 29 3 38 34 20 28 12 4 25
29 38 41 34 10 5 12 28 3 4 20 45
45 38 34 12 29 20 1 25 28 10 41 5
8 25 16 1 45 33 35 42 28 34 20 41
22 32 24 0 31 7 11 19 35 9 14 26
22 24 32 0 31 7 11 19 9 35 14 26
22 24 32 0 31 7 19 11 9 35 14 26
12 29 45 34 38 10 20 41 5 13 3 28
11 14 7 31 35 19 32 24 8 42 22 0
22 24 32 0 31 7 19 11 9 35 14 26
22 0 24 32 31 9 7 11 19 35 14 26
13 29 38 12 34 10 5 25 37 8 41 45
10 5 38 29 12 34 41 20 45 3 25 13
31 32 19 7 22 24 11 0 14 35 9 42
44 46 30 35 24 32 11 7 31 47 9 22
18 23 35 16 8 6 26 27 31 19 42 1
3 41 28 4 29 5 10 38 43 20 34 15
0 22 24 32 9 31 7 19 11 35 14 17
22 24 32 0 31 7 19 9 11 35 14 26
29 20 10 5 38 12 34 45 25 41 43 28
12 29 34 38 45 5 10 25 16 41 13 20
44 23 4 25 10 5 3 41 34 29 12 38
19 31 7 24 32 22 11 14 0 35 9 42


32 17 23 0 16 45 27 19 35 20 1 41
41 45 4 2 5 36 21 14 8 9 7 19
10 21 31 41 8 22 9 30 5 6 12 4
37 24 15 28 26 18 19 20 40 0 36 17
9 2 8 22 10 31 44 41 13 21 3 30
18 12 4 41 6 46 24 5 22 31 13 20
25 18 4 12 41 22 36 31 2 6 10 8
22 10 41 31 9 8 21 2 13 3 12 30
32 6 8 34 13 41 31 24 23 19 33 44
27 23 18 17 0 46 19 7 28 29 45 32
20 0 17 28 37 23 19 26 29 32 24 16
22 31 40 24 4 10 32 8 38 9 36 3
37 0 28 17 23 26 16 27 45 19 20 38
28 26 17 23 0 19 37 20 16 18 29 24
0 17 23 19 28 27 32 45 26 37 7 20
10 21 22 9 31 41 30 12 5 8 4 6
22 10 21 9 30 41 12 31 13 4 8 47
10 21 22 31 6 8 3 25 9 4 47 13
28 17 0 26 23 19 37 20 27 32 45 24
37 0 28 17 26 23 20 16 19 27 40 24
17 23 19 0 28 32 26 37 45 27 20 24
29 26 0 20 18 36 28 19 12 27 33 17
17 0 23 28 37 19 26 20 27 32 45 16
0 37 28 17 23 20 26 19 27 7 45 16
32 24 18 33 40 23 12 19 26 44 17 38
17 0 28 23 32 19 26 37 27 45 20 24
21 10 30 12 22 41 31 46 4 47 3 15
12 46 20 29 43 28 18 0 21 37 24 7
25 46 21 30 38 6 4 12 1 42 14 34
37 29 25 28 20 0 40 16 46 36 1 14
47 21 10 9 4 22 25 8 30 14 46 42
10 21 6 31 12 30 33 46 8 4 3 5
9 10 22 31 21 8 41 5 2 44 30 3
17 0 37 23 32 28 26 19 40 20 45 16
4 31 24 3 7 25 6 15 10 9 41 16
17 19 23 32 16 45 0 26 13 37 27 29
17 0 37 28 23 26 19 32 20 45 24 1
10 21 22 9 30 41 12 31 2 8 47 6
25 39 37 28 20 15 0 6 7 40 38 36
21 25 10 12 46 14 36 47 43 30 4 38
17 26 0 28 23 19 37 32 7 45 20 27
37 28 26 40 0 17 20 23 16 29 25 24
10 21 47 15 22 6 30 38 25 12 3 36
0 17 37 28 23 26 19 20 32 16 27 45
41 31 9 21 22 10 44 5 6 2 30 33
0 17 37 23 28 26 19 20 32 27 16 40
12 46 20 3 32 4 26 18 23 33 27 9
25 37 28 20 40 38 16 29 33 0 26 24


27 5 3 8 21 24 43 47 13 7 44 10
9 11 36 39 23 41 25 45 42 22 12 13
3 27 21 8 5 47 43 24 44 4 31 13
41 23 13 10 38 11 12 39 32 42 7 9
15 38 17 45 27 31 35 39 30 44 47 42
27 21 3 8 4 42 10 29 17 7 24 13
44 5 3 21 8 27 43 47 6 38 46 33
9 25 11 36 39 16 23 22 28 14 41 12
35 23 28 25 9 15 37 22 34 20 18 29
30 38 40 35 25 19 10 2 17 9 36 24
21 27 3 5 8 47 33 1 44 43 24 7
3 27 21 8 47 44 5 43 24 31 7 17
27 8 3 21 10 44 47 42 5 4 43 7
27 3 21 8 47 5 44 43 4 24 10 7
3 21 47 27 44 43 46 24 31 17 33 37
20 25 9 11 45 15 34 30 36 19 17 16
12 17 39 15 45 28 30 42 32 16 34 38
5 31 3 27 8 21 10 47 7 43 17 24
28 37 44 35 16 30 14 22 25 47 18 6
3 8 21 27 5 47 4 24 10 44 43 17
3 27 21 4 5 8 43 24 44 13 47 31
3 27 21 8 44 47 5 43 4 24 31 46
1 45 21 29 8 33 44 27 18 3 35 42
9 11 25 39 36 28 12 22 41 16 23 6
40 20 37 29 45 6 34 33 23 42 38 25
9 25 16 11 14 22 28 36 0 37 6 20
3 27 21 47 8 44 43 5 4 31 24 46
44 3 14 4 47 21 27 37 43 46 26 16
41 9 23 36 11 39 32 45 12 6 28 40
3 27 21 43 47 44 5 46 24 8 4 18
28 37 16 14 44 25 20 22 0 34 18 35
34 21 3 27 17 44 47 8 20 15 45 29
27 3 21 8 47 5 44 43 4 24 7 31
9 25 11 39 36 16 22 28 12 41 14 23
4 14 3 37 20 21 44 47 16 22 0 46
27 3 21 8 44 43 5 33 31 47 17 46
9 25 16 36 22 14 39 28 0 12 20 6
4 21 1 3 27 8 43 44 18 31 5 47
9 41 39 11 38 36 12 2 25 23 13 32
3 27 21 5 8 47 43 24 4 1 10 7
9 11 38 22 41 25 39 36 6 12 16 32
3 27 47 44 8 21 43 5 31 17 4 18
9 11 25 36 16 40 22 28 23 39 14 41
10 13 38 41 12 11 36 9 39 7 42 32
26 42 45 39 11 5 31 23 4 13 7 1
3 27 44 21 8 43 47 5 31 24 10 7
9 25 11 22 36 16 39 28 14 41 12 23
3 21 44 27 47 8 4 24 43 15 18 5


4 24 6 22 23 16 27 2 15 46 43 7
2 9 47 23 3 1 44 5 28 20 4 30
37 28 22 25 17 38 20 32 11 24 42 41
37 28 35 20 14 19 47 38 12 25 36 45
14 35 19 47 18 45 8 38 25 36 3 39
35 14 19 47 38 18 28 45 20 25 39 12
22 4 24 6 46 16 7 23 43 0 30 27
35 14 19 47 18 38 45 28 39 25 20 12
4 22 24 6 46 16 7 23 43 27 15 30
22 24 4 6 23 46 16 43 7 30 15 27
35 19 14 47 20 28 18 25 45 38 39 41
20 14 28 35 36 47 5 8 42 45 9 34
6 24 7 4 23 5 2 16 22 27 46 43
35 14 19 47 18 38 45 8 36 20 39 28
21 7 22 15 0 8 24 27 43 46 16 29
20 14 35 19 38 18 47 10 0 5 36 12
6 4 24 46 22 16 23 43 7 15 27 21
35 14 19 47 18 38 45 28 25 20 39 12
24 46 4 22 6 7 43 16 23 27 30 21
4 6 24 46 22 23 7 43 16 27 15 30
35 14 19 47 18 38 45 28 20 25 36 8
37 28 22 41 20 24 32 4 6 38 17 23
27 24 4 16 46 7 23 22 6 43 15 3
27 46 6 16 4 24 23 7 43 22 30 15
35 14 19 28 38 37 47 25 18 20 45 17
35 14 19 47 28 18 38 25 45 20 39 12
22 15 6 4 24 46 7 16 43 23 37 27
35 14 19 47 18 28 38 45 25 39 20 36
7 24 6 4 46 5 22 16 43 27 0 23
35 14 19 47 38 39 18 28 20 25 45 33
37 45 5 32 39 11 30 13 34 14 35 33
6 4 23 24 46 16 7 27 43 22 15 3
34 5 37 30 18 3 38 32 17 6 24 23
6 27 4 23 16 24 43 15 22 46 5 2
15 7 22 16 4 11 6 24 46 9 2 39
15 2 35 20 14 26 8 41 19 12 18 10
18 31 20 9 39 11 24 37 43 7 19 35
22 4 7 16 24 6 23 43 46 30 27 44
24 23 4 22 6 27 16 46 43 15 7 30
22 4 6 24 46 15 16 23 43 37 7 30
24 16 23 4 31 27 7 30 6 0 43 22
35 14 19 47 28 38 20 18 37 12 45 25
8 47 45 18 19 27 14 2 15 35 36 10
37 25 35 19 17 28 14 12 47 39 18 11
22 24 4 37 7 6 43 16 46 23 17 0
22 24 4 6 46 7 16 43 30 21 5 23
4 6 16 24 46 22 23 7 27 43 21 44
24 22 6 4 46 7 43 16 23 27 30 15


28 39 31 4 2 0 5 3 25 1 37 18
33 3 46 45 4 15 23 8 5 18 25 9
4 25 28 31 2 5 0 3 39 37 18 1
44 47 42 33 16 29 14 11 8 15 10 6
39 28 2 4 0 31 19 18 5 3 25 1
31 4 3 25 39 28 2 0 5 37 18 1
42 47 29 44 11 14 27 41 24 20 16 7
29 42 47 14 41 44 11 20 27 10 30 8
29 42 47 14 41 44 11 20 27 10 30 23
42 47 29 14 44 27 22 24 15 7 41 11
29 14 42 47 41 27 15 30 11 20 9 16
29 42 44 47 14 41 23 10 20 11 33 17
29 14 47 42 41 11 30 27 13 44 40 20
29 42 14 47 41 30 11 27 44 10 20 13
14 8 44 47 33 42 12 46 6 29 24 26
31 4 25 3 5 39 28 0 2 45 37 18
42 14 29 47 44 41 11 8 20 10 27 15
29 42 14 47 41 30 11 27 44 10 20 24
4 31 39 28 25 2 3 0 5 37 18 1
39 28 19 2 0 1 30 31 4 18 3 37
14 42 29 47 41 44 11 27 20 30 10 12
29 47 42 14 41 44 11 20 27 10 8 30
14 29 42 47 44 41 11 27 20 10 8 30
2 31 4 39 3 25 1 28 0 18 37 13
3 4 39 25 31 1 0 28 2 5 45 18
4 28 31 39 25 2 0 5 3 37 1 45
5 31 4 25 28 0 39 3 2 1 45 18
39 28 3 4 31 2 0 25 5 18 19 37
5 25 3 1 39 19 31 28 4 10 2 16
41 30 19 29 28 23 21 1 40 36 35 34
28 39 31 4 2 0 25 3 18 5 37 1
14 47 29 42 44 41 20 27 8 11 10 15
7 16 24 9 0 2 28 20 31 6 37 19
29 47 42 14 41 44 20 11 27 10 8 30
25 4 3 31 5 2 0 28 39 45 37 1
4 25 31 5 0 3 2 39 28 37 45 18
29 42 41 47 14 30 27 20 44 11 15 40
45 26 3 25 31 4 12 2 39 33 16 5
42 29 14 47 44 41 11 20 27 10 8 30
4 2 39 3 28 31 25 5 0 37 1 18
19 3 31 0 27 2 39 34 21 4 9 1
4 31 3 25 2 28 39 0 5 37 45 1
41 29 42 14 10 11 47 13 12 22 30 44
14 42 29 30 47 27 13 40 24 11 41 34
29 42 14 47 41 11 30 27 44 13 20 10
38 4 45 39 3 2 19 0 25 31 5 18
47 29 14 42 44 41 8 30 26 20 46 33
42 14 29 47 41 44 27 11 30 20 10 12


37 26 8 22 27 4 19 44 14 13 18 42
35 0 11 29 40 32 17 30 33 1 7 47
35 29 11 0 40 32 30 17 47 33 1 25
35 11 0 29 32 40 17 30 33 7 25 1
35 11 0 29 40 32 30 33 17 47 1 12
35 11 29 0 40 32 30 33 47 17 1 15
35 11 0 29 32 40 30 33 17 47 1 15
11 35 32 40 30 0 17 33 29 15 7 47
12 38 26 4 7 3 44 1 17 43 27 24
47 29 35 0 6 11 25 40 16 23 5 43
38 46 13 44 37 18 19 26 8 27 45 4
30 29 35 11 0 40 32 1 24 33 17 7
0 35 11 40 29 32 30 12 17 1 7 25
37 18 46 13 19 44 38 28 36 4 8 41
19 46 13 26 38 37 41 42 18 28 44 8
11 35 30 40 32 0 17 29 33 15 7 34
32 35 11 33 17 29 0 40 30 15 47 1
11 35 0 29 32 40 17 30 33 47 7 1
35 11 0 29 32 40 30 17 33 47 1 7
47 13 19 37 46 41 36 6 28 23 42 22
19 13 4 26 8 46 44 28 38 42 37 18
35 29 11 0 40 32 30 33 17 1 47 25
6 20 9 16 3 25 43 24 29 34 36 2
11 35 0 32 30 40 29 17 33 7 15 1
32 33 11 35 0 17 29 1 40 15 24 25
11 35 0 30 40 32 17 29 33 15 7 1
38 42 19 46 44 13 18 26 27 37 8 4
38 4 26 44 27 19 8 46 45 37 13 18
46 13 19 8 4 44 36 18 37 26 27 38
36 37 13 18 28 1 31 46 25 8 44 19
35 11 0 29 40 32 17 30 33 1 7 24
13 46 19 8 44 37 4 18 38 26 27 42
42 38 8 4 13 19 27 36 46 44 26 14
13 46 8 19 44 38 37 18 27 26 4 36
35 11 29 0 32 30 40 17 1 33 24 7
46 13 19 38 8 44 27 37 26 42 4 18
35 11 29 0 40 30 32 1 47 17 33 25
26 19 46 4 38 42 13 27 8 44 18 45
46 13 19 8 44 27 38 4 37 18 36 26
38 22 42 14 12 27 8 26 17 4 44 3
31 35 29 11 17 40 0 5 32 9 16 33
19 46 28 18 4 13 6 36 26 42 37 23
13 46 19 44 38 8 37 18 41 36 27 4
43 2 20 31 3 9 25 8 42 18 40 37
11 35 32 0 29 17 30 40 33 7 15 12
46 44 13 19 45 8 38 37 4 18 41 26
35 11 0 40 29 32 25 33 31 39 30 12
13 36 8 46 19 41 37 44 18 27 28 4


44 43 31 17 14 39 13 32 37 34 21 38
30 11 15 22 35 27 33 47 10 1 25 36
30 15 35 22 33 11 27 47 1 25 10 26
35 15 30 47 33 22 1 27 26 25 11 40
15 30 35 47 27 33 11 22 25 1 10 20
15 35 30 33 22 1 47 25 11 10 27 26
21 1 4 32 23 28 12 47 33 3 41 31
43 17 14 31 13 34 44 39 37 32 6 9
43 39 37 44 17 32 14 9 31 23 29 21
30 15 35 22 33 47 11 10 27 1 26 25
15 30 35 22 27 33 11 47 10 1 25 42
35 15 30 33 47 22 1 11 10 27 25 26
30 15 35 33 22 27 11 47 1 25 10 36
34 17 44 21 31 43 38 41 28 13 36 37
30 15 35 22 33 27 11 47 1 10 25 42
30 15 35 22 33 27 11 47 1 10 25 42
25 24 27 30 35 42 26 10 33 15 11 22
15 35 30 27 1 33 22 11 47 25 10 20
43 44 14 31 17 13 39 34 2 37 32 3
14 44 31 39 43 13 17 32 40 0 37 3
15 35 30 22 33 11 27 47 10 1 25 26
47 20 10 35 21 36 1 15 19 39 25 30
17 44 43 14 31 39 41 12 34 13 37 21
15 30 35 22 33 27 47 11 10 1 25 20
15 30 35 33 22 27 11 47 1 25 10 20
30 15 35 22 33 47 11 27 10 1 25 26
35 15 30 24 33 47 22 1 5 4 25 26
43 31 17 44 14 13 34 39 32 37 21 38
15 30 35 22 27 33 11 47 42 25 10 1
15 30 35 22 27 11 33 47 10 1 25 5
43 31 17 44 14 39 13 32 34 37 38 12
43 31 9 39 14 44 17 18 13 32 37 8
17 43 31 44 13 14 39 34 32 37 38 21
15 30 35 22 33 27 11 47 1 25 10 5
39 32 18 44 43 31 14 17 21 23 38 12
40 28 1 10 2 44 29 46 25 11 4 37
35 15 30 33 22 47 27 1 11 10 20 25
15 35 30 22 33 11 27 47 1 10 25 26
35 4 25 12 26 15 20 18 30 23 11 32
44 17 43 31 13 14 32 21 34 39 37 12
35 15 30 11 45 20 47 27 10 1 22 33
15 30 35 22 33 27 11 47 1 10 25 20
33 35 30 15 22 25 27 2 16 24 1 45
15 35 30 22 33 27 11 47 10 1 25 20
44 12 39 43 17 31 14 32 38 13 37 21
15 30 35 22 33 27 11 47 1 10 25 42
30 15 35 22 47 25 27 33 11 1 10 36
15 33 30 11 20 47 35 42 22 45 46 5


15 21 25 47 0 28 35 30 41 22 43 17
18 37 9 33 27 14 23 1 32 42 8 12
28 25 38 30 21 0 15 22 35 34 47 44
21 15 47 35 25 28 17 24 13 41 22 26
9 18 5 19 40 23 33 43 42 2 31 1
18 37 9 23 33 27 1 42 32 14 12 8
15 21 25 47 28 35 0 41 30 22 17 13
18 37 9 23 27 33 32 42 1 14 8 12
18 37 27 9 23 14 33 42 1 5 32 8
18 37 9 33 23 1 27 42 14 32 8 38
15 0 25 30 47 21 28 41 43 35 2 6
15 47 21 25 35 28 41 30 0 17 22 24
18 37 27 9 23 33 1 14 42 32 8 12
35 15 41 47 22 21 26 25 28 13 24 17
18 37 27 9 42 1 23 33 8 14 19 12
9 19 40 31 1 24 20 22 5 28 2 43
15 0 25 30 47 21 28 43 41 2 40 22
37 18 32 27 33 14 23 1 42 9 8 12
18 37 9 33 32 23 14 12 42 1 5 8
15 47 21 25 35 30 41 28 0 22 17 7
18 37 27 9 1 23 33 42 14 32 12 8
18 37 9 23 27 33 42 1 14 32 12 5
15 21 47 25 28 35 0 41 17 30 16 22
9 18 23 42 1 27 37 33 19 14 5 2
15 21 25 47 0 35 28 30 41 17 7 22
9 23 19 0 27 18 42 2 5 20 31 33
44 4 0 40 3 46 32 18 45 30 36 20
21 15 25 47 35 0 28 41 22 16 13 46
18 37 27 9 32 33 23 42 1 14 8 12
37 9 12 18 31 32 1 27 14 23 42 4
15 21 47 28 25 35 0 41 40 43 22 16
47 41 0 15 25 35 40 4 43 7 44 34
20 40 28 43 3 0 15 34 16 39 10 11
34 8 14 32 37 18 23 38 27 44 45 33
0 15 25 30 47 28 41 21 43 35 7 2
9 33 19 18 2 16 28 12 1 42 40 34
39 24 8 9 45 14 26 10 17 22 7 40
15 0 25 21 47 28 30 41 35 22 43 6
21 15 47 35 41 25 16 7 17 28 30 13
15 21 25 47 28 35 0 41 30 17 43 22
15 0 47 25 21 35 41 30 43 6 28 2
15 21 47 25 35 28 0 41 30 22 13 16
15 21 25 47 35 41 30 0 28 22 13 17
15 29 35 25 47 0 36 30 28 41 21 43
15 21 25 0 47 28 35 30 41 7 22 43
3 35 30 0 46 15 25 10 21 4 19 11
15 21 47 25 35 41 30 28 0 17 43 7
21 15 28 47 25 35 0 40 41 24 17 13


12 3 13 27 21 43 42 25 16 22 46 37
13 30 16 43 40 41 8 27 47 17 29 4
36 41 11 35 19 43 25 15 12 16 38 18
7 38 24 18 9 2 11 6 34 29 41 36
37 47 19 14 4 12 28 2 32 15 41 21
45 18 14 10 25 0 33 22 32 23 35 7
13 42 43 16 40 21 32 12 20 27 31 46
13 42 43 16 40 20 21 27 12 32 3 46
7 24 39 34 38 0 3 18 2 29 4 8
26 43 46 16 42 5 44 31 20 25 22 40
16 13 42 43 40 27 20 32 21 37 12 30
16 42 43 27 13 20 40 26 46 21 17 30
16 43 13 40 20 42 27 21 46 26 5 37
7 24 38 39 9 34 18 2 6 41 36 11
7 38 9 39 18 24 2 41 6 34 11 36
4 30 44 46 14 17 47 29 43 26 20 32
6 5 18 41 43 44 10 29 38 11 17 40
13 43 42 16 40 20 27 21 32 12 3 37
7 38 24 18 34 2 9 11 36 41 6 29
34 7 24 38 9 39 47 22 2 32 14 41
7 24 38 18 11 2 6 36 9 33 39 35
7 38 36 24 18 9 2 34 11 10 29 0
39 17 29 19 14 32 0 10 47 46 18 38
7 18 38 24 29 11 2 34 6 17 8 36
7 38 24 18 9 2 6 11 34 29 39 41
42 13 12 43 21 33 35 32 19 27 3 30
24 6 7 38 44 18 11 36 29 5 39 2
7 5 9 24 38 41 18 2 6 36 4 1
5 33 12 32 24 7 14 4 29 40 38 2
16 43 42 40 13 20 27 21 25 26 3 46
40 43 37 12 3 13 42 16 8 27 5 41
43 42 16 13 20 46 27 40 32 21 26 5
7 24 38 18 34 2 9 11 36 39 29 6
16 13 42 43 40 27 20 21 37 46 5 32
27 29 30 16 3 20 4 18 33 42 8 13
14 9 41 10 31 3 5 8 30 42 17 26
7 38 24 18 34 9 2 11 36 39 6 10
13 43 16 46 40 42 20 27 26 5 21 37
7 38 24 18 34 9 39 36 2 11 0 33
16 43 13 40 27 5 21 42 20 46 37 26
26 42 35 8 43 14 19 41 31 3 20 16
43 13 42 16 40 20 21 27 46 32 26 31
7 14 33 34 22 38 29 44 18 10 11 2
7 36 34 24 10 2 18 11 9 38 41 15
7 38 24 18 2 11 34 9 29 36 6 39
43 42 13 32 47 14 12 20 16 37 35 45
7 38 29 24 18 2 9 8 6 11 34 44
34 22 14 24 23 2 44 7 27 6 31 18


33 22 39 37 10 8 18 15 11 30 44 21
0 30 9 39 8 33 4 20 21 10 23 13
7 47 32 35 16 21 5 19 8 44 17 38
34 7 5 14 18 32 28 20 3 43 19 25
7 5 2 32 38 47 36 20 41 35 14 1
43 1 45 18 28 42 5 24 46 9 2 40
0 3 47 20 32 4 21 19 10 40 41 17
11 14 25 4 3 34 20 24 18 13 17 28
39 18 0 30 33 44 6 45 13 8 22 37
30 15 27 33 22 39 31 2 4 36 26 21
44 11 21 37 38 17 16 8 33 10 47 6
33 39 22 37 15 30 8 27 12 21 44 41
7 5 21 11 37 15 44 47 41 27 22 35
32 24 3 47 19 20 7 14 41 35 34 38
39 33 37 15 21 44 10 12 8 17 23 6
28 18 43 40 6 45 42 5 14 38 25 24
44 17 33 39 13 11 37 15 21 12 6 8
20 45 1 3 32 18 42 43 46 14 40 38
45 46 20 1 3 32 0 19 40 24 43 38
26 10 21 23 30 0 43 27 39 33 11 15
40 2 4 21 34 27 31 36 33 41 30 15
33 24 37 44 30 4 39 12 17 8 16 40
21 29 26 47 15 23 41 28 37 33 16 39
18 43 5 1 28 45 42 7 6 24 9 46
19 0 40 20 47 32 3 10 17 21 24 35
47 20 32 3 42 21 16 19 2 41 24 31
30 39 0 40 8 45 26 4 9 33 18 43
25 20 46 3 1 26 18 9 19 32 42 38
20 3 32 40 46 34 19 2 14 41 47 36
21 47 37 41 10 15 8 44 11 34 32 13
28 22 6 12 23 9 15 7 39 8 44 25
32 3 20 19 47 38 10 17 11 24 35 34
11 42 10 33 18 30 34 40 0 26 39 25
11 26 42 17 15 34 9 22 36 40 18 14
27 1 7 22 2 5 31 9 46 16 29 43
40 34 42 33 20 43 32 24 14 4 41 12
21 39 44 15 41 37 33 10 11 47 8 4
47 41 3 35 21 20 13 32 7 23 19 17
20 32 3 19 14 1 24 38 34 42 40 46
20 32 3 34 14 47 38 24 41 25 40 19
0 30 39 40 38 28 45 6 4 26 8 43
0 40 30 39 4 45 26 20 25 33 16 32
20 3 32 19 34 14 47 40 38 42 25 24
3 20 32 19 47 0 14 38 40 34 46 25
42 11 20 25 47 13 46 32 14 19 2 7
36 41 26 11 15 22 7 42 2 43 21 25
21 47 41 3 0 15 4 39 30 20 29 16
34 32 3 20 17 14 19 38 47 40 13 25


39 40 38 14 9 10 13 15 5 44 32 3
45 33 8 23 2 11 41 19 21 6 16 1
40 10 38 9 14 39 15 13 5 3 32 44
10 39 40 38 9 14 13 15 5 44 32 3
33 2 45 8 23 41 11 19 21 6 16 7
38 39 40 10 9 14 15 13 5 44 32 3
33 2 45 23 8 41 19 11 21 6 16 7
14 38 39 40 10 9 13 15 5 32 44 3
39 38 14 40 10 13 9 15 5 32 44 3
29 17 41 34 23 2 4 33 11 8 21 45
40 38 39 14 10 9 13 15 5 32 44 3
29 5 17 3 34 32 30 40 36 4 14 38
19 23 33 2 8 45 11 21 41 6 16 7
40 38 39 14 10 9 13 15 5 32 44 3
28 21 17 33 8 23 45 41 7 2 19 11
39 38 40 14 10 9 13 15 5 32 44 3
2 33 8 45 23 41 11 19 21 6 16 7
40 38 39 14 9 10 13 15 5 32 44 3
7 13 39 15 9 17 10 40 38 14 44 42
29 17 3 0 34 46 5 30 36 9 32 14
41 45 8 2 33 23 11 6 19 21 16 1
33 45 2 23 8 41 19 11 21 6 16 7
33 2 8 45 23 41 11 19 21 6 16 7
38 39 14 40 10 9 13 15 5 32 44 3
45 33 41 23 2 8 19 11 21 6 16 7
26 31 36 34 0 25 5 40 3 43 9 29
33 45 2 8 23 41 11 19 21 6 16 7
38 39 40 14 10 9 13 15 5 32 44 3
39 40 38 10 15 9 14 31 3 32 13 5
45 2 33 23 8 41 11 19 21 6 16 7
39 14 10 38 13 40 9 15 5 44 32 3
8 45 33 2 23 41 11 19 21 6 16 7
14 10 38 40 39 9 13 15 5 32 44 3
9 3 14 10 38 40 15 13 39 32 5 44
38 40 39 14 10 9 13 15 5 44 32 3
2 33 45 23 8 41 19 11 21 6 16 7
12 37 28 1 22 31 35 3 46 26 36 44
23 33 45 8 19 2 11 41 21 6 16 7
33 8 45 2 23 41 19 11 21 6 16 7
8 33 2 23 45 41 11 19 21 6 16 7
33 2 45 23 8 19 41 11 21 6 16 7
38 39 10 14 40 13 9 15 5 32 44 3
29 38 9 40 39 14 13 5 10 3 15 44
30 6 17 29 41 0 26 2 33 31 23 21
33 45 2 23 8 41 11 19 21 6 16 7
38 10 39 40 14 9 13 15 5 32 44 3
27 4 45 33 21 19 8 2 23 28 11 41
38 39 14 40 10 13 9 15 5 32 44 3


31 43 0 11 25 8 37 6 41 40 29 14
11 31 43 0 25 8 37 6 40 41 29 14
39 18 30 15 22 46 1 32 16 5 47 19
39 18 30 15 22 46 1 32 16 5 47 19
30 18 39 22 15 46 1 32 16 5 19 47
29 40 37 25 0 31 6 8 43 2 11 41
18 30 39 22 15 46 1 32 16 5 47 19
18 30 15 39 22 1 46 32 16 5 47 19
43 31 0 11 25 8 37 6 40 41 29 14
43 0 25 31 8 37 11 6 40 41 14 29
31 11 43 37 0 25 8 6 40 14 41 29
30 39 18 22 15 46 1 32 16 5 47 19
11 31 25 0 37 43 6 8 17 40 35 41
39 30 18 22 15 46 1 32 16 5 47 19
43 0 31 8 25 37 11 6 40 41 14 29
18 30 39 15 22 46 1 32 16 5 47 19
31 11 8 25 0 43 37 6 41 40 29 14
11 43 25 31 37 0 8 6 40 41 14 17
25 8 6 0 11 31 43 37 40 29 41 26
18 30 39 15 22 46 1 32 16 5 47 19
18 39 30 22 15 46 32 1 16 19 47 5
11 43 31 25 0 8 6 37 41 40 29 14
30 18 39 15 22 46 1 32 16 5 47 19
11 31 43 25 8 0 6 37 41 40 29 14
29 2 6 25 8 31 43 0 27 7 37 11
25 43 11 0 31 8 6 37 41 29 40 14
30 18 39 15 22 46 1 32 16 5 47 19
23 13 29 24 38 11 37 0 2 45 25 8
46 39 30 18 22 32 15 16 1 5 44 47
18 30 39 22 15 46 1 32 16 5 47 19
31 11 43 0 25 37 8 6 41 40 29 14
18 39 30 15 22 46 1 32 16 5 47 19
31 11 43 0 8 25 37 6 40 41 14 29
8 6 0 25 31 43 11 37 29 41 40 14
43 31 0 37 25 8 11 6 40 41 14 29
24 29 45 13 28 26 2 44 1 15 32 7
11 31 43 25 0 8 37 6 40 41 29 14
30 18 22 39 15 46 1 32 16 5 47 19
43 31 8 25 0 11 6 37 40 41 14 29
15 18 30 39 22 46 1 32 16 5 47 19
10 14 6 31 11 43 37 25 33 9 0 17
24 23 13 32 15 18 30 46 1 22 19 39
8 25 6 43 0 31 11 37 41 40 29 14
24 28 45 13 2 29 32 15 1 46 34 18
46 39 18 15 30 22 1 32 16 5 19 47
8 0 43 25 31 11 6 37 40 41 29 14
39 22 18 30 1 15 32 46 16 19 24 23
18 30 39 15 22 46 1 32 16 5 19 24


21 46 14 32 37 38 0 7 39 36 23 35
29 19 17 41 8 2 24 11 12 43 30 3
19 2 17 41 29 8 24 11 12 3 30 43
17 41 19 29 2 8 24 11 12 3 30 43
46 21 14 32 38 37 0 7 39 23 36 35
41 19 17 29 2 8 24 11 12 3 30 43
5 13 39 35 25 15 47 37 14 44 10 21
21 46 14 37 38 32 0 7 39 36 23 35
21 46 14 32 37 38 0 7 39 36 23 35
41 29 19 17 2 8 24 11 12 3 30 43
17 41 19 2 29 8 24 11 12 3 30 43
21 46 14 32 37 38 0 7 39 36 23 35
21 46 14 37 32 38 0 7 39 36 23 35
17 41 19 2 29 8 11 24 12 3 30 43
41 17 19 29 2 8 24 11 12 3 30 43
14 46 21 32 38 37 0 7 39 36 23 35
17 41 19 11 2 8 12 29 30 24 43 27
17 19 41 2 29 8 11 24 12 3 30 43
34 1 23 47 18 15 28 30 26 16 31 6
21 46 14 32 37 38 0 7 39 36 23 35
21 46 37 14 32 38 0 7 39 36 23 35
21 37 46 14 32 38 0 7 39 36 23 35
8 19 41 17 29 2 11 24 12 30 3 43
3 43 5 42 16 8 10 25 40 4 33 29
7 46 37 38 21 32 39 14 0 35 36 4
31 18 15 27 20 23 16 22 6 13 5 45
36 7 37 46 26 14 1 21 23 38 45 32
46 21 14 32 37 38 0 7 39 36 23 35
46 21 14 32 37 38 0 7 39 36 23 35
29 17 19 41 24 2 8 11 12 3 30 43
41 2 17 29 19 8 24 11 12 3 30 43
34 18 47 12 24 26 17 1 2 19 28 41
21 46 14 32 37 38 0 7 39 36 23 35
46 21 14 32 37 38 0 7 39 36 23 35
41 19 17 2 29 8 11 24 12 3 30 43
29 17 41 2 19 24 8 11 12 3 30 43
27 22 15 2 30 19 41 11 17 29 20 8
46 14 32 21 37 38 0 7 39 36 23 35
29 24 41 17 19 2 8 11 12 3 43 30
6 32 14 46 35 21 38 39 7 37 0 13
29 41 19 17 2 8 24 11 12 3 30 43
46 21 14 32 38 37 0 7 39 36 23 35
34 18 12 30 19 17 44 11 24 41 2 47
21 46 14 37 32 38 0 7 39 36 23 35
17 41 19 2 29 8 11 24 12 3 30 43
41 29 17 2 19 8 24 11 12 3 30 43
46 21 14 32 38 37 0 7 39 36 23 35
41 17 19 29 2 8 11 24 12 3 30 43


21 47 15 26 34 19 38 33 27 0 11 25
21 47 26 15 38 34 19 11 0 33 27 25
26 47 21 15 38 34 19 33 25 0 11 27
38 47 21 15 26 34 27 33 19 0 11 25
21 26 47 15 19 33 34 38 0 27 11 25
1 0 29 30 25 38 26 21 47 33 11 15
5 8 42 39 18 44 22 20 23 13 10 16
21 47 15 26 34 38 33 19 27 0 11 37
47 38 21 15 26 34 27 19 33 0 11 25
5 8 42 44 18 39 22 20 23 13 10 16
47 21 15 38 26 34 19 27 33 0 11 25
5 42 8 39 44 18 22 20 23 10 13 16
27 38 47 34 15 21 11 26 33 19 0 29
8 5 42 39 44 18 20 22 23 10 13 16
29 27 34 36 38 47 15 33 21 37 26 19
36 16 43 6 31 10 20 32 13 23 46 9
21 26 47 15 38 34 19 0 33 11 25 27
5 39 42 8 44 18 22 20 23 10 13 16
21 47 26 15 34 19 38 33 0 11 27 25
5 8 39 42 18 44 22 20 23 10 13 16
21 47 15 34 26 19 38 0 11 33 27 25
38 15 26 21 47 34 33 27 19 0 11 37
23 18 39 8 5 42 13 44 20 22 40 41
27 38 34 47 21 15 26 33 19 0 11 37
4 35 31 3 14 16 44 18 5 17 39 7
21 26 47 15 38 19 25 11 34 33 0 27
5 8 39 42 18 44 22 20 23 13 10 16
47 21 26 15 38 34 33 19 27 0 11 25
5 18 42 8 44 39 22 20 23 13 10 16
32 35 46 16 31 17 14 2 3 19 43 0
18 5 39 42 44 8 22 20 23 13 10 16
30 40 29 14 33 41 37 15 26 34 38 21
40 41 17 8 39 5 14 18 42 44 28 24
30 33 38 3 26 21 34 25 47 27 15 11
5 39 8 42 44 18 22 20 23 10 13 16
5 42 8 18 39 44 20 22 23 10 13 16
47 21 15 26 38 34 11 19 25 33 27 0
18 5 42 44 39 8 23 22 20 1 13 40
40 14 41 45 24 8 39 23 18 42 5 28
5 42 8 39 18 44 22 20 23 13 10 16
5 18 39 8 42 44 22 20 23 13 10 16
27 38 47 34 21 15 11 26 19 33 0 25
39 5 8 42 18 44 22 20 23 13 10 16
24 25 13 4 12 1 23 17 26 6 14 38
18 5 42 44 8 39 22 23 20 13 10 16
14 29 13 41 45 9 6 10 28 44 24 8
26 47 21 15 38 34 25 19 33 0 11 27
3 12 10 41 13 40 28 8 7 18 42 5


1 8 20 2 42 30 22 19 11 38 21 46
1 8 30 2 20 42 35 19 37 47 11 13
37 35 16 26 30 42 40 45 27 3 15 8
1 35 8 2 30 16 37 19 26 11 38 20
22 44 31 10 21 46 28 12 38 17 20 40
44 17 28 22 24 12 31 21 46 41 4 34
40 37 17 28 12 27 26 16 45 35 21 31
16 35 26 30 37 2 3 36 15 45 8 39
29 2 45 16 26 35 47 0 23 41 19 13
40 27 1 5 42 20 11 8 37 22 10 14
2 1 19 8 30 35 11 47 5 36 16 32
22 44 5 1 31 10 21 46 4 20 13 38
26 16 45 0 23 29 17 35 41 37 28 43
28 17 44 0 41 24 23 45 26 7 34 10
40 27 3 37 15 28 39 42 36 23 16 26
17 28 12 40 37 26 0 45 16 24 29 27
0 26 23 3 15 39 16 36 41 45 29 35
23 0 17 26 16 45 29 28 41 37 35 3
1 2 8 19 22 20 5 11 30 42 38 47
1 2 19 22 8 5 38 46 21 20 31 30
44 28 17 40 24 0 22 12 4 23 41 13
41 17 0 44 29 24 28 23 9 26 45 7
2 19 47 36 1 5 30 4 39 11 8 15
31 21 46 38 5 22 1 33 19 2 44 4
37 1 35 27 38 12 21 46 19 31 30 40
41 2 29 19 9 16 0 26 45 32 34 23
44 28 22 40 10 15 5 39 4 3 27 13
37 40 27 16 35 26 12 28 17 42 45 23
37 40 27 35 16 42 12 26 9 30 1 38
37 27 1 42 40 30 8 20 35 11 5 14
44 41 28 17 0 24 7 22 13 43 23 10
26 17 37 16 28 40 45 0 35 23 12 27
2 22 1 5 19 46 31 21 38 44 14 4
16 26 35 9 2 29 32 45 30 8 36 0
40 42 27 20 22 1 31 21 46 12 28 37
0 41 23 39 15 3 36 44 45 26 17 28
37 40 27 30 35 42 3 15 16 39 36 26
22 44 31 21 46 10 38 20 28 12 24 4
37 27 35 42 30 40 1 19 8 20 16 47
0 23 45 17 41 29 26 28 16 3 39 15
27 1 42 40 37 20 30 8 31 21 38 35
44 17 28 41 0 24 22 12 29 7 23 34
1 2 8 19 22 5 11 47 38 30 20 36
2 41 1 22 36 19 34 44 9 4 7 39
16 2 9 35 26 19 29 32 38 8 41 37
0 23 26 17 28 45 16 3 15 39 41 29
40 27 37 42 28 20 12 17 9 10 35 18
44 17 28 24 22 4 40 0 41 23 33 12


1 42 46 5 26 32 30 15 11 27 40 12
6 3 24 10 33 4 44 47 35 41 16 5
37 33 9 35 47 10 1 3 16 4 5 40
47 36 14 31 17 22 46 42 0 30 15 24
9 38 31 19 18 22 26 34 17 42 7 6
35 40 44 47 20 1 2 30 33 12 28 45
14 16 22 39 23 45 29 0 12 21 43 8
3 37 24 47 26 22 42 9 10 5 38 17
1 46 43 30 5 12 13 44 31 37 47 15
19 38 31 7 18 9 22 26 13 15 6 39
25 31 21 34 18 38 35 17 7 15 9 19
24 30 27 8 45 2 41 14 4 16 39 3
36 17 18 7 19 38 15 32 10 26 6 31
39 34 32 24 16 14 27 41 22 40 3 23
26 30 46 32 34 27 31 23 14 43 22 15
4 45 8 2 12 27 28 29 41 16 20 21
3 47 1 24 44 5 40 14 21 26 46 42
15 31 9 38 19 18 26 47 13 22 36 6
14 12 30 47 44 29 46 16 4 41 37 11
9 19 38 31 27 5 6 18 33 43 34 15
8 2 43 45 12 28 14 46 4 16 27 41
5 31 19 38 18 36 26 34 17 11 32 6
24 40 39 22 45 3 23 14 20 34 25 29
22 34 32 24 0 8 31 42 3 26 16 9
8 4 45 2 28 27 29 12 41 16 21 30
19 38 18 26 31 17 36 42 6 9 39 7
23 6 32 35 16 11 30 12 18 14 42 0
5 47 44 3 1 24 14 17 26 9 37 46
29 41 12 45 2 20 4 8 28 30 27 21
19 38 18 31 9 26 17 22 36 15 7 6
4 12 45 8 2 16 29 27 28 41 20 21
45 8 43 2 14 12 27 29 41 4 21 46
18 38 19 31 15 9 26 36 17 6 22 42
31 5 32 26 34 42 38 6 18 35 1 16
13 18 38 17 19 31 36 9 6 47 15 0
4 33 5 16 11 27 37 41 40 29 3 9
18 38 19 36 17 31 26 6 32 22 15 7
12 4 8 2 29 41 45 27 28 20 16 30
4 8 45 2 12 28 29 27 41 16 30 20
20 41 12 4 29 45 8 16 28 27 2 21
18 38 19 36 9 17 31 6 26 15 22 42
16 37 22 47 6 26 4 9 14 11 34 24
23 12 30 41 29 45 28 2 4 8 27 20
12 4 8 2 29 45 28 41 27 16 30 20
19 18 38 31 36 26 17 22 6 9 15 7
37 16 1 11 4 5 12 47 27 30 29 25
31 5 26 43 44 30 38 47 17 14 13 36
6 46 42 10 1 3 24 0 26 47 14 37


37 12 1 31 45 33 34 14 11 23 43 29
20 11 0 13 47 26 36 41 30 8 1 2
6 36 26 24 19 20 5 9 25 28 39 3
37 12 34 13 1 23 45 46 6 10 38 14
12 37 40 1 45 32 46 2 38 11 23 8
12 13 25 37 23 1 8 45 26 3 38 40
1 37 12 45 33 38 29 16 7 31 23 46
12 37 1 46 32 38 8 31 14 21 23 11
35 42 44 30 3 4 17 27 23 25 2 39
39 17 9 30 2 26 40 20 18 44 4 7
14 37 12 33 1 38 43 19 29 45 32 10
12 37 1 46 11 45 21 23 32 38 40 13
33 37 1 12 31 45 10 7 16 14 47 30
27 36 13 19 35 14 6 42 3 46 4 38
2 17 26 40 39 21 12 8 46 38 32 44
31 12 1 37 23 45 32 46 19 44 7 38
37 12 1 0 14 38 31 21 10 46 43 34
37 1 12 31 45 46 23 38 14 21 10 32
45 23 46 37 12 1 7 27 44 30 32 38
44 35 20 0 34 16 2 8 11 42 36 28
5 9 22 18 39 41 20 28 10 24 26 36
0 13 6 33 37 34 38 14 21 36 12 1
37 12 1 10 43 16 31 11 14 34 33 27
12 37 1 46 23 38 32 27 45 43 40 34
1 37 12 31 33 45 14 10 38 46 23 32
19 22 24 5 7 10 33 28 15 42 29 14
40 23 39 26 30 46 7 44 17 21 3 25
37 1 12 31 45 33 14 10 23 38 16 46
13 41 8 11 26 36 20 0 28 2 24 32
12 1 37 13 3 31 35 2 40 41 8 44
35 37 12 1 14 42 44 30 16 31 4 27
31 37 1 12 33 14 23 45 36 25 13 22
44 35 20 17 2 16 3 39 7 40 36 47
26 36 39 17 13 44 31 20 24 3 2 28
40 2 17 29 39 11 20 43 21 26 28 16
37 14 10 33 1 12 45 22 23 31 30 16
39 17 9 26 44 2 18 20 28 40 5 19
18 2 9 39 20 17 36 26 28 8 5 11
14 27 42 37 4 31 16 19 43 38 1 10
37 1 12 14 10 45 33 38 31 8 46 0
17 39 2 9 44 42 20 40 18 26 27 30
17 39 2 9 26 40 20 44 28 21 36 19
22 5 33 10 9 24 14 15 18 28 20 3
9 39 17 22 5 20 28 26 24 44 36 41
2 21 19 38 40 12 32 4 8 17 27 47
2 17 39 9 0 32 6 19 36 35 18 25
12 40 11 2 1 8 37 36 32 46 13 38
37 12 1 46 31 45 23 38 8 27 32 14


6 0 35 23 19 36 41 3 22 2 9 45
39 30 13 43 4 1 28 37 38 19 2 16
42 26 37 47 11 7 4 1 28 35 5 40
46 15 11 40 21 17 16 26 28 27 35 14
25 10 12 2 1 37 22 32 44 15 26 13
36 16 28 29 4 11 27 21 42 19 40 43
25 32 44 23 37 1 12 7 45 47 42 31
28 25 29 44 8 34 12 4 40 47 27 22
29 34 11 21 6 35 5 28 17 36 33 38
2 10 6 22 27 25 0 38 16 39 41 46
37 1 7 43 32 26 3 5 21 30 44 45
47 42 11 18 34 35 21 5 37 28 4 36
44 11 5 25 34 22 21 14 24 46 12 26
44 12 25 21 5 22 13 34 17 46 40 2
45 2 39 20 27 0 43 16 23 3 18 19
37 1 25 32 4 12 42 26 13 23 7 44
21 4 11 29 28 19 36 16 34 5 38 8
25 27 22 16 12 2 44 5 34 9 46 10
25 44 40 12 4 37 33 8 13 14 1 28
37 1 28 4 25 8 29 44 43 32 47 11
0 16 6 19 3 27 23 36 35 2 5 43
3 16 0 35 6 21 36 23 19 34 45 27
9 10 31 22 12 18 15 32 14 35 24 8
43 10 4 23 27 19 32 9 16 42 22 36
12 44 32 37 33 14 25 5 1 3 45 35
1 37 8 43 32 7 25 39 28 4 46 30
6 36 10 29 27 45 0 22 16 17 34 41
44 12 21 33 32 8 45 5 25 1 14 13
0 6 34 41 35 20 12 22 46 17 27 5
32 37 1 44 31 8 12 24 25 2 10 23
21 24 6 39 45 34 2 20 5 11 38 33
21 35 47 34 27 18 6 11 38 0 16 29
44 25 37 11 28 47 34 17 21 1 22 8
27 6 22 17 0 10 36 34 35 3 9 16
44 25 41 17 26 13 31 2 15 12 29 6
17 34 42 22 46 11 0 47 5 35 36 20
40 32 12 7 43 4 1 37 25 8 33 14
29 45 6 0 34 20 19 36 41 33 44 2
1 37 25 44 8 4 12 7 32 40 13 47
25 12 44 40 13 30 37 1 14 2 9 28
7 25 1 14 5 26 12 45 47 21 27 37
21 11 4 35 7 43 1 38 37 24 8 28
44 25 34 37 5 12 24 47 33 20 7 46
43 19 0 32 4 16 2 27 38 24 31 36
1 32 37 10 31 15 24 25 38 8 43 44
16 27 0 6 10 23 45 19 2 36 35 32
44 1 37 21 39 7 25 8 12 2 24 20
40 13 30 14 9 3 7 27 5 12 43 45


24 13 27 34 28 17 20 15 12 46 1 44
45 40 41 36 47 6 5 32 43 0 2 11
27 24 13 20 17 31 28 34 1 12 46 21
5 36 4 40 45 22 32 25 37 16 19 11
6 18 12 31 41 1 40 45 26 39 33 8
5 45 36 32 40 4 11 47 2 19 16 29
12 7 24 28 20 13 27 34 15 17 33 46
46 20 30 10 14 24 17 15 13 28 27 12
14 42 15 13 12 24 28 44 41 27 18 9
8 26 25 29 2 18 9 5 47 16 3 44
44 7 8 39 17 18 2 25 43 24 30 6
45 5 36 32 40 4 11 2 19 47 16 6
12 28 20 24 31 13 17 1 27 46 15 7
14 30 1 31 28 39 10 12 18 27 22 17
5 45 32 36 4 2 11 19 40 47 16 30
17 34 28 13 27 24 20 15 44 46 12 1
10 14 23 11 30 36 25 19 5 16 45 32
33 21 2 7 1 12 44 31 28 32 18 35
36 45 43 40 5 4 2 14 47 32 6 19
26 18 38 29 3 16 41 23 8 15 9 21
40 36 45 6 32 47 41 5 11 4 39 29
9 26 3 46 18 21 23 42 15 14 34 8
10 14 25 30 23 42 46 11 43 1 39 12
2 32 5 36 11 45 16 4 19 40 47 30
21 2 4 5 32 16 29 37 39 3 47 43
26 16 2 38 35 11 25 3 5 32 19 29
34 13 27 24 28 15 20 17 23 7 44 37
3 23 9 26 21 42 29 40 16 6 1 35
33 12 1 20 28 7 31 21 24 13 34 27
15 18 9 46 26 24 27 13 28 12 23 17
26 3 35 38 29 10 31 41 2 9 16 18
12 28 15 13 3 18 26 34 29 24 1 27
41 15 7 26 12 3 6 40 42 45 47 36
8 34 7 17 44 6 22 9 21 37 33 27
4 2 29 32 11 47 16 5 30 36 19 39
28 24 27 13 17 18 31 34 12 20 15 1
29 3 33 35 18 10 31 32 9 28 47 42
34 17 35 13 28 27 24 20 12 18 15 23
22 27 46 37 1 21 17 25 4 39 13 34
28 13 24 27 17 20 12 34 1 15 46 31
33 32 4 2 7 40 36 29 5 11 16 45
24 20 27 13 17 34 28 12 46 31 15 21
18 45 47 32 5 29 10 6 40 25 36 39
13 34 24 27 28 17 20 12 15 1 46 44
5 4 45 32 29 36 47 11 19 39 2 40
17 24 27 13 34 28 20 46 30 21 23 12
24 13 27 17 15 28 20 34 12 46 23 42
12 28 13 1 24 27 20 17 34 31 15 46


31 11 29 46 16 47 19 26 14 40 0 7
29 31 11 46 16 26 47 0 14 19 40 7
39 20 18 2 37 47 16 46 11 17 4 42
13 34 28 35 33 6 32 44 1 10 24 8
40 42 19 25 43 11 7 31 28 45 29 0
45 18 10 12 20 22 3 2 7 42 39 8
33 24 32 36 8 34 35 44 21 9 6 23
11 46 31 29 16 47 26 40 14 0 19 7
26 4 31 19 43 5 13 15 16 29 11 25
32 35 33 8 44 24 34 36 1 6 9 13
31 29 11 46 16 47 26 19 14 40 0 7
31 29 11 46 16 19 47 26 14 7 40 25
31 29 11 46 19 16 47 26 7 40 0 2
2 18 42 20 39 37 3 0 17 47 46 23
31 46 11 29 16 47 26 19 40 0 7 14
17 37 8 35 24 1 9 36 33 32 13 21
18 27 42 2 47 38 41 19 14 3 37 8
46 31 11 29 16 47 19 26 0 40 14 7
33 24 32 34 6 35 36 44 13 10 3 1
46 47 11 31 29 16 2 40 37 17 39 18
6 34 32 28 33 13 24 44 25 4 21 10
25 28 31 0 19 30 29 47 11 5 16 18
15 11 14 17 16 46 29 5 31 37 40 47
24 32 33 8 12 36 35 23 34 10 44 17
23 38 3 17 28 41 27 18 46 6 8 2
38 27 45 30 23 42 39 10 18 1 22 40
12 5 10 31 22 11 0 16 29 7 46 47
29 31 0 11 46 26 19 16 47 25 43 14
29 11 31 46 0 16 14 47 39 19 7 38
37 17 20 2 23 8 39 18 24 35 36 3
44 33 34 15 5 32 24 10 4 9 14 26
41 4 44 43 23 26 30 31 7 9 36 16
13 34 44 17 33 28 6 20 18 32 1 8
18 2 37 17 39 8 20 13 42 24 6 44
1 43 42 45 30 10 39 27 22 35 38 13
31 29 11 46 16 26 47 19 14 40 7 0
30 27 45 38 22 23 47 10 16 44 1 37
26 31 29 46 11 16 0 47 19 14 25 5
39 2 20 37 47 18 17 23 28 4 42 38
20 39 47 27 45 2 18 43 37 1 3 42
44 1 13 45 17 7 31 43 22 11 16 29
45 22 7 30 29 16 27 10 38 11 42 46
33 32 34 24 44 35 6 21 10 9 8 28
16 14 26 31 29 11 46 5 47 40 22 45
19 36 1 43 5 35 31 40 14 26 16 13
46 11 31 29 47 16 26 0 19 40 14 5
37 8 17 5 15 1 9 12 35 24 36 10
45 11 15 29 7 13 9 19 1 16 46 31


44 39 37 9 33 1 45 31 30 2 24 10
18 26 43 36 33 6 38 16 45 34 0 7
13 19 34 21 36 7 18 40 41 12 11 32
11 4 36 8 41 22 17 40 6 32 18 23
14 16 42 0 29 39 33 21 45 1 5 38
30 33 3 5 31 19 45 39 1 9 29 42
36 18 41 40 26 8 11 6 17 4 23 12
1 29 30 42 44 33 14 45 16 27 25 39
14 39 16 42 29 44 0 33 45 1 37 30
11 4 22 41 36 32 40 8 18 19 35 17
18 36 26 8 5 40 6 38 17 12 16 41
36 40 41 18 4 8 11 22 26 17 19 32
44 1 9 33 39 30 45 37 14 2 16 29
41 36 4 18 40 8 15 11 22 19 26 6
31 27 4 30 41 23 37 22 15 32 2 40
4 36 41 18 11 22 8 17 40 32 19 35
19 36 18 41 26 4 12 38 40 46 22 35
18 6 16 0 33 42 35 29 19 23 3 34
36 18 40 8 11 26 6 4 19 41 0 34
41 22 4 11 36 25 40 15 17 32 8 34
7 47 19 5 33 25 30 29 15 31 34 0
36 18 40 41 8 4 34 11 26 43 12 23
35 9 26 33 46 19 45 15 44 39 28 38
36 40 18 8 4 13 12 41 11 28 26 43
39 10 45 14 24 33 44 9 3 42 17 37
41 11 0 6 26 36 42 16 34 33 3 18
11 36 6 40 8 4 18 41 22 32 17 26
36 18 40 41 4 8 11 26 6 19 32 22
40 4 22 23 8 27 36 47 18 31 32 19
31 18 36 41 32 4 11 40 8 10 17 22
36 8 41 18 40 4 11 17 32 22 26 6
15 41 21 36 17 11 4 32 26 8 25 23
21 20 13 7 32 42 0 14 12 3 2 19
36 8 17 18 40 11 4 6 22 41 23 26
17 9 44 37 5 39 31 41 15 35 25 46
4 41 22 11 19 2 24 15 36 43 25 10
11 4 41 22 36 32 17 23 46 18 35 21
36 18 40 41 8 4 11 19 22 7 34 10
36 18 4 8 11 40 41 19 35 26 22 32
17 13 11 38 22 34 6 19 36 18 8 3
47 3 7 18 13 4 32 19 41 36 11 22
42 30 39 29 1 45 33 14 16 0 44 25
36 40 8 22 4 11 41 32 31 18 17 19
36 18 41 40 11 8 4 26 22 12 17 32
1 44 30 29 37 45 39 42 14 27 2 33
19 38 5 45 30 9 33 1 39 3 32 44
16 6 14 8 12 17 29 20 26 5 18 0
1 30 27 37 44 39 25 15 2 29 9 33


