42 3 16 4 26 8 7 25 43 44 6 46
16 42 4 3 7 15 0 26 8 47 25 43
14 18 30 39 12 29 9 41 33 40 21 19
34 40 11 12 9 14 18 19 30 39 29 41
44 46 43 26 4 15 47 42 0 8 3 7
12 14 21 30 39 41 18 33 29 37 19 40
37 21 33 41 39 29 30 18 12 14 19 40
18 14 30 29 39 9 12 41 33 40 21 19
25 8 3 6 44 7 26 43 46 2 16 42
36 32 17 27 24 23 20 31 2 22 16 3
32 24 20 36 27 17 35 23 31 2 22 16
42 16 4 26 3 8 43 44 7 46 47 0
37 21 41 33 39 29 30 18 14 12 19 9
22 24 36 32 23 27 20 5 17 38 31 1
8 42 25 3 16 26 7 6 44 43 4 46
12 14 19 30 18 40 29 9 39 11 41 33
19 11 28 14 12 30 45 40 29 39 18 41
36 17 32 24 27 31 20 23 22 5 6 16
20 27 24 32 23 36 17 35 31 22 2 3
11 40 34 9 12 14 19 30 18 39 29 41
27 20 24 32 23 36 17 35 31 2 22 16
21 37 41 33 39 30 29 18 12 14 19 40
24 32 36 20 23 27 17 22 5 35 38 1
2 31 27 20 32 3 25 26 42 35 45 46
23 20 5 22 27 24 32 36 35 38 7 3
1 10 11 34 40 9 45 19 2 12 14 28
15 0 4 47 43 16 46 42 26 44 7 3
24 36 22 32 23 5 27 20 17 16 15 42
20 27 24 23 32 36 22 5 35 17 38 3
34 19 12 40 11 14 30 18 21 39 37 41
16 4 15 42 47 3 7 0 8 43 26 44
36 32 17 24 31 27 20 22 23 5 6 16
23 27 20 24 22 32 5 36 38 17 1 35
14 12 30 18 39 29 40 19 9 11 41 33
24 36 20 27 23 17 32 25 22 6 7 16
19 45 30 14 11 29 18 39 9 12 33 41
13 45 29 33 41 39 30 18 9 21 14 37
10 46 44 43 47 1 6 7 26 0 8 25
42 3 16 8 26 25 4 7 44 6 43 15
0 4 47 15 16 42 43 26 7 46 3 44
30 29 14 18 39 19 41 33 12 9 21 37
24 17 36 32 20 23 27 22 5 31 6 35
4 42 16 26 3 43 8 7 44 15 47 0
4 43 44 47 46 7 26 0 16 3 8 42
19 11 12 40 34 14 30 39 18 29 37 21
32 31 24 36 27 20 17 2 23 25 16 6
28 19 11 30 14 45 39 29 41 37 21 33
19 30 12 18 29 14 41 39 33 37 21 40


47 6 44 40 42 26 13 35 37 25 20 45
12 32 0 1 7 36 21 39 20 13 34 45
8 24 14 2 17 19 3 27 22 33 46 9
14 24 8 17 2 19 46 3 27 22 33 9
11 33 22 27 19 3 17 2 8 24 14 46
5 4 30 41 28 16 45 38 15 43 9 31
14 9 46 3 17 19 24 8 2 27 22 33
11 33 22 27 19 3 17 2 8 14 24 46
8 17 2 14 19 3 24 27 22 33 46 11
18 36 43 1 12 7 28 32 30 10 0 21
11 22 33 27 19 17 3 2 8 14 24 46
24 8 17 2 14 19 3 22 27 33 9 46
14 24 8 17 2 19 46 3 27 22 33 9
47 42 40 6 44 26 29 35 9 8 2 11
12 32 0 7 36 1 21 39 13 34 10 25
47 44 6 40 35 26 42 16 20 25 13 45
9 46 24 14 8 2 17 3 19 27 22 33
39 7 1 23 0 18 34 13 12 32 36 37
14 8 2 46 24 17 3 19 27 9 22 33
10 21 25 20 32 36 45 12 0 7 39 34
41 28 30 31 43 18 29 1 36 21 12 35
47 6 44 40 42 37 25 20 35 13 26 4
28 30 41 31 29 43 46 33 18 19 24 27
28 41 30 31 29 43 42 18 40 1 46 36
9 24 8 2 14 46 17 3 19 27 22 33
28 41 43 31 30 29 35 46 19 3 14 2
30 28 31 41 4 43 16 5 38 18 45 15
8 17 2 14 19 24 3 27 22 33 46 11
27 17 22 19 8 2 33 3 14 24 11 46
3 8 2 14 19 17 22 11 27 24 46 9
47 6 44 42 40 26 13 25 37 20 35 5
41 28 30 9 27 3 46 8 19 24 17 14
11 22 33 27 19 3 2 17 8 14 24 46
2 8 24 14 3 17 46 19 9 27 22 33
11 27 22 33 3 19 2 8 17 14 24 46
1 7 12 0 32 36 39 34 13 18 21 45
14 24 8 2 17 46 9 3 19 27 22 33
47 6 44 40 42 35 20 25 37 13 29 0
34 7 1 0 39 12 32 13 18 36 21 37
2 8 19 3 17 27 24 14 22 33 46 11
11 22 27 33 19 3 2 17 8 24 14 46
12 0 32 7 1 36 39 13 34 21 45 20
40 47 42 6 44 26 4 13 29 20 25 38
22 33 27 19 11 17 3 2 8 14 24 46
28 30 41 31 46 33 19 27 14 17 24 3
46 14 19 24 8 17 2 27 3 22 33 9
24 14 8 17 2 19 22 3 27 9 33 46
17 19 8 24 2 22 14 33 3 27 46 11


22 25 0 15 5 18 40 46 24 3 45 36
9 43 41 17 42 26 20 1 47 34 14 28
18 46 24 25 0 40 22 3 45 13 5 15
46 24 18 25 3 40 45 22 0 5 13 15
22 25 5 46 15 24 18 45 3 0 40 13
28 2 8 1 17 35 47 31 20 29 34 14
35 39 44 11 34 29 6 23 47 27 2 1
15 22 0 5 25 18 46 24 40 45 3 36
47 17 6 29 23 34 19 21 44 27 1 35
22 45 24 15 3 46 25 18 5 0 20 40
39 38 16 41 7 11 13 10 27 44 3 43
18 46 24 40 25 3 13 45 0 22 36 5
0 13 36 18 46 15 25 40 24 22 5 45
41 43 1 35 9 29 11 7 34 6 44 17
35 11 34 39 44 29 6 23 1 17 2 47
29 6 34 23 44 11 35 47 17 27 10 1
35 29 6 34 44 11 23 17 47 39 41 27
44 11 29 6 23 35 34 10 1 47 21 39
6 47 29 23 44 34 27 35 11 30 17 10
22 24 25 46 5 18 15 45 0 40 3 13
10 31 32 30 21 12 23 38 6 44 19 29
6 29 23 47 44 34 27 10 21 11 17 30
3 45 18 46 24 25 22 40 0 5 15 13
30 38 27 12 21 10 47 32 19 23 17 6
35 29 6 44 34 11 23 47 27 17 1 39
3 40 25 45 22 18 5 24 46 0 9 15
29 1 6 23 34 47 44 35 11 17 21 27
25 18 46 22 40 24 0 5 3 45 15 36
46 18 24 3 25 40 0 45 22 13 5 36
18 13 46 40 25 0 24 3 36 45 22 26
5 25 22 40 46 18 24 3 0 45 15 36
29 6 23 34 44 11 47 35 27 10 17 21
46 18 3 25 24 40 22 45 0 13 5 15
1 35 17 29 43 9 6 11 47 41 34 27
39 35 44 11 34 29 6 2 23 26 1 14
40 25 18 46 22 0 5 24 15 3 45 13
18 46 24 3 45 25 0 22 40 13 15 5
31 14 39 19 27 35 30 15 44 43 38 36
16 8 2 24 46 36 33 45 18 5 0 40
46 18 24 3 25 45 40 22 0 5 13 15
9 22 20 42 40 25 5 3 15 18 45 13
42 32 16 37 30 12 10 38 40 2 3 36
18 46 24 3 25 13 45 40 0 22 36 5
6 29 23 47 34 44 17 27 21 10 11 19
18 46 40 13 24 25 0 3 36 26 45 22
5 22 25 40 15 0 46 18 24 45 3 36
6 29 23 44 34 11 47 27 35 10 21 17
47 6 23 29 27 21 17 30 10 34 44 19


5 35 0 2 42 6 36 46 3 8 20 31
0 2 35 5 36 46 42 6 3 40 8 20
30 40 17 38 13 15 34 24 47 18 3 45
19 39 4 11 7 32 23 21 27 10 37 1
37 24 7 10 4 27 11 16 31 19 39 25
21 7 11 4 39 19 27 23 32 37 10 1
2 42 0 35 46 5 36 3 6 40 20 8
43 26 41 34 29 27 9 4 11 21 23 19
27 39 32 19 4 11 7 23 21 10 37 1
0 2 35 5 46 36 42 6 3 40 20 8
11 7 4 19 39 21 23 32 27 10 37 1
2 5 0 46 36 31 35 16 24 42 20 3
7 11 10 39 32 19 23 4 27 21 37 1
5 2 36 46 35 29 0 42 43 17 9 6
28 6 3 40 8 42 45 20 32 27 19 12
46 2 0 35 42 36 5 3 6 40 20 8
7 11 39 4 19 27 21 32 23 10 37 1
40 2 0 35 5 46 36 42 3 6 30 8
6 35 0 5 42 2 36 46 3 20 40 8
41 2 42 0 46 35 5 20 18 3 36 43
34 43 41 20 12 18 9 1 33 5 26 35
32 39 19 4 11 27 23 7 21 28 10 1
33 41 38 47 2 18 0 9 35 46 42 36
7 11 21 39 4 23 19 32 27 10 37 1
18 1 19 45 32 23 38 39 11 4 10 7
11 39 19 4 7 32 21 23 27 10 37 1
34 43 11 23 21 1 4 26 7 39 32 19
43 26 41 34 9 8 5 6 20 33 35 2
46 2 42 0 35 36 3 5 6 40 8 20
6 42 3 35 5 0 46 2 36 40 8 20
16 36 2 46 31 0 29 35 5 24 42 20
42 2 5 46 35 0 36 6 3 8 43 41
10 7 11 37 39 4 19 23 21 27 32 1
41 26 34 43 33 18 9 47 38 10 1 23
21 7 11 23 4 39 19 27 32 10 37 1
21 7 39 11 19 4 27 23 32 37 10 47
42 2 0 46 35 3 5 6 36 40 8 20
29 12 6 5 36 35 0 2 46 42 3 20
10 32 23 11 1 39 7 19 4 27 21 37
28 32 39 19 27 4 11 22 23 7 21 37
2 0 46 35 36 42 5 6 3 40 20 8
5 35 42 0 2 6 3 46 36 40 20 8
27 19 39 4 32 37 11 7 25 21 1 23
29 22 16 17 36 15 14 46 31 0 2 24
3 42 46 35 2 0 6 5 40 36 8 20
42 35 0 2 5 46 6 3 36 40 20 8
35 2 5 46 0 42 36 6 3 8 43 9
35 0 2 36 5 46 42 6 3 31 40 20


35 41 46 25 29 31 9 20 40 34 8 45
38 28 27 3 4 14 6 5 42 13 22 18
7 32 10 36 22 23 30 0 4 1 15 19
29 40 9 31 46 8 34 41 45 35 25 20
8 40 34 9 31 29 45 41 46 35 25 20
19 22 17 36 10 23 18 32 0 30 4 7
9 46 41 31 40 35 45 34 29 25 8 20
29 46 41 25 31 20 9 40 35 34 8 45
22 36 10 23 19 32 17 7 30 0 4 18
33 8 29 40 21 46 34 9 41 31 47 20
17 19 18 0 36 10 22 30 23 7 4 33
10 23 36 7 0 17 30 4 22 18 21 32
46 29 41 25 20 31 35 9 40 34 8 45
40 34 9 8 31 29 41 46 45 35 25 20
11 16 12 14 0 3 2 36 4 10 18 17
2 14 27 28 26 38 5 6 39 32 36 16
35 46 41 31 9 29 25 40 34 20 8 45
19 22 37 1 17 36 32 10 23 18 30 20
21 18 0 17 33 10 4 7 23 36 30 15
2 26 6 39 5 28 27 43 14 44 38 16
33 0 18 17 10 7 30 21 23 36 19 4
8 34 40 9 31 45 29 15 46 41 24 33
17 18 23 36 22 10 0 19 4 32 21 30
29 46 41 25 35 20 31 9 40 34 8 45
22 10 19 17 36 4 32 23 18 7 0 30
10 36 7 23 22 0 32 4 30 17 19 18
19 17 36 30 22 10 18 4 23 0 7 32
40 8 29 9 31 34 46 41 35 45 25 20
37 32 22 47 24 42 36 30 38 1 23 10
40 9 34 31 8 29 41 46 45 35 25 20
9 40 31 29 34 41 46 8 35 25 45 20
9 40 31 29 46 41 34 35 8 25 45 20
15 21 33 7 4 0 18 10 30 12 17 47
2 39 44 6 43 26 16 30 5 28 32 36
15 21 7 23 10 32 4 36 0 30 47 18
18 17 0 36 10 23 21 4 19 30 22 7
5 13 11 16 0 23 4 43 10 7 36 42
40 34 9 8 31 45 29 41 46 35 25 24
3 6 16 44 39 30 11 37 4 28 32 12
17 18 0 10 36 23 21 7 4 30 22 19
40 9 8 34 45 29 31 41 46 35 25 24
19 10 36 22 17 23 0 7 30 18 4 32
28 27 38 35 46 29 3 9 41 25 40 14
36 22 10 32 17 19 7 23 0 18 4 30
43 6 5 39 2 42 47 44 38 30 26 45
12 26 4 14 39 22 10 17 32 21 7 36
3 23 10 22 30 32 4 7 12 15 36 21
40 9 34 31 8 29 46 41 45 35 25 20


41 47 33 15 11 8 46 7 42 4 44 38
33 31 46 41 15 8 11 4 25 17 29 47
33 8 41 15 46 11 4 29 42 31 17 7
46 11 33 41 8 31 29 4 15 20 9 47
32 24 43 30 2 11 22 14 25 12 38 41
13 44 8 45 38 33 41 26 2 9 29 42
8 33 41 15 11 46 29 42 4 31 7 30
24 41 14 42 18 36 29 2 32 38 33 47
8 33 41 15 4 30 25 38 11 42 22 26
5 16 0 18 2 6 31 24 34 13 25 14
20 28 9 4 42 16 34 37 17 35 10 36
16 20 31 0 28 5 37 46 6 18 24 34
29 30 8 41 33 15 1 26 4 31 9 13
8 33 41 17 15 4 46 40 11 30 9 32
8 33 41 11 15 46 42 30 4 26 29 38
2 37 24 13 45 18 23 28 40 3 43 6
31 0 5 46 28 16 27 20 40 36 29 24
9 20 10 38 43 4 34 11 15 28 5 33
17 1 21 6 22 30 23 15 7 5 4 34
1 30 2 18 6 43 37 10 40 38 21 45
2 6 14 23 30 43 12 16 3 13 21 0
47 41 19 29 1 39 42 46 8 3 27 30
14 22 24 2 32 25 40 12 28 23 37 16
33 8 41 15 11 46 42 4 26 7 30 47
47 18 1 3 21 29 5 0 44 24 38 6
20 28 9 43 4 35 17 16 38 10 7 37
31 33 8 41 46 0 15 42 1 11 26 7
45 14 44 18 6 10 43 21 37 23 5 32
18 8 29 15 33 46 5 41 1 26 30 4
8 33 15 41 11 7 4 46 26 17 30 42
29 18 41 33 8 15 46 24 7 11 31 4
14 24 22 2 32 3 18 38 25 37 27 11
5 14 27 7 18 37 21 24 46 39 43 0
13 8 29 26 30 33 2 9 31 34 41 15
44 47 45 38 41 42 33 11 8 46 26 4
41 47 33 46 4 8 11 15 0 31 42 18
32 0 31 24 46 12 29 40 27 2 19 14
28 20 9 37 16 24 18 6 35 12 19 42
8 33 41 11 15 46 42 30 38 26 4 29
41 33 8 11 38 15 46 47 42 4 26 44
1 18 37 30 5 47 6 2 21 28 36 0
8 33 11 41 15 46 4 42 7 29 26 47
15 41 33 7 8 11 42 46 4 17 1 26
6 23 14 18 22 17 45 44 36 3 19 5
2 14 6 23 3 13 37 18 12 0 43 16
17 6 5 1 21 23 15 30 7 10 33 11
33 8 41 15 11 46 4 7 42 26 30 17
28 9 20 42 37 19 12 26 39 24 22 36


22 11 26 28 1 24 47 5 21 20 30 2
9 40 7 10 8 37 39 34 16 35 36 29
26 47 21 12 1 5 24 6 30 20 11 43
17 28 26 21 1 30 12 47 20 5 11 22
34 8 39 36 16 38 9 41 23 29 40 42
24 22 26 1 47 30 11 5 20 15 28 2
22 11 5 21 47 1 28 0 24 2 26 20
43 3 32 0 9 11 25 41 39 34 18 13
9 42 3 15 7 40 35 2 25 8 36 31
31 45 35 15 22 7 24 26 47 5 1 2
23 16 29 39 8 44 41 10 27 36 18 32
25 33 39 8 37 9 16 41 38 29 10 23
19 22 32 11 28 21 26 27 0 12 10 13
8 7 9 39 16 36 40 23 29 10 38 25
19 11 22 21 26 28 13 12 32 47 6 1
14 34 17 28 41 4 25 32 37 36 39 43
37 41 32 33 11 39 17 9 25 28 13 43
7 35 31 15 43 45 24 3 30 5 22 18
8 39 16 23 36 7 38 41 29 46 40 18
22 26 1 11 24 47 28 30 5 20 21 12
46 7 8 39 35 18 42 40 16 34 38 23
22 28 0 11 19 26 24 1 5 47 21 17
26 21 1 22 11 47 12 28 30 20 24 5
24 26 1 22 30 20 47 5 28 11 2 21
9 8 7 16 10 36 23 39 29 40 44 25
11 22 3 6 47 5 2 15 24 21 1 43
4 16 34 23 29 27 44 10 7 41 46 8
8 39 36 9 16 7 23 34 29 38 42 40
42 8 39 38 36 46 7 25 40 18 41 35
24 30 15 22 20 1 26 35 2 47 5 28
22 11 26 19 21 28 12 47 13 1 6 5
22 28 11 26 21 12 43 19 47 1 45 5
6 11 22 21 26 47 28 19 5 43 15 12
11 22 21 6 19 28 47 26 5 12 1 17
7 38 36 8 9 16 45 42 40 39 23 31
42 9 8 3 40 36 25 39 7 38 34 2
19 18 13 46 27 44 26 41 32 28 12 21
22 26 11 1 47 5 21 28 24 20 30 12
22 47 5 1 11 24 26 21 20 28 2 30
8 39 36 9 16 38 23 29 40 41 44 7
42 9 7 3 40 8 15 36 35 39 2 25
22 11 21 28 0 26 19 5 1 47 12 20
46 23 16 29 39 18 8 7 44 10 27 41
0 22 28 19 11 26 24 1 47 20 27 10
22 28 11 26 1 47 24 21 5 0 20 30
17 14 34 28 4 11 21 22 12 26 47 6
43 22 31 26 24 5 47 30 1 20 21 15
9 7 42 40 3 8 15 35 25 36 39 37


18 43 0 29 13 7 14 25 44 39 2 16
34 37 42 17 38 19 2 20 31 0 36 46
37 30 1 19 20 26 17 38 36 35 4 34
37 34 38 20 19 17 42 46 4 35 31 1
37 34 42 33 31 20 46 35 17 19 38 2
3 21 46 42 33 5 2 15 34 22 28 11
11 27 24 32 40 3 5 28 22 10 41 21
45 44 14 18 39 13 29 43 0 7 8 6
11 27 24 32 40 5 3 28 41 22 21 10
39 30 0 36 44 17 9 45 34 29 31 35
37 20 34 33 31 19 38 42 35 17 1 2
3 33 27 11 40 24 32 12 22 28 18 9
32 40 24 27 33 11 35 3 23 28 22 10
26 32 11 27 6 25 24 5 40 3 7 14
13 18 14 45 44 8 39 29 0 43 6 24
27 11 21 28 24 5 22 41 3 32 7 9
14 0 7 43 39 29 18 44 25 45 8 13
19 34 38 42 17 37 46 4 20 1 31 2
26 1 37 31 36 33 34 35 20 9 19 17
37 34 20 19 42 31 46 17 38 33 35 1
4 46 42 17 23 38 19 34 37 20 1 2
9 43 0 14 8 27 5 11 29 36 18 13
33 3 11 24 27 40 32 22 31 39 35 16
11 27 5 32 40 24 3 28 21 41 10 13
35 38 4 31 19 20 17 1 23 24 37 34
31 19 38 37 42 4 2 34 20 17 35 1
24 32 40 47 23 18 11 27 29 7 13 6
27 11 24 32 5 40 3 28 21 10 22 41
11 27 5 32 40 3 21 28 10 24 22 41
41 23 47 46 26 4 12 32 21 38 6 29
46 42 34 20 37 17 19 38 9 29 33 25
12 47 2 10 6 20 13 41 3 35 21 38
2 11 32 5 21 27 26 10 4 40 15 45
37 34 19 36 38 17 35 2 1 42 46 31
13 18 6 45 43 14 44 7 0 8 39 15
27 11 3 24 28 33 22 5 32 21 10 40
27 11 14 13 24 45 32 22 3 43 40 25
18 28 0 14 8 45 29 43 13 24 22 17
37 34 38 20 19 42 17 31 4 46 35 1
11 27 5 3 21 28 24 41 12 10 32 22
11 5 27 21 28 32 3 10 40 22 24 41
6 11 27 24 32 40 3 12 10 22 5 41
26 8 0 45 39 31 29 35 41 14 6 18
45 13 18 8 14 44 6 22 39 28 7 43
28 41 24 27 3 22 5 32 40 11 25 13
21 11 5 41 40 10 27 24 32 22 23 13
11 5 27 32 40 21 3 10 28 24 22 41
34 42 37 38 19 20 17 46 4 31 35 1


28 36 0 19 3 31 33 17 6 1 9 10
43 22 42 20 45 11 3 41 35 46 27 47
0 40 31 8 26 30 43 12 15 34 21 42
2 45 46 19 40 32 5 22 10 1 23 41
34 31 26 15 1 6 40 0 12 22 3 44
13 7 5 33 23 46 14 9 10 32 35 8
7 14 13 20 25 28 17 24 46 38 33 27
30 39 32 37 5 19 36 2 38 40 25 33
31 6 3 26 15 34 12 1 11 4 40 0
7 13 46 10 4 35 2 20 45 14 27 40
38 37 30 6 32 28 19 9 1 11 33 2
9 29 5 17 37 8 44 18 33 10 13 28
38 6 28 18 37 2 16 25 1 10 47 36
24 23 17 34 13 45 6 14 16 40 19 21
15 34 26 31 1 40 22 0 6 44 3 42
37 38 11 47 30 18 2 43 44 32 7 46
7 13 23 33 35 14 25 46 20 11 4 24
24 34 3 36 16 17 33 39 6 25 23 21
2 19 45 9 38 35 27 22 30 14 25 41
39 46 47 32 41 42 10 8 16 12 43 35
34 15 40 24 26 1 6 22 23 0 16 3
37 47 43 18 29 30 2 23 8 46 39 5
36 20 25 27 7 41 35 45 28 47 38 46
14 17 7 24 13 46 27 23 28 20 9 10
34 31 6 26 1 15 40 12 22 11 33 0
19 21 35 14 18 7 5 27 10 36 30 37
6 34 26 23 31 15 40 1 5 24 12 0
0 30 8 39 43 37 47 18 12 13 40 3
0 3 17 31 1 33 36 39 27 42 45 38
7 14 13 20 46 43 39 35 47 23 4 32
7 13 14 25 4 35 10 23 46 8 28 5
14 13 7 23 17 28 11 38 24 33 25 46
14 7 17 46 11 35 20 24 13 10 12 27
9 29 42 44 5 2 18 1 19 33 17 31
9 46 14 23 7 45 5 42 35 27 30 25
20 7 35 4 14 13 27 46 44 10 25 36
24 0 3 11 17 15 36 16 34 33 39 40
0 34 26 44 15 40 12 39 1 8 42 31
37 18 38 6 2 47 26 31 4 39 12 29
39 43 30 5 10 37 8 47 38 28 18 40
11 24 37 20 38 40 34 12 30 18 17 42
31 34 26 15 0 1 6 3 36 42 12 40
45 20 27 41 36 31 16 38 15 1 43 18
43 39 26 6 37 12 30 5 31 47 34 38
9 17 19 29 8 5 27 21 28 33 10 36
44 4 10 5 35 45 28 2 9 30 46 7
40 34 26 43 31 0 39 15 47 37 44 22
31 15 1 34 0 26 6 3 40 22 32 42


1 23 36 35 25 34 4 11 29 37 17 30
42 3 14 7 12 37 15 20 44 10 38 1
35 25 34 1 4 28 30 11 23 47 0 14
10 21 42 38 24 20 19 3 12 7 13 45
37 32 22 33 13 43 12 45 26 16 42 21
14 44 22 7 2 27 18 30 19 42 34 21
25 1 34 37 8 4 14 35 16 28 31 44
14 31 1 35 40 30 8 15 34 25 6 4
16 26 29 23 11 0 46 25 43 37 35 34
35 37 1 34 4 25 28 15 23 30 22 47
2 18 44 8 22 36 21 14 13 27 37 33
31 14 7 3 42 38 27 10 8 19 24 30
0 46 37 23 26 17 9 4 35 29 22 34
16 22 0 26 37 46 13 32 29 5 47 41
46 4 39 2 9 36 44 7 35 21 24 37
38 10 3 24 12 13 7 19 42 21 27 20
35 34 11 25 4 1 28 14 47 30 5 8
21 12 13 10 24 38 42 20 3 7 19 45
46 26 17 0 41 16 25 37 5 18 29 11
9 21 7 10 42 45 24 20 31 27 38 3
28 34 14 22 35 4 44 1 25 30 39 31
46 26 0 29 16 5 17 37 9 23 12 41
11 35 4 15 30 28 47 1 34 25 14 5
37 35 1 4 34 22 25 32 47 28 23 15
44 39 8 34 18 29 26 41 36 14 25 5
16 46 29 23 15 1 26 37 9 6 0 8
46 26 17 41 16 35 25 4 47 0 11 37
15 1 46 2 8 23 31 28 25 18 29 6
25 1 35 37 34 4 11 22 28 23 32 14
22 32 25 37 23 1 46 11 33 29 47 13
46 16 26 23 37 1 29 40 25 0 35 6
34 4 15 36 23 44 35 1 39 18 43 28
10 21 12 45 38 24 42 13 7 3 20 19
14 8 40 2 44 34 25 18 35 30 1 11
27 30 3 19 11 14 38 15 24 28 31 20
10 7 38 3 42 45 12 21 24 20 9 27
35 25 34 1 47 4 11 28 30 5 23 32
35 1 25 34 4 11 28 15 30 47 14 23
10 24 38 12 3 13 21 42 7 20 33 19
14 34 0 18 1 4 35 31 15 23 30 32
7 38 3 10 27 20 24 42 9 21 19 12
20 7 27 38 19 24 42 3 10 21 12 9
21 10 42 24 38 3 20 13 7 12 2 19
34 4 35 1 47 28 15 25 44 32 23 37
30 37 35 28 1 25 15 9 34 14 8 23
25 34 32 11 47 35 1 22 4 5 23 33
44 34 8 35 36 1 14 25 4 28 18 2
37 22 32 25 23 26 35 1 34 33 16 46


44 31 22 27 33 43 38 4 8 18 13 36
3 28 34 45 41 46 5 42 37 30 39 11
45 5 3 34 37 42 28 46 41 30 11 26
13 6 27 38 8 44 18 43 32 33 22 31
28 14 11 39 41 3 45 32 7 12 34 37
31 44 27 22 43 4 36 33 8 18 38 13
3 34 41 46 42 30 37 28 45 5 39 19
32 13 14 6 29 7 38 33 2 8 27 18
26 0 5 45 34 37 42 46 30 3 28 41
13 27 18 43 8 44 33 38 4 6 22 32
3 28 45 41 34 42 46 5 30 37 39 11
39 3 10 41 28 46 30 34 42 45 37 19
7 2 32 8 21 9 33 31 39 27 13 11
13 27 43 31 44 18 4 38 33 8 6 22
45 5 34 41 42 28 37 3 30 46 11 39
21 6 2 12 7 38 33 31 23 9 20 27
45 34 30 3 41 42 46 37 5 28 19 40
45 30 34 42 37 46 41 5 3 28 19 40
25 12 11 34 41 45 3 42 37 30 28 5
23 9 26 15 0 36 5 1 47 46 31 22
13 38 44 27 31 22 43 18 6 4 8 33
43 4 36 44 31 27 23 35 18 22 38 8
43 4 18 27 44 31 36 13 8 22 23 35
31 43 27 44 36 4 22 33 38 8 18 13
25 12 24 18 35 1 17 39 27 20 43 4
44 31 43 27 22 36 4 38 13 18 33 8
47 9 12 17 39 15 40 0 22 10 45 14
12 16 25 44 33 43 8 27 22 24 18 29
30 45 41 19 42 34 46 5 37 3 40 28
27 31 44 43 22 8 33 13 4 18 38 36
44 43 27 31 22 4 18 36 38 8 33 13
30 19 42 3 37 46 34 39 41 10 40 5
13 27 44 43 31 18 8 38 33 22 4 6
34 28 5 3 45 42 41 37 46 30 11 39
23 35 0 38 26 36 6 22 44 43 4 31
30 42 46 34 37 3 5 41 45 19 28 40
42 34 30 37 46 3 41 5 45 19 28 39
31 33 27 38 44 13 21 8 22 18 43 4
6 32 13 21 38 29 14 7 22 12 27 44
13 27 33 8 31 44 38 22 18 43 4 32
31 44 27 43 33 8 22 36 18 4 38 13
1 16 10 19 0 46 30 40 42 26 3 34
15 40 42 30 19 46 26 37 1 5 10 34
13 32 20 8 27 18 29 33 38 6 44 21
43 27 44 4 18 22 31 8 13 33 36 38
21 33 38 8 13 27 31 44 6 43 9 18
25 20 12 23 11 34 6 7 19 2 37 3
43 27 18 44 4 13 31 22 38 8 36 33


0 42 34 45 11 36 19 37 41 25 39 9
46 23 41 42 8 36 25 45 4 19 37 39
27 14 4 9 5 38 41 37 2 19 3 42
44 12 18 31 28 20 21 40 17 32 16 35
28 20 17 31 18 21 40 12 26 44 43 35
45 11 33 46 0 28 13 1 34 10 36 17
1 35 17 22 40 26 12 24 31 28 18 10
24 16 38 30 37 2 32 27 46 9 29 47
1 6 29 10 22 24 15 30 26 35 39 45
41 34 0 19 42 9 36 5 11 45 2 4
30 38 9 3 14 27 2 47 5 4 36 25
13 30 38 14 12 2 21 11 9 47 3 43
5 9 2 46 47 11 19 14 32 34 27 30
17 10 45 1 18 40 11 28 43 31 20 8
20 11 18 32 31 28 43 21 44 40 12 35
17 40 31 28 18 20 35 43 26 24 10 12
45 10 36 15 46 22 0 42 25 6 39 29
23 14 30 45 21 12 11 44 19 38 2 9
22 17 35 40 26 18 24 44 21 31 6 12
23 46 18 31 20 32 17 45 12 26 44 24
23 46 32 12 43 30 44 21 18 20 24 31
31 20 28 26 40 18 21 35 17 12 44 43
23 16 40 31 46 28 43 18 20 17 7 47
24 22 26 21 46 29 40 16 20 31 17 18
18 20 31 21 44 17 40 23 35 45 28 12
23 13 30 7 12 21 44 32 31 18 28 35
2 38 36 3 30 34 0 27 25 5 9 46
11 19 37 25 5 9 8 32 34 42 4 41
11 43 20 28 10 31 18 32 19 40 17 45
44 30 12 21 16 18 31 20 28 14 26 40
23 14 13 38 30 45 15 25 3 2 39 11
17 18 31 44 20 28 12 40 21 35 26 43
17 26 28 20 18 31 35 40 21 12 44 24
46 38 32 7 47 27 16 43 24 9 12 23
46 33 3 47 30 36 1 23 4 14 25 9
38 27 30 2 9 14 37 5 25 32 34 29
29 45 34 10 36 40 35 1 22 0 6 17
26 28 31 40 35 20 21 18 17 12 44 24
9 41 36 4 5 0 42 34 27 25 19 2
43 28 20 31 17 18 40 45 11 10 32 26
26 17 21 35 40 12 44 18 30 31 20 28
30 32 14 44 5 27 12 38 9 16 46 2
22 26 17 24 6 35 40 18 1 44 21 29
46 3 36 25 34 0 47 2 33 4 9 42
16 7 13 47 23 32 21 38 14 18 44 26
16 7 38 14 13 30 26 47 2 27 8 1
32 8 38 14 16 12 37 44 25 47 9 27
46 5 41 9 19 33 32 4 0 29 36 47


43 6 23 10 0 18 40 37 27 33 39 31
12 13 3 22 5 17 38 35 11 34 45 25
14 23 37 7 44 2 43 33 0 18 40 29
31 27 43 10 6 39 40 18 0 23 37 33
23 37 14 43 0 33 18 6 40 39 10 27
23 37 10 0 40 43 33 39 6 18 2 27
38 17 5 22 35 3 45 13 32 11 12 34
47 3 5 13 24 12 35 34 22 17 11 1
10 2 37 43 40 23 6 0 39 31 27 15
13 12 5 22 35 3 17 38 34 11 25 32
43 6 10 0 18 23 33 39 27 40 37 31
1 34 47 13 5 12 25 24 35 3 22 8
5 12 3 35 38 25 22 34 13 17 32 45
43 23 6 0 10 18 37 40 33 39 27 31
13 22 5 17 12 38 3 35 34 11 25 32
5 13 17 12 26 22 1 3 34 11 38 35
43 39 6 27 23 37 18 0 10 33 40 31
47 35 34 1 12 5 3 13 24 25 31 22
2 23 43 0 40 37 6 10 15 18 33 27
5 3 13 12 17 22 38 35 11 34 45 32
40 10 0 23 43 6 37 2 33 18 39 27
22 17 38 5 13 11 3 32 12 45 35 34
43 39 33 41 18 6 27 10 23 0 37 20
31 39 10 27 8 40 2 37 6 1 43 0
37 23 43 10 39 0 40 6 27 33 18 2
31 2 24 15 9 1 40 10 35 5 27 12
13 1 25 34 12 22 47 26 17 11 5 35
14 15 16 45 2 44 37 28 30 11 46 4
2 15 40 37 10 23 43 0 31 27 39 6
37 23 0 33 40 4 39 43 18 10 6 14
31 2 15 27 10 37 40 39 43 7 23 24
33 18 6 43 0 23 10 40 37 41 39 14
5 13 12 3 22 17 34 38 35 1 25 47
10 43 27 31 6 0 39 23 40 37 18 33
35 34 5 12 13 3 22 47 17 38 1 9
2 31 27 39 10 15 43 37 7 40 24 23
7 44 36 32 14 30 26 46 38 25 20 29
15 2 24 37 40 27 39 31 10 23 43 7
26 32 1 20 25 34 36 38 22 7 13 17
23 37 0 33 18 43 6 40 10 39 27 14
9 22 12 28 32 13 34 35 3 17 26 5
31 27 1 39 10 41 8 43 20 6 2 37
10 23 43 0 37 6 40 39 18 33 27 41
22 17 13 38 32 5 11 12 34 35 26 45
31 10 41 39 27 40 8 2 43 6 0 18
31 2 40 6 10 43 0 23 15 37 18 39
38 17 22 3 45 12 11 13 32 5 35 46
10 33 18 43 6 0 41 39 23 27 40 37


29 7 2 28 4 17 43 16 25 18 44 11
23 19 15 36 8 1 31 30 32 26 24 5
16 24 19 21 36 4 34 33 15 37 26 8
21 19 36 15 34 33 37 24 25 8 30 14
20 41 43 11 39 47 10 5 29 45 22 18
37 36 33 19 15 21 23 16 26 46 12 30
13 23 0 16 46 27 35 36 19 26 33 9
25 21 42 22 4 12 34 30 14 5 37 33
0 9 40 47 46 38 18 13 32 23 10 27
43 41 47 11 20 39 18 10 27 29 40 45
33 15 37 36 26 19 21 30 14 16 1 12
41 11 43 20 47 39 29 10 18 44 45 5
31 15 33 36 19 37 26 16 8 23 30 24
43 20 11 41 39 47 44 10 5 18 45 27
37 33 15 36 19 21 16 26 30 14 34 24
43 41 18 47 39 40 27 11 20 29 10 9
23 28 2 32 36 13 19 8 15 16 24 3
26 37 13 36 33 15 21 30 19 8 1 4
5 31 23 32 7 19 44 27 28 24 34 1
31 23 19 16 15 36 33 24 34 14 37 38
47 43 27 39 18 11 20 45 10 41 29 38
23 32 13 27 19 31 36 15 24 26 8 16
18 47 43 27 41 40 0 9 39 32 20 11
33 36 19 37 26 4 15 21 16 24 30 8
47 41 11 43 18 40 0 9 20 10 45 39
43 18 47 39 27 41 9 11 0 20 29 10
33 26 37 36 15 21 4 19 30 14 8 13
47 43 41 18 11 39 20 10 27 29 40 45
15 23 30 36 19 6 16 33 37 4 31 46
32 27 23 44 31 10 38 18 45 39 47 13
33 15 37 36 19 26 16 21 30 23 13 14
43 41 5 11 20 39 18 47 29 40 10 27
24 4 38 17 19 23 16 31 33 36 15 30
42 38 12 11 22 25 44 45 10 47 20 34
43 39 20 41 11 47 18 29 5 27 10 45
5 41 44 43 20 11 39 10 40 25 18 29
47 18 43 0 41 9 40 39 11 27 29 20
47 27 18 43 39 38 11 10 32 45 0 29
16 21 34 14 33 24 15 19 31 42 12 36
43 41 47 20 39 11 18 27 10 29 44 45
38 31 12 47 0 22 46 11 35 9 45 42
47 11 43 20 10 45 38 39 18 41 44 27
23 44 32 8 1 19 36 15 27 10 17 2
22 12 21 34 16 37 42 46 14 33 15 36
43 41 39 20 18 47 11 27 45 29 9 10
36 15 19 37 14 33 30 23 31 17 24 16
19 36 15 33 37 21 16 34 30 14 24 23
44 5 25 34 14 19 1 31 15 10 7 8


21 46 39 0 16 27 30 45 31 24 12 4
28 4 1 21 39 27 43 0 37 44 13 29
39 29 4 21 28 32 0 40 14 44 47 37
31 5 12 26 18 9 34 35 33 22 45 42
13 6 27 33 12 11 21 31 19 38 0 5
7 17 43 8 11 2 14 29 40 28 33 21
43 6 20 0 13 8 1 11 14 12 5 3
39 4 21 29 37 0 46 32 43 14 25 16
28 1 4 39 44 27 0 37 21 10 40 43
26 18 42 12 35 45 34 9 31 5 41 22
30 2 24 16 47 22 45 19 41 34 9 42
21 13 28 36 39 0 37 32 11 43 44 1
11 23 37 36 5 31 32 38 43 3 27 1
21 39 46 32 0 36 16 40 37 44 14 29
3 20 15 42 26 47 22 34 9 24 45 41
39 21 46 16 29 4 0 30 24 40 36 32
44 28 0 39 21 32 14 13 40 36 37 19
28 21 13 1 43 0 27 39 32 37 4 36
23 1 4 44 47 28 32 37 7 27 43 24
43 13 11 1 28 27 21 37 0 32 36 38
12 13 18 27 26 31 35 42 30 5 21 45
15 3 35 43 26 6 42 1 18 7 47 20
28 43 1 37 4 21 36 32 27 13 0 44
47 29 15 3 44 28 40 6 1 32 4 14
28 39 4 32 21 29 0 37 43 14 36 1
26 42 15 45 18 34 41 22 35 29 3 9
29 4 39 44 47 40 28 14 32 37 21 15
28 1 44 32 36 13 43 37 11 21 27 7
31 26 12 18 45 34 9 35 22 5 41 42
12 31 5 35 9 27 34 18 26 42 38 33
13 12 6 18 31 33 27 21 34 35 9 41
6 15 3 11 1 43 7 38 47 44 13 28
26 45 42 34 22 24 29 18 41 15 35 9
28 1 13 27 43 44 21 32 11 36 0 37
21 39 4 28 32 29 0 37 14 44 36 40
31 5 12 35 9 18 26 34 42 41 23 11
24 29 45 42 47 23 46 26 22 20 4 2
44 28 32 36 47 40 1 13 29 14 19 39
15 3 20 47 34 22 42 9 26 41 24 45
31 18 5 45 26 23 9 41 42 12 34 30
27 13 6 1 28 0 12 38 43 10 25 44
31 9 18 34 12 5 26 33 41 22 45 35
28 13 1 44 27 40 43 36 0 11 21 8
28 37 21 1 32 43 4 13 39 0 36 44
26 9 34 18 22 45 42 31 12 5 41 35
28 39 4 44 32 21 29 1 0 37 40 14
30 42 2 29 7 15 47 26 3 22 24 45
9 34 31 26 18 22 5 41 12 42 45 33


21 44 36 47 27 18 13 20 5 10 15 43
5 10 34 29 41 12 45 3 20 25 38 28
22 24 32 0 7 31 11 19 9 14 26 35
12 10 20 45 34 29 41 3 5 25 1 28
22 24 32 0 31 7 11 19 9 14 35 27
10 29 12 5 41 34 45 38 20 3 25 28
15 40 27 46 37 9 47 19 13 28 17 6
12 29 5 34 38 16 10 45 25 41 20 1
45 12 34 10 1 20 3 29 25 41 28 5
20 34 3 45 5 10 25 12 29 41 38 28
5 41 43 10 34 38 29 3 28 25 12 4
41 10 37 43 28 3 12 34 5 20 1 4
10 5 34 29 12 20 25 45 41 38 3 28
2 40 47 30 16 45 5 34 25 7 35 8
0 24 22 32 11 31 7 9 14 19 27 36
12 45 29 1 10 34 16 20 38 5 41 3
12 34 5 10 29 45 20 41 38 3 25 28
10 12 41 29 45 34 5 1 3 25 38 20
0 22 24 32 11 31 7 9 19 14 27 36
22 24 0 32 7 11 31 9 19 15 14 17
22 24 32 31 7 0 11 19 14 9 35 26
24 22 0 32 11 31 7 9 19 14 27 36
5 25 10 29 41 3 28 34 20 45 12 13
45 12 10 29 34 41 5 3 20 25 38 1
22 24 32 0 31 7 11 9 19 14 27 36
10 41 5 3 29 34 20 12 25 45 38 28
41 5 29 10 38 34 43 12 4 45 3 28
38 5 34 10 29 41 4 43 12 45 25 28
33 15 13 25 20 35 19 45 18 3 28 16
22 24 32 0 7 31 11 9 19 14 27 35
24 22 0 32 11 7 31 9 19 14 27 36
22 24 32 0 7 11 31 9 19 14 27 17
17 2 46 14 23 5 43 12 41 8 29 10
8 14 16 1 42 35 37 33 18 45 43 11
22 0 24 32 31 11 7 9 19 14 27 36
22 24 32 0 31 7 11 19 9 14 26 35
29 5 38 12 13 41 34 10 25 16 45 28
10 38 5 29 41 12 34 25 3 45 20 43
22 32 0 24 11 7 31 9 19 14 44 17
11 24 32 0 14 7 31 22 46 9 27 44
13 25 3 16 12 10 20 34 5 29 45 28
41 43 5 29 4 37 38 10 34 12 28 1
22 0 24 32 31 11 7 19 9 14 27 17
24 22 0 32 11 31 7 9 14 19 27 36
10 20 25 29 38 5 12 34 45 3 41 13
5 34 12 38 29 16 25 45 10 20 41 13
44 25 23 13 4 3 20 18 12 5 45 41
24 22 32 31 19 0 7 11 9 14 26 17


23 17 0 27 45 2 18 19 37 28 39 32
45 2 36 37 43 28 0 27 14 39 19 16
10 22 44 21 47 6 3 31 13 8 5 41
10 47 22 3 15 44 13 5 7 41 43 24
17 19 0 24 23 32 2 39 45 27 37 7
18 2 0 45 28 37 27 25 12 17 19 41
0 17 2 23 45 37 27 19 20 24 18 39
31 15 8 22 6 44 40 35 5 13 21 32
6 31 47 8 33 12 21 3 44 35 46 22
17 0 37 20 45 27 19 23 39 18 2 30
20 17 0 37 19 45 27 24 23 28 39 18
0 17 37 45 19 27 23 20 39 28 2 24
45 37 0 27 17 2 28 39 20 19 23 24
17 0 45 37 27 23 19 2 28 39 20 18
0 17 45 37 27 23 19 20 28 39 2 18
22 44 21 10 6 47 9 31 3 5 13 8
9 47 10 22 35 16 4 21 13 30 3 44
15 21 40 6 23 9 31 35 34 44 26 19
0 17 37 45 27 23 20 19 39 28 2 18
37 45 0 27 17 20 39 2 28 19 23 18
17 19 0 45 37 2 23 27 24 28 39 20
29 26 12 18 36 13 4 27 19 0 37 38
0 17 23 45 19 37 27 20 28 39 2 24
0 37 45 27 17 28 20 23 19 2 39 18
36 5 40 18 4 33 35 44 10 12 15 22
17 0 45 37 27 20 19 28 23 39 24 2
41 10 47 22 12 9 30 44 3 6 29 46
37 20 0 45 27 28 12 36 7 39 2 11
46 10 41 25 22 47 21 12 44 6 5 3
9 29 1 3 34 40 47 21 15 18 6 44
47 22 21 10 13 44 8 6 9 3 16 34
44 47 22 6 10 21 41 46 31 3 13 35
0 23 37 17 19 45 39 20 27 28 2 24
0 17 23 37 45 27 19 39 2 20 18 28
28 37 41 4 42 3 7 24 45 30 9 27
23 17 19 32 15 2 13 33 34 26 24 35
37 17 0 39 20 45 24 19 28 23 2 27
10 22 21 44 47 3 6 13 8 9 41 46
20 7 39 24 23 19 0 37 17 28 25 45
10 21 44 47 22 3 6 9 16 34 46 13
0 17 45 2 23 37 27 28 19 39 20 7
44 21 6 40 31 10 5 47 3 15 22 35
37 45 0 27 39 2 38 18 28 36 25 17
17 23 0 19 45 27 2 39 37 20 28 24
44 10 21 22 31 6 5 3 41 47 15 46
19 17 23 0 45 28 27 37 20 18 39 32
20 26 38 12 3 11 19 46 29 37 32 30
10 47 41 46 22 34 44 12 21 3 25 30


41 3 27 8 21 10 5 47 43 17 1 30
42 8 10 3 41 5 39 27 13 47 38 45
27 3 21 8 43 41 47 5 37 24 28 26
23 9 36 13 22 7 39 34 16 11 12 40
38 17 15 42 9 39 45 11 33 22 40 31
27 3 21 41 8 43 5 4 47 37 28 0
21 38 4 44 41 26 29 6 3 1 8 37
9 36 23 34 39 16 12 13 33 22 7 11
35 15 28 37 20 18 12 33 24 29 2 0
24 35 38 30 40 20 25 15 2 26 19 11
5 37 0 25 21 3 27 10 43 47 1 8
27 3 21 8 43 41 5 47 10 37 25 0
27 3 21 43 8 28 41 5 37 47 25 0
27 47 3 28 25 10 43 24 8 21 5 0
27 3 21 43 41 8 28 47 37 5 24 0
20 9 23 45 11 34 7 13 39 40 36 16
9 36 23 39 12 34 13 7 16 17 11 45
36 9 23 31 13 7 39 12 34 11 33 32
47 25 3 27 28 43 5 21 37 0 8 24
5 10 3 8 21 41 43 27 47 1 4 29
21 27 3 41 8 4 5 43 28 38 46 1
3 27 21 8 41 43 5 4 47 28 37 24
21 8 15 1 43 27 44 28 29 42 26 40
11 12 13 23 39 7 36 34 9 6 40 33
40 38 33 32 37 34 45 43 46 23 19 44
9 36 16 23 39 34 22 14 11 7 13 33
27 3 21 43 8 47 41 5 37 28 0 25
16 14 22 4 9 36 0 37 21 30 3 18
9 36 23 39 34 11 7 22 12 33 16 13
27 3 41 10 8 43 47 21 5 24 25 0
9 36 16 22 23 13 39 34 12 14 11 7
3 27 21 4 41 35 37 5 8 43 20 29
27 3 8 21 47 43 41 5 28 25 10 37
9 36 39 23 34 16 13 22 7 11 12 33
9 14 23 16 22 36 34 33 4 39 44 11
21 27 43 3 41 8 0 25 5 37 28 24
9 36 12 16 23 34 13 39 22 33 7 32
3 21 27 8 41 43 4 5 47 28 1 24
11 39 34 38 7 2 23 9 13 36 45 42
3 41 10 8 27 21 5 47 30 1 43 17
22 9 23 32 13 12 36 39 34 24 42 16
27 8 3 21 47 43 41 5 25 37 0 28
23 9 40 39 14 36 11 16 22 38 13 34
13 10 36 9 23 6 47 7 12 34 16 39
9 16 34 35 39 45 42 12 14 23 36 11
27 3 21 8 43 5 41 47 10 0 28 25
9 36 23 16 34 13 39 22 12 33 40 11
3 27 21 41 8 43 5 4 47 37 24 28


4 22 6 24 16 23 28 17 30 7 37 15
2 5 20 3 28 6 22 26 17 1 44 16
22 24 4 6 28 23 16 17 7 37 30 15
24 37 46 6 28 4 22 7 30 16 23 17
36 19 3 35 14 8 45 18 38 46 27 33
35 14 39 36 3 47 19 8 18 38 25 32
6 24 4 23 16 7 22 28 30 17 43 15
2 19 40 5 11 27 10 30 6 7 45 14
6 4 24 23 16 22 7 28 17 43 15 30
5 6 16 23 17 22 4 7 2 24 43 28
35 14 39 3 36 8 47 20 45 19 18 25
36 35 14 3 39 18 19 45 8 38 47 44
6 4 24 23 7 16 17 22 28 43 5 2
35 14 8 36 19 3 39 47 18 32 38 20
18 38 8 36 27 1 14 3 20 39 32 35
35 14 36 19 8 3 39 20 47 18 32 38
39 25 35 14 47 3 20 8 45 36 5 26
35 14 36 39 3 8 19 47 18 32 38 45
6 4 24 7 23 16 28 17 43 22 30 2
6 4 23 24 7 16 17 28 22 43 15 30
35 14 39 36 3 8 19 47 18 38 32 45
24 6 4 22 28 23 16 17 43 15 7 30
6 4 24 7 16 23 28 17 22 43 15 2
6 27 30 4 7 16 23 24 46 15 2 43
35 14 39 36 3 38 19 47 8 25 32 18
36 8 14 35 19 3 47 39 27 38 32 18
22 25 39 38 47 35 45 41 14 10 13 20
35 14 39 36 3 47 8 19 18 25 45 38
6 24 4 7 27 30 16 46 23 37 43 15
39 35 47 14 25 36 3 8 18 20 45 10
19 10 43 33 29 5 35 30 32 16 0 46
6 4 24 23 28 7 16 17 22 43 5 15
6 4 7 23 24 16 17 2 5 30 27 15
6 4 16 24 7 23 28 2 15 43 30 5
28 2 11 16 7 30 31 23 22 33 6 1
8 35 14 3 20 39 26 18 19 12 10 38
19 42 32 1 43 31 22 37 20 7 46 24
22 4 6 28 16 23 17 24 5 44 7 15
14 35 38 8 36 37 20 47 3 32 39 40
6 4 22 24 23 17 16 28 7 43 5 15
20 30 7 23 27 38 24 37 31 22 16 6
2 5 40 8 17 41 12 44 6 39 43 34
35 39 14 36 8 3 47 19 45 18 25 32
22 28 6 17 4 16 24 23 21 2 5 37
6 22 4 24 28 17 23 16 7 5 43 2
22 6 16 4 24 28 17 7 23 43 5 15
24 6 4 28 23 16 7 17 22 30 43 46
24 6 4 23 16 7 28 30 46 43 22 27


2 4 31 0 3 5 39 28 25 1 9 29
33 39 18 9 5 25 4 36 3 16 28 8
28 33 8 22 25 24 6 4 5 0 9 31
42 14 47 41 23 44 20 19 33 10 27 11
29 39 4 0 5 28 25 30 31 3 9 7
3 39 4 31 25 28 0 5 9 2 12 30
42 44 11 14 33 23 27 47 41 24 45 16
47 42 41 14 23 33 44 19 20 27 10 11
42 41 47 14 23 44 19 20 33 13 27 11
47 14 42 41 24 44 27 19 33 23 15 32
14 35 47 42 27 19 15 41 11 45 44 37
33 29 6 30 47 23 10 41 9 24 31 46
42 47 41 14 23 19 44 20 27 29 13 10
42 47 41 14 44 23 33 19 20 27 24 10
4 3 2 25 31 5 39 28 0 1 9 26
31 5 39 4 0 28 25 3 9 12 8 46
42 44 14 47 23 41 19 20 11 10 33 13
42 41 14 47 23 19 44 20 27 35 11 13
4 5 25 39 31 3 0 28 2 9 1 12
29 30 34 2 19 12 23 37 11 0 26 1
42 14 47 41 23 44 19 20 27 10 33 11
41 47 42 23 14 33 19 44 20 10 27 11
42 14 47 41 44 23 19 20 27 10 33 35
0 3 39 4 31 2 28 25 5 1 46 12
39 0 31 5 25 28 4 3 33 30 12 9
4 31 3 39 5 0 25 28 2 9 1 30
33 5 39 0 31 25 36 45 28 17 3 4
4 5 39 25 3 31 28 0 2 9 1 12
39 25 5 31 3 0 4 7 34 2 10 26
29 41 42 47 23 19 14 7 30 20 13 10
31 4 5 39 25 0 28 3 2 1 9 38
14 42 47 41 23 44 20 27 19 35 10 33
24 7 16 6 9 11 19 47 25 5 18 4
41 47 42 23 14 33 19 20 44 29 10 27
25 4 5 3 31 39 0 28 2 9 1 12
4 31 5 39 25 0 3 28 2 9 1 12
42 47 41 14 44 23 20 19 33 27 24 16
41 47 20 42 14 32 23 19 33 7 26 16
42 41 47 14 23 44 19 20 33 27 10 11
4 3 5 25 31 2 0 39 28 1 9 46
3 31 4 45 28 5 39 25 0 1 36 2
39 4 28 31 5 0 3 25 9 12 2 1
41 47 23 42 14 19 11 10 24 13 33 44
42 14 41 23 47 19 44 29 20 24 13 27
41 42 47 14 23 19 33 20 44 27 11 10
25 5 39 4 31 3 28 0 2 38 18 46
42 23 14 44 47 41 33 19 20 17 36 6
42 14 44 47 41 23 20 19 27 11 10 13


27 22 19 13 46 4 37 8 41 26 44 36
11 0 29 35 17 7 33 32 40 23 3 31
35 29 11 0 40 32 17 23 1 30 24 3
35 11 0 40 29 32 17 23 30 33 24 1
0 11 35 17 29 23 33 32 30 40 7 34
35 11 0 40 29 32 17 33 30 23 3 1
35 11 0 29 40 32 17 30 33 23 24 1
11 0 35 29 40 32 17 30 33 23 24 1
23 12 7 4 43 27 6 1 3 8 28 26
47 41 13 36 28 37 8 46 4 21 42 22
19 26 4 13 46 37 22 27 41 8 44 38
35 30 0 11 17 32 40 29 33 1 23 39
35 0 40 29 11 32 17 30 33 23 1 7
4 41 36 37 19 13 46 22 8 44 18 28
26 19 13 37 46 4 22 41 44 28 8 42
17 34 30 0 11 32 35 29 33 40 9 10
35 32 40 29 0 11 17 25 1 34 30 24
11 0 35 29 40 17 32 33 30 7 3 1
35 11 0 40 29 32 17 30 33 23 1 24
35 30 29 1 23 40 0 11 32 21 34 47
4 13 8 19 46 26 22 37 44 36 41 42
4 13 22 19 37 46 8 36 42 41 27 26
16 25 20 7 3 6 1 32 23 28 18 30
11 0 35 29 17 32 40 30 33 23 7 3
35 29 32 0 40 11 17 30 34 23 1 33
11 35 0 40 29 17 32 33 30 23 2 3
46 13 19 8 42 41 4 22 36 44 38 37
38 21 39 44 33 12 10 17 15 2 32 42
46 13 19 4 8 36 22 42 41 37 26 44
35 11 29 40 0 32 17 1 30 23 24 3
11 0 35 17 29 33 40 32 23 30 3 24
13 46 4 19 8 22 36 37 41 42 26 27
9 28 20 14 45 42 36 27 46 22 4 26
46 13 19 4 8 22 42 26 37 36 44 41
35 29 11 0 40 32 17 30 23 33 1 24
46 13 4 8 19 36 42 22 44 41 37 27
35 11 29 40 0 30 32 17 1 33 39 23
34 47 16 45 39 15 25 12 19 2 35 26
46 13 19 4 8 36 42 22 44 27 26 37
17 23 0 11 32 14 3 30 43 35 34 33
35 17 11 23 0 29 40 16 31 9 20 33
26 19 46 4 13 38 8 22 18 27 37 42
13 4 22 44 46 19 8 36 41 37 42 38
43 20 2 12 42 47 36 21 5 38 23 25
11 35 0 29 40 32 17 30 33 23 7 24
19 4 46 22 44 13 37 41 8 27 42 36
11 35 0 40 29 32 17 33 30 1 3 7
13 46 4 19 8 36 22 44 42 41 37 27


44 17 43 13 14 21 39 38 40 31 46 2
30 35 15 33 22 25 7 41 47 1 45 28
35 15 30 33 22 25 7 1 45 28 47 41
11 47 16 38 19 17 0 10 14 18 22 1
15 35 30 33 25 22 23 28 10 47 45 1
33 25 41 30 26 7 46 4 0 35 28 15
12 35 28 10 22 15 11 25 23 45 20 4
21 17 43 44 14 39 13 38 40 31 46 16
29 10 25 23 22 20 35 42 47 34 1 6
46 13 39 43 40 21 14 41 17 44 18 9
15 35 30 33 25 22 45 28 47 1 23 10
35 15 30 33 22 25 28 45 47 1 23 10
15 30 35 33 25 22 47 28 45 7 1 23
35 15 22 30 33 25 45 23 28 10 41 7
15 35 30 33 22 25 7 45 41 1 28 47
35 15 30 33 22 25 7 45 1 41 47 23
7 1 25 19 30 8 20 26 0 35 15 39
35 15 22 23 30 25 33 45 10 28 1 34
44 46 43 13 14 17 21 40 39 29 2 37
7 46 41 13 30 47 33 3 14 44 26 9
35 15 30 33 22 25 23 45 7 28 41 47
47 39 25 10 35 9 20 15 26 45 30 1
46 17 43 14 44 13 37 40 41 2 31 16
35 15 30 33 22 25 23 47 1 45 7 28
35 15 30 33 22 25 7 41 23 47 1 45
35 15 30 33 22 25 47 23 28 45 1 7
21 46 13 44 14 43 4 9 24 39 18 40
17 44 43 13 21 14 40 39 31 38 46 16
35 15 30 33 22 25 45 28 7 23 1 47
35 15 30 33 22 25 47 45 28 1 10 41
12 17 16 31 43 34 37 38 44 42 40 11
44 13 46 43 17 14 31 21 9 32 2 37
17 44 13 14 43 21 31 39 46 40 38 16
46 13 44 14 17 2 43 21 8 39 9 32
46 18 21 14 39 13 44 43 9 47 32 26
40 28 44 21 1 18 46 14 3 43 2 10
35 15 30 33 22 25 28 1 47 45 23 7
35 15 30 33 22 25 28 23 45 1 47 10
21 44 14 43 17 13 39 38 40 46 31 32
17 44 43 13 21 14 46 31 38 40 16 39
35 15 30 22 33 25 45 7 23 41 10 1
35 15 30 33 22 25 7 45 23 41 1 28
7 33 41 30 35 15 22 45 46 1 2 25
35 15 30 33 22 25 28 45 7 1 47 23
12 22 45 35 42 10 5 11 34 15 23 37
30 15 35 33 22 25 7 41 1 45 47 28
13 21 46 14 39 44 43 17 2 40 9 38
21 46 14 44 26 39 13 20 29 40 43 38


15 25 21 35 47 0 28 17 19 6 26 7
37 18 9 23 40 27 14 36 33 12 42 8
0 34 28 25 44 15 38 10 35 21 17 30
24 35 15 32 21 17 47 25 13 26 38 5
9 40 43 18 23 5 42 12 27 14 33 1
9 23 40 18 37 27 14 12 33 42 5 1
15 35 25 21 47 17 28 1 24 19 6 11
37 9 23 18 27 40 14 33 12 42 32 5
40 18 37 23 9 14 27 8 12 33 5 42
37 23 9 18 40 27 33 14 12 38 42 20
25 15 21 35 0 47 17 16 28 6 30 24
15 25 21 35 47 17 0 24 6 26 28 7
37 9 18 23 27 14 40 33 12 42 32 5
35 25 26 17 15 46 24 21 32 6 11 34
25 35 15 21 0 47 17 7 19 29 30 6
17 35 41 24 25 21 47 15 46 26 10 34
21 25 15 28 0 11 8 47 2 19 35 31
40 23 27 37 32 9 18 1 12 33 5 14
9 40 23 37 18 14 12 33 42 27 36 5
15 21 25 35 47 28 0 19 26 6 7 11
18 27 1 9 37 23 33 43 40 14 11 42
9 37 18 27 23 40 14 12 33 42 32 5
15 25 21 35 0 47 28 19 26 17 6 7
9 23 37 18 40 27 14 12 33 42 5 32
15 21 25 35 0 47 19 7 17 26 28 30
37 18 9 23 27 14 40 33 42 12 5 8
0 29 3 46 32 4 38 6 14 30 39 16
34 18 9 42 38 4 46 37 13 7 12 24
37 23 18 9 27 40 14 33 42 8 12 5
37 9 12 27 23 14 18 32 40 42 1 46
21 15 28 25 17 35 11 47 26 6 34 0
0 18 6 30 44 41 42 46 20 14 15 32
15 21 35 25 47 0 7 28 10 17 30 26
40 28 19 39 23 10 27 42 18 34 44 9
43 0 25 28 7 29 15 19 21 42 30 5
16 28 11 33 9 43 0 25 1 10 21 15
17 10 7 39 46 15 14 34 35 45 5 1
15 21 0 25 47 35 19 31 7 30 26 6
15 21 25 35 47 19 0 7 26 16 28 6
25 15 35 21 47 17 0 24 28 26 6 7
15 21 25 0 35 47 19 6 26 30 7 10
15 21 25 35 47 0 28 19 17 26 6 7
15 21 25 35 47 0 7 17 6 19 28 10
15 35 25 21 47 0 29 24 17 7 20 26
15 21 25 35 0 47 28 7 19 17 6 26
15 21 25 35 19 0 47 10 3 30 6 16
15 25 21 35 47 0 17 26 28 19 6 7
15 21 25 28 35 47 0 17 26 7 11 24


3 37 16 43 12 13 46 35 40 25 27 6
41 30 28 17 47 29 15 10 33 14 1 13
34 18 5 35 43 13 36 21 15 19 12 41
7 24 38 34 18 11 9 5 22 27 10 0
19 32 37 6 45 25 43 47 21 42 4 13
18 23 31 45 34 27 33 38 37 20 26 43
16 40 43 12 46 6 42 20 13 1 21 31
16 43 40 12 6 42 46 20 3 13 21 1
39 24 7 18 34 9 45 28 10 38 27 33
43 42 12 3 40 16 26 6 46 20 8 1
16 43 12 40 6 1 46 42 13 35 37 20
7 38 24 18 44 10 9 11 34 27 0 39
16 40 43 6 12 42 46 20 3 21 13 1
7 18 39 34 24 38 9 32 44 11 22 23
7 24 38 18 9 11 34 39 5 2 10 0
7 45 29 24 38 18 4 34 9 22 32 44
10 41 3 5 26 40 18 20 38 11 44 42
43 40 16 12 6 42 46 20 13 1 3 35
7 18 24 38 10 29 39 11 5 26 14 9
7 24 34 18 38 9 11 10 29 39 44 22
38 5 6 24 33 41 39 3 4 28 22 29
29 38 27 11 10 2 0 26 33 5 13 9
39 19 28 17 36 23 11 13 32 10 18 9
7 18 24 38 11 5 34 0 9 29 22 10
7 24 18 38 34 9 11 10 5 39 22 27
16 43 13 40 36 6 12 31 1 37 20 21
7 24 9 38 11 34 10 18 39 44 5 27
7 24 5 18 34 38 9 11 27 22 32 39
43 40 12 20 3 16 42 6 46 13 37 1
16 40 6 43 12 42 20 46 3 21 13 1
40 42 28 3 12 27 41 43 45 16 44 6
6 46 43 40 42 3 12 20 26 21 8 35
27 2 34 13 11 24 20 16 44 9 40 0
42 40 16 12 6 20 43 13 3 1 17 8
42 12 3 40 43 20 16 8 13 37 35 6
26 42 41 31 45 3 14 30 6 12 43 20
24 7 11 34 9 18 38 10 27 2 5 39
34 24 7 9 11 27 5 18 47 32 36 22
35 47 23 30 38 3 33 32 14 7 31 43
5 9 24 27 34 2 22 11 18 38 17 13
35 16 43 40 12 19 3 20 8 37 36 13
43 16 40 12 6 42 46 20 3 13 35 21
14 10 24 39 22 7 2 11 41 25 38 33
11 7 10 15 44 24 34 29 18 32 22 38
7 11 24 34 5 38 29 18 44 27 9 39
43 42 12 35 46 16 40 6 31 13 37 14
34 7 24 9 18 38 11 47 22 27 5 44
34 24 7 18 39 9 22 11 32 44 0 10


22 12 18 15 44 10 21 11 4 9 35 27
23 33 13 39 9 3 0 21 30 17 20 37
32 47 7 24 42 38 5 16 20 34 8 40
32 7 5 42 24 38 34 41 8 16 47 44
7 32 5 38 24 42 2 20 16 34 47 26
43 10 37 22 5 2 14 39 8 34 11 47
0 9 40 23 30 13 4 45 33 20 31 39
38 24 16 20 32 34 17 11 44 42 47 3
18 13 1 9 40 6 0 23 4 45 28 30
22 15 44 12 11 21 4 35 25 6 10 17
44 17 32 34 21 11 37 38 25 0 33 13
22 35 12 27 7 8 5 19 15 21 43 11
7 5 35 8 2 22 36 12 32 27 31 18
24 32 38 42 16 47 20 7 41 5 40 0
47 40 38 34 14 32 45 16 39 20 24 23
40 33 38 45 20 28 24 16 44 25 42 32
44 13 21 17 22 15 11 12 35 4 25 30
38 20 45 24 32 0 40 42 47 16 34 41
38 20 24 45 16 0 40 32 47 34 23 46
23 30 10 4 43 22 33 0 13 40 26 45
22 2 7 27 12 21 36 15 19 26 31 8
24 38 40 20 0 32 16 47 45 41 33 9
28 16 38 24 42 29 26 33 20 30 1 37
1 18 28 7 5 35 36 22 43 6 15 32
21 47 33 0 13 40 10 20 23 16 39 38
24 32 38 20 42 47 16 33 40 0 41 34
1 9 45 40 28 18 20 14 43 30 29 38
15 22 25 26 6 1 11 46 18 9 39 23
22 2 46 27 36 23 12 29 26 19 15 4
32 5 7 8 44 17 35 11 10 25 28 34
22 12 15 35 27 6 19 21 28 25 4 2
32 38 47 10 11 20 24 17 8 0 44 37
23 9 39 40 20 33 0 30 13 45 6 26
22 11 19 15 26 6 21 12 14 44 36 10
2 7 27 22 46 5 19 6 31 1 12 35
33 42 21 41 40 47 10 32 20 13 37 12
25 44 21 13 11 10 33 17 12 4 0 41
38 20 41 24 47 0 16 32 42 33 23 37
38 24 20 32 1 45 16 40 0 28 42 34
38 32 20 24 16 42 34 47 0 37 41 3
23 0 46 30 39 29 13 9 40 4 2 26
0 40 45 30 38 13 33 20 16 28 23 25
20 24 38 42 32 47 16 40 0 33 41 18
23 38 46 20 24 16 0 42 47 3 40 36
42 33 40 32 24 38 47 20 0 41 7 46
44 11 25 35 42 43 32 7 5 17 21 33
21 23 0 39 30 4 33 47 3 26 16 13
38 32 24 20 16 42 34 47 0 17 40 26


40 38 39 14 10 9 13 15 5 32 44 29
45 33 8 2 41 23 11 19 21 6 16 7
39 10 40 38 14 9 13 15 5 32 44 22
40 38 39 14 10 9 13 15 5 32 44 29
33 2 45 23 8 41 19 11 21 6 16 7
39 38 40 14 10 9 13 15 5 32 44 29
2 45 8 33 41 23 11 19 21 6 16 7
14 39 38 40 10 9 13 15 5 32 44 29
39 40 38 14 10 9 13 15 5 32 44 29
4 2 23 11 45 33 8 41 19 16 6 21
40 14 38 39 10 9 13 15 5 32 44 29
39 40 32 36 38 9 14 13 10 15 37 29
33 19 23 45 2 8 41 21 11 6 16 7
39 38 40 14 10 13 9 15 5 32 44 29
19 23 33 8 41 2 45 21 11 6 7 28
38 14 39 40 10 13 9 15 5 32 44 29
2 33 23 45 8 41 19 11 21 6 16 7
40 14 38 39 10 9 13 15 5 32 44 29
39 40 14 13 9 38 10 15 5 44 32 17
17 0 9 40 14 39 32 38 10 15 13 36
41 2 33 45 8 23 11 19 21 6 16 7
33 2 45 23 19 8 41 11 21 6 16 7
2 45 8 33 23 41 11 19 21 6 16 7
14 38 39 10 40 9 13 15 5 32 44 29
45 33 41 2 23 8 19 11 21 6 16 7
0 46 6 26 32 35 40 9 15 14 34 20
33 2 45 23 8 41 19 11 21 6 16 7
39 38 14 40 10 9 13 15 5 32 44 29
15 39 40 38 9 34 10 14 26 32 44 29
2 33 45 23 8 41 19 11 21 6 16 7
14 39 40 38 10 13 9 15 5 32 44 29
8 11 2 45 41 33 23 19 21 6 16 7
14 40 39 38 10 13 9 15 5 32 44 29
9 13 38 39 10 14 40 15 5 32 3 44
40 38 39 14 10 9 13 15 5 32 44 29
2 33 45 23 8 41 19 11 21 6 16 7
12 26 46 34 35 1 20 3 6 32 4 15
19 23 2 11 33 41 45 8 21 6 16 7
33 2 45 23 41 8 19 11 21 6 16 7
2 8 33 45 23 41 11 19 21 6 16 7
2 33 45 41 23 8 19 11 21 6 16 7
39 10 38 14 40 13 9 15 5 32 44 29
40 38 39 9 14 32 44 36 13 15 10 17
0 6 17 41 36 30 46 33 2 23 21 45
45 33 2 8 41 23 11 19 21 6 16 7
40 38 39 14 10 9 13 15 5 32 44 29
27 4 21 33 19 8 45 2 23 41 28 11
14 38 39 40 10 13 9 15 5 32 44 29


31 43 0 11 25 8 37 6 41 29 40 44
11 43 8 31 0 25 37 6 41 29 40 44
39 18 30 15 22 46 1 32 16 5 47 24
18 30 39 15 22 46 32 1 16 5 47 24
30 18 39 22 15 46 1 32 16 5 47 24
25 0 11 8 31 37 43 6 44 29 41 2
18 30 22 39 15 46 1 32 16 5 47 24
18 30 39 15 22 46 1 32 16 5 47 24
31 43 25 0 8 11 37 6 41 29 40 44
43 37 25 0 31 8 11 6 41 40 29 2
31 11 43 25 0 8 37 6 41 29 40 44
39 18 30 15 22 1 46 32 16 5 47 24
35 28 47 12 18 32 3 7 39 30 20 36
39 18 30 15 22 1 46 32 16 5 47 24
31 0 8 43 25 11 37 6 41 29 40 2
18 30 39 15 22 46 1 32 16 5 47 24
31 11 0 43 8 25 37 6 41 29 40 44
11 43 25 31 37 8 0 6 41 40 44 29
25 8 11 6 43 0 37 31 41 40 29 2
30 18 39 15 22 46 1 32 16 5 47 45
18 30 39 15 22 46 1 32 16 5 47 24
43 31 11 0 8 25 37 6 41 29 40 44
30 39 18 15 22 46 1 32 16 5 47 24
43 11 8 31 0 25 37 6 41 29 40 44
24 13 21 2 29 26 45 38 40 25 6 8
0 43 31 6 11 8 37 25 41 29 44 40
30 18 39 15 22 46 1 32 16 5 47 45
23 13 24 21 29 38 45 2 34 25 8 37
14 10 46 22 39 15 30 42 16 18 1 32
18 30 39 22 15 46 1 32 16 5 47 24
43 31 11 0 37 25 8 6 41 29 40 44
18 30 39 15 22 46 1 32 16 5 47 24
31 11 0 8 43 25 37 6 41 29 44 40
8 25 0 31 43 11 6 37 41 29 40 2
43 31 37 0 25 8 11 6 41 29 40 44
24 13 21 45 1 5 32 15 29 28 47 39
43 31 11 0 8 25 37 6 41 29 40 44
30 18 15 22 39 46 32 1 16 5 47 24
43 31 8 0 25 11 37 6 41 29 40 44
18 30 39 15 22 46 1 32 16 5 47 24
25 6 11 31 40 35 37 43 0 8 2 17
24 23 32 47 38 13 21 16 18 15 19 30
8 25 31 43 0 6 11 37 41 29 40 44
24 21 26 32 13 15 34 5 1 45 18 39
46 39 18 30 15 22 1 32 16 5 47 19
8 43 0 31 25 11 37 6 41 29 40 44
22 39 18 30 15 32 1 46 16 19 24 23
18 39 30 15 22 46 1 32 16 5 47 24


21 46 32 14 37 38 0 7 39 36 35 23
29 19 41 17 8 2 24 11 12 43 30 3
19 17 2 41 29 8 24 11 12 30 3 43
17 41 19 29 2 8 24 11 12 3 30 43
46 21 14 38 32 37 0 7 39 36 35 23
41 29 19 17 2 8 24 11 12 3 30 43
5 39 18 35 36 24 16 15 7 28 25 45
46 21 37 14 32 38 0 7 39 36 35 23
21 46 14 32 37 38 0 7 39 36 35 23
41 29 17 19 2 8 24 11 12 3 30 43
17 41 19 2 29 8 24 11 12 3 30 43
46 21 14 32 37 38 0 7 39 36 35 23
21 46 14 37 32 38 0 7 39 36 35 23
17 2 41 19 29 8 24 11 12 3 30 43
41 17 29 19 2 8 24 11 12 3 30 43
38 14 21 46 32 37 0 7 39 36 35 23
18 27 7 32 23 39 35 46 4 38 21 37
17 41 19 29 2 8 24 11 12 3 30 43
16 18 23 47 28 31 13 26 15 7 1 12
21 46 37 14 32 38 0 7 39 36 35 23
21 46 37 14 32 38 0 7 39 36 35 23
21 46 14 37 32 38 0 7 39 36 35 23
19 29 8 17 41 2 11 24 12 43 3 30
3 43 5 34 10 42 40 22 20 24 29 19
7 32 46 37 0 38 21 14 39 35 36 45
18 15 16 45 31 25 26 23 13 6 28 20
36 1 45 26 7 16 28 21 37 14 25 46
46 21 32 14 37 38 0 7 39 36 35 23
46 21 32 14 37 38 0 7 39 36 35 23
29 17 19 41 2 24 8 11 12 3 30 43
41 17 29 19 2 8 24 11 12 3 30 43
16 12 25 24 2 17 29 8 11 41 18 19
46 21 14 32 37 38 0 7 39 36 35 23
21 46 14 32 37 38 0 7 39 36 35 23
41 17 19 29 2 8 11 24 12 3 30 43
29 17 41 2 8 19 24 11 12 3 30 43
27 22 10 30 31 11 39 4 3 2 19 41
46 21 14 32 37 38 0 7 39 36 35 23
29 41 17 19 2 8 24 11 12 3 43 30
32 38 46 14 21 7 0 6 37 35 10 39
29 41 19 17 2 8 24 11 12 3 30 43
21 46 14 32 37 38 0 7 39 36 35 23
3 24 5 8 30 29 19 41 2 11 17 12
21 46 14 37 32 38 0 7 39 36 35 23
17 19 41 29 2 8 24 11 12 3 30 43
29 41 17 19 2 8 24 11 12 3 30 43
21 46 14 32 38 37 0 7 39 36 35 23
17 41 19 2 29 8 11 24 12 3 30 43


47 21 15 26 38 34 19 27 33 25 0 11
21 47 26 15 38 25 19 34 0 33 11 27
47 15 26 21 38 25 34 33 19 27 0 11
47 21 38 26 15 34 27 25 19 33 0 11
21 26 47 15 38 33 19 34 27 25 0 11
1 30 0 29 25 38 21 33 26 47 15 11
5 8 42 18 39 44 20 22 23 13 10 16
21 47 15 26 38 34 33 27 19 25 0 11
47 21 38 26 15 34 27 25 33 19 0 11
5 8 42 44 18 39 20 22 23 13 10 16
47 21 38 26 15 25 34 27 19 0 33 11
5 42 8 44 18 39 22 20 23 13 10 16
27 38 34 47 11 21 19 26 15 0 33 25
5 8 42 18 44 39 20 22 23 13 10 16
27 34 47 38 31 21 37 33 11 29 15 35
32 31 43 6 23 36 1 41 40 46 20 35
21 47 26 15 38 25 34 19 33 0 27 11
5 42 8 39 44 18 22 20 23 13 10 16
21 47 26 15 19 38 34 27 25 33 0 11
5 8 42 39 18 44 20 22 23 13 10 16
47 21 26 15 38 34 0 25 19 33 27 11
15 38 47 21 33 26 27 34 19 0 25 37
23 39 18 8 5 42 13 44 20 22 40 10
38 27 47 21 34 15 26 33 19 0 25 11
31 32 4 35 14 43 44 18 7 8 5 22
26 21 47 25 15 38 19 34 11 0 33 27
5 8 42 39 18 44 20 22 23 13 10 16
47 21 38 26 15 34 25 27 19 33 0 11
5 42 8 18 39 44 22 20 23 13 10 16
32 2 35 17 31 46 14 9 1 0 6 27
5 18 42 39 44 8 22 20 23 13 10 16
3 29 30 33 19 37 15 26 34 38 21 47
40 41 43 39 8 14 5 44 42 18 22 7
30 38 21 26 47 25 34 15 33 27 0 37
5 39 8 42 44 18 20 22 23 13 10 16
5 42 8 18 39 44 20 22 23 13 10 16
47 21 26 38 25 15 34 19 11 27 0 33
18 5 42 8 44 39 23 20 22 1 13 10
14 41 39 12 8 42 45 44 5 18 24 46
5 42 8 39 18 44 20 22 23 13 10 16
5 8 18 42 39 44 20 22 23 13 10 16
27 38 34 47 11 21 15 26 19 25 33 0
5 8 39 42 18 44 20 22 23 13 10 16
25 24 38 26 47 15 21 11 34 0 19 33
18 5 42 8 44 39 22 20 23 13 10 16
14 29 13 9 12 1 10 3 28 45 6 24
26 21 47 15 38 25 34 19 33 0 11 27
40 3 41 13 18 8 5 42 44 28 17 46


8 1 36 20 42 39 30 15 3 11 2 22
8 1 30 20 42 2 36 35 39 3 15 13
37 35 16 40 27 26 42 30 45 8 47 25
1 8 35 37 2 30 16 38 20 26 19 21
22 44 10 28 31 21 46 17 12 20 38 40
44 17 28 41 22 0 4 24 34 13 31 12
37 40 12 27 17 28 35 21 31 46 38 16
16 35 37 26 30 8 2 45 1 3 29 15
29 2 26 45 16 41 0 47 35 19 9 23
40 27 37 42 1 11 5 15 8 28 20 3
2 19 1 8 47 5 11 30 35 38 20 32
44 22 4 10 20 5 1 13 33 36 14 39
16 26 45 17 29 37 35 12 0 23 28 38
0 44 41 28 17 24 39 15 3 23 36 45
40 27 37 28 3 15 42 39 23 35 16 36
17 12 28 37 40 16 31 21 26 46 27 35
0 3 15 39 36 23 26 41 16 45 29 28
17 23 37 16 26 28 0 40 29 45 35 27
1 2 8 19 22 20 42 5 30 11 47 4
2 1 19 22 8 5 20 4 38 46 30 31
44 28 17 0 23 4 41 40 39 15 22 3
41 0 44 17 29 24 9 26 45 28 23 34
2 19 41 47 29 36 4 45 14 1 0 5
5 33 31 46 22 21 38 2 1 44 19 34
37 12 38 21 31 46 40 35 27 1 19 30
41 2 29 19 9 0 38 46 45 24 31 21
15 39 3 44 36 28 27 40 4 10 23 22
37 40 27 35 12 16 28 17 42 26 21 30
37 40 27 35 12 42 16 1 30 21 31 38
37 40 27 42 1 30 20 8 35 11 5 12
44 41 0 28 17 24 39 29 7 36 15 13
37 40 16 17 28 26 27 35 12 45 23 0
2 41 22 44 19 24 29 36 4 0 46 38
16 26 9 2 35 32 29 8 45 41 38 0
40 42 27 20 37 1 28 22 31 12 21 8
0 41 39 36 3 15 44 23 24 29 45 28
37 40 27 35 42 30 3 15 1 39 16 36
44 22 4 10 24 20 28 33 31 14 46 21
37 40 27 35 42 30 12 1 38 21 20 19
0 29 45 23 41 17 28 26 3 39 15 16
27 40 42 37 1 30 20 35 8 12 21 31
44 41 17 0 29 28 31 22 46 12 21 9
2 1 8 19 22 36 41 5 11 20 47 30
41 2 44 36 39 22 24 0 15 19 3 4
2 16 9 38 19 46 21 26 35 31 29 12
0 28 17 26 23 3 15 16 39 45 36 29
40 37 27 42 28 12 20 35 17 21 31 16
44 17 28 4 0 23 24 39 15 41 3 22


42 46 1 15 26 32 14 0 44 38 25 5
6 35 4 21 16 12 44 11 2 8 47 33
35 37 10 16 5 47 40 9 4 33 3 1
47 22 46 42 7 36 17 24 26 1 34 39
9 18 38 17 19 0 22 26 36 31 15 6
35 40 1 13 44 47 32 33 38 17 9 18
45 23 16 8 14 39 12 29 28 2 43 31
3 37 24 10 47 22 34 9 25 31 26 17
46 1 30 14 44 15 43 47 12 42 31 28
7 19 13 38 22 18 26 15 31 9 6 34
25 31 0 18 17 38 9 36 19 15 6 34
30 24 27 8 45 2 3 37 4 28 46 16
17 36 18 38 0 19 7 22 26 9 34 6
34 24 39 3 16 37 27 40 2 45 8 10
46 34 31 43 30 23 27 14 45 42 26 8
8 12 45 2 28 4 27 16 30 21 29 20
44 47 14 3 1 5 21 15 25 24 32 6
15 31 47 9 13 8 42 18 45 38 22 27
30 12 14 4 8 28 45 2 16 27 29 44
9 31 19 15 6 33 38 5 13 18 10 35
8 2 45 28 12 4 43 27 16 29 30 14
5 31 34 19 11 6 18 17 26 38 7 22
24 3 40 39 10 34 45 37 22 25 27 20
34 24 3 37 22 1 10 16 5 41 39 8
8 4 45 28 2 12 27 16 29 30 21 41
19 38 18 26 17 6 9 42 7 36 0 39
23 35 6 16 32 40 37 11 43 18 33 41
44 5 47 3 14 25 15 1 46 31 30 21
29 41 12 45 30 4 21 28 2 27 8 20
19 18 38 9 17 26 22 36 6 31 34 7
4 12 8 45 2 28 27 16 29 20 30 21
45 8 43 28 12 2 27 4 29 14 21 30
38 18 9 19 17 26 15 36 6 0 31 22
5 31 25 32 10 6 35 34 16 47 3 38
18 38 17 0 9 36 19 42 26 22 6 15
35 10 40 37 9 6 36 5 32 41 16 38
38 17 18 19 36 9 0 26 6 22 7 32
12 4 8 2 28 27 20 45 16 30 21 29
8 4 12 45 2 28 27 30 16 29 21 20
28 12 8 4 20 45 16 27 2 29 23 41
18 17 38 9 36 19 0 26 22 6 42 34
37 16 34 10 23 31 4 22 5 11 47 6
12 23 28 4 8 2 45 27 16 30 29 20
12 8 2 4 28 45 27 30 29 16 21 20
19 18 38 17 9 26 22 6 36 7 34 31
37 16 4 12 2 27 1 8 25 11 5 30
31 5 26 44 43 42 17 38 14 36 30 18
46 6 14 42 47 21 11 15 44 32 0 1


12 37 1 10 45 14 33 23 31 38 43 46
47 11 26 13 20 8 7 12 1 37 6 29
19 9 2 36 17 5 39 25 20 26 6 27
12 37 1 10 23 45 38 13 46 14 47 31
12 40 37 45 32 47 38 23 1 13 46 11
12 23 13 25 3 45 37 47 1 38 8 30
33 1 22 37 10 31 12 45 29 23 16 14
14 0 19 41 36 32 15 18 27 5 10 12
35 30 42 20 17 9 39 4 3 2 18 25
17 39 9 20 2 5 40 18 28 26 30 7
14 12 33 37 19 1 43 10 31 38 45 29
12 37 1 23 45 44 10 46 13 11 38 47
33 22 31 1 37 7 10 16 44 30 12 23
27 19 14 42 46 38 36 35 13 32 3 34
26 46 39 8 38 47 44 1 12 17 23 21
37 1 31 12 23 10 14 45 33 22 44 46
14 10 31 12 1 37 22 0 38 43 46 21
37 1 12 10 31 45 23 33 14 22 38 46
45 23 37 12 46 1 44 10 7 31 38 27
34 11 20 6 36 0 35 44 2 8 28 13
5 18 9 2 20 39 17 40 36 28 41 26
6 13 16 21 15 2 0 27 38 14 43 19
37 12 10 1 31 43 22 14 33 16 23 45
12 37 1 23 46 45 10 38 27 14 44 31
1 37 12 31 10 14 33 45 23 22 46 38
24 10 33 22 19 29 45 28 14 5 1 15
40 39 23 26 7 3 20 18 24 30 17 5
37 1 12 10 31 33 22 45 14 23 38 46
8 41 13 11 26 47 36 39 0 2 20 40
1 12 37 3 31 10 45 38 23 46 44 13
35 42 30 14 27 4 22 44 16 19 37 34
31 22 37 1 33 10 12 14 23 45 44 43
44 47 35 7 20 6 11 30 3 39 17 26
30 37 3 12 1 46 44 26 23 7 24 47
40 2 18 39 20 5 29 11 28 17 9 26
37 1 12 10 31 23 45 14 33 22 38 46
17 39 9 2 20 26 5 40 18 28 36 44
9 18 20 5 17 2 39 40 28 26 36 41
37 1 10 31 22 12 14 33 23 45 38 27
12 37 1 10 33 45 38 14 23 13 24 47
17 39 2 9 20 40 18 26 42 44 32 28
17 39 2 40 26 9 20 28 44 36 21 3
5 9 18 20 28 40 17 39 2 24 15 26
31 44 22 17 9 7 26 39 1 4 29 20
2 9 28 5 18 20 19 21 17 39 25 40
2 0 32 36 25 40 9 17 39 21 35 47
12 1 37 10 11 8 13 38 36 45 0 46
37 1 12 10 31 33 23 45 46 38 22 14


19 0 22 6 2 3 43 5 41 12 35 36
39 2 46 19 43 22 36 9 0 30 13 25
42 5 16 3 26 40 19 22 35 43 34 24
33 16 11 27 17 46 14 47 3 34 36 28
25 1 37 12 32 28 10 40 8 23 41 44
11 21 27 16 38 34 36 4 28 7 17 45
35 12 6 22 2 25 5 42 19 0 32 36
27 34 17 36 25 6 11 29 33 45 40 9
21 11 28 38 34 8 27 17 4 44 9 29
2 22 43 0 25 19 6 41 15 5 10 36
3 5 45 35 43 23 37 26 19 0 22 20
21 47 28 34 37 11 4 44 27 8 35 1
11 6 5 34 0 36 14 22 12 3 17 19
21 8 44 4 28 1 29 17 27 11 13 37
0 19 3 22 2 6 43 12 20 33 41 45
37 23 25 32 1 12 9 41 4 44 22 28
6 38 11 5 36 34 0 21 3 17 16 45
25 16 43 12 27 22 6 5 19 0 9 2
44 4 25 37 8 1 33 28 32 40 12 47
1 37 28 4 8 29 44 32 25 23 9 31
0 19 6 3 5 2 43 22 36 35 16 38
21 35 38 16 11 34 6 45 5 3 27 36
9 10 29 32 15 41 31 8 12 1 17 4
12 32 22 10 1 23 41 43 9 29 47 25
44 37 32 23 14 33 12 1 13 8 41 35
1 37 8 28 4 32 29 23 39 44 10 7
12 22 10 19 25 36 0 41 14 6 3 29
44 21 8 32 33 4 17 7 38 13 12 30
12 34 41 0 6 20 35 45 36 38 19 21
32 23 41 37 1 12 8 29 22 33 39 24
21 24 44 39 8 11 46 38 34 20 7 45
21 27 34 47 18 11 38 45 16 35 17 28
28 44 21 37 47 8 34 4 27 1 9 11
22 43 0 19 5 10 6 3 9 36 42 2
19 12 0 41 6 2 22 3 29 32 33 36
47 17 34 36 22 42 5 35 0 25 11 6
12 41 25 32 19 33 0 40 29 22 14 36
44 21 8 28 1 4 34 7 20 37 31 27
1 4 37 8 28 23 29 32 13 7 40 47
25 3 0 19 12 40 2 30 22 14 6 13
45 11 27 7 34 14 16 5 26 47 10 35
21 28 8 37 11 4 44 1 24 7 38 27
5 3 0 6 36 19 34 16 2 43 22 42
19 0 22 2 43 6 12 41 3 25 36 32
37 1 8 28 23 44 32 4 31 24 21 29
6 10 2 43 36 45 19 16 0 3 38 35
2 21 38 36 7 11 44 39 6 16 45 34
40 13 14 30 9 7 3 5 25 36 27 33


27 24 34 13 20 17 15 28 12 46 31 7
6 43 45 18 40 38 0 37 41 47 3 44
24 20 13 27 34 17 31 28 15 12 46 7
22 36 40 5 4 32 16 45 37 11 2 19
18 6 47 1 31 28 8 43 39 17 0 21
32 5 36 45 40 4 16 22 2 11 19 37
24 20 12 13 7 27 34 15 46 17 28 41
30 20 10 24 11 47 15 41 17 38 4 46
13 25 27 14 28 24 20 17 15 12 44 23
8 30 5 9 16 43 37 36 40 22 29 32
44 8 17 7 25 43 39 24 30 27 28 20
45 5 32 2 36 16 40 22 4 30 37 11
12 20 13 24 27 28 17 34 15 46 31 7
28 17 27 13 24 20 34 15 31 12 1 18
5 2 32 45 36 16 11 4 40 30 37 22
17 28 34 27 15 13 20 24 18 0 31 8
10 23 14 11 25 30 42 36 16 39 19 5
33 2 32 36 11 5 19 40 16 45 4 37
36 2 5 45 32 40 4 37 11 16 43 30
26 16 29 9 32 22 40 11 3 36 38 5
40 6 43 36 3 45 5 39 32 19 26 22
9 26 23 3 21 46 15 18 42 43 25 34
10 42 25 23 30 11 14 31 0 24 34 13
2 32 11 36 16 5 45 4 40 19 37 22
39 5 4 45 32 29 2 40 18 36 16 30
35 38 2 16 25 26 32 11 47 5 4 30
34 13 24 27 20 15 28 7 12 46 17 41
3 23 35 43 9 21 1 42 33 29 40 26
33 12 44 7 2 11 16 3 19 36 32 46
9 26 46 18 40 25 15 10 39 3 42 22
35 18 26 7 47 31 41 28 15 44 27 20
28 15 13 27 34 17 20 24 18 12 41 31
12 41 7 11 26 2 33 19 16 3 15 42
8 34 7 17 41 44 37 27 13 15 6 21
4 16 32 11 2 30 22 36 5 19 37 45
28 27 17 24 13 34 20 15 31 46 18 12
29 3 33 35 18 10 44 31 2 28 32 0
34 13 27 28 20 17 24 15 7 12 46 21
1 17 46 28 27 31 13 18 34 24 21 20
28 13 27 20 17 15 34 24 12 31 46 7
40 36 32 5 4 2 22 16 45 19 37 39
24 13 20 27 34 17 12 15 28 46 7 41
45 32 5 29 40 36 2 18 10 6 39 22
27 13 34 28 24 20 17 15 12 7 46 31
45 32 5 4 39 2 37 16 29 30 22 42
30 23 39 17 4 24 9 16 2 21 35 31
24 13 42 12 9 15 23 20 44 34 25 41
12 13 20 28 24 27 1 34 17 15 7 46


31 46 29 11 16 47 14 21 40 19 26 5
29 31 46 11 16 14 47 21 19 45 40 26
39 2 18 20 47 37 16 46 11 27 29 14
13 10 1 35 28 34 33 32 24 6 36 8
40 42 45 0 18 22 7 11 28 25 29 19
45 22 18 7 12 15 42 20 2 30 10 39
33 1 36 24 34 13 8 35 32 3 37 23
46 29 31 11 47 16 21 14 40 19 2 26
35 36 1 10 24 26 4 15 5 13 33 43
35 1 33 44 8 13 36 24 34 17 37 10
31 29 46 11 16 14 47 21 40 26 5 19
31 29 46 16 11 14 47 21 26 40 19 5
19 0 25 43 15 46 7 21 31 29 2 22
2 39 18 42 20 37 27 0 47 45 3 38
46 29 31 21 19 47 11 0 16 2 40 14
17 37 8 1 35 13 36 24 23 15 28 10
18 27 47 2 46 38 11 31 29 14 16 40
46 29 31 11 47 16 14 21 19 40 2 26
33 24 35 36 1 13 3 34 6 32 10 23
47 46 2 29 31 11 39 16 18 40 14 17
6 32 13 34 28 24 25 1 33 4 0 10
31 16 46 47 29 11 19 14 18 5 25 21
11 14 29 16 46 5 31 47 40 15 44 26
24 32 3 33 17 8 37 6 10 35 36 12
23 3 17 8 38 33 24 37 35 32 36 27
38 27 45 42 30 23 39 7 10 18 22 20
19 12 15 31 46 11 5 29 47 0 10 16
29 31 11 46 16 14 47 21 0 19 45 26
29 46 31 11 21 16 47 14 0 19 38 39
37 17 3 23 24 35 20 36 8 6 13 32
44 15 34 10 32 1 24 33 13 6 28 4
4 30 41 44 31 46 29 9 26 16 11 14
16 14 44 29 11 31 18 45 39 47 46 40
18 37 17 2 35 8 20 13 1 36 24 39
45 30 1 22 43 42 13 44 39 36 34 35
31 29 46 11 16 47 19 14 21 40 26 2
30 27 45 38 22 23 44 7 10 47 39 37
31 46 29 16 11 26 14 47 21 40 5 19
39 20 2 37 18 23 47 17 4 28 38 42
20 39 45 18 27 42 47 22 37 34 2 7
44 15 7 45 22 10 8 17 30 35 1 43
45 30 22 7 44 42 29 9 16 21 34 38
34 24 13 32 33 1 6 28 10 35 36 8
16 31 14 29 11 46 26 47 21 5 40 19
31 11 16 14 29 5 46 26 40 47 19 21
46 29 31 11 47 16 19 21 14 40 2 0
8 37 17 36 35 5 12 23 1 10 24 15
34 33 36 1 5 13 35 24 32 3 45 10


44 37 39 9 33 45 23 32 14 29 27 31
18 6 36 26 17 8 43 41 38 0 46 3
36 41 18 19 34 40 8 4 11 12 13 21
42 29 14 16 39 25 0 33 37 45 44 24
0 12 26 5 38 16 17 36 8 40 14 42
31 10 30 19 45 13 38 33 5 22 32 3
18 41 36 26 6 17 8 12 40 11 15 46
27 37 1 30 45 29 10 32 39 44 25 31
16 14 29 42 45 33 39 44 9 37 23 25
4 11 41 22 36 18 40 8 43 19 2 34
26 18 36 5 8 38 6 0 40 12 17 41
36 18 41 4 40 8 11 26 22 43 19 17
9 44 14 39 23 33 45 16 29 37 6 30
41 36 18 4 8 11 17 40 26 6 22 19
45 33 39 29 30 37 44 10 9 14 31 27
18 41 4 36 11 22 8 17 19 43 34 40
36 18 41 26 12 40 4 19 46 8 11 38
18 36 41 17 6 8 11 26 4 40 19 12
36 18 41 40 8 4 11 26 6 17 22 12
41 4 11 36 22 18 2 40 17 8 26 6
19 8 47 7 36 17 40 41 18 4 34 38
36 18 41 40 8 4 12 34 26 11 43 6
35 26 46 9 18 19 38 28 34 15 41 33
36 18 40 41 8 26 4 17 11 12 6 46
39 37 44 33 45 9 32 14 27 29 24 23
41 36 11 4 18 6 22 17 8 26 0 40
6 36 41 11 18 4 8 40 22 0 2 26
18 36 41 11 4 8 6 26 17 40 46 22
18 36 17 31 41 4 40 22 47 46 2 6
18 36 41 43 11 4 31 26 8 19 34 46
17 18 8 6 26 3 41 46 36 11 12 39
41 36 15 17 18 26 8 21 6 40 11 4
36 8 41 19 40 18 11 21 4 17 6 2
38 34 28 18 5 6 9 0 2 16 36 17
5 41 17 18 22 26 3 32 11 31 4 15
4 41 11 36 22 2 43 34 24 18 40 19
11 4 41 17 22 46 32 24 21 15 23 20
18 36 41 34 4 11 2 7 19 40 43 22
36 41 18 8 40 4 26 11 35 17 19 12
36 22 11 17 41 13 4 40 38 8 18 19
47 13 3 4 7 11 46 43 17 18 41 22
29 45 39 42 33 14 44 37 16 27 25 9
27 22 43 31 1 11 7 40 32 8 37 10
36 18 41 40 34 26 4 12 2 11 43 8
27 1 37 39 29 45 44 42 10 33 15 30
19 38 5 10 22 45 39 32 33 7 31 34
14 16 29 42 39 23 44 21 33 9 5 20
22 4 27 1 31 43 11 10 40 30 8 7


