10,22,8,18,4,21,20,26,7,9,23,17,28,5,15
25,19,11,6,3,12,27,0,1,13,2,14,24,16,29
10,22,8,21,18,4,20,26,7,9,17,23,28,5,15
18,8,22,10,20,21,4,7,26,9,17,28,23,5,15
25,19,0,13,12,3,11,1,2,27,6,14,24,16,29
18,22,8,10,4,21,20,7,9,26,28,17,23,5,15
9,7,18,20,22,8,10,21,23,4,5,28,17,26,24
25,19,11,0,3,6,12,27,13,1,2,14,24,16,29
19,25,11,3,12,1,13,6,27,0,2,14,24,16,29
8,10,21,22,4,18,26,20,17,28,23,9,7,5,15
18,22,8,9,10,21,4,20,17,23,7,26,28,5,15
4,10,8,22,18,21,20,26,9,17,28,23,7,5,29
8,22,18,10,21,4,20,26,17,7,23,9,28,5,15
18,22,8,20,10,21,4,7,26,9,17,23,28,5,15
18,22,20,10,8,21,4,9,7,17,23,26,28,5,29
22,8,18,10,20,21,4,26,7,9,17,28,23,5,15
8,10,21,4,22,18,20,26,17,28,9,7,23,5,29
25,19,11,0,6,3,12,27,14,2,1,13,24,16,15
8,22,18,21,20,10,4,7,26,9,28,23,17,5,15
6,25,19,11,27,3,14,12,1,0,13,2,24,16,29
22,18,8,10,20,4,21,7,26,9,17,23,28,5,15
22,8,10,18,21,4,20,26,9,7,17,23,28,5,15
19,25,11,6,3,0,27,12,1,13,2,14,24,16,29
18,20,22,8,7,10,21,4,9,23,26,17,28,5,15
0,25,2,19,3,11,14,27,12,1,6,13,24,16,15
25,19,11,3,0,12,27,6,2,1,13,14,24,16,29
25,19,11,3,6,27,2,0,12,13,1,14,24,16,29
18,22,8,10,20,21,4,7,9,26,17,28,23,5,15
19,25,11,1,3,0,6,2,12,13,27,14,24,16,29
22,8,10,18,20,21,4,7,9,26,17,23,28,5,15

8,28,2,12,13,9,25,7,23,1,22,24,5,21,14
10,20,26,6,27,15,11,18,0,19,16,17,4,21,3
8,28,2,12,23,13,9,22,25,7,24,14,5,1,3
10,27,20,6,11,26,18,15,0,19,16,17,4,29,21
20,10,27,26,15,11,6,18,0,19,16,17,4,21,3
10,26,20,6,11,15,27,18,0,19,16,17,4,21,29
8,2,13,23,9,22,12,24,28,25,3,7,14,1,21
8,28,2,12,13,9,25,23,22,24,7,1,5,14,3
10,26,20,11,15,6,27,0,18,19,16,17,4,29,21
10,26,20,15,6,11,27,0,18,19,16,17,4,21,29
28,8,3,2,23,1,7,12,22,9,21,13,24,14,25
8,2,13,28,9,23,12,25,22,5,24,14,7,21,1
10,15,26,6,20,11,0,27,18,19,16,17,4,29,21
8,28,2,12,13,23,3,22,9,7,1,14,25,5,24
23,8,13,2,28,22,9,14,3,5,25,12,1,7,21
10,20,26,6,15,27,11,0,18,16,19,17,4,21,3
8,23,2,9,13,22,12,25,28,24,5,14,1,7,29
20,10,26,27,6,15,11,18,0,19,16,17,4,3,21
8,2,9,13,25,12,28,23,24,22,14,5,1,7,3
8,13,2,23,28,12,22,9,25,5,14,7,1,24,3
20,10,26,6,27,15,11,0,18,19,16,17,4,3,29
10,6,20,11,26,15,27,0,18,19,16,17,29,4,21
28,2,8,13,23,12,5,22,25,9,7,1,24,29,21
8,2,23,9,13,28,22,12,25,24,14,1,7,3,5
20,10,6,26,11,27,15,0,18,19,16,17,4,21,29
10,26,20,6,27,11,15,18,0,19,16,17,4,3,29
8,2,13,9,12,28,23,25,22,24,14,7,1,5,3
0,15,11,27,26,10,20,6,18,19,16,17,4,5,24
28,1,8,2,23,21,4,12,3,25,5,7,22,13,14
8,2,13,28,9,12,23,25,22,5,24,14,1,7,21

16,27,14,23,13,17,18,28,24,22,1,10,20,0,15
8,25,19,9,2,21,11,3,12,7,6,26,5,4,15
12,9,6,19,25,8,2,3,21,11,7,4,26,29,5
12,6,8,25,9,2,19,21,3,7,11,26,4,29,5
27,13,16,14,17,23,28,24,18,22,1,10,20,0,15
19,2,3,12,9,6,25,7,8,11,21,15,29,4,26
27,13,23,16,17,28,24,18,14,1,22,10,20,0,15
19,25,3,8,21,9,2,12,6,11,7,4,26,5,29
12,6,25,8,9,2,3,21,19,4,26,5,7,11,29
12,6,19,9,2,3,8,25,21,7,11,26,29,4,15
12,25,19,2,9,8,3,6,21,4,11,26,7,29,5
12,19,8,25,3,9,6,2,21,26,11,7,4,5,29
16,27,14,13,23,17,28,18,24,1,22,10,20,0,15
19,12,2,3,25,8,9,6,21,4,7,11,26,5,29
12,9,19,25,3,6,2,8,21,11,7,4,26,29,5
19,12,25,8,9,3,2,21,6,4,11,26,7,5,29
19,25,3,2,12,8,9,21,6,11,26,5,7,4,29
19,25,8,21,2,3,9,12,7,11,6,26,4,20,5
19,12,2,25,8,3,9,21,6,11,7,26,4,5,29
19,25,12,2,9,8,3,6,21,11,4,7,26,5,29
16,14,27,13,23,17,28,18,24,1,22,10,20,0,15
27,16,13,23,14,28,17,18,24,1,22,10,20,0,15
27,16,13,14,23,17,28,24,18,1,22,10,20,0,15
19,12,2,25,3,9,6,8,21,11,4,26,7,29,5
16,14,27,13,23,17,28,18,24,1,22,10,20,0,15
19,12,9,2,25,8,3,6,21,11,7,4,26,5,29
23,27,13,16,28,14,18,17,24,1,22,10,20,0,15
19,12,25,3,8,2,9,21,6,4,7,11,26,29,5
9,19,12,6,25,8,2,3,21,11,7,4,26,29,5
25,12,2,3,21,19,9,8,11,4,26,6,29,7,15

22,23,3,27,10,17,13,24,12,9,29,2,15,14,16
8,0,21,11,18,19,6,5,26,25,7,1,20,4,28
23,10,13,3,12,27,22,17,2,29,9,24,14,15,16
23,22,10,29,27,12,17,13,3,24,9,2,15,14,16
8,21,0,11,5,19,1,18,6,26,7,25,20,4,28
23,22,10,29,27,17,3,12,13,24,9,2,15,14,16
2,17,3,22,12,23,9,29,27,24,10,13,15,14,4
8,19,0,21,18,11,5,25,26,1,7,6,20,4,28
23,22,10,27,29,3,17,13,12,24,9,2,15,14,16
27,10,22,3,23,12,17,24,13,9,29,2,15,14,16
25,0,5,21,19,8,28,6,11,1,7,18,20,26,4
8,11,18,0,21,19,1,6,5,26,7,20,25,28,4
8,21,0,6,18,11,5,1,19,25,26,20,7,4,28
2,29,23,12,22,17,10,18,14,28,24,19,16,3,13
18,11,19,8,6,0,21,7,20,26,5,1,25,28,4
8,21,0,11,18,5,1,19,26,6,7,20,25,4,28
0,8,11,21,18,19,1,5,7,6,20,25,26,4,28
8,11,21,0,19,18,5,1,25,7,6,26,20,4,28
23,22,29,24,12,27,10,17,3,13,2,9,14,15,16
4,21,1,0,5,8,6,26,25,19,11,18,20,7,28
6,5,1,11,21,8,0,26,20,25,19,7,4,18,28
0,21,8,1,5,11,26,19,6,25,18,7,4,20,28
22,23,10,27,29,12,3,17,13,24,9,2,15,14,16
22,23,3,17,27,12,10,13,9,29,2,24,15,14,16
22,23,10,29,3,17,12,27,13,24,9,2,15,14,16
22,23,10,3,12,29,17,13,27,24,2,9,15,14,16
23,10,22,24,27,12,17,29,3,9,13,2,15,14,16
27,3,13,10,24,17,12,22,23,9,15,2,29,16,1
5,1,4,0,21,25,8,6,11,26,19,7,20,18,28
8,0,11,21,19,5,18,1,26,6,7,25,20,4,28

7,4,3,25,21,22,14,26,0,15,19,13,2,16,17
3,4,7,25,21,22,14,26,13,0,10,17,19,16,15
4,3,7,25,21,22,14,10,2,8,19,15,26,0,13
20,11,28,18,29,1,9,6,24,27,5,23,2,12,8
20,18,29,28,11,9,6,23,1,27,24,5,12,2,8
3,4,7,21,22,25,14,10,26,0,13,17,16,15,19
3,7,4,21,25,14,22,0,13,16,10,19,26,17,15
4,3,7,22,21,25,14,26,0,2,10,19,17,8,16
4,3,7,25,21,22,14,26,19,15,13,16,0,17,10
3,4,7,25,21,22,14,26,13,10,2,19,0,16,8
3,4,7,25,21,22,14,13,26,10,0,19,15,16,17
3,4,7,21,25,22,14,26,13,0,10,19,17,15,16
3,21,4,7,22,25,14,17,0,26,19,10,15,13,16
20,11,18,28,29,23,9,1,27,6,5,24,12,8,17
3,4,7,25,21,22,14,10,0,13,26,19,16,15,17
3,4,7,25,21,22,14,26,13,0,19,10,17,16,15
4,3,7,25,21,14,22,19,26,10,2,16,15,0,17
4,3,7,21,25,22,14,19,17,0,26,10,15,16,13
3,4,7,21,25,22,14,26,0,13,19,17,10,16,15
21,22,3,25,4,7,14,17,26,19,0,15,13,10,23
18,6,11,20,23,5,29,28,1,12,9,24,15,27,8
18,29,20,9,6,1,11,28,5,27,24,23,12,8,2
4,3,7,25,22,21,14,16,13,19,2,10,15,26,0
3,4,7,25,21,22,14,26,0,19,17,13,16,10,15
3,4,7,21,22,25,14,26,17,13,10,19,0,15,16
3,4,7,21,25,22,14,26,13,0,17,19,10,16,15
18,29,20,1,11,5,6,9,28,23,12,24,27,8,2
3,7,21,25,4,22,14,17,26,0,15,16,13,1,19
28,20,18,11,29,6,27,1,9,24,23,5,12,8,2
20,18,1,29,11,28,6,9,27,24,5,23,12,8,2

4,23,22,29,20,12,28,1,27,19,21,13,2,24,10
0,5,25,17,7,18,8,11,26,6,3,9,14,15,16
23,20,4,22,29,12,28,1,19,27,21,13,2,24,10
5,25,0,17,18,7,26,6,8,11,9,3,14,16,15
23,4,22,20,29,12,28,1,27,19,21,13,2,24,10
1,20,23,4,29,22,12,28,27,19,21,13,2,24,10
4,23,29,22,20,12,1,28,27,19,21,13,2,24,10
5,25,17,0,26,18,7,6,8,11,9,3,14,15,16
1,20,22,29,4,23,12,28,27,19,13,21,2,24,10
5,26,7,18,6,9,0,8,25,17,3,11,10,14,16
4,23,22,29,12,20,19,27,28,21,1,13,2,24,16
23,20,4,29,12,22,1,27,19,28,21,13,2,24,10
5,25,17,0,18,7,26,8,6,11,9,3,14,15,16
20,1,29,22,23,4,12,28,19,27,21,13,2,24,10
1,29,20,22,4,23,12,28,19,27,21,13,2,24,10
22,4,23,20,29,12,1,28,19,27,21,13,2,24,10
5,26,0,25,17,18,7,6,8,11,9,3,14,16,15
6,0,25,8,5,18,7,26,17,11,3,9,14,15,16
0,25,5,17,18,7,8,11,26,6,3,9,14,15,16
4,23,29,20,22,12,1,28,27,19,21,13,2,24,10
7,0,5,26,11,17,25,9,8,18,6,3,14,15,10
5,25,17,0,26,18,7,8,6,11,3,9,14,16,15
22,23,29,20,4,12,28,1,27,19,21,13,2,24,10
4,23,22,29,20,12,28,19,27,1,21,13,2,24,10
23,4,22,20,12,29,28,1,27,19,21,13,2,24,10
25,0,17,5,18,11,8,7,6,26,3,9,14,15,16
29,20,23,22,4,12,1,28,27,19,21,13,2,24,10
5,17,0,26,25,7,18,8,6,9,11,3,14,10,16
25,0,8,5,17,7,18,11,6,26,3,9,14,15,16
4,20,23,29,12,22,28,27,1,13,19,21,24,2,15

