42 3 16 4 7 15 0 8 47 25 26 43
0 16 42 4 15 3 7 47 8 25 26 43
9 14 12 18 30 40 29 11 39 19 34 45
40 34 11 19 12 9 14 45 18 30 29 39
46 44 43 26 8 47 7 3 4 6 25 15
30 29 18 39 12 14 9 41 40 33 34 11
37 0 21 16 42 15 33 28 41 23 27 4
45 19 9 40 14 11 12 18 30 34 29 39
44 26 25 8 7 46 3 43 6 4 42 16
32 36 17 27 24 20 23 2 31 35 3 25
32 24 20 36 27 17 2 31 35 23 6 25
42 16 4 3 7 0 47 15 8 26 25 43
21 37 33 41 39 29 30 18 13 14 12 9
24 32 36 20 27 23 17 22 5 31 38 16
42 8 3 16 25 7 4 26 15 47 0 43
9 19 40 12 14 11 34 18 30 29 39 45
19 11 45 40 34 9 14 12 18 30 29 10
17 36 32 24 27 31 20 23 22 6 37 5
20 27 24 32 36 17 23 2 35 31 21 37
11 40 19 34 9 14 12 45 18 30 29 39
20 27 32 17 24 2 36 35 31 23 41 37
41 33 39 29 21 30 18 12 14 9 37 40
24 32 36 20 23 27 17 22 5 35 38 31
2 31 20 27 32 26 46 35 25 24 6 3
20 24 27 23 32 35 36 22 16 0 42 47
10 1 19 11 45 40 34 9 14 12 18 30
0 47 15 4 16 42 3 7 43 26 8 46
16 0 42 4 3 7 15 47 25 24 8 26
20 27 24 32 36 23 17 35 22 2 31 5
19 11 40 34 45 9 12 14 18 30 1 29
16 42 0 15 47 4 3 7 8 25 26 43
17 36 32 24 27 31 20 23 16 25 42 6
23 22 27 20 5 36 24 32 38 17 21 31
9 40 14 11 12 19 34 18 30 45 29 39
36 24 20 32 17 27 23 22 31 35 5 25
19 45 11 9 40 14 34 12 18 30 29 39
13 33 37 21 41 39 29 30 18 14 9 12
1 10 19 45 11 40 34 9 14 12 18 30
42 3 16 4 7 8 15 25 0 47 26 43
0 16 42 15 47 4 3 7 8 26 43 25
14 18 30 29 9 12 39 19 40 11 45 41
24 17 20 32 36 27 23 31 2 21 41 35
42 16 4 3 15 0 47 7 8 26 43 25
4 3 7 47 42 16 15 43 26 8 0 44
19 11 45 40 34 9 14 12 18 30 29 1
31 24 32 17 20 27 36 2 23 6 25 8
28 39 14 30 29 18 45 12 11 9 19 41
19 40 11 9 14 12 34 45 18 30 29 39


47 6 42 44 40 26 37 13 35 4 25 20
12 32 0 7 36 1 13 39 20 21 25 10
17 8 14 24 2 19 3 27 33 22 11 46
14 24 8 17 2 19 3 27 33 22 46 11
11 22 33 27 19 3 17 8 2 24 14 46
5 41 4 30 28 9 45 16 43 38 46 27
46 14 3 17 19 8 2 24 27 33 22 9
11 22 33 27 19 17 3 8 24 2 14 46
8 17 2 19 14 3 24 27 22 33 11 46
28 41 30 33 11 27 22 24 17 19 29 14
11 22 33 27 19 17 3 8 24 2 14 46
8 24 14 17 2 3 19 27 33 22 46 11
14 24 8 17 2 3 19 46 27 33 22 11
42 40 47 35 6 13 26 44 43 25 20 29
32 0 12 36 7 10 25 21 20 13 39 1
44 6 47 42 40 26 35 13 20 25 45 37
15 9 10 21 4 25 20 46 28 5 45 31
39 7 0 18 1 34 12 13 32 36 37 38
46 14 2 8 24 17 3 19 27 33 22 11
10 21 25 15 20 32 36 45 0 12 13 7
28 41 30 31 43 29 18 23 1 36 35 12
6 47 44 42 40 35 13 26 37 25 20 4
28 30 41 31 29 43 46 23 18 19 33 24
28 30 41 31 29 43 18 35 1 46 15 12
9 46 2 8 14 24 17 3 19 27 33 22
28 31 41 30 43 35 29 46 19 3 14 2
28 30 41 31 4 43 16 38 5 18 45 9
17 14 24 8 2 3 19 27 33 22 11 46
27 33 17 22 19 3 8 14 24 2 11 46
47 44 40 6 42 9 46 3 8 2 14 24
47 6 44 42 40 26 13 35 37 25 4 20
41 28 30 42 9 43 20 15 44 40 6 25
11 22 27 33 19 17 3 8 24 2 14 46
2 46 8 14 24 3 17 19 27 33 22 11
11 22 27 33 19 3 17 8 2 24 14 46
7 12 1 0 32 13 36 39 18 34 20 25
14 24 2 8 46 17 3 19 27 33 22 11
47 6 42 44 40 37 35 13 25 4 20 0
7 0 12 39 32 1 13 18 36 34 25 20
8 2 19 3 17 24 14 27 22 33 11 46
11 22 27 33 19 3 17 8 2 24 14 46
12 0 7 32 1 13 36 39 18 20 25 45
42 40 6 47 44 4 13 26 38 1 41 12
22 33 11 27 19 17 3 24 8 14 2 46
28 41 30 31 29 46 19 14 27 17 24 3
46 14 2 19 8 17 24 3 27 33 22 11
2 14 24 8 17 19 3 46 33 27 22 11
17 19 24 33 8 14 27 22 3 2 11 46


5 25 15 40 0 18 22 36 46 14 24 45
9 17 42 41 43 47 26 20 1 40 3 14
46 18 24 22 25 40 15 5 0 3 45 36
46 24 18 3 22 25 40 45 15 5 0 36
15 22 25 18 5 46 40 0 24 45 3 36
45 15 26 5 0 25 40 36 14 22 18 31
35 39 29 44 11 34 6 47 23 10 27 38
15 25 5 22 40 18 0 46 36 24 45 3
43 26 20 15 41 0 14 22 5 25 17 36
30 12 38 20 27 47 32 21 16 10 3 45
39 44 34 11 10 27 38 23 6 29 35 47
18 46 40 25 22 24 3 15 0 5 45 36
14 36 0 26 5 15 40 25 22 18 46 13
1 35 13 41 9 42 7 29 43 11 34 32
13 35 26 29 42 39 11 6 2 34 1 44
29 6 35 39 11 44 23 34 47 10 27 2
35 29 42 41 13 26 6 39 9 34 11 44
29 6 1 11 44 23 35 39 4 10 34 2
38 27 10 47 34 30 44 23 11 39 32 6
22 24 46 18 15 25 40 5 45 0 3 36
10 32 23 30 44 38 6 29 27 39 34 11
6 23 29 44 27 10 47 11 34 39 38 35
25 3 18 15 40 5 22 45 46 0 24 36
30 38 27 10 47 32 34 23 44 11 39 6
35 29 6 39 11 44 34 47 23 10 27 38
40 22 18 25 5 15 0 3 14 45 46 24
1 4 29 6 31 21 23 44 47 11 35 10
25 5 40 15 18 22 0 36 46 24 3 45
24 3 46 18 45 22 25 40 15 20 5 0
26 13 46 18 0 36 14 22 40 24 15 25
5 25 40 15 0 18 22 36 46 19 14 3
29 6 44 11 23 34 39 35 10 47 27 38
3 18 46 24 22 25 40 15 45 5 0 36
1 29 35 9 17 6 47 11 41 27 4 44
35 39 2 29 11 44 34 6 13 23 47 16
40 0 25 5 15 22 18 36 46 14 24 45
45 46 3 24 18 22 15 25 5 0 40 36
33 43 19 45 15 22 25 5 46 24 40 14
33 2 8 16 45 46 24 36 18 7 0 25
3 18 24 46 25 45 40 22 15 5 0 19
19 25 40 5 22 15 18 0 36 3 14 46
42 3 40 33 18 24 46 25 22 5 19 36
46 24 18 3 45 22 40 15 25 0 5 36
6 29 23 44 11 34 39 35 47 10 27 38
18 46 40 24 25 0 3 5 22 15 36 26
5 25 0 15 40 36 22 18 14 46 24 45
6 11 29 39 44 23 34 10 35 27 47 38
30 47 27 38 10 23 6 44 29 32 34 11


35 5 0 2 6 25 46 36 31 42 3 37
0 35 2 5 6 46 36 25 42 31 3 37
30 17 40 13 38 3 34 24 8 37 6 25
32 28 39 11 21 7 4 23 29 19 45 10
31 37 24 36 38 5 16 25 6 35 0 2
21 7 11 23 4 1 32 28 39 10 47 22
42 2 3 40 8 0 35 46 20 5 45 9
43 26 41 34 29 20 4 12 11 23 21 28
27 19 32 39 4 15 8 25 14 11 7 28
0 2 35 5 46 6 36 42 3 25 31 38
11 21 7 23 4 32 10 39 1 28 34 47
23 21 7 10 11 47 1 28 4 32 22 16
7 11 21 10 23 39 32 4 1 28 47 34
5 2 36 0 35 31 46 38 24 9 6 16
6 35 0 46 2 25 5 3 42 36 31 27
28 23 21 1 10 11 7 45 47 4 32 34
7 11 21 39 32 23 4 10 1 28 47 19
40 2 0 35 5 36 30 6 46 3 42 31
6 0 35 5 2 46 36 25 3 31 42 37
42 3 2 0 46 35 5 6 25 36 8 18
34 43 20 41 12 18 1 9 33 44 45 29
21 28 23 11 32 4 7 1 39 10 45 47
38 41 44 33 9 2 0 35 5 36 42 47
11 7 21 23 4 10 32 1 39 28 34 47
18 1 11 23 21 4 7 45 32 10 13 39
11 7 21 32 4 23 39 1 10 28 34 47
21 11 34 23 7 1 4 10 28 32 43 39
43 26 41 34 33 20 8 12 5 46 9 29
28 45 23 21 1 4 42 8 40 47 34 11
6 46 35 0 25 5 2 36 3 42 31 37
47 16 24 21 23 44 7 22 11 10 41 12
42 2 46 0 35 43 5 26 8 3 41 6
39 10 7 19 11 32 4 1 16 21 23 27
41 26 43 34 17 23 21 13 47 10 11 33
11 21 7 23 32 4 10 28 1 39 47 34
7 32 11 21 39 23 4 13 28 10 1 47
42 3 2 40 45 8 46 0 35 6 20 5
36 5 35 6 0 25 2 31 46 12 29 37
10 32 7 11 1 23 39 4 21 13 28 34
28 21 23 32 11 7 4 1 39 47 22 10
2 42 0 3 46 35 5 6 36 40 25 31
35 0 2 5 6 46 25 42 3 36 31 37
25 6 27 36 31 35 5 37 0 46 2 3
21 7 23 11 32 28 4 10 39 47 22 1
28 32 23 4 45 10 11 1 21 7 13 34
2 42 0 35 46 3 6 5 25 36 31 8
2 43 46 35 5 42 0 3 6 8 36 34
35 5 0 6 2 36 25 46 31 42 3 37


41 46 35 25 29 31 9 20 40 34 8 33
38 28 5 27 6 43 42 13 4 23 10 21
32 36 22 37 10 24 7 23 1 15 4 45
29 40 31 9 8 46 41 34 20 25 35 33
34 40 9 8 31 29 46 41 33 20 25 35
19 35 25 20 18 46 41 29 22 31 8 2
9 34 13 40 35 41 31 46 11 25 29 8
20 46 29 25 41 31 8 35 9 40 34 33
22 23 36 32 10 37 15 24 4 7 21 1
33 29 20 46 41 25 31 8 40 9 34 35
33 18 19 20 25 29 46 41 35 31 8 9
23 36 10 15 22 21 32 4 7 30 17 24
46 20 29 25 41 31 8 9 40 35 34 33
34 40 9 8 31 29 41 46 35 25 20 27
12 36 4 11 21 10 15 7 0 14 22 32
5 2 28 38 14 27 26 6 43 39 44 36
35 9 31 46 41 25 40 34 20 29 8 27
35 25 41 46 20 29 31 9 40 34 8 27
21 17 7 15 10 36 30 0 23 4 32 22
2 26 5 6 28 39 27 43 14 38 44 16
33 18 0 19 17 47 30 7 21 10 15 26
15 7 21 30 10 0 4 23 45 36 24 17
22 23 32 36 37 10 21 17 4 15 24 12
29 46 41 20 25 31 9 40 35 34 8 33
22 10 36 32 12 23 4 15 7 21 37 24
36 10 23 15 7 32 21 22 4 24 30 37
4 36 30 10 21 22 17 23 7 15 0 32
40 31 8 29 9 34 20 46 41 25 33 35
32 37 22 24 36 1 45 23 10 15 4 21
9 40 34 35 8 41 46 31 25 29 20 27
40 9 34 31 29 41 46 8 25 35 20 33
9 40 34 31 41 46 35 29 25 8 20 27
7 21 15 30 10 36 4 23 17 12 24 45
2 39 44 28 6 16 5 43 30 26 38 0
15 21 23 36 10 7 24 32 45 30 22 4
17 36 4 21 10 23 0 15 22 32 7 30
5 13 6 43 42 23 47 10 11 0 7 17
45 24 37 32 1 7 12 15 21 36 4 10
3 16 6 11 14 13 39 12 37 4 44 30
21 10 36 7 15 23 17 30 4 0 32 22
45 24 37 32 21 12 15 36 4 22 23 1
17 10 0 30 23 36 7 19 22 4 15 21
28 38 27 3 13 14 34 9 40 8 31 35
36 22 32 10 15 23 4 7 21 24 37 12
43 5 6 42 2 39 47 44 38 30 26 8
12 4 15 22 21 32 10 36 7 26 24 23
23 10 15 21 22 36 32 30 37 12 24 7
34 40 9 31 8 29 46 41 35 25 20 33


45 41 15 8 47 7 46 33 21 4 42 1
41 15 46 4 8 33 1 42 7 47 17 25
8 15 4 46 41 7 33 42 1 21 47 17
20 28 9 31 11 0 46 38 24 33 37 35
32 2 14 11 24 43 22 38 30 12 25 10
13 44 2 20 32 24 37 14 34 9 28 31
8 46 41 15 7 33 4 42 29 21 47 1
14 41 18 24 7 33 29 8 37 47 42 15
25 44 43 2 24 13 22 27 42 30 20 33
31 0 5 16 46 29 18 25 15 1 7 26
28 20 9 10 17 37 16 34 12 4 42 14
20 9 28 37 34 31 36 16 24 46 18 40
24 18 37 13 3 2 21 29 27 34 1 26
22 35 14 40 32 38 33 8 7 17 46 28
33 8 41 42 45 15 11 46 47 4 7 1
13 2 24 20 44 37 23 43 27 18 12 34
31 28 36 0 46 20 17 34 23 5 24 47
20 43 9 13 10 2 28 37 34 38 44 24
17 1 21 22 4 6 15 47 41 30 5 7
30 1 6 36 5 0 47 38 2 37 10 16
6 2 30 14 32 40 43 23 0 12 16 38
41 47 1 8 42 46 33 29 7 39 4 15
14 2 32 40 22 28 25 20 24 9 37 35
8 41 15 7 4 33 46 42 45 47 1 21
47 4 1 41 6 21 5 3 29 17 42 30
28 9 20 43 16 38 2 17 37 30 35 34
8 7 41 15 46 4 1 33 42 21 47 45
45 14 10 11 8 33 7 15 40 44 38 46
18 15 4 21 8 29 1 39 41 7 46 26
7 15 8 4 1 21 41 46 45 17 42 47
18 41 29 4 7 47 15 8 46 21 24 39
14 22 45 10 2 33 38 32 7 11 8 18
7 46 14 8 15 41 45 4 47 29 21 5
13 2 44 20 24 37 34 18 3 23 12 43
44 13 38 20 2 24 32 11 34 28 43 9
41 47 4 1 33 46 8 15 42 18 36 0
32 31 0 2 24 12 35 14 38 29 46 13
20 28 9 37 13 34 44 35 24 16 32 18
11 33 8 42 32 41 38 30 44 46 40 15
41 8 7 47 15 46 4 45 33 42 1 38
6 1 30 47 5 36 21 23 4 41 37 18
8 15 7 41 4 46 33 42 45 47 21 1
8 7 15 41 4 21 46 33 42 47 1 45
14 18 45 17 6 22 23 29 10 40 44 33
2 6 14 23 13 30 32 5 43 12 20 3
17 5 6 30 23 21 4 29 15 8 1 10
8 15 7 41 4 33 46 21 42 1 47 45
9 28 20 37 24 22 19 34 17 13 2 36


15 22 24 11 2 3 35 26 20 47 5 1
10 7 18 0 39 40 25 35 9 46 8 23
6 21 26 3 13 12 11 5 24 2 38 47
21 12 28 6 26 5 13 47 1 11 3 24
34 17 39 18 42 0 14 41 36 8 20 30
22 24 26 11 3 47 15 5 28 2 1 21
0 1 20 30 5 9 47 12 36 14 39 42
43 33 0 32 25 3 28 39 11 34 36 41
9 15 3 7 2 6 38 35 17 31 14 5
31 45 35 15 7 22 2 24 5 42 26 11
18 39 0 46 10 8 23 25 27 29 36 19
33 25 39 18 37 10 0 46 8 20 9 23
20 0 30 1 39 47 46 22 18 5 24 11
10 18 7 25 39 8 23 35 40 0 36 46
26 11 12 13 21 24 47 22 6 28 3 5
17 14 34 27 4 28 32 0 39 25 37 46
37 17 4 32 43 33 11 41 25 14 39 28
35 31 15 7 2 22 43 42 9 40 5 24
39 18 8 23 46 29 0 36 16 25 27 10
24 22 26 11 47 3 5 1 2 28 12 21
7 35 10 25 15 40 46 17 18 9 37 45
10 18 0 25 7 46 39 35 40 19 8 37
30 1 47 12 20 26 24 5 11 22 21 28
22 24 15 2 11 26 3 1 47 20 5 42
10 18 7 25 8 39 23 35 0 40 46 9
3 11 5 2 6 22 24 47 26 21 12 1
18 10 46 39 23 0 7 25 8 27 29 19
18 8 39 23 10 25 7 29 36 0 46 27
41 16 32 8 21 29 38 44 36 6 12 42
35 7 10 25 46 18 40 15 45 31 17 37
26 11 3 24 13 22 6 21 12 2 47 28
6 12 21 26 43 13 11 3 5 47 24 2
3 6 11 26 2 24 21 13 22 5 15 12
3 6 21 11 26 12 5 24 13 2 47 28
38 6 21 16 41 13 32 12 3 43 44 29
38 3 25 9 2 43 17 40 42 36 15 33
46 19 44 29 27 23 32 18 16 41 28 33
47 1 5 24 26 11 12 22 21 30 28 3
24 5 11 47 22 26 1 3 2 6 21 12
12 21 32 41 47 28 26 6 43 11 13 1
15 38 6 2 9 3 13 21 43 42 5 26
30 20 1 0 47 28 12 5 24 22 11 41
10 46 7 18 19 25 23 35 39 8 29 0
0 46 18 20 10 39 19 25 30 35 27 40
0 46 10 18 39 20 25 19 27 40 7 35
17 14 28 4 11 38 3 26 12 21 47 24
43 22 47 5 1 24 26 30 12 21 28 6
7 9 10 35 25 15 40 45 17 37 18 8


43 18 0 29 13 7 16 44 34 2 25 39
26 31 46 45 2 39 9 3 0 27 11 6
30 37 20 19 34 17 38 4 33 36 1 26
37 34 38 19 33 20 17 4 35 24 1 2
32 31 35 42 33 37 46 2 23 36 3 45
3 27 5 46 11 28 42 9 32 22 10 7
40 23 27 32 11 24 35 9 28 22 31 10
45 14 18 8 44 39 29 43 0 13 6 25
21 24 4 11 19 22 40 41 38 16 17 20
39 30 0 17 36 44 45 29 8 9 34 2
21 11 3 22 5 1 24 20 46 27 15 28
46 3 7 27 12 30 14 18 11 10 44 9
32 23 27 40 35 31 42 28 3 9 10 46
26 32 6 27 11 23 1 47 3 46 22 42
14 13 18 45 8 44 29 0 28 43 24 39
11 27 22 21 5 28 7 9 46 3 41 39
14 25 39 0 43 44 45 8 29 18 6 7
34 19 21 38 37 17 46 20 4 1 24 26
26 1 36 15 19 20 4 37 34 17 9 24
37 34 33 20 17 31 46 35 19 38 1 2
23 32 27 40 28 11 9 7 10 42 35 12
3 27 46 9 5 11 32 28 7 10 29 25
20 24 21 19 40 38 33 34 1 37 15 41
3 5 46 11 27 28 22 21 9 10 7 15
37 35 4 33 19 38 34 17 24 20 31 23
19 38 33 4 34 37 17 20 31 35 24 2
24 23 40 47 35 6 33 4 7 19 14 18
27 11 3 5 46 28 22 9 32 10 7 12
27 11 5 3 28 22 46 9 32 10 7 12
41 47 9 26 6 38 42 18 5 46 23 4
10 23 9 28 27 41 3 42 32 5 22 46
2 10 12 41 47 22 24 25 17 13 28 3
26 32 2 42 3 27 23 6 45 15 4 7
37 34 38 33 19 17 35 36 2 20 4 26
18 13 43 8 6 14 0 45 19 37 7 34
21 46 11 24 22 27 5 3 36 39 28 1
27 45 7 14 11 22 5 10 3 25 43 28
28 18 0 14 45 29 43 8 13 22 24 23
19 38 20 34 37 33 17 4 24 35 31 30
3 5 11 46 21 27 7 12 9 22 10 2
27 3 11 5 46 28 32 9 22 7 10 42
12 6 20 41 10 16 19 24 15 2 38 21
26 41 19 38 4 24 33 47 21 20 8 0
14 18 8 45 13 44 7 28 10 12 22 41
28 22 25 3 27 24 5 41 2 11 46 21
11 21 5 27 3 22 46 10 24 9 28 7
27 3 11 5 46 32 28 9 22 7 10 23
37 42 34 33 38 17 31 19 20 35 4 23


33 17 19 6 9 36 31 34 0 3 23 24
42 43 3 22 41 38 45 31 20 18 37 2
6 23 34 24 12 40 33 0 15 3 42 31
45 2 40 32 1 46 42 14 19 35 41 27
34 23 6 24 15 33 40 12 0 25 31 3
23 33 24 15 34 5 40 6 16 25 9 32
24 15 33 11 25 38 21 17 40 12 3 23
30 39 36 25 32 5 16 19 8 38 14 23
34 24 6 23 33 15 12 3 25 0 40 42
20 14 7 13 44 35 26 27 45 2 4 28
38 37 9 32 30 1 19 28 2 25 36 11
9 17 5 29 37 8 18 19 10 33 28 13
38 37 42 47 28 6 2 18 40 10 46 29
24 15 5 40 33 45 19 17 34 6 32 11
15 34 0 23 31 40 6 16 33 22 42 24
37 38 30 47 18 11 2 43 36 34 16 5
23 24 33 34 15 6 11 40 25 3 16 5
34 31 23 33 6 0 24 3 15 25 16 1
2 9 45 19 38 30 1 5 36 28 14 35
12 42 39 23 6 41 0 47 34 16 31 33
34 23 24 15 33 6 40 25 0 31 12 16
37 47 43 30 18 29 2 5 23 38 8 33
36 20 28 14 13 7 44 45 4 31 27 38
40 15 12 24 25 27 45 42 2 6 5 17
34 33 6 23 12 31 24 40 1 0 25 16
19 21 5 17 9 8 36 18 28 30 13 10
23 34 24 6 33 15 40 25 12 0 16 31
30 0 39 37 43 47 8 12 40 33 18 20
1 17 3 31 36 20 45 7 13 0 26 19
14 20 13 44 7 26 39 46 43 4 35 11
7 44 13 14 26 28 20 4 35 10 11 46
4 44 13 20 26 14 35 46 28 7 10 27
12 24 11 14 17 40 33 10 25 46 6 9
9 29 5 1 36 17 8 44 18 19 33 2
42 35 46 27 14 44 20 9 7 13 45 29
44 20 14 13 7 35 26 28 4 27 46 10
24 3 34 40 15 33 6 0 12 23 36 31
0 31 34 6 1 15 12 3 23 16 8 40
37 18 47 40 38 6 15 39 2 24 34 23
30 39 10 43 5 37 38 8 47 28 18 44
20 11 27 35 14 26 38 7 30 46 44 37
31 0 34 23 6 12 3 42 1 16 15 24
20 45 27 14 7 35 28 44 13 26 41 38
23 39 30 34 43 6 37 47 12 31 18 33
9 17 19 5 8 29 28 21 27 10 36 33
44 13 35 4 14 46 26 7 28 20 10 27
0 37 43 31 39 47 40 34 29 18 4 12
23 31 15 34 24 3 36 1 40 33 16 0


23 36 1 30 35 11 17 18 34 25 29 40
42 37 33 21 24 3 19 20 7 45 22 10
11 35 30 34 1 14 27 28 25 5 0 4
21 45 7 24 10 37 19 12 22 38 20 42
42 43 9 16 37 24 21 33 3 7 25 13
14 44 4 35 34 18 27 28 30 22 2 25
25 30 34 1 35 14 8 27 28 4 20 11
14 30 1 34 25 11 35 31 8 40 28 5
26 0 11 16 29 46 18 23 41 43 17 9
33 37 22 9 45 32 21 25 30 13 46 47
2 18 36 44 34 8 11 22 13 14 43 0
21 7 45 10 38 19 12 24 37 3 31 42
0 46 23 29 9 17 35 4 30 41 26 1
9 26 16 46 0 13 22 47 32 41 5 17
4 39 2 18 35 25 36 1 46 23 17 11
10 12 47 13 38 19 45 21 3 22 7 15
35 11 1 14 30 4 34 27 28 5 25 8
21 19 38 10 12 7 45 13 24 37 22 3
46 26 18 17 0 8 14 11 28 35 5 25
24 42 20 31 27 21 6 38 43 25 46 14
44 28 14 22 4 15 18 35 19 34 32 30
26 46 0 29 16 9 31 12 37 23 41 7
35 27 11 4 1 34 14 30 28 5 8 43
33 45 37 10 22 21 13 3 7 12 42 32
34 39 8 44 36 18 11 2 0 43 41 25
16 3 29 46 9 26 12 23 37 15 6 7
46 26 17 35 25 11 16 36 41 34 1 4
2 18 8 3 15 23 24 44 1 42 25 28
30 1 25 11 28 35 34 14 5 32 8 0
9 22 32 37 33 13 10 45 12 7 3 47
26 9 46 37 7 16 12 10 21 6 3 22
34 36 4 35 44 1 28 15 43 30 11 8
38 24 21 10 13 27 45 42 19 20 47 4
8 14 40 34 30 11 25 44 5 18 35 28
30 1 35 25 11 34 14 28 8 5 4 27
21 10 7 24 45 38 12 37 3 19 20 42
11 1 35 30 34 14 25 28 5 8 27 4
35 11 1 14 30 28 27 34 8 25 5 4
33 10 22 37 45 21 13 3 12 7 32 9
18 14 0 35 4 1 34 8 15 30 11 31
10 38 47 13 3 24 12 7 15 21 16 33
25 30 14 20 28 1 11 8 34 27 42 35
21 45 10 24 37 7 33 22 42 13 3 12
12 47 19 10 22 15 32 45 37 13 7 44
11 35 1 30 14 34 25 28 27 8 5 43
32 9 33 30 1 47 22 11 25 5 23 34
30 34 8 14 35 11 1 25 36 28 44 43
37 9 22 32 33 7 45 12 21 3 10 13


44 18 27 43 4 31 22 8 38 35 33 13
42 34 45 41 37 5 28 2 30 47 3 46
3 11 37 45 34 42 46 5 28 7 30 41
13 38 8 21 6 27 18 44 33 43 22 31
3 28 11 41 39 45 14 37 34 7 42 5
31 43 4 44 27 22 18 35 36 23 8 38
42 34 41 45 37 5 28 30 3 46 47 2
28 14 3 11 45 41 37 34 12 7 5 42
26 0 9 5 46 37 45 34 42 3 30 28
13 8 27 21 44 18 38 43 33 31 22 6
47 45 41 34 42 2 28 5 37 17 29 30
3 2 7 39 28 32 14 41 29 11 45 34
7 9 39 11 3 2 34 46 41 30 45 37
31 4 13 43 27 23 36 44 18 22 38 35
47 41 45 42 34 5 37 30 28 19 46 2
21 6 33 2 8 38 7 13 27 12 44 31
45 41 3 34 28 37 42 5 19 30 46 11
45 5 30 37 42 46 34 3 41 28 11 19
11 25 12 41 39 3 34 37 45 42 7 30
23 36 26 15 31 35 0 9 16 43 4 22
18 44 13 27 38 43 22 31 4 8 33 35
35 43 31 4 44 27 18 36 23 22 15 16
43 23 31 4 44 35 27 15 18 36 22 13
23 31 36 43 4 27 44 22 35 18 13 8
25 12 26 39 28 3 34 20 11 14 1 41
43 31 4 23 27 44 35 36 18 22 15 13
12 10 22 35 1 40 9 17 8 39 0 47
12 25 44 43 35 4 18 10 27 16 15 24
41 19 45 30 5 42 34 46 37 47 39 3
22 31 13 27 38 43 8 44 18 4 36 23
43 31 44 27 4 18 35 22 23 36 8 13
39 41 19 37 30 42 34 11 45 5 3 28
13 27 31 44 43 18 38 8 22 4 23 35
47 45 41 42 34 5 37 28 30 2 46 3
31 43 36 44 35 4 23 27 22 18 38 15
42 37 5 34 30 45 41 46 3 19 28 11
42 34 37 30 5 45 41 46 3 28 19 39
8 13 38 33 21 27 22 44 18 31 6 43
27 13 38 8 18 44 21 22 33 31 6 43
13 38 8 21 27 22 6 18 33 44 31 43
43 44 31 27 18 35 4 8 22 36 16 38
1 16 10 35 40 17 15 43 9 4 36 24
15 23 35 43 4 31 40 36 44 18 27 10
20 21 39 13 24 3 9 32 2 8 29 41
43 27 44 31 4 18 35 22 23 36 8 13
21 33 8 38 16 31 27 13 44 9 43 6
25 20 12 19 14 10 6 34 11 23 4 37
43 31 44 27 4 35 18 23 22 36 13 8


42 25 36 41 34 39 0 37 10 4 22 19
22 46 10 42 25 23 39 41 4 15 36 6
27 9 38 29 5 4 2 41 37 36 0 42
20 31 28 18 12 44 21 40 43 35 17 26
17 28 21 20 31 18 44 26 40 12 32 11
13 29 33 45 14 17 28 21 11 8 1 18
1 39 25 36 42 22 6 10 38 33 15 41
24 38 9 46 16 2 27 30 37 5 32 19
36 37 41 0 1 39 4 9 3 34 42 38
41 42 4 36 37 0 25 34 39 33 2 6
9 30 3 5 2 0 27 34 1 41 36 47
13 11 9 38 47 43 30 3 14 1 23 12
16 12 21 44 30 7 18 31 14 20 5 43
6 22 39 8 33 42 4 1 41 15 10 25
18 12 44 20 21 40 31 28 17 35 26 43
17 31 40 28 35 20 18 26 12 44 11 32
15 45 22 24 36 39 4 42 41 25 46 37
14 45 30 23 38 21 9 19 34 43 24 18
17 40 18 26 44 20 21 12 31 35 28 16
23 18 46 20 26 31 21 35 17 32 40 44
24 46 43 32 20 29 18 30 31 26 21 44
31 28 18 12 20 44 21 17 40 35 43 26
40 17 18 26 31 35 28 20 23 44 12 21
24 38 46 22 26 25 15 20 4 36 11 23
18 21 20 44 31 17 12 28 40 35 26 43
23 43 11 13 12 32 21 28 31 47 40 44
9 0 36 3 38 2 34 41 42 10 5 46
25 4 37 39 38 2 10 3 19 42 41 0
20 28 31 17 18 44 21 35 40 43 12 11
30 44 21 12 20 18 16 40 31 17 28 35
23 11 13 14 3 30 38 47 32 45 40 12
17 18 20 31 44 28 35 40 21 12 26 11
17 31 28 12 20 26 44 18 21 40 35 32
38 27 46 23 16 9 43 26 7 24 32 2
21 28 12 44 18 31 20 26 17 43 40 35
38 27 9 2 34 30 5 43 37 10 23 1
36 45 39 34 33 42 17 29 10 40 11 35
43 31 28 12 20 40 18 44 35 17 21 26
41 0 4 2 36 37 9 42 27 34 33 5
45 34 19 11 10 14 35 0 17 40 43 36
19 2 5 30 0 41 34 13 9 14 45 37
30 20 44 12 21 43 31 24 5 14 40 18
22 15 6 39 38 4 29 24 45 37 26 16
12 31 44 28 43 20 21 18 17 32 40 26
47 7 14 16 21 32 13 18 44 43 8 28
7 16 14 13 26 27 21 1 47 38 8 23
38 9 1 47 8 14 24 30 36 11 34 42
46 29 24 5 30 41 33 9 45 16 0 20


43 18 6 23 10 0 33 40 37 31 2 39
13 1 22 5 17 12 38 25 34 11 26 35
14 29 2 37 44 23 6 19 0 33 10 39
31 10 43 18 40 23 27 6 33 0 15 39
37 14 23 0 33 6 43 18 40 10 39 15
23 10 43 37 33 0 6 39 40 18 2 15
38 5 32 17 11 13 34 1 22 25 26 45
47 24 2 31 3 27 15 10 43 40 39 37
43 23 10 40 37 18 0 6 33 2 15 39
13 5 1 22 38 12 17 34 26 11 25 32
43 23 10 18 0 40 6 33 37 39 31 15
31 27 40 10 15 8 9 39 23 43 18 37
5 38 13 17 34 1 45 11 12 22 32 35
23 10 43 0 33 18 40 6 37 39 31 15
13 22 1 5 38 17 34 25 12 11 26 32
1 26 17 5 13 22 36 34 25 11 38 45
43 23 10 6 33 18 0 37 39 31 40 41
47 3 24 31 35 2 12 1 15 13 27 5
23 43 10 40 0 18 6 37 33 15 2 39
5 13 12 1 34 22 17 11 38 35 45 25
23 10 0 40 6 33 43 37 18 39 15 2
5 38 32 13 26 17 34 1 11 22 25 45
33 41 39 43 6 0 10 23 18 37 4 40
39 40 31 10 3 15 27 37 2 8 6 23
43 23 10 37 0 33 40 18 6 39 15 2
15 40 31 10 2 43 37 23 18 0 6 27
13 22 1 25 17 38 26 11 5 34 32 12
37 0 23 14 43 6 40 10 33 39 15 18
40 23 10 15 0 37 43 6 18 2 33 39
39 37 0 23 33 10 40 4 6 18 43 15
10 15 2 40 31 43 23 37 39 0 33 6
18 0 6 23 43 33 10 40 37 14 2 39
1 5 13 22 38 25 12 17 26 34 11 32
43 10 23 18 40 0 6 33 31 37 2 15
35 2 47 24 3 15 31 12 1 34 22 5
2 15 10 43 40 39 31 23 37 6 18 0
32 30 26 38 1 36 5 25 46 7 11 17
15 37 2 23 39 40 10 0 43 6 33 18
32 26 38 1 25 36 17 34 5 11 13 30
23 0 37 6 18 40 33 10 43 39 15 2
28 20 4 22 44 19 34 32 30 13 16 26
47 12 22 13 27 25 31 1 17 24 3 41
23 10 43 0 33 37 6 40 18 39 2 15
26 38 32 1 17 13 5 11 22 34 25 36
31 10 47 43 2 41 40 39 18 23 15 33
23 10 40 18 43 6 0 33 37 15 2 31
38 17 11 13 22 34 5 32 25 1 26 12
33 10 6 23 0 39 18 40 43 37 41 8


29 28 2 17 43 39 7 16 4 25 44 9
25 5 45 32 27 44 28 41 20 39 47 43
7 39 28 4 43 16 31 9 20 29 40 41
41 40 25 20 45 43 5 32 44 39 8 29
39 43 20 5 41 11 25 44 22 47 45 29
37 36 33 13 26 21 19 0 12 15 1 46
13 0 33 36 26 19 15 37 12 35 23 1
40 30 4 21 42 25 22 37 20 6 33 36
23 15 30 36 46 13 33 37 19 21 16 40
43 39 41 5 11 20 44 47 45 25 29 32
15 30 19 37 33 40 36 21 14 12 23 26
41 43 5 11 39 20 47 44 25 45 29 32
33 36 15 37 31 35 26 13 19 16 1 21
39 43 5 11 41 20 44 47 25 45 29 27
37 36 19 33 15 26 21 13 46 30 1 12
44 41 43 39 11 40 10 22 20 9 29 5
2 23 32 19 46 36 30 28 3 12 13 15
37 26 19 36 13 21 15 33 30 0 1 12
5 39 43 20 11 25 41 44 47 27 45 29
31 34 16 28 38 2 14 35 4 23 27 33
43 39 11 5 20 47 25 44 41 27 29 45
27 32 24 38 10 39 18 11 8 5 28 43
20 7 41 31 43 18 10 4 9 8 39 42
36 19 37 13 33 15 26 21 30 12 1 35
41 9 11 47 44 22 18 43 40 5 39 20
9 39 43 22 2 44 12 20 34 11 10 29
33 37 26 15 36 19 13 21 0 1 46 30
43 41 11 39 5 47 20 44 18 45 25 10
23 6 15 40 28 27 4 32 38 41 46 45
44 39 43 32 5 11 41 27 45 47 10 20
15 37 36 19 13 33 26 46 21 30 1 12
43 11 5 39 41 25 20 44 47 29 10 27
10 17 38 13 24 6 32 2 27 1 4 26
11 5 39 9 47 44 20 43 34 28 31 29
39 43 11 5 20 41 10 29 44 47 27 9
11 41 43 5 39 44 20 47 25 18 29 32
26 40 37 36 1 21 19 15 30 13 46 33
11 39 43 27 28 5 10 47 29 31 38 20
11 39 44 5 43 20 41 10 29 47 45 25
43 39 41 5 20 11 25 47 44 29 45 27
33 37 21 26 15 36 0 31 34 46 12 19
34 11 39 31 5 44 2 3 10 22 47 20
41 43 44 39 47 11 5 25 27 20 32 45
9 22 34 11 39 44 2 20 5 43 3 47
43 39 41 20 11 44 25 5 45 47 32 18
36 37 15 19 14 30 46 33 13 35 23 12
37 36 19 33 46 21 15 26 13 0 1 12
39 5 43 44 11 20 25 41 47 27 29 45


31 33 12 27 18 26 45 5 11 24 34 23
21 39 30 28 36 43 13 0 29 44 46 35
39 21 44 36 19 29 28 0 4 40 47 13
43 5 27 18 26 46 13 42 35 32 23 12
21 13 39 28 0 44 30 36 24 19 11 32
7 43 17 2 11 30 13 25 5 36 21 29
43 20 13 8 32 14 0 16 38 30 1 39
4 29 39 43 37 16 25 22 46 6 9 21
17 7 10 42 28 19 2 40 44 45 0 41
13 21 28 1 43 44 25 0 30 47 27 35
44 30 13 21 28 47 36 2 0 11 39 19
21 39 36 30 13 28 44 0 46 40 16 19
31 23 22 33 11 3 5 9 18 26 20 34
39 36 46 21 16 19 40 24 0 32 30 44
9 34 26 3 12 15 18 22 41 45 42 33
39 29 21 36 46 16 19 4 40 0 24 30
39 19 36 44 21 40 0 28 14 16 2 29
21 39 28 44 0 36 32 19 16 30 13 37
23 27 1 41 12 34 42 43 45 31 9 26
11 31 27 12 43 18 1 33 5 26 42 17
21 30 13 36 39 43 11 28 29 47 46 0
3 15 35 26 22 18 20 40 9 34 42 29
28 43 44 21 1 47 37 13 30 0 35 36
42 3 15 41 9 34 1 12 45 7 26 47
39 28 44 19 4 21 32 29 47 36 16 0
22 26 42 18 15 29 3 35 45 20 41 34
44 39 36 21 28 29 47 2 19 30 14 4
30 13 36 11 21 24 44 28 32 46 7 25
45 26 34 12 9 31 18 41 22 33 42 6
34 45 26 9 12 41 15 42 18 31 27 22
21 30 13 39 28 44 36 0 47 19 24 2
34 15 9 3 45 26 41 6 22 12 18 35
22 26 6 34 18 45 9 42 41 15 29 33
13 30 21 44 28 36 11 32 0 47 1 39
21 28 44 39 4 47 19 36 29 14 13 32
34 26 9 45 12 18 41 22 31 15 3 42
26 42 34 45 35 41 9 18 15 12 3 22
44 21 28 36 39 13 47 30 19 0 32 40
3 9 15 34 22 26 20 6 18 45 12 41
18 1 31 45 26 33 41 15 11 34 12 42
6 34 32 12 23 24 45 9 15 27 25 19
34 26 9 33 12 45 18 41 31 22 42 15
40 36 44 28 39 0 2 14 19 21 13 30
21 28 44 39 37 13 30 36 19 47 2 32
9 34 26 22 3 12 45 18 15 41 6 33
44 39 28 21 40 19 47 24 36 16 46 4
30 43 42 29 2 3 20 36 22 11 15 26
9 34 26 12 22 3 45 15 41 18 31 6


44 21 39 36 10 11 7 43 29 13 14 20
45 3 10 34 29 28 12 41 1 20 5 13
22 32 24 11 0 7 31 19 35 9 14 44
12 10 5 20 34 1 3 45 29 28 25 41
32 22 11 24 7 31 0 19 35 14 9 44
10 12 5 1 34 29 45 3 20 41 43 25
32 22 11 7 0 24 35 31 19 40 27 2
25 16 12 5 1 34 45 10 29 38 20 4
34 10 12 3 45 1 20 5 29 25 41 43
20 45 5 3 10 34 12 1 41 25 29 28
34 5 29 10 1 12 43 41 3 28 20 25
3 10 34 41 12 13 1 5 28 20 43 45
10 5 34 29 20 3 45 1 12 25 41 28
2 40 47 30 35 16 32 39 25 7 15 36
24 22 32 7 31 11 0 19 9 14 27 35
1 12 10 34 5 43 45 29 3 20 38 25
10 12 5 34 1 45 29 3 20 41 43 28
10 34 12 1 29 5 45 3 41 20 28 43
0 24 22 31 32 11 7 19 9 14 27 35
22 32 11 24 7 31 0 19 35 14 44 9
22 32 7 31 24 11 0 19 35 14 9 44
22 24 0 32 31 7 11 19 14 9 35 27
29 5 10 45 1 34 3 12 25 41 28 20
45 12 10 1 34 5 3 20 25 29 41 43
22 32 24 0 11 7 31 19 35 9 14 27
10 34 12 5 3 45 1 29 20 41 13 43
4 34 29 38 10 12 41 1 43 5 3 45
38 34 1 45 4 12 43 10 29 3 16 37
20 25 29 41 28 45 5 3 10 1 34 13
22 32 24 7 11 31 0 19 35 14 9 27
22 24 32 7 0 31 11 19 14 9 35 27
22 24 32 11 7 31 0 19 9 35 14 27
14 17 7 2 19 31 0 24 22 8 32 11
14 7 31 19 8 11 32 24 22 35 0 42
22 24 31 7 32 0 11 19 14 9 35 27
22 32 0 24 11 31 7 19 35 9 14 27
29 13 38 10 45 12 34 3 5 1 28 4
12 16 10 38 5 25 20 1 45 3 13 34
22 24 31 7 32 11 0 19 14 9 35 44
27 24 0 11 9 32 31 22 46 7 19 47
18 16 20 3 28 5 25 10 15 12 23 41
9 27 2 0 24 36 37 11 40 38 4 22
0 22 32 24 31 11 7 19 9 14 35 27
22 24 32 11 7 31 0 19 35 9 14 27
20 10 25 12 45 5 29 1 3 34 38 13
25 29 5 12 10 45 34 20 41 1 13 3
44 25 3 5 18 20 4 23 10 41 29 39
24 31 22 32 0 11 19 7 9 44 27 14


23 0 27 19 17 20 37 45 39 36 18 24
2 5 15 43 16 45 39 21 33 14 10 35
10 5 21 22 41 47 8 44 33 12 34 6
5 13 41 10 26 22 28 47 18 15 44 3
23 17 24 2 32 19 39 0 45 40 31 27
35 18 12 6 46 8 34 4 44 21 2 41
0 23 2 29 27 31 24 38 36 17 25 20
21 10 5 8 22 33 47 31 34 41 12 13
34 6 14 20 44 28 5 24 45 8 31 35
0 17 27 37 23 20 24 19 45 29 40 2
20 0 19 17 27 37 23 24 29 18 15 45
0 37 17 23 27 19 24 40 39 20 45 25
17 37 0 27 23 19 45 24 39 16 38 2
23 19 0 18 45 20 27 15 28 2 24 17
0 23 27 17 37 19 20 24 39 45 36 15
10 5 41 22 47 21 9 44 6 33 30 4
22 47 34 21 13 10 35 8 32 12 4 31
23 36 19 45 37 0 25 40 27 39 20 17
23 0 19 17 27 20 24 39 37 45 36 2
0 27 37 40 19 23 17 45 20 39 18 25
23 19 0 27 17 24 37 20 45 36 39 40
29 36 26 13 19 12 43 20 33 32 18 0
23 0 27 19 17 37 20 24 39 45 36 40
0 27 23 37 20 17 19 24 45 39 40 15
4 42 18 36 5 33 32 11 12 35 26 41
17 27 45 0 24 23 19 20 37 39 46 26
41 10 47 5 12 30 44 22 46 3 6 4
12 46 40 18 28 11 20 44 41 7 43 24
10 22 21 41 47 5 12 44 46 32 34 8
26 13 6 22 1 29 47 33 10 9 41 21
47 22 10 21 13 8 34 41 9 44 4 35
10 41 22 21 47 5 12 44 8 34 6 4
0 23 27 19 37 17 20 39 40 24 45 36
23 0 19 27 17 37 39 24 20 40 45 36
28 7 15 41 16 30 24 3 37 42 25 2
23 19 17 37 45 39 38 0 29 36 2 11
39 17 23 24 37 0 1 25 27 45 30 3
10 21 22 5 47 41 44 8 34 12 33 13
23 36 20 0 19 15 24 39 7 45 6 27
40 37 25 46 36 3 39 20 16 27 9 44
17 23 0 27 19 2 45 20 7 24 4 39
5 10 21 47 33 22 41 44 8 26 28 34
40 25 38 37 39 27 0 42 9 18 17 46
23 36 19 45 2 31 0 17 26 27 24 20
10 21 44 5 41 22 6 42 33 32 12 4
19 23 0 27 17 32 45 20 36 40 37 24
12 20 38 3 26 32 30 19 27 0 43 29
3 40 10 25 47 46 41 22 12 6 16 34


27 3 8 21 5 47 35 43 16 10 31 24
27 8 47 43 3 21 12 37 5 10 16 35
26 25 37 11 30 28 29 41 24 35 40 15
23 9 34 36 44 11 39 38 22 45 13 18
38 45 4 15 42 17 11 44 27 9 46 47
27 3 25 20 17 21 10 5 37 0 35 15
11 44 38 9 41 6 39 36 23 34 42 26
9 23 36 34 39 11 44 22 45 13 38 41
10 33 35 29 37 15 23 0 9 12 34 36
24 2 18 15 7 33 14 9 11 43 38 16
5 27 8 21 3 16 43 25 10 37 24 31
27 25 8 3 5 10 43 21 37 12 31 47
27 25 3 8 43 5 37 10 12 21 35 24
27 3 25 8 10 12 5 21 37 43 35 47
27 24 21 43 3 37 8 5 25 35 47 15
11 9 44 45 34 7 22 39 26 19 13 32
17 9 23 39 44 30 11 45 46 32 13 38
31 23 30 21 29 35 38 3 17 18 10 42
25 3 10 5 8 27 30 21 37 12 43 35
10 5 25 8 30 3 37 21 27 43 29 28
27 21 12 43 5 3 8 10 24 20 2 37
27 3 8 21 25 5 43 12 10 37 35 47
44 11 15 28 45 41 4 18 14 42 22 12
4 21 44 28 47 14 43 22 11 38 41 6
40 44 33 29 38 23 20 34 37 28 45 39
9 39 44 23 11 36 34 22 14 45 6 41
27 25 10 3 8 5 21 37 12 43 31 35
3 27 12 8 25 47 28 21 37 16 43 10
9 23 11 39 44 36 34 41 22 38 45 14
27 8 25 3 43 21 47 10 5 37 12 31
9 39 44 23 11 36 22 45 34 14 38 18
14 18 17 24 0 27 21 4 44 3 47 5
27 3 25 8 5 10 12 43 37 21 47 35
9 39 44 11 23 36 22 34 41 45 38 14
9 23 39 44 11 36 34 22 45 14 41 42
27 30 33 31 28 17 25 35 2 21 12 3
9 23 44 39 41 4 36 14 32 11 22 34
25 3 8 21 1 24 27 10 43 12 37 31
9 11 23 36 39 38 34 44 2 41 7 13
3 27 10 8 30 25 43 47 5 12 16 21
22 41 39 11 44 9 1 38 4 13 46 14
27 8 47 3 12 21 5 43 37 16 25 10
40 4 9 47 44 14 39 23 34 11 36 13
27 10 25 3 8 43 31 21 47 5 37 30
9 11 39 42 45 41 36 44 14 34 26 23
27 25 8 3 5 21 43 10 37 35 47 31
25 21 10 37 28 19 26 3 29 40 43 46
24 21 27 25 43 37 8 5 31 28 3 47


22 5 17 23 25 45 28 6 12 41 29 2
2 28 5 30 6 22 0 3 43 24 25 16
22 4 24 28 6 7 16 23 43 5 2 15
37 11 46 38 27 36 20 47 13 2 19 22
35 14 36 19 38 8 3 32 45 47 18 25
35 14 36 19 38 3 8 32 18 47 46 45
6 22 24 7 2 4 16 28 23 43 5 15
43 19 37 25 28 2 10 13 40 11 7 12
6 22 7 24 4 2 16 28 43 23 5 17
22 6 7 24 2 16 23 4 5 28 43 15
35 14 36 19 8 38 18 3 45 46 32 20
36 8 35 14 38 3 45 18 32 42 20 39
6 22 7 2 24 23 16 4 28 43 5 17
35 36 8 19 14 46 32 3 38 27 18 47
19 38 37 32 18 14 8 35 36 46 3 27
14 35 36 8 38 30 46 20 37 18 26 19
6 2 24 5 22 20 7 4 16 29 23 12
35 36 14 19 32 8 3 38 18 46 47 27
7 24 6 2 22 16 4 28 43 23 17 5
22 6 4 7 23 24 2 16 5 43 28 17
35 36 14 19 8 32 38 3 18 46 47 27
22 24 28 4 43 16 6 37 2 23 41 15
24 7 22 6 4 2 16 28 43 23 5 15
27 47 46 8 30 32 36 0 19 20 14 35
35 14 36 3 19 38 32 18 37 8 46 47
36 35 14 8 19 46 32 47 18 38 27 3
22 10 45 38 47 23 32 3 15 37 12 5
35 36 14 8 19 38 3 32 18 47 45 25
19 37 46 32 14 27 1 8 11 18 20 24
35 36 14 38 47 3 18 42 33 8 39 19
45 19 16 2 24 43 37 7 12 20 32 21
7 6 28 23 4 16 2 24 22 43 5 17
22 6 4 24 2 7 5 23 16 28 43 34
6 2 28 24 7 16 4 22 43 23 5 15
39 11 3 20 31 42 33 13 4 1 32 18
14 35 38 26 8 45 3 15 46 19 20 36
19 9 20 1 16 30 18 32 41 31 13 43
45 5 2 4 27 22 17 6 29 10 16 23
8 35 36 14 27 38 47 3 37 20 45 46
22 6 4 2 24 7 16 28 43 23 5 17
20 47 45 30 35 14 31 29 8 36 38 1
35 36 8 32 19 37 3 18 46 14 38 47
8 14 45 36 35 26 19 46 32 27 25 47
22 34 17 5 6 2 23 28 25 11 43 29
22 6 7 28 2 23 16 4 43 24 5 17
22 7 28 24 6 4 16 43 2 5 23 34
4 28 24 2 7 16 6 11 13 44 43 34
24 16 6 43 7 2 23 28 22 4 15 40


3 4 31 28 0 5 25 39 37 1 18 45
4 39 5 31 25 3 0 28 37 18 45 9
28 25 5 31 0 4 39 3 45 17 26 8
42 14 41 47 44 23 20 27 10 11 16 33
4 3 5 25 0 28 37 31 39 18 45 1
39 4 31 3 0 28 5 25 37 45 18 26
42 11 14 27 47 6 44 9 21 1 41 23
42 14 47 41 44 20 23 27 33 10 11 35
42 47 14 41 44 23 20 33 27 6 11 35
27 42 47 14 44 41 15 29 10 35 7 9
9 35 11 27 14 43 47 42 7 29 1 26
6 33 22 39 5 17 29 38 25 30 9 4
42 47 14 41 23 44 20 29 27 11 13 10
42 14 41 47 44 20 23 27 33 11 16 35
4 3 31 39 5 0 25 37 28 45 18 26
4 31 39 0 5 3 28 25 45 37 18 26
42 14 47 44 41 23 10 27 11 13 16 20
42 14 41 47 44 23 20 27 35 11 29 10
4 5 3 0 25 31 39 28 45 18 37 26
0 28 25 5 4 37 3 31 39 18 34 45
42 14 41 47 44 23 20 27 16 33 10 11
41 42 47 14 44 23 33 20 16 27 11 10
14 42 47 41 44 23 20 27 35 16 33 10
3 39 4 0 28 31 5 1 25 43 18 27
4 3 0 39 5 31 28 25 45 1 30 18
0 4 5 3 31 39 28 25 45 37 18 1
5 4 39 0 31 25 3 28 45 18 37 1
4 5 25 3 39 31 0 28 45 18 37 26
3 19 39 5 4 0 25 10 31 12 28 32
42 14 41 47 29 23 20 44 2 7 10 27
13 18 34 23 20 37 9 26 10 31 19 43
42 14 47 41 23 27 20 44 6 35 34 11
7 16 6 24 17 46 1 25 20 22 5 15
41 47 42 14 23 20 29 44 33 27 11 35
25 4 5 31 39 0 3 28 45 9 26 22
4 3 5 0 31 25 39 28 37 45 18 1
42 41 47 14 44 20 23 27 16 11 22 24
45 32 5 25 28 31 4 3 0 26 39 2
42 14 41 47 44 23 20 27 33 10 11 16
33 6 20 47 44 21 46 41 23 38 2 36
25 31 3 4 39 5 0 28 45 18 21 17
0 4 39 31 5 3 28 25 45 9 18 26
41 42 47 14 23 19 11 44 10 20 27 13
42 14 41 47 23 44 11 19 16 20 40 35
42 41 14 47 44 23 20 27 11 29 35 33
25 5 4 39 31 3 0 28 45 30 26 18
42 14 44 23 47 41 33 20 35 19 36 11
42 14 41 47 44 23 20 27 19 11 16 10


22 27 37 4 38 8 42 46 14 19 28 13
35 11 0 29 40 17 33 32 3 1 30 7
35 11 0 29 40 17 3 1 30 32 33 24
35 11 0 40 29 17 33 32 24 1 30 3
35 11 0 29 40 17 33 23 30 3 32 24
35 11 0 40 29 33 17 32 3 30 1 24
11 35 0 40 29 17 33 32 30 1 24 3
35 11 0 40 29 17 33 30 24 32 1 9
0 35 11 17 29 40 24 1 23 32 3 31
0 33 11 47 9 3 1 29 35 43 24 40
19 46 13 44 4 38 8 26 22 27 41 37
30 35 40 1 0 11 33 31 17 2 39 29
35 11 0 40 29 17 32 3 12 30 1 33
37 18 42 41 6 36 46 44 19 13 43 25
23 17 33 29 40 35 11 9 0 12 2 31
34 17 12 22 4 37 14 35 39 10 29 2
13 15 46 19 18 8 34 38 28 27 33 36
35 11 0 40 29 17 33 32 3 30 1 24
35 11 0 40 29 17 33 32 30 1 3 24
35 11 0 40 29 17 32 33 30 1 3 31
13 8 38 46 19 44 4 41 26 37 22 42
35 29 17 0 11 40 1 30 32 20 12 2
41 37 7 25 6 18 44 34 4 22 13 36
35 11 0 40 29 17 33 30 32 3 24 1
35 17 0 12 11 29 14 32 30 24 39 34
11 35 0 40 33 29 17 30 1 32 2 3
46 44 13 19 38 8 42 37 41 4 26 36
38 27 19 8 4 22 10 46 45 42 36 41
19 46 13 38 44 8 4 27 26 37 22 42
1 11 35 32 40 0 3 47 33 9 30 29
35 11 0 29 40 17 33 24 30 23 2 3
46 13 19 8 44 38 4 22 27 37 42 26
28 21 9 20 45 27 14 26 46 24 22 42
19 46 13 44 38 8 4 42 22 26 37 27
35 11 0 29 40 17 33 30 1 3 32 24
46 13 19 8 44 38 42 4 37 27 22 41
11 35 0 40 17 29 33 32 1 30 39 3
19 46 22 38 13 44 4 8 37 26 27 41
46 13 19 44 38 8 27 4 42 37 36 22
22 4 8 10 14 37 42 27 38 13 46 44
35 11 0 17 29 40 32 9 24 30 31 33
26 19 38 46 4 37 12 44 42 6 8 25
13 44 19 46 8 38 22 41 27 36 42 4
43 40 9 39 30 7 35 0 29 12 31 33
11 35 0 40 29 17 33 32 30 1 3 24
19 46 13 44 22 4 38 37 8 41 27 42
11 35 0 40 29 33 17 1 3 30 32 7
13 44 19 36 46 8 38 41 27 22 15 42


17 44 43 23 37 38 21 39 34 32 13 40
30 15 35 33 47 46 22 25 11 7 41 1
15 30 35 33 46 47 22 11 25 7 1 41
18 11 26 3 47 29 27 22 36 24 41 2
33 30 15 35 47 46 25 22 11 1 20 4
35 15 30 33 46 47 11 41 25 1 22 4
21 27 2 9 39 32 38 37 43 25 10 17
17 43 23 39 21 44 13 38 37 40 32 14
35 10 9 3 29 33 47 25 40 1 15 26
47 15 11 46 30 35 33 39 1 40 26 20
15 35 30 33 47 46 11 1 22 25 41 4
30 15 35 33 47 46 11 22 41 25 1 7
30 15 35 33 47 46 22 25 7 11 41 4
35 22 45 15 33 41 30 7 24 5 29 6
30 15 35 33 47 46 22 11 41 25 7 1
30 15 35 33 46 47 22 11 41 7 25 1
25 7 22 30 6 8 20 35 33 18 11 26
35 15 30 33 11 46 22 47 1 41 45 25
29 45 17 42 39 40 44 16 10 23 37 5
30 15 35 33 46 47 22 11 7 25 41 4
46 15 35 47 30 11 33 45 29 24 31 1
47 20 25 35 39 15 30 27 22 26 10 33
30 33 35 15 41 7 22 25 46 47 1 11
30 15 35 33 46 47 22 25 11 41 7 1
15 35 30 33 46 47 22 41 11 25 7 1
30 15 35 33 47 46 22 11 25 41 7 1
35 15 30 33 47 46 11 25 22 7 41 1
17 43 44 23 21 38 13 37 32 39 14 34
30 35 15 33 46 47 22 25 41 7 11 1
15 30 35 33 47 46 11 41 4 22 25 1
17 44 23 43 37 34 38 21 40 39 16 32
7 22 30 15 41 35 33 19 25 5 9 3
17 44 43 23 37 13 21 38 34 39 32 40
15 30 35 33 22 46 25 47 7 41 11 4
30 33 15 46 35 47 11 41 25 4 18 1
40 1 28 44 21 14 23 24 10 34 12 46
30 15 33 35 46 47 25 41 22 1 7 11
35 15 30 33 46 47 11 22 25 1 41 4
38 21 17 43 39 44 40 23 37 13 14 32
23 17 43 44 21 13 38 37 34 14 32 16
9 45 10 32 41 7 0 37 20 2 19 12
30 15 35 33 46 22 47 7 25 41 11 1
35 30 33 15 22 7 46 47 41 25 11 1
35 15 30 33 47 46 22 11 25 41 7 1
44 43 37 17 38 21 12 23 13 42 14 39
15 30 35 33 46 47 22 11 41 25 7 1
30 15 33 35 47 46 11 25 41 22 27 1
14 27 17 13 21 43 38 40 39 42 44 2


15 25 21 28 0 35 11 47 46 43 7 24
18 37 9 23 14 12 8 40 32 41 39 1
0 38 25 19 34 28 35 15 22 24 21 42
23 37 18 32 14 9 12 8 40 17 5 13
9 23 37 18 40 12 5 14 1 32 41 38
37 23 18 9 12 40 14 32 41 5 8 39
15 28 25 21 0 11 35 47 24 46 43 6
37 23 18 9 14 40 12 32 8 5 41 39
18 23 37 40 5 14 8 9 38 20 41 32
18 37 23 33 40 38 14 9 41 8 20 22
14 2 25 28 15 21 46 16 35 47 11 45
15 28 25 21 35 0 11 47 24 7 46 43
37 23 18 9 14 32 8 12 40 5 39 1
46 11 25 28 0 43 15 35 26 4 17 21
0 25 21 15 35 29 28 19 43 7 22 20
9 23 37 41 18 38 32 12 1 17 14 40
2 4 40 42 37 27 8 46 26 31 1 18
37 23 18 9 14 32 8 40 5 12 41 17
9 37 23 12 18 5 38 40 32 33 14 41
15 21 25 28 35 0 11 47 46 7 26 43
37 18 23 9 14 8 1 12 32 39 5 40
37 23 18 9 32 12 14 8 41 40 5 33
15 25 21 28 0 35 11 47 46 43 24 7
9 23 37 18 12 32 14 40 41 5 8 39
15 21 28 25 0 35 11 47 46 7 43 26
37 23 18 9 8 14 40 12 32 41 5 39
3 46 8 19 39 29 14 13 32 18 10 28
0 15 28 43 25 35 6 4 24 21 34 42
37 23 18 9 8 14 32 40 12 33 5 41
37 9 12 23 18 32 17 1 14 40 4 44
28 15 21 35 25 11 47 24 7 46 0 43
30 14 6 0 31 24 4 44 43 18 27 46
21 15 0 28 25 35 47 22 3 7 43 29
15 21 25 28 35 0 7 11 26 47 46 22
15 25 28 35 7 43 0 21 11 47 6 4
28 25 21 15 0 35 16 2 47 13 11 19
40 45 14 5 10 23 24 33 42 26 17 15
21 15 0 25 28 35 19 47 46 26 11 43
15 25 21 28 35 0 11 47 26 24 46 43
15 25 28 21 35 0 11 47 43 26 46 24
15 0 21 25 28 35 43 24 47 11 42 3
15 21 25 28 0 35 47 11 24 26 43 46
21 15 25 28 0 35 47 7 22 11 19 3
0 15 25 35 21 47 24 29 28 43 45 36
15 21 25 28 0 35 11 47 7 24 43 3
15 21 3 35 19 46 0 25 28 24 47 16
15 25 21 28 35 0 11 47 43 24 46 7
15 21 25 28 35 0 11 47 46 24 7 43


13 46 12 16 43 19 37 35 25 3 42 36
41 28 4 17 14 13 36 6 30 8 33 47
41 36 43 13 12 35 16 19 18 40 42 23
7 24 34 11 18 38 9 26 10 5 22 27
37 19 44 45 38 47 8 13 21 14 23 32
45 44 18 32 2 23 38 26 17 41 34 14
13 40 42 43 21 12 16 46 35 31 37 20
40 13 16 12 35 43 46 21 20 42 6 36
24 7 4 3 39 18 10 27 8 47 34 38
43 16 12 42 46 6 21 19 13 40 31 1
43 16 12 46 6 35 42 40 1 13 41 21
13 16 43 42 46 35 40 12 21 20 6 37
43 40 13 16 12 42 6 21 46 37 35 20
37 41 39 13 36 33 21 12 17 8 3 43
7 24 34 11 38 18 9 10 26 39 2 5
29 4 9 38 31 10 24 7 45 22 33 30
7 5 11 24 18 22 26 9 34 38 10 2
43 16 12 46 42 40 6 13 35 20 21 37
34 7 24 18 11 10 26 27 5 0 9 14
43 12 6 46 35 16 42 21 40 37 36 1
5 24 31 3 6 41 38 11 33 2 4 29
43 42 40 13 21 35 16 20 36 12 31 37
28 39 11 38 23 9 15 19 0 34 17 29
7 18 24 38 11 0 5 34 27 26 9 10
7 24 34 11 18 38 9 10 26 5 27 2
36 37 13 33 21 43 27 0 6 42 35 16
24 7 34 11 9 26 38 10 18 5 47 27
16 37 14 4 19 46 5 6 8 21 13 31
43 40 12 20 41 42 36 4 31 5 6 13
40 43 42 13 16 12 21 6 35 46 20 31
41 3 40 42 43 13 16 6 12 28 47 21
7 24 34 11 5 18 38 9 10 26 2 22
7 24 27 18 11 34 38 5 2 10 9 26
42 43 13 12 16 40 35 46 21 20 6 1
47 5 27 29 32 7 30 18 4 2 8 33
41 17 22 28 9 31 3 10 39 42 37 2
7 24 34 11 38 18 9 26 10 5 47 22
7 24 11 18 5 38 9 47 26 34 0 10
16 43 35 12 46 21 13 40 6 42 19 20
13 40 42 21 43 12 16 35 6 46 37 31
35 36 19 46 43 42 16 8 40 12 39 37
43 12 16 42 40 13 46 35 21 6 20 37
14 2 36 24 33 22 7 34 8 5 6 39
11 7 10 34 26 18 15 24 23 9 39 3
7 24 34 11 5 38 26 18 9 10 47 27
42 13 35 46 31 43 12 6 1 16 25 40
7 24 34 9 11 18 38 26 5 10 47 2
34 7 24 26 11 2 18 10 22 9 32 0


22 4 12 15 27 9 21 18 44 35 10 25
33 20 3 38 23 9 24 37 11 16 42 0
32 7 34 47 14 5 0 11 2 38 35 8
32 34 38 24 7 42 11 5 41 28 0 25
7 32 38 5 2 0 42 20 35 24 14 47
10 47 21 41 31 33 39 5 7 25 43 46
9 23 40 33 45 30 39 10 11 24 4 38
38 24 20 32 37 11 3 16 0 42 13 34
18 1 9 27 22 4 12 40 28 6 13 23
22 4 15 44 35 21 27 25 12 17 8 31
44 17 21 25 13 35 11 33 10 8 28 41
22 35 7 12 2 27 5 36 8 4 19 43
7 35 5 22 8 2 12 36 18 4 44 1
24 38 32 0 7 20 16 42 3 41 37 5
38 32 47 37 34 20 14 41 39 0 16 40
40 38 32 24 20 14 28 42 6 33 2 34
17 44 13 21 35 15 25 28 8 12 4 27
38 20 24 11 37 3 0 42 40 32 45 9
38 3 20 24 45 47 23 34 0 37 40 14
22 4 23 33 10 21 45 15 27 43 26 30
22 2 4 36 15 39 35 12 23 19 26 27
24 38 37 20 9 34 40 33 11 0 45 32
28 24 38 26 30 42 33 20 1 43 18 23
1 18 28 24 43 6 8 35 7 42 27 5
47 21 33 0 10 16 39 38 20 40 9 37
38 32 24 20 42 34 0 3 11 33 37 47
1 9 18 28 24 40 43 20 8 3 27 14
15 26 25 46 39 22 18 1 23 6 9 2
46 2 36 23 14 39 26 43 29 40 19 47
7 5 35 32 8 44 17 21 13 0 25 28
22 35 12 4 15 27 19 21 25 2 28 8
32 38 20 0 3 24 47 26 11 19 37 10
24 20 38 42 40 9 1 23 18 37 3 14
42 11 38 26 30 24 34 33 0 47 17 14
22 35 7 5 2 12 29 27 8 6 31 46
21 33 41 47 12 46 22 34 11 4 25 13
25 41 44 17 11 33 21 34 13 32 38 0
38 23 41 3 20 39 46 9 33 45 16 24
38 24 20 42 3 0 1 32 28 14 40 16
38 32 20 24 0 3 34 37 42 14 47 41
2 46 23 36 39 14 26 19 29 5 3 6
0 40 16 38 28 32 20 5 24 42 17 25
20 38 24 19 47 2 3 32 7 0 14 42
46 23 14 40 2 36 47 39 34 3 33 38
42 32 11 24 38 7 0 34 5 33 20 2
7 32 35 36 43 25 42 2 21 46 41 5
33 39 21 23 26 46 47 41 31 30 3 11
38 24 32 20 34 42 0 3 14 37 16 40


40 39 38 14 10 9 13 15 5 44 32 29
45 41 2 33 23 8 11 19 21 6 16 7
39 40 10 14 38 9 13 15 5 44 32 36
40 10 39 14 38 9 13 15 5 44 32 29
2 33 45 23 8 41 11 19 21 6 16 7
39 38 40 10 14 9 13 15 5 44 32 29
45 33 2 23 8 41 19 11 21 6 16 7
14 39 40 38 10 9 13 15 5 44 32 29
39 40 38 14 10 9 13 15 5 44 32 29
4 23 8 2 45 11 33 41 19 21 16 6
40 38 14 39 10 9 13 15 5 44 32 29
32 0 17 36 29 46 40 15 43 39 14 9
23 33 2 19 8 45 11 41 21 6 28 16
39 40 38 14 10 13 9 15 5 44 32 29
8 19 41 45 33 23 2 11 21 7 6 28
39 40 10 38 14 9 13 15 5 44 32 29
2 33 23 45 8 19 41 11 21 6 16 7
40 38 39 14 10 9 13 15 5 32 44 29
39 40 9 13 17 38 10 14 44 7 15 5
17 36 0 46 32 9 40 39 14 15 34 38
41 2 45 33 8 23 11 19 21 6 16 7
2 33 23 45 19 8 41 11 21 6 16 7
2 33 45 23 8 41 11 19 21 6 16 7
14 10 39 40 38 13 9 15 5 44 32 29
45 33 41 23 2 8 19 11 21 6 16 7
0 46 26 29 35 15 32 20 6 1 40 4
2 33 45 23 8 41 11 19 21 6 16 7
38 39 40 14 10 9 13 15 5 44 32 29
39 40 38 9 15 10 14 44 34 13 5 29
2 45 33 23 8 41 11 19 21 6 16 7
14 39 40 10 38 13 9 15 5 44 32 29
2 11 33 41 45 8 23 19 6 21 16 7
14 38 39 40 10 13 9 15 5 44 32 29
9 38 13 39 40 14 10 15 5 32 44 3
38 40 39 14 10 13 9 15 5 44 32 29
2 45 33 23 8 41 19 11 21 6 16 7
46 12 26 47 34 20 35 29 4 32 1 15
21 46 41 33 19 2 45 23 6 11 8 16
33 45 2 41 23 8 19 11 21 6 16 7
2 23 8 33 45 41 11 19 21 6 16 7
41 33 45 2 23 19 8 11 21 6 16 7
39 40 38 14 10 13 9 15 5 44 32 29
39 40 14 38 9 15 32 17 10 36 13 44
0 17 36 30 41 1 18 27 25 46 32 21
33 45 2 23 8 41 19 11 21 6 16 7
38 40 39 14 10 9 13 15 5 44 32 29
4 45 19 21 2 33 41 23 8 27 11 31
14 39 38 40 10 13 9 15 5 44 32 29


31 43 11 25 0 37 8 6 41 40 2 29
43 31 37 8 0 11 25 6 41 29 40 2
39 30 18 15 22 46 32 1 16 5 24 47
39 18 30 15 22 46 32 1 16 5 24 19
39 30 18 22 15 46 32 1 16 5 24 19
0 11 8 31 25 2 37 6 40 29 43 41
18 30 39 15 22 46 1 32 16 5 24 19
18 15 30 39 22 46 32 1 16 5 24 47
31 43 37 25 0 8 11 6 41 40 29 2
43 25 31 37 0 11 8 6 41 40 2 29
31 11 43 0 25 8 37 6 41 40 29 2
18 30 39 22 15 46 1 32 16 5 47 24
35 0 37 11 25 31 43 29 6 8 17 28
18 30 39 15 22 1 46 32 16 5 47 24
0 31 8 25 43 37 11 6 40 41 2 29
18 30 39 15 22 46 32 1 16 5 24 19
31 37 0 25 43 11 8 6 41 40 29 2
11 25 43 31 8 37 6 0 41 2 40 29
8 25 11 0 43 31 6 37 40 2 41 29
30 18 15 39 46 22 32 1 16 5 47 24
18 30 39 15 46 22 32 1 16 5 24 19
43 31 11 25 37 0 8 6 41 40 2 29
30 18 39 15 22 46 1 32 16 5 24 47
43 11 31 25 8 0 37 6 41 40 2 29
29 44 42 27 40 0 2 6 8 11 31 25
29 0 43 31 11 8 6 25 37 41 33 26
30 18 39 15 22 46 1 32 16 5 19 47
23 24 13 21 2 45 37 25 0 8 6 41
46 39 22 30 15 18 1 5 32 16 14 7
18 30 39 22 15 46 32 1 16 5 47 24
43 31 25 11 37 0 8 6 41 40 2 29
18 30 39 15 46 22 32 1 16 5 24 47
31 8 11 0 43 25 37 6 40 41 29 2
8 25 0 31 43 37 6 11 41 40 2 29
31 43 37 25 0 8 11 6 41 29 2 40
13 29 28 34 24 1 44 21 15 47 45 32
43 31 11 0 37 25 8 6 41 40 29 2
30 18 15 39 22 46 32 1 16 5 24 47
43 8 31 25 0 11 37 6 41 40 2 29
18 30 39 15 22 46 1 32 16 5 24 47
25 6 11 37 43 40 31 0 2 8 35 41
24 13 32 23 47 15 18 16 30 1 22 39
8 25 43 6 31 0 37 11 41 40 2 29
24 28 34 21 32 1 2 13 15 29 45 41
46 18 15 30 39 1 22 32 16 5 47 19
43 8 25 31 0 37 11 6 41 40 2 29
22 39 30 18 32 15 46 1 16 24 5 19
18 39 30 22 15 46 32 1 16 5 24 19


21 46 14 32 37 38 0 7 39 36 35 23
19 41 29 17 8 2 24 11 12 43 3 30
17 19 2 29 41 8 24 11 12 3 30 20
17 41 19 29 2 8 24 11 12 3 20 30
46 21 14 32 37 38 0 7 39 36 35 23
41 29 19 17 8 2 24 11 12 3 20 30
5 39 15 18 27 44 10 36 7 6 37 45
46 21 14 37 32 38 0 7 39 36 35 23
21 46 14 32 37 38 0 7 39 36 35 23
41 29 17 19 2 8 24 11 12 3 20 30
17 41 19 2 29 8 24 11 12 3 20 30
21 46 14 32 37 38 0 7 39 36 35 23
21 46 14 37 32 38 0 7 39 36 35 23
17 2 19 41 29 8 24 11 12 3 20 30
41 17 19 29 8 2 24 11 12 3 20 30
38 14 21 46 32 37 0 7 39 36 35 23
27 18 35 4 22 39 23 31 6 16 32 21
17 19 41 29 2 8 24 11 12 3 20 30
16 23 27 31 6 12 33 22 28 15 4 11
21 46 37 14 32 38 0 7 39 36 35 23
21 46 37 14 32 38 0 7 39 36 35 23
21 37 46 14 32 38 0 7 39 36 35 23
19 29 8 17 41 2 11 24 12 13 43 20
5 3 34 42 30 43 10 40 25 24 37 22
7 46 32 37 0 21 38 39 14 45 36 35
16 23 15 31 45 1 18 6 13 33 28 12
36 7 45 1 14 37 23 21 26 46 38 40
46 21 14 32 37 38 0 7 39 36 35 23
46 21 14 32 37 38 0 7 39 36 35 23
29 17 19 24 41 2 8 11 12 3 20 30
29 41 17 19 2 8 24 11 12 3 20 30
24 25 8 29 2 41 17 11 19 12 3 15
46 21 14 32 37 38 0 7 39 36 35 23
21 46 14 32 37 38 0 7 39 36 35 23
17 19 41 29 2 8 24 11 12 3 20 30
29 17 24 41 2 8 19 11 12 3 20 30
27 22 31 30 18 11 2 12 41 24 17 19
46 21 32 14 37 38 0 7 39 36 35 23
29 41 17 19 2 8 24 11 12 3 20 43
6 32 46 14 38 21 0 7 35 37 39 10
29 17 19 41 2 8 24 11 12 3 20 30
21 46 14 32 37 38 0 7 39 36 35 23
3 24 29 2 41 8 19 17 11 5 4 30
21 46 14 37 32 38 0 7 39 36 35 23
17 19 41 29 2 8 24 11 12 3 20 30
29 17 41 2 19 8 24 11 12 3 20 30
46 21 14 32 37 38 0 7 39 36 35 23
17 41 19 2 29 8 24 11 12 3 20 30


47 21 15 26 38 19 34 33 25 27 11 0
21 47 26 15 38 25 34 19 33 11 0 27
26 47 21 15 38 25 19 34 33 27 0 11
47 21 38 26 15 34 25 33 27 19 0 11
26 47 21 15 38 33 19 25 34 27 0 11
1 29 0 30 25 12 38 26 21 33 47 15
5 8 18 42 39 44 20 22 23 13 10 16
21 47 26 15 38 33 34 19 25 27 11 0
47 21 38 26 15 34 25 33 19 27 0 11
5 8 18 42 44 39 20 22 23 13 10 16
47 21 15 38 26 25 34 33 19 27 0 11
5 42 18 44 8 39 22 20 23 10 13 16
27 38 34 47 11 21 15 19 26 33 0 25
5 18 8 42 44 39 20 22 23 13 10 16
31 27 3 35 34 37 47 38 11 33 21 15
32 31 13 43 36 35 23 46 20 41 2 22
26 21 47 15 25 38 34 33 19 0 11 27
5 42 39 8 18 44 22 20 23 10 13 16
21 47 26 15 19 38 34 33 25 11 27 0
5 8 42 39 18 44 20 22 23 13 10 16
21 47 15 26 25 38 19 0 34 11 33 27
47 38 26 21 15 33 34 19 25 27 0 11
23 39 5 18 13 8 42 20 44 22 40 41
27 38 47 21 34 15 26 33 19 11 0 25
31 32 35 4 14 22 43 44 15 19 27 34
26 21 47 15 25 38 19 34 33 11 0 27
5 8 39 42 18 44 20 22 23 13 10 16
47 26 21 38 15 34 25 33 19 27 0 11
5 18 42 8 39 44 20 22 23 13 10 16
32 17 31 2 16 35 1 14 19 9 0 27
18 5 42 39 44 8 22 20 23 10 13 16
30 29 3 33 19 11 15 26 21 38 24 34
40 14 43 22 8 42 44 5 39 18 35 17
30 38 25 34 26 33 21 47 15 11 0 27
5 39 8 42 18 44 22 20 23 10 13 16
5 42 18 8 39 44 20 22 23 13 10 16
47 15 21 38 26 34 25 11 19 33 27 0
18 5 44 42 8 39 23 1 22 20 13 9
14 8 39 45 23 5 18 46 42 44 24 20
5 42 18 8 39 44 20 22 23 10 13 16
5 8 18 39 42 44 20 22 23 13 10 16
27 38 34 47 11 21 15 19 33 26 0 25
8 5 39 18 42 44 20 22 23 13 10 16
25 24 38 15 26 47 21 34 33 0 19 11
18 5 42 8 39 44 22 20 23 13 10 16
14 29 9 13 10 12 1 41 24 28 44 6
26 21 47 15 25 38 33 34 19 0 11 27
40 41 3 28 8 5 18 13 17 10 22 46


1 8 20 42 30 11 40 36 15 22 39 3
8 30 1 42 20 37 35 2 36 3 15 39
37 35 16 42 40 27 26 8 30 11 3 47
8 1 35 37 16 30 2 42 20 26 40 11
22 44 10 28 17 31 21 46 4 12 20 34
44 17 28 41 22 0 31 4 46 12 21 13
37 12 40 21 27 46 31 38 17 28 35 16
35 16 37 30 8 26 2 1 3 45 36 15
29 2 26 45 16 0 41 23 47 35 13 19
40 27 1 37 42 11 5 20 8 10 30 22
2 19 1 8 35 11 47 5 30 38 42 20
22 44 5 4 20 10 1 31 33 21 46 13
45 26 16 29 0 17 35 23 41 12 37 43
17 41 44 28 0 24 29 45 23 26 39 7
40 27 37 42 3 15 28 39 20 11 36 35
12 17 28 21 31 46 38 26 16 45 37 29
0 3 39 36 15 26 41 23 16 29 45 17
17 23 26 29 16 45 0 28 12 34 41 37
1 8 42 19 2 20 22 5 11 30 47 4
1 22 19 2 20 5 30 8 4 11 47 42
44 28 17 0 41 23 4 22 13 39 15 24
41 0 17 29 44 24 45 26 28 9 23 7
2 19 47 41 29 36 45 0 4 39 15 3
5 33 31 21 46 22 38 1 34 11 4 44
37 38 21 12 46 31 1 40 27 35 30 42
41 29 2 0 19 45 26 9 16 24 17 38
15 28 39 44 3 40 36 27 22 10 4 5
37 40 27 12 35 16 42 21 46 31 28 38
37 40 27 35 42 1 12 16 30 21 38 31
37 40 1 42 27 8 20 30 35 11 5 12
44 41 0 28 17 24 29 7 13 43 23 39
16 26 37 17 28 35 45 0 40 23 29 27
41 44 2 22 0 36 29 24 39 4 19 5
16 26 9 2 35 29 32 8 45 41 0 30
40 27 42 20 1 37 31 21 12 46 22 28
0 41 39 36 29 24 44 15 3 17 23 45
37 40 27 42 30 1 35 3 15 20 39 8
44 22 28 10 4 31 21 20 46 40 33 5
37 40 42 27 1 30 35 8 20 19 47 12
0 29 41 45 17 23 26 24 28 16 44 39
27 40 1 42 37 20 30 8 35 21 31 12
44 41 17 0 28 29 31 12 46 21 22 45
1 2 8 22 19 5 11 20 38 30 32 9
41 44 2 34 22 36 19 4 7 39 24 9
16 2 9 26 29 35 19 38 41 32 46 45
0 17 26 28 29 41 23 16 45 3 39 15
40 27 37 42 20 28 12 35 1 9 10 30
44 17 28 4 0 22 41 24 23 33 34 18


42 1 46 14 32 12 30 15 43 20 2 25
4 6 21 35 2 12 43 8 28 27 14 45
35 10 37 40 16 9 3 47 5 33 4 25
47 36 17 26 18 42 7 19 38 34 22 39
9 4 31 15 45 43 2 27 8 28 29 41
1 33 2 28 30 40 8 47 12 45 20 4
16 45 8 29 12 31 28 2 14 27 4 21
3 37 47 25 10 24 9 16 34 33 26 30
1 46 30 15 42 31 14 47 12 43 0 5
7 19 13 20 38 22 34 39 18 17 6 26
0 25 18 17 36 34 9 38 44 19 32 7
30 27 2 8 45 28 4 24 12 43 3 37
17 36 19 38 18 7 0 26 6 34 39 22
16 27 2 28 37 4 45 8 24 3 30 40
42 46 31 34 14 25 1 5 30 22 26 27
8 2 28 45 27 4 12 21 30 43 29 16
44 32 14 1 43 47 21 5 30 15 40 12
8 45 4 15 27 2 28 29 31 12 30 47
30 12 14 28 43 2 8 45 4 27 29 46
27 4 2 8 45 28 33 12 30 43 21 16
8 2 45 28 27 4 12 31 43 30 21 14
19 17 18 6 34 7 5 36 38 22 0 26
24 3 25 33 20 10 40 37 47 13 45 30
34 3 37 26 24 10 1 47 39 22 16 25
8 2 28 45 4 27 12 43 21 29 30 16
19 17 18 38 39 26 7 36 6 0 9 34
23 35 6 40 16 37 11 18 32 41 26 17
5 15 44 47 14 1 46 3 25 43 34 30
29 41 43 30 2 12 8 45 28 27 21 14
18 19 17 38 9 36 34 0 6 7 39 26
8 2 4 28 27 45 12 16 21 30 29 43
45 8 43 28 2 12 27 4 29 21 31 14
38 18 9 17 19 36 6 0 10 26 34 39
5 31 32 25 6 10 34 26 17 16 35 36
18 17 38 9 36 19 39 0 26 6 34 42
40 35 37 16 5 9 41 10 33 11 18 3
38 19 17 18 36 7 6 26 0 39 34 9
2 8 27 28 12 4 45 21 30 16 43 33
8 2 45 28 4 27 12 30 21 43 29 16
28 8 29 16 27 45 2 12 4 23 21 13
17 18 36 19 38 9 0 7 6 39 26 34
16 37 6 11 10 31 23 13 4 9 34 5
23 12 28 2 8 30 27 45 4 16 43 29
2 8 28 12 4 45 27 21 30 43 16 29
19 17 18 38 36 7 6 34 9 26 39 0
37 16 4 12 8 27 2 28 45 30 29 1
5 31 17 26 38 36 18 19 42 0 44 6
14 42 47 32 12 6 46 11 0 43 26 1


12 1 37 10 45 32 38 40 46 23 29 34
11 47 26 12 2 20 1 39 40 8 32 30
36 19 9 2 17 39 6 25 20 27 41 18
12 37 1 45 32 38 10 46 23 40 44 13
40 2 39 3 13 36 18 8 29 32 41 11
12 45 40 1 32 39 37 38 46 2 13 25
33 1 16 37 22 29 7 31 15 35 23 44
41 5 14 0 22 19 31 18 36 15 28 33
30 35 2 42 4 47 17 46 39 44 3 32
17 39 2 30 20 9 7 26 21 11 47 44
14 37 12 33 10 45 32 38 43 19 29 34
12 37 1 45 46 44 11 32 30 40 23 38
1 37 44 7 33 30 23 31 12 47 16 11
27 19 14 38 13 42 15 4 36 46 16 35
12 1 46 39 37 40 32 45 38 2 26 44
1 37 12 23 44 32 31 45 30 46 38 10
14 10 37 15 19 34 31 0 1 12 4 27
1 37 12 45 32 38 10 46 23 44 40 13
12 37 45 1 46 32 23 44 38 10 30 7
34 35 20 11 0 44 6 36 16 2 8 13
18 5 41 9 22 0 36 20 28 14 24 8
22 5 18 9 15 14 16 41 0 20 27 19
37 12 43 45 10 7 34 16 1 27 23 38
12 1 37 45 32 46 38 40 23 44 10 43
1 37 12 10 38 46 45 32 14 23 15 16
24 19 28 5 33 14 10 22 29 4 15 18
37 1 12 23 44 45 40 46 10 38 32 7
37 1 12 10 45 32 38 23 46 44 33 14
12 40 46 32 1 45 2 13 39 8 38 47
12 1 40 45 37 38 46 3 32 44 13 10
35 42 30 14 4 19 20 27 9 34 18 15
22 31 5 33 9 18 14 28 41 0 19 36
44 35 7 17 20 47 11 6 16 39 21 2
26 39 17 9 30 3 31 47 28 20 7 24
40 2 39 9 29 20 5 18 28 17 16 8
37 1 12 45 10 23 38 30 32 46 14 33
17 31 44 39 21 23 26 7 42 41 36 16
9 18 20 5 22 28 11 2 17 42 36 41
22 31 5 14 19 33 15 18 9 41 27 16
10 12 37 1 38 45 14 35 33 24 13 32
17 9 2 39 18 20 42 41 21 28 19 36
17 39 2 26 40 9 20 44 3 8 21 28
22 5 9 18 33 28 20 31 14 41 15 24
31 22 33 44 41 7 17 1 36 26 11 5
2 9 18 20 28 17 39 8 19 47 5 25
2 0 36 9 18 25 32 39 13 41 47 3
40 12 1 39 32 46 36 11 2 38 17 45
27 31 8 33 16 22 21 36 46 10 37 1


32 41 0 12 22 6 35 2 19 10 15 33
4 29 39 43 16 11 36 28 1 27 9 38
37 1 16 28 23 5 7 44 4 24 47 11
3 16 7 14 11 27 17 33 46 4 28 25
25 37 1 44 28 20 8 23 22 10 40 12
16 4 27 11 36 21 38 43 7 42 29 13
35 2 34 32 25 6 45 17 12 41 20 42
25 34 12 44 33 22 0 40 13 3 14 28
5 21 11 34 35 8 44 28 47 37 38 24
2 25 10 32 38 41 0 39 15 22 43 9
37 1 44 28 23 5 47 8 24 21 3 45
5 21 11 47 16 4 34 27 35 18 7 37
6 0 34 17 12 35 41 2 45 22 11 32
6 34 17 12 2 21 27 13 35 0 5 33
25 33 0 13 3 19 12 39 2 30 32 41
37 1 28 23 25 44 24 8 10 47 31 43
21 38 11 6 36 0 17 34 35 16 42 45
25 27 16 12 34 43 17 4 13 30 46 7
25 12 33 40 34 22 14 17 13 3 0 32
28 37 29 1 4 16 27 8 23 44 43 31
38 6 2 36 11 42 19 35 32 0 41 9
35 21 38 11 6 15 3 36 45 2 5 32
6 9 41 2 32 35 22 0 17 42 19 10
1 37 28 43 4 29 23 8 10 47 9 31
3 44 37 23 5 14 33 12 40 13 35 45
43 22 10 1 28 39 32 8 37 15 24 29
12 22 25 41 10 0 32 34 19 45 20 17
0 6 32 12 2 41 33 34 35 17 45 3
12 41 0 34 6 20 35 17 45 32 22 25
23 32 41 19 10 37 8 33 44 3 39 24
21 5 24 20 39 44 46 11 34 38 6 7
21 27 16 11 47 38 18 4 35 6 34 42
5 34 22 25 9 17 47 21 44 46 11 14
22 9 10 17 12 43 29 41 32 19 35 36
19 41 32 0 2 12 26 10 20 23 44 8
17 47 34 22 25 36 5 0 9 35 12 6
12 40 36 43 4 1 7 25 32 33 17 3
2 0 20 34 19 41 12 44 32 6 33 15
37 1 23 28 16 4 44 8 7 13 40 47
25 40 12 44 3 0 13 2 14 34 30 41
6 17 34 45 35 12 22 42 11 0 36 5
21 11 16 4 38 37 23 1 8 7 5 43
44 25 5 34 37 46 28 24 3 22 47 33
2 19 0 36 32 38 43 42 6 41 27 17
23 37 8 28 1 31 10 29 24 44 39 15
6 2 32 36 42 0 41 17 35 19 38 10
2 0 6 20 44 12 34 21 33 32 36 38
7 14 13 40 3 30 9 25 36 12 27 33


24 34 27 13 17 20 28 15 31 46 7 41
6 40 38 45 42 1 5 36 22 37 43 12
27 24 34 13 20 17 31 28 15 7 46 41
22 36 40 45 5 42 16 4 11 2 32 1
6 18 1 12 39 40 5 8 43 45 36 41
45 5 36 32 2 40 22 11 16 4 6 42
27 24 20 34 7 13 17 31 15 28 46 41
30 14 11 4 9 47 19 37 41 16 46 22
25 13 9 24 27 17 20 15 34 18 10 28
26 29 16 9 5 8 36 40 4 22 45 11
25 18 39 8 17 44 7 24 47 27 28 30
45 5 2 36 22 32 40 6 16 1 11 38
20 27 24 13 34 28 31 17 12 15 7 46
27 17 24 28 13 34 20 31 15 7 46 18
2 45 5 32 6 11 36 30 16 38 4 39
30 22 45 4 5 36 0 39 42 2 37 8
10 11 25 23 36 1 39 30 5 42 32 45
2 33 5 36 32 45 1 6 40 4 22 30
45 42 5 36 6 40 38 2 1 32 11 43
26 16 29 11 3 9 32 22 40 36 4 45
12 15 41 3 6 7 40 26 25 20 46 18
9 23 26 15 3 13 46 14 20 24 34 25
42 0 10 23 30 25 11 39 31 28 14 24
5 2 36 45 40 32 11 16 22 4 1 6
21 2 16 32 4 45 33 38 5 39 29 36
26 16 35 2 32 47 11 38 25 3 29 19
34 24 13 27 20 17 28 15 7 46 31 41
23 35 25 1 3 43 12 40 39 6 33 10
33 12 44 21 7 32 31 20 16 28 46 1
40 26 15 42 18 6 36 25 3 22 1 5
26 18 7 31 41 15 35 27 47 28 34 20
27 34 15 28 13 24 17 18 20 7 31 41
40 11 2 16 36 12 45 32 42 5 6 38
8 17 43 34 7 26 41 37 13 27 15 38
4 16 30 22 2 45 32 11 36 5 21 40
27 24 34 28 17 13 20 31 15 7 46 18
3 29 18 33 10 35 44 28 8 46 2 7
35 18 7 17 46 27 34 24 20 28 13 15
13 24 46 17 28 27 34 20 31 21 10 23
27 13 24 34 20 17 28 15 31 7 46 41
40 36 5 1 45 22 2 6 4 32 43 42
24 27 34 17 20 13 28 31 15 7 46 41
18 10 25 29 45 6 40 5 1 3 36 12
34 27 24 13 17 20 28 15 31 7 46 41
21 17 24 34 28 27 0 8 31 23 9 18
17 24 21 28 31 27 23 34 20 13 7 46
13 24 20 15 34 27 17 23 19 25 9 41
12 1 13 22 28 20 3 10 33 40 44 15


31 46 29 11 47 19 14 21 16 5 22 9
29 21 46 31 19 11 47 45 14 9 22 16
39 18 2 20 37 47 14 27 46 11 29 16
34 6 32 24 1 13 33 10 44 15 17 25
45 29 11 31 22 21 7 40 46 19 14 9
45 18 42 39 27 2 20 12 22 37 23 17
24 33 3 36 32 23 10 6 34 12 0 35
29 46 31 47 11 21 19 9 14 16 22 7
26 35 1 4 36 5 16 24 43 3 33 10
44 34 8 15 17 45 37 6 13 1 32 28
31 46 29 11 47 19 14 21 16 22 5 9
29 31 46 11 21 19 14 47 16 9 22 7
19 31 46 29 21 47 11 9 14 22 2 7
2 39 18 37 42 27 20 45 47 38 11 46
21 19 47 46 31 5 29 26 41 2 38 9
37 8 9 17 41 47 2 46 29 11 31 18
18 27 47 2 46 29 31 39 14 11 38 19
46 31 29 11 47 19 21 14 16 22 9 5
24 3 36 35 33 6 23 32 0 1 10 25
47 2 46 39 29 18 37 31 11 42 8 9
3 32 0 33 6 24 12 10 34 25 23 26
31 19 16 46 47 11 29 14 5 43 21 35
8 15 17 44 45 37 9 7 34 11 10 1
32 24 3 23 6 17 10 33 36 34 0 15
23 3 17 24 38 32 6 35 36 10 12 33
45 27 38 42 30 7 10 39 22 16 14 18
12 16 5 31 47 46 14 19 11 29 40 21
33 34 10 32 6 0 44 13 24 15 3 25
29 46 21 31 11 47 19 14 9 45 7 16
37 17 23 3 6 24 32 36 0 39 13 18
24 32 15 34 6 33 10 3 44 17 1 0
31 29 46 14 9 19 47 41 11 21 4 30
44 16 33 14 10 45 34 12 20 26 39 30
2 18 37 39 41 17 42 27 23 8 3 20
31 11 29 19 46 22 45 47 21 5 14 16
31 29 46 11 19 47 14 21 9 16 22 5
27 30 45 38 42 37 8 22 10 44 16 39
26 16 31 19 21 40 5 35 4 36 46 14
39 20 2 37 18 23 17 28 47 42 4 3
39 45 20 27 18 22 5 2 47 11 33 10
44 45 8 15 7 34 17 28 10 9 37 1
45 30 22 7 9 44 16 42 29 14 10 21
34 32 24 33 6 10 3 0 25 15 44 1
16 14 31 29 11 46 21 47 22 19 5 45
31 29 46 11 19 47 14 21 16 22 5 9
46 31 19 29 47 11 21 14 5 9 22 16
8 37 17 5 15 11 45 9 7 39 1 27
24 34 6 32 13 1 36 3 33 15 10 17


23 37 44 9 32 29 39 14 45 27 16 6
18 43 36 41 8 0 26 3 12 38 17 11
36 21 41 8 43 0 18 11 19 12 3 4
4 42 6 16 2 11 29 30 0 14 22 25
36 41 8 5 26 21 18 12 0 40 43 17
19 31 32 13 30 10 33 38 34 46 22 45
36 41 18 21 8 0 26 15 43 17 12 3
29 37 14 23 27 32 44 9 16 45 42 1
29 16 42 14 6 23 30 37 9 32 33 45
11 41 4 36 43 8 22 0 17 3 21 19
36 5 8 26 18 0 41 40 43 12 38 21
36 41 43 18 8 0 26 11 17 21 3 24
9 14 29 23 16 39 44 37 45 6 32 27
41 36 18 8 43 0 17 21 11 15 4 26
31 30 33 23 29 9 37 14 45 16 27 39
17 41 4 11 18 36 31 43 0 22 35 8
36 41 26 18 12 0 21 43 19 24 8 38
18 41 36 0 43 17 11 8 4 3 12 26
0 17 36 18 11 8 4 22 12 38 41 19
41 4 36 11 22 0 21 17 8 15 25 24
47 38 17 19 4 11 0 8 7 41 36 5
2 12 44 27 34 13 37 24 23 1 6 43
35 26 46 38 33 9 18 39 19 45 24 28
36 41 18 8 43 0 17 12 11 40 21 4
45 32 39 23 9 27 14 37 29 31 44 33
41 36 0 11 8 43 18 21 4 17 26 3
6 16 0 2 42 30 22 29 14 4 23 11
0 11 17 18 41 3 33 43 4 21 36 46
37 9 14 44 23 29 16 30 27 1 32 45
41 18 36 43 8 11 26 3 24 21 0 12
18 8 41 17 43 36 11 26 3 12 24 40
41 36 21 8 43 18 0 17 15 11 26 3
21 36 8 41 11 43 19 0 18 17 3 4
5 36 43 8 18 40 41 26 0 38 34 17
15 17 5 41 8 36 18 40 3 44 28 26
4 24 22 11 41 43 2 15 36 25 44 34
32 39 23 9 27 14 46 45 37 44 29 20
43 7 10 18 39 24 45 41 27 20 11 31
36 41 8 0 11 43 4 18 17 21 26 3
36 41 8 11 17 0 21 43 18 3 22 4
47 13 31 19 10 7 33 45 32 3 23 27
29 14 16 37 32 42 23 27 45 44 6 9
36 41 8 43 18 11 26 21 40 12 17 0
24 18 43 21 41 26 36 34 38 12 10 46
27 39 44 45 37 1 32 29 10 14 25 9
19 38 7 34 32 22 5 20 2 46 17 4
16 14 29 6 42 23 37 9 44 30 20 32
8 41 43 36 11 40 4 7 15 22 26 10


