
42 16 3 7 25 4 8 26 0 47 43 44
42 16 0 7 4 3 15 47 25 8 26 23
14 9 18 30 39 29 12 41 33 40 21 19
34 40 12 11 9 14 18 30 29 39 41 19
46 44 43 10 47 26 4 8 7 0 15 3
30 14 12 18 29 39 9 33 41 21 37 40
37 21 33 41 39 29 30 18 12 14 9 34
18 14 9 30 29 39 19 45 12 41 33 40
8 25 7 26 44 3 6 16 43 46 42 2
32 36 27 17 24 2 23 20 31 25 16 3
32 24 31 36 20 2 27 17 35 23 16 25
42 16 7 4 26 0 8 3 47 43 44 25
37 41 21 33 39 29 18 30 14 12 9 40
32 24 36 22 27 20 23 17 31 38 16 25
8 42 25 16 7 3 26 44 4 43 6 47
9 12 14 18 30 29 39 11 19 40 41 33
19 11 45 28 14 40 30 9 18 29 39 12
36 17 24 32 20 27 23 31 22 6 16 25
20 24 27 32 23 36 2 35 17 31 22 25
11 40 9 19 12 14 34 30 18 29 39 45
20 27 17 24 36 32 35 23 2 31 16 25
21 33 30 41 29 39 18 14 37 12 9 40
24 32 36 20 23 27 35 17 22 38 5 2
2 20 24 27 31 32 35 36 25 42 45 7
23 22 24 38 20 5 27 35 32 36 15 7
10 1 11 19 34 40 45 9 12 14 28 30
15 0 47 4 43 46 44 26 16 3 42 7
24 32 36 27 23 20 22 16 42 17 31 0
27 24 20 23 32 22 36 35 2 31 38 3
11 40 19 9 12 14 34 30 18 29 39 45
42 0 16 4 47 7 15 3 8 26 43 25
32 36 17 24 31 27 20 23 6 16 25 22
23 24 27 22 20 32 36 5 38 17 35 1
9 14 12 18 30 29 40 39 19 11 41 33
20 24 36 35 23 17 22 27 16 32 25 42
19 45 11 14 9 30 18 39 29 12 40 33
13 33 41 37 39 21 29 18 30 45 14 9
10 1 46 44 43 6 26 8 47 7 3 4
42 16 3 25 7 8 26 4 44 0 47 43
0 47 4 15 42 16 7 26 3 43 8 46
29 30 14 18 39 19 9 33 41 12 21 45
24 17 20 36 32 23 27 35 31 6 16 25
4 42 16 0 47 7 3 26 43 8 44 15
4 47 43 26 7 44 0 46 3 8 42 16
19 11 45 14 40 9 12 30 18 29 39 28
31 24 32 2 27 36 20 38 17 23 25 8
28 19 39 14 11 30 29 18 45 41 21 37
19 30 14 18 9 29 39 11 12 33 45 40


6 47 40 42 44 13 37 35 4 38 45 43
12 32 0 7 10 1 36 25 21 39 20 18
8 17 14 24 19 2 3 27 22 33 11 46
14 24 8 17 33 27 22 19 3 2 11 46
11 22 33 27 19 17 3 8 2 24 14 23
30 41 4 5 28 34 45 38 46 1 9 27
5 31 9 45 3 16 19 24 14 8 17 2
11 22 33 27 17 19 8 3 24 14 2 46
17 8 19 14 24 3 22 27 2 33 11 46
28 41 30 18 43 1 40 36 42 12 34 29
11 22 33 27 17 19 8 3 24 2 14 46
24 14 8 17 3 22 33 19 2 27 11 46
14 24 8 17 2 3 19 27 22 33 11 46
42 43 35 40 41 13 47 9 6 26 29 44
12 32 0 10 25 21 36 1 7 20 39 13
47 44 6 42 40 13 16 37 25 29 35 38
15 21 10 20 36 45 25 32 12 4 43 16
39 7 0 18 34 32 1 23 12 36 13 25
14 8 24 17 2 3 33 22 27 19 11 9
10 21 32 25 12 36 20 15 0 45 1 7
28 41 31 42 6 30 29 40 35 18 44 46
47 6 44 42 40 37 16 25 38 13 35 4
28 41 30 29 40 42 35 6 31 43 46 13
28 30 41 42 40 35 29 6 31 46 13 44
9 2 14 8 24 19 17 3 46 27 22 33
35 28 43 26 31 18 41 29 19 2 32 3
28 41 30 4 31 43 18 38 16 9 34 45
8 14 17 24 3 19 27 22 2 33 11 46
17 22 8 33 27 14 24 3 19 11 2 46
47 44 40 42 6 3 25 35 8 19 23 2
47 6 42 44 40 13 26 16 38 4 29 35
37 42 44 43 5 40 28 9 6 41 20 45
11 22 33 27 17 19 8 3 24 2 14 46
2 8 14 3 19 17 24 46 27 22 33 11
11 22 27 19 17 33 8 3 2 24 14 46
1 12 0 7 32 36 20 39 25 10 18 13
14 24 8 2 17 3 19 27 33 22 46 11
42 47 43 6 40 44 37 35 25 4 9 20
7 0 1 34 12 32 39 18 36 10 25 13
8 19 17 2 3 24 22 14 27 11 33 46
11 19 22 27 3 17 2 8 33 24 14 23
12 0 32 1 7 36 25 10 21 39 20 13
4 42 40 41 43 13 38 6 30 1 9 46
22 33 11 27 17 19 8 3 24 14 2 46
28 29 41 40 35 30 6 46 42 26 31 33
46 19 14 17 2 8 24 11 33 27 29 22
2 14 17 19 8 24 3 22 27 11 33 9
17 22 33 27 8 19 24 14 3 11 2 46


5 25 15 0 22 40 36 14 18 46 24 45
9 41 17 43 42 40 27 1 47 3 26 29
18 46 24 25 40 0 36 5 26 45 22 3
24 46 18 25 40 3 45 0 36 26 5 22
5 15 25 22 0 36 14 40 18 46 24 45
1 35 29 17 33 43 15 42 47 28 5 22
14 0 15 22 5 36 25 26 40 13 35 18
5 15 25 22 0 14 36 40 18 46 45 24
43 29 6 47 41 27 23 17 34 35 44 1
30 47 21 38 19 12 27 32 20 6 23 8
39 34 11 44 10 38 27 23 30 32 16 6
18 46 24 26 3 13 40 36 45 25 0 5
15 14 0 22 5 36 25 40 13 26 18 46
41 1 35 43 29 34 6 27 9 13 7 39
35 13 26 14 39 0 42 36 15 22 40 46
29 6 35 47 34 44 23 27 11 17 39 32
43 17 29 4 35 47 6 34 41 14 31 9
1 29 11 35 7 16 8 2 6 21 23 33
47 34 30 38 27 6 10 23 44 32 29 11
22 5 15 25 0 40 14 36 24 18 46 45
32 31 10 30 41 21 23 12 4 38 37 6
6 47 29 27 23 30 38 32 21 10 44 34
45 25 5 3 40 22 18 15 0 36 24 46
30 38 27 10 23 47 6 32 34 44 21 29
35 29 47 6 34 1 11 32 17 27 44 14
9 40 25 42 18 5 3 22 26 14 0 15
1 29 6 35 21 4 47 17 31 41 43 27
25 5 40 0 15 22 36 18 14 46 24 45
46 3 24 18 13 26 40 25 16 36 45 0
26 13 46 18 24 36 40 0 3 25 45 5
5 25 40 15 0 22 36 18 14 46 24 45
6 29 23 47 34 10 27 44 30 38 21 11
3 46 18 24 26 13 45 40 25 36 20 0
1 41 17 43 29 27 35 9 33 4 47 42
26 36 0 13 18 46 45 24 25 14 5 40
22 0 15 14 5 25 40 36 18 46 24 45
25 18 36 5 46 24 0 40 45 3 15 22
31 19 32 39 42 27 4 1 33 47 6 41
16 8 2 7 11 33 36 35 37 13 39 45
3 24 18 46 45 25 40 12 20 5 26 36
22 5 25 15 19 14 40 36 0 18 45 9
16 11 8 2 7 42 32 28 30 33 38 12
46 18 13 26 24 3 36 45 40 25 0 5
6 47 29 23 27 34 32 30 44 10 38 21
26 13 46 24 18 3 39 42 40 45 36 25
5 25 0 15 22 40 14 36 18 46 24 45
6 29 23 44 47 34 11 38 27 10 30 32
47 6 30 27 29 23 38 21 32 10 12 44


2 35 42 5 0 25 3 46 26 8 33 6
0 35 2 5 46 3 25 6 42 36 27 31
30 17 40 38 34 47 12 8 3 13 23 1
39 19 15 29 4 11 12 27 32 28 22 45
24 37 16 31 38 21 7 36 22 12 26 34
21 11 19 39 4 7 45 37 23 24 47 32
10 23 2 42 28 40 1 32 20 18 34 8
43 26 41 29 12 9 34 11 4 10 19 23
27 25 6 3 42 35 0 8 2 14 5 39
0 35 5 2 46 3 6 25 36 42 31 27
11 19 39 21 4 7 23 45 32 1 10 13
16 2 5 10 24 0 35 23 46 33 13 42
10 7 23 11 24 32 4 26 1 22 14 19
17 24 10 29 16 43 7 23 38 12 1 26
45 39 19 27 6 4 28 37 40 32 8 25
2 42 0 35 46 3 5 40 16 25 18 20
7 11 19 39 4 32 23 21 10 24 28 1
30 40 0 2 5 35 3 13 44 46 42 8
6 35 0 25 5 36 3 46 27 2 31 42
42 0 2 35 3 18 14 5 6 25 27 46
34 12 20 17 1 29 43 5 22 44 18 3
45 19 39 4 28 32 21 11 27 18 47 14
33 13 41 18 2 14 44 42 8 35 40 5
11 7 23 4 10 24 19 32 1 21 39 28
40 18 45 20 44 38 1 30 13 4 19 34
19 4 11 39 7 32 45 21 23 1 28 10
43 26 30 34 1 8 11 29 32 12 4 45
33 34 26 43 8 1 41 9 45 20 44 38
45 28 42 8 21 46 3 38 40 23 4 2
6 27 25 3 35 0 46 36 5 42 2 31
16 31 29 36 47 21 5 22 24 37 0 46
26 33 8 42 41 13 2 34 43 9 35 46
10 7 11 23 32 24 4 1 19 39 26 28
41 26 13 47 34 33 17 38 9 18 43 22
11 7 4 19 23 21 39 10 32 24 1 28
14 47 39 13 7 15 21 27 32 19 22 4
28 42 45 32 40 4 8 18 2 1 33 3
29 12 17 37 19 22 39 4 36 11 6 34
10 23 32 11 7 1 4 28 24 19 33 14
4 19 11 39 28 22 32 23 7 12 45 21
2 0 35 46 3 42 5 25 6 36 40 27
35 2 0 5 3 42 25 46 6 27 36 40
27 6 39 37 36 25 31 19 45 3 15 35
14 47 29 16 15 26 36 25 0 31 22 43
42 3 28 2 32 35 40 0 25 46 18 8
42 2 35 0 3 46 6 5 25 27 40 8
26 12 43 29 34 17 9 5 46 8 35 2
5 35 0 6 2 25 46 36 3 31 27 42


35 19 25 20 41 1 46 29 31 22 9 0
38 28 27 6 14 5 42 4 37 24 43 32
36 10 17 7 30 32 22 4 0 37 23 1
8 40 34 9 15 31 33 29 46 21 41 20
40 8 34 15 9 31 33 29 46 21 41 45
22 19 1 35 37 25 18 32 23 17 36 10
13 23 45 42 11 24 39 21 16 5 3 12
46 31 29 20 8 9 41 34 40 25 33 35
22 36 10 32 17 37 23 4 30 1 7 0
21 45 15 24 47 12 4 18 43 44 8 17
19 17 0 10 30 18 36 22 7 1 4 32
23 32 37 24 22 36 21 17 4 10 18 45
8 40 9 34 29 46 31 41 33 20 15 25
40 34 8 9 15 31 29 33 46 41 20 25
11 16 12 14 3 27 2 6 0 13 4 45
2 14 28 27 26 39 6 5 38 16 32 36
46 20 25 41 31 35 29 9 34 40 8 33
22 36 19 10 17 1 30 32 37 0 7 23
21 4 7 17 45 36 24 10 47 30 0 18
6 2 39 26 14 43 5 28 11 27 16 32
33 31 34 40 29 9 0 8 20 7 15 19
40 15 34 8 9 33 31 29 46 21 41 20
37 32 22 23 24 36 17 18 4 21 12 45
19 30 7 0 17 47 36 18 10 29 4 44
22 17 36 10 32 14 4 37 19 30 6 18
36 10 32 17 23 4 7 37 22 24 30 0
36 10 17 22 30 4 23 32 18 0 37 19
40 34 8 9 33 31 15 29 46 47 41 20
37 32 24 22 36 45 23 47 38 17 10 42
8 40 34 9 31 15 46 29 41 33 20 25
9 40 34 29 31 33 8 41 46 15 47 20
40 9 8 34 31 46 29 41 20 15 25 33
7 21 30 4 45 10 36 17 0 47 24 12
39 2 16 6 28 44 43 5 30 26 0 14
21 45 24 15 23 32 12 37 4 42 47 36
32 17 4 18 21 36 24 37 23 45 10 22
5 13 16 42 11 8 33 43 40 34 15 3
45 24 21 4 32 7 36 12 37 10 17 30
3 6 13 11 39 28 4 37 30 14 16 44
17 36 10 4 7 30 32 21 23 0 24 18
15 21 45 24 8 40 34 9 12 43 31 29
19 10 0 17 30 22 1 36 7 18 23 4
28 38 27 6 14 3 8 40 34 9 31 4
36 32 22 17 10 37 4 1 23 28 7 18
43 6 5 39 2 42 26 30 47 44 21 45
12 26 4 39 14 28 22 32 37 17 23 36
3 23 42 28 38 6 37 12 15 27 22 13
40 8 34 9 31 29 15 46 33 41 20 25


45 44 47 2 38 21 41 24 18 7 15 3
31 25 8 15 33 46 41 5 29 17 0 4
8 46 15 29 31 17 4 1 9 7 0 6
46 20 28 11 31 9 29 0 5 41 47 38
32 24 2 43 11 30 22 25 41 0 16 12
13 14 2 18 33 44 45 37 24 38 26 10
29 8 31 46 15 36 1 0 19 39 35 7
41 2 24 18 14 36 29 7 42 37 38 47
25 24 33 2 45 43 22 30 19 41 20 27
31 5 16 0 47 11 46 26 18 14 8 29
20 9 28 42 12 10 4 40 16 33 32 39
46 31 40 20 9 28 8 29 0 18 15 11
41 24 29 1 13 2 34 33 47 30 21 31
22 32 40 35 17 8 14 15 33 30 19 25
8 15 29 41 46 44 1 30 7 17 0 31
45 24 40 21 37 39 13 23 27 47 26 38
31 39 0 46 27 12 28 36 32 20 40 29
9 15 43 10 20 11 28 4 34 33 7 37
17 1 21 6 22 30 23 4 13 5 34 15
1 30 2 47 0 42 36 18 46 8 7 38
6 17 30 14 23 22 32 11 16 10 5 43
47 41 1 29 42 3 38 39 7 0 30 44
14 22 33 40 11 18 12 2 37 7 25 28
8 15 7 41 46 1 4 42 29 17 30 39
47 1 4 29 41 42 30 3 5 0 38 7
28 20 43 9 7 30 17 16 4 45 11 26
31 8 0 1 7 29 46 15 25 42 5 41
45 44 14 18 10 22 5 6 23 37 11 40
18 47 1 29 8 39 5 41 16 13 37 26
15 8 7 1 17 4 46 30 0 2 29 41
41 18 29 2 24 47 37 3 0 31 33 38
14 2 18 22 10 37 32 11 24 43 25 38
14 46 5 27 7 29 18 31 11 0 34 37
13 15 8 33 29 31 34 10 9 26 39 30
45 47 44 38 21 2 24 41 37 42 13 18
1 4 36 9 46 41 18 47 5 42 35 0
32 46 24 12 0 27 31 29 14 38 2 19
20 28 9 32 42 26 12 37 4 39 11 18
8 32 40 30 11 42 44 35 15 46 9 10
8 15 7 1 46 41 29 38 4 44 9 17
1 47 30 41 29 42 5 4 46 36 34 0
8 15 7 46 44 18 5 4 47 45 11 42
21 45 47 41 22 24 26 37 19 7 16 36
14 6 23 17 22 44 18 45 10 5 40 12
14 6 17 10 23 5 30 11 40 2 12 18
17 6 23 5 30 10 22 35 1 40 31 8
8 15 29 1 7 46 17 4 31 30 41 9
28 9 20 39 26 17 12 22 42 37 19 8


15 24 22 3 35 2 26 11 5 6 25 9
9 40 42 0 47 39 8 43 20 31 2 24
6 13 26 21 38 5 15 12 19 3 11 32
17 5 21 6 14 26 41 12 44 34 19 32
42 0 39 20 40 8 34 47 30 43 9 36
24 22 46 7 15 35 45 30 31 26 3 33
9 47 0 36 1 39 20 8 42 43 40 14
43 3 11 17 28 32 47 33 24 9 0 1
3 15 2 6 9 5 13 21 26 25 24 17
31 45 35 7 15 24 22 2 26 36 34 5
39 0 8 36 30 20 1 47 23 18 10 27
33 37 25 0 39 20 10 46 42 9 30 4
0 39 20 36 1 30 47 8 22 18 10 42
42 39 0 40 8 20 7 9 36 47 10 30
19 13 21 44 26 12 6 32 11 29 38 41
17 14 4 28 34 47 43 32 1 11 27 41
37 17 14 11 33 28 4 32 43 25 41 39
7 35 31 15 24 43 22 2 3 40 13 11
39 8 0 42 20 40 36 30 47 46 10 18
22 46 24 26 15 18 35 11 30 5 19 13
15 24 35 7 46 2 13 38 22 25 3 17
18 22 10 46 30 27 33 28 0 19 39 24
18 30 1 46 12 26 5 21 27 22 23 41
46 18 26 22 24 15 19 30 35 28 5 11
9 2 42 3 25 36 8 40 0 20 45 39
47 0 20 42 9 43 40 39 22 8 36 1
44 17 19 6 32 13 41 16 27 4 29 21
8 42 39 36 0 9 34 20 47 40 43 17
8 42 39 0 20 47 36 9 40 43 30 2
24 35 7 42 46 22 40 20 2 15 0 39
13 19 26 38 15 11 6 44 21 12 28 32
45 34 37 12 44 21 43 19 26 6 41 29
6 13 3 15 9 2 11 38 32 26 19 21
6 19 32 13 21 44 12 11 26 41 3 38
9 45 8 7 36 43 31 32 47 16 3 23
3 2 25 9 42 24 43 40 38 15 33 17
19 44 26 21 12 29 13 32 23 18 27 41
5 26 21 19 12 18 1 11 27 28 41 6
5 26 6 21 11 19 12 15 13 3 1 28
0 42 39 20 47 8 40 9 43 36 30 14
42 40 9 0 20 7 39 8 47 2 24 43
1 18 5 41 12 30 21 27 36 0 39 20
46 18 10 30 7 39 22 23 16 33 0 27
0 42 39 20 40 8 30 47 22 46 36 10
18 30 1 27 22 46 0 39 28 20 10 23
17 14 4 38 28 34 12 26 11 21 18 41
31 35 45 43 34 7 6 22 5 26 13 21
42 24 9 7 2 40 3 15 20 35 25 0


18 43 0 29 14 7 16 13 39 28 15 34
17 2 42 45 34 3 36 31 46 26 0 5
37 26 4 12 47 19 20 30 38 25 15 1
37 4 34 38 20 21 31 13 23 40 17 15
33 35 32 28 46 27 22 9 3 2 39 11
3 42 33 11 28 35 46 5 27 22 9 32
40 23 24 32 27 4 31 35 33 13 11 47
14 45 6 18 44 39 43 8 29 0 7 13
24 40 11 23 21 4 19 38 41 13 26 47
39 9 30 44 17 36 45 10 8 47 22 5
34 20 37 3 21 15 31 38 17 19 42 4
30 33 12 18 3 46 7 14 44 39 35 32
32 40 33 27 35 23 24 11 28 31 10 47
26 1 32 27 25 11 6 24 35 33 44 14
18 45 14 44 13 43 6 28 29 0 8 7
19 21 38 20 34 37 17 24 41 4 5 13
14 6 39 7 18 44 43 0 45 8 25 29
37 20 34 38 21 19 4 17 15 13 24 41
1 26 36 20 37 16 15 17 21 34 9 30
35 27 33 3 28 32 11 46 5 24 9 2
40 4 23 38 13 19 21 37 31 34 17 7
9 3 18 10 6 27 14 35 29 5 11 43
23 31 3 21 42 34 39 2 7 40 20 1
20 3 37 34 21 15 17 24 5 41 38 31
4 24 40 38 23 47 41 37 35 21 13 1
27 2 33 35 11 32 40 30 39 24 28 9
40 7 23 24 47 32 25 13 33 4 35 12
24 27 30 11 35 32 28 9 39 1 29 3
11 23 32 35 28 40 33 22 42 12 5 10
41 46 9 11 40 22 28 38 47 21 23 4
10 41 47 23 22 42 9 46 39 3 13 12
2 47 12 10 13 25 38 17 3 31 34 37
2 26 32 4 45 23 36 17 34 6 40 15
35 33 32 28 27 9 36 5 2 25 46 3
18 6 43 14 8 13 45 7 44 0 15 34
27 35 11 3 28 33 5 24 32 22 9 39
14 43 29 18 45 0 6 35 16 27 13 33
28 18 43 0 29 13 45 14 44 24 8 16
23 40 42 31 38 19 21 4 13 34 17 36
11 27 3 5 35 28 12 9 26 6 25 33
35 32 11 33 28 27 46 22 3 9 43 5
16 20 2 12 6 23 24 37 39 38 19 17
8 45 26 21 6 40 4 38 31 44 39 0
45 6 8 18 14 44 13 7 28 41 10 43
2 5 30 41 24 28 22 8 25 20 4 47
21 38 34 20 4 37 19 17 13 15 31 41
32 35 42 23 33 46 28 11 40 22 9 7
34 42 38 4 37 31 21 19 17 15 20 13


28 3 36 10 19 17 33 6 9 25 35 0
22 3 42 38 18 44 2 20 43 12 14 11
0 40 9 21 11 23 34 43 8 24 30 18
45 46 6 2 14 27 32 41 19 42 23 40
34 40 11 0 15 24 33 17 1 23 3 22
23 33 5 9 7 24 8 32 46 21 34 25
26 20 28 7 13 4 38 19 27 25 36 37
30 39 37 2 38 19 25 43 18 32 5 16
11 40 24 34 3 36 28 25 15 10 0 6
45 42 2 7 20 40 35 27 24 46 32 10
37 38 30 32 1 43 27 6 28 19 14 11
9 29 17 37 5 18 8 33 13 0 44 19
38 37 6 28 18 2 47 42 16 25 10 29
34 24 15 33 40 6 45 21 39 11 32 22
15 34 40 0 31 44 22 1 3 17 33 11
37 38 30 47 18 11 43 2 44 34 16 20
24 23 33 11 17 6 5 40 21 7 37 43
12 23 3 34 14 36 33 24 25 21 38 10
2 19 45 30 38 27 32 22 37 24 17 6
26 46 12 20 16 4 42 39 41 27 47 10
34 15 40 33 24 11 0 1 17 22 5 9
37 18 47 38 43 23 2 29 30 33 7 46
36 25 28 31 20 29 47 38 41 27 12 45
24 40 34 15 6 11 23 17 12 16 3 0
33 12 34 23 24 6 21 11 14 39 10 32
19 5 21 37 18 27 30 8 36 7 6 10
34 40 15 24 33 11 0 23 22 17 1 5
0 37 30 43 47 8 18 39 20 12 40 13
31 33 17 1 3 12 24 39 0 38 43 16
43 39 20 7 13 26 47 31 16 14 46 32
31 7 13 4 44 26 8 5 15 10 28 37
44 34 40 0 15 1 11 17 28 31 38 13
24 11 12 40 17 23 14 6 34 33 25 28
9 29 2 44 18 17 25 19 1 42 33 22
23 42 6 9 45 40 14 27 46 35 43 1
20 36 44 35 31 27 10 4 5 29 25 12
3 11 24 0 36 17 40 38 35 45 15 39
26 44 4 20 31 8 39 0 12 13 42 14
37 18 38 47 2 39 0 15 40 17 3 6
37 43 39 30 38 5 47 10 28 18 8 40
11 24 40 34 37 38 30 23 42 36 22 6
36 31 20 45 3 38 42 27 43 4 11 41
45 20 27 36 41 26 38 4 35 10 43 12
37 39 43 30 18 47 38 5 26 8 10 12
9 17 19 29 27 8 5 28 21 10 18 4
4 44 5 10 46 35 31 26 13 20 45 9
43 37 39 29 47 18 11 44 40 21 38 12
31 15 33 1 3 17 0 40 32 11 13 34


23 39 29 36 17 30 41 35 1 28 18 34
11 24 42 38 25 33 3 19 37 21 10 20
29 23 17 39 27 0 44 36 47 7 5 9
24 19 21 42 38 20 25 11 33 3 4 37
30 28 8 43 44 25 40 16 42 34 36 18
14 44 18 22 34 2 19 4 7 21 42 27
9 7 19 4 12 20 16 1 32 31 25 26
31 14 30 8 40 35 1 28 18 6 29 39
26 16 29 23 43 37 31 35 40 25 30 39
30 28 37 25 8 14 18 43 36 6 41 33
18 2 44 34 8 0 14 36 27 22 23 13
31 14 29 39 30 7 17 27 5 8 18 16
0 23 29 46 17 5 30 26 9 7 27 1
16 7 40 22 9 2 8 46 6 37 0 47
39 31 2 4 36 44 1 24 35 29 18 7
10 12 13 47 3 38 15 4 32 21 22 45
27 14 28 18 30 1 47 34 44 11 5 39
21 13 38 12 19 10 4 45 3 22 24 20
46 26 17 41 0 29 23 18 37 36 9 25
30 28 25 8 31 6 26 41 43 14 27 0
28 14 44 22 5 18 34 15 39 4 3 35
26 46 0 23 29 16 9 41 5 7 37 12
27 1 28 30 14 47 35 15 8 43 11 44
37 30 33 45 28 32 47 1 8 22 6 35
29 44 34 8 39 36 0 41 5 18 17 26
16 1 46 6 29 9 23 35 15 3 26 30
46 41 17 26 30 28 36 0 16 6 35 29
15 2 1 35 8 18 6 24 42 46 25 23
30 33 32 22 28 37 47 1 8 26 25 43
9 22 32 37 13 23 47 45 46 12 6 43
26 16 46 23 6 40 29 9 30 35 31 2
39 44 29 36 4 34 23 15 28 35 31 20
21 13 38 10 12 4 45 19 22 3 24 32
40 8 14 18 44 30 34 25 2 5 42 36
30 27 14 28 42 11 8 25 1 34 31 0
24 42 3 33 38 10 11 27 39 7 43 44
33 25 11 30 42 37 28 45 14 24 8 22
30 28 1 14 8 27 35 47 0 18 26 11
33 10 22 3 45 21 13 12 38 37 24 32
35 14 1 18 34 31 0 23 29 30 40 4
10 3 7 47 15 38 12 27 16 20 5 46
30 28 25 14 8 20 0 26 36 29 31 40
2 24 18 34 44 36 29 8 21 33 11 39
44 47 12 4 15 28 32 10 9 35 1 13
1 47 30 28 27 15 8 14 16 9 0 43
32 45 22 33 37 47 9 13 10 12 23 15
30 44 8 36 34 14 28 29 2 18 39 40
30 37 28 26 8 16 0 1 35 23 25 32


44 31 43 27 4 22 33 16 8 23 18 15
17 42 34 46 30 37 5 45 1 3 41 9
37 3 5 45 42 46 34 7 47 28 41 30
13 18 8 38 33 6 21 14 27 44 32 43
39 14 11 41 2 28 32 3 7 45 24 10
31 43 44 4 22 27 36 23 16 15 8 35
42 45 30 46 34 41 37 3 5 17 19 28
32 14 28 13 6 12 38 33 3 29 2 20
47 26 5 37 9 0 42 17 34 46 45 3
13 27 8 18 43 44 33 4 35 31 24 21
42 30 34 45 46 5 41 37 3 47 19 17
39 10 24 41 14 2 11 3 32 13 28 45
7 21 2 8 33 15 11 38 32 31 40 5
27 13 43 4 18 44 31 8 33 23 38 22
42 30 34 46 45 5 37 41 47 3 17 19
21 6 33 38 2 7 8 27 44 31 25 36
45 42 34 41 30 3 46 5 37 47 19 28
45 42 37 46 5 34 30 3 41 47 28 19
25 34 45 41 42 12 5 37 30 3 46 11
9 23 36 15 26 31 1 0 16 22 17 43
38 13 18 33 6 8 44 27 14 21 43 32
43 31 4 27 44 35 16 36 23 18 15 22
43 27 44 4 18 13 31 8 33 35 23 16
31 43 27 4 44 23 36 16 22 8 18 35
25 34 26 35 28 12 1 42 0 3 30 23
27 43 44 31 4 18 13 33 15 8 23 36
9 47 17 40 1 0 30 39 42 45 10 15
12 10 25 16 28 44 35 43 27 24 1 18
30 45 41 42 34 46 5 47 19 37 3 28
22 27 8 43 4 44 31 18 23 36 38 13
44 27 43 31 4 16 8 22 18 36 23 33
24 13 8 18 10 33 39 27 43 35 44 16
13 27 18 8 43 44 33 4 31 38 22 21
42 34 30 46 45 5 37 41 3 47 17 28
23 36 31 22 44 43 15 4 16 27 0 26
42 30 34 5 46 37 45 3 41 47 19 17
42 30 34 46 45 5 37 41 3 19 47 17
21 33 38 13 8 27 44 18 31 6 32 43
12 32 47 7 45 28 29 3 37 41 5 6
38 13 32 33 21 8 6 18 14 27 2 44
31 44 43 27 4 16 36 35 23 18 8 22
16 1 35 43 4 44 31 36 27 22 8 15
15 31 23 9 43 40 4 44 36 27 26 24
20 13 39 24 11 10 18 32 14 8 2 21
43 27 4 44 18 35 13 31 16 8 22 33
21 33 8 13 27 6 31 44 43 15 38 9
20 25 12 19 38 10 34 11 23 3 4 41
27 43 44 4 31 18 13 8 33 35 16 22


11 10 42 34 19 45 25 8 36 37 35 1
23 19 8 46 4 42 41 13 36 3 7 2
29 27 9 14 5 30 16 4 41 6 24 2
28 31 20 18 40 17 35 12 43 44 21 26
17 11 28 40 20 18 35 31 44 26 21 32
11 45 17 28 20 18 35 14 22 29 46 8
11 35 40 10 17 8 39 24 42 45 25 37
9 2 37 13 30 46 24 0 29 27 16 47
15 39 37 45 41 5 4 22 29 38 33 36
26 45 17 32 15 8 44 22 6 18 20 31
30 9 2 27 16 47 46 5 0 3 1 7
13 38 9 1 19 3 34 11 47 25 23 43
30 16 2 5 27 12 6 38 44 26 4 21
17 18 40 31 20 28 12 35 26 43 44 11
18 20 31 12 44 28 40 21 17 26 35 32
35 17 40 11 28 31 20 18 43 10 12 26
45 15 39 4 5 37 41 33 42 6 22 36
34 14 19 43 45 13 9 2 25 27 38 47
17 40 26 45 18 35 44 20 15 22 21 31
23 18 20 31 11 40 28 13 17 35 46 32
46 43 24 9 20 21 47 18 12 31 26 44
31 18 28 12 44 20 21 17 35 40 26 43
40 31 18 28 20 12 17 44 23 35 26 21
24 23 40 10 45 37 25 46 11 21 31 20
18 20 31 40 28 17 21 12 44 35 26 43
23 13 12 21 31 44 18 28 40 20 43 35
30 9 2 0 27 5 16 46 3 47 38 34
11 20 10 18 31 32 28 17 15 40 35 12
28 31 43 35 17 20 40 18 10 11 44 12
30 16 21 5 44 27 2 4 12 26 38 32
23 11 13 19 14 3 10 34 1 25 45 35
17 31 20 28 40 18 35 44 12 11 21 43
17 44 12 28 18 20 31 21 26 35 40 24
23 46 9 27 7 38 16 43 47 24 26 2
1 29 33 46 36 7 13 4 25 22 14 39
27 9 2 38 7 29 32 16 25 30 34 8
45 29 36 34 33 17 39 40 42 15 31 20
12 43 31 28 44 18 21 20 26 40 35 17
27 5 4 30 2 16 33 9 41 6 38 22
17 40 35 28 20 31 18 26 11 44 12 21
30 14 44 12 16 21 27 9 26 13 18 31
30 21 12 44 16 27 2 9 31 14 26 20
22 15 38 39 4 6 29 45 41 24 8 25
12 44 21 43 30 31 18 46 20 47 32 28
14 23 47 21 7 26 16 18 13 9 28 44
26 16 7 38 6 2 30 14 27 1 47 22
24 29 35 10 14 25 38 1 42 40 8 36
46 30 21 44 24 29 16 12 18 20 5 31


43 31 10 18 23 2 40 6 37 0 15 33
13 12 35 5 3 38 11 17 34 22 45 25
44 29 28 4 14 6 33 30 19 42 37 20
31 10 43 40 6 23 2 15 27 18 0 33
37 33 0 23 43 18 6 39 10 4 40 27
33 23 37 0 43 39 10 18 6 41 40 27
5 38 32 13 11 45 3 17 34 35 25 26
24 47 2 15 31 12 35 27 7 40 10 5
31 15 2 40 10 43 37 23 27 18 6 0
5 35 13 3 38 12 32 26 34 22 11 25
43 23 6 10 18 0 37 33 40 39 31 27
40 27 31 15 10 2 12 23 39 41 24 34
3 5 38 32 13 35 25 34 45 12 17 26
23 43 10 6 0 33 18 37 40 39 31 27
35 13 38 12 5 3 22 34 32 17 11 25
24 13 11 36 3 26 17 5 16 47 45 34
43 6 23 18 33 0 10 37 40 39 31 27
35 12 7 47 31 15 2 24 1 34 5 26
31 2 43 40 10 23 15 6 18 0 37 33
5 12 35 13 34 3 45 11 38 32 17 24
10 23 43 40 33 0 6 18 37 39 27 2
32 5 38 3 13 45 25 17 26 11 34 22
33 41 39 0 23 18 6 43 37 4 10 27
39 10 40 37 23 43 0 27 6 33 18 41
23 10 43 37 40 39 18 0 27 33 6 41
31 15 2 40 10 43 9 23 6 27 37 7
13 38 25 22 3 32 11 17 5 45 26 35
37 8 0 4 23 41 33 18 39 43 10 27
2 31 15 40 10 43 23 6 18 0 37 33
23 39 0 33 37 18 43 10 6 40 27 41
15 2 31 40 10 27 7 9 43 24 6 23
43 18 6 31 0 33 23 10 40 2 37 9
5 26 3 35 12 13 1 32 34 38 25 24
43 31 10 23 40 18 6 37 0 2 33 27
7 35 15 2 12 31 34 1 24 5 47 26
2 31 15 7 40 10 43 27 23 37 6 9
32 26 5 38 3 45 25 1 46 30 13 34
2 31 15 40 10 43 37 23 6 27 18 7
32 26 38 30 25 46 3 5 36 45 34 17
23 43 33 10 37 18 0 39 6 40 27 41
20 19 4 44 35 28 37 39 0 34 26 6
27 10 41 23 40 31 39 43 37 6 0 33
37 23 10 43 0 6 18 33 39 40 41 27
32 38 13 5 26 45 17 25 3 11 22 34
31 10 40 43 2 23 27 37 41 6 15 18
31 2 40 10 6 43 15 23 18 0 37 33
38 3 17 22 13 25 32 45 5 11 34 46
33 23 0 39 10 18 43 6 41 37 40 27


29 2 25 28 4 43 7 17 1 39 44 24
27 5 32 20 47 45 39 43 28 25 11 44
8 7 13 26 40 15 16 19 24 37 36 30
40 8 25 41 18 7 43 32 3 29 30 24
43 41 18 5 25 39 32 20 27 29 11 10
21 37 36 26 30 0 19 13 33 12 46 22
34 0 12 22 33 46 21 19 36 31 37 9
30 4 37 33 21 36 40 8 13 19 7 26
23 18 27 41 32 43 29 11 9 47 1 28
43 41 5 20 39 18 32 25 44 11 47 29
30 37 21 33 15 16 19 12 40 22 14 46
41 32 18 43 25 5 11 47 39 27 20 29
31 38 33 16 35 14 12 36 46 13 28 37
5 43 11 32 20 41 39 47 18 27 44 25
37 21 30 33 19 36 16 26 15 13 46 12
40 18 41 8 26 39 1 43 0 25 21 9
28 2 23 34 3 45 10 9 44 46 42 39
37 21 30 26 19 36 40 0 13 7 33 8
27 5 11 20 32 47 39 43 45 31 10 44
31 38 23 34 16 28 46 33 12 14 35 2
47 11 27 32 20 45 43 31 5 44 39 10
27 31 28 24 38 23 45 10 32 39 5 11
40 18 41 43 25 20 5 39 32 29 44 7
21 37 26 36 30 19 33 13 16 0 4 22
44 41 47 40 11 20 43 32 10 18 5 25
40 43 18 39 25 2 41 0 9 8 20 1
26 21 37 36 13 19 33 30 4 0 14 15
43 41 32 18 5 11 47 20 25 39 44 10
15 23 4 28 6 27 46 7 8 13 16 38
44 47 45 10 11 32 31 20 27 39 23 42
33 37 16 13 30 15 36 19 21 26 46 12
5 43 39 18 41 25 20 29 27 11 32 47
38 19 31 23 4 33 13 17 24 35 46 36
11 47 31 42 44 45 12 10 20 38 32 34
5 39 20 43 41 29 25 11 18 44 27 10
5 43 18 39 41 20 29 25 27 11 32 44
21 26 37 30 36 19 13 46 33 16 15 0
11 47 31 27 45 10 20 44 32 28 39 5
31 33 16 38 14 35 15 12 30 19 24 37
43 5 41 20 39 25 32 18 47 11 44 27
31 33 34 12 46 37 16 14 22 38 21 30
31 47 11 38 34 45 12 42 23 44 46 22
32 27 41 18 45 23 47 44 10 25 43 11
22 9 44 34 12 0 20 47 11 2 39 3
18 41 25 43 8 27 39 32 5 20 29 3
46 36 38 14 31 23 10 33 35 15 37 30
37 33 21 46 30 19 36 34 26 12 22 13
44 11 31 10 47 45 38 42 20 12 34 32


24 45 27 30 46 21 39 0 31 23 12 32
27 39 21 45 30 24 0 46 23 35 42 10
13 27 21 32 0 24 39 42 30 45 25 1
39 21 0 46 24 27 30 13 43 4 32 45
21 39 13 0 27 24 30 32 46 28 36 31
7 8 17 30 2 29 10 5 25 33 13 26
43 0 39 14 16 20 4 21 13 5 18 6
39 21 0 4 43 37 30 27 32 46 24 36
19 17 10 41 7 6 2 42 40 34 22 9
24 27 45 21 30 13 39 0 32 46 12 42
1 44 2 47 28 7 36 40 3 13 19 11
21 36 11 13 0 39 37 32 28 33 46 30
11 23 32 46 3 31 44 37 20 40 5 33
32 21 13 0 46 36 28 39 11 37 30 33
3 9 15 22 34 20 35 44 26 40 6 42
21 39 0 13 32 27 30 36 46 37 24 28
11 13 28 32 33 36 21 0 37 40 38 14
21 39 36 0 37 13 28 32 11 27 30 43
23 44 7 30 47 24 8 2 36 17 11 4
21 24 32 30 39 0 27 46 13 45 23 37
39 21 30 27 24 45 0 4 18 13 12 26
3 15 40 29 22 9 20 6 34 2 26 35
43 37 36 28 11 21 39 40 0 29 1 32
3 15 29 40 22 9 20 44 2 47 6 7
28 39 21 13 1 36 0 37 4 25 27 32
26 34 35 42 15 6 22 29 18 9 41 12
44 2 36 1 29 40 28 14 7 19 3 37
11 44 36 1 7 32 33 28 13 17 47 40
12 34 26 45 18 41 31 24 6 9 4 35
34 9 26 35 42 15 12 6 18 22 45 3
24 30 21 27 39 13 45 0 46 23 12 31
3 40 15 2 44 20 9 6 29 22 19 34
45 26 42 12 18 24 34 35 41 27 4 9
21 13 32 36 28 11 30 37 0 39 27 46
21 39 13 28 32 0 36 37 27 30 11 14
9 3 15 34 35 22 26 6 20 18 42 44
35 42 26 34 9 22 18 15 3 41 45 12
28 36 13 32 21 11 1 37 44 0 39 47
3 15 9 22 40 20 34 35 26 44 6 2
42 18 26 45 15 34 35 9 31 41 12 22
39 21 0 13 27 28 32 37 46 36 24 30
34 26 9 18 12 6 22 41 19 42 15 35
40 3 2 44 15 7 20 9 22 19 29 1
21 28 37 36 39 13 32 11 0 30 8 27
9 34 26 18 15 22 3 12 6 42 35 41
40 28 1 44 47 39 35 27 21 6 0 37
30 2 29 7 43 3 22 4 36 15 34 20
9 34 3 15 26 22 18 6 35 12 19 42


21 44 13 27 39 47 36 2 8 22 38 43
12 45 10 34 29 28 20 3 41 4 38 1
22 32 0 24 35 11 7 19 31 14 9 15
12 34 10 20 29 45 28 3 41 1 38 43
22 32 0 11 24 35 7 19 31 9 14 15
12 10 29 20 41 34 3 45 5 38 28 1
32 22 0 35 11 19 7 24 9 31 15 40
12 45 34 29 25 10 1 20 41 5 38 4
45 28 12 34 1 10 20 3 43 29 41 38
20 10 45 25 3 5 29 41 12 34 4 1
5 29 20 10 3 41 38 25 43 34 12 13
12 13 34 28 37 3 41 10 20 29 45 1
12 10 34 45 29 20 28 3 41 1 38 43
46 7 11 32 35 47 31 24 30 0 40 19
24 22 32 0 31 19 7 11 35 14 9 27
12 34 45 10 1 29 20 28 41 3 38 43
29 20 5 38 34 10 41 12 13 3 28 45
10 34 12 29 20 3 45 41 38 28 43 1
0 24 22 32 35 11 7 19 31 14 9 46
32 22 0 35 11 7 24 15 19 31 46 23
7 22 32 31 24 11 35 0 19 14 9 15
22 32 24 0 7 19 11 31 35 9 14 15
29 10 12 20 34 41 3 5 28 45 38 13
45 10 12 20 29 3 41 34 25 1 5 38
22 0 24 32 19 7 35 31 11 9 14 15
29 10 20 41 5 3 12 34 38 28 13 45
34 12 29 41 13 10 38 28 20 5 3 45
45 1 12 25 10 20 4 3 28 29 41 34
35 11 0 7 32 31 22 16 19 40 17 8
22 32 24 0 7 11 31 35 19 14 9 15
22 24 32 0 7 31 11 19 35 14 9 17
22 24 32 0 7 19 11 31 35 14 9 15
17 28 12 34 45 29 10 41 1 13 3 20
31 7 11 14 35 32 8 24 19 16 0 22
24 22 31 19 7 32 0 11 14 35 9 15
22 0 32 24 35 7 11 19 31 9 14 15
13 12 29 34 10 28 41 3 45 5 38 37
10 5 20 29 25 41 38 3 12 45 34 43
22 32 24 31 7 19 0 11 35 14 9 15
46 24 22 32 19 0 9 31 35 11 7 44
35 32 11 18 7 31 19 22 23 0 24 14
5 29 20 13 34 10 41 38 3 12 28 4
22 0 24 32 7 31 19 11 35 9 14 17
22 32 24 0 11 7 31 19 35 14 9 15
20 10 29 25 38 45 5 12 41 34 3 43
12 45 41 34 29 10 1 25 5 28 20 38
44 23 25 6 4 5 39 20 10 38 29 18
19 31 24 14 22 7 32 0 11 35 9 42


23 35 17 27 38 32 19 3 18 25 22 0
45 2 42 41 8 14 35 30 3 5 9 10
10 41 2 33 8 15 9 30 21 4 43 34
5 24 37 15 36 18 42 1 26 13 44 9
2 8 10 33 41 15 21 22 9 47 13 44
18 12 41 4 10 2 28 31 33 1 8 44
2 10 8 33 21 41 4 22 31 12 5 7
15 10 8 33 2 41 21 9 31 34 22 6
45 23 35 31 19 32 17 33 42 39 14 6
23 27 17 35 19 40 36 46 37 16 39 0
20 37 19 27 17 0 29 23 32 25 28 40
37 17 23 27 19 40 0 25 36 45 32 28
27 37 28 23 16 17 38 7 45 0 46 39
28 17 31 0 19 26 24 27 7 18 36 20
23 27 17 29 37 0 16 20 39 19 9 45
9 41 15 13 30 22 3 6 10 35 42 18
9 41 2 10 30 8 47 13 16 44 22 4
19 40 22 25 36 23 13 35 17 42 31 26
23 27 19 17 37 0 36 28 39 20 32 26
37 27 45 23 36 20 0 28 29 25 17 14
23 19 27 17 37 40 36 0 32 35 25 26
29 26 12 33 36 43 27 4 0 32 18 9
23 27 37 19 17 36 40 0 32 35 25 20
28 37 27 0 20 12 14 29 23 36 7 11
18 38 28 12 0 24 17 19 32 40 2 44
17 23 27 19 32 37 25 40 0 26 35 46
37 29 30 16 20 9 27 12 46 41 28 44
12 10 28 43 41 15 5 47 44 33 9 30
25 19 32 40 36 23 46 17 27 35 1 26
37 28 29 36 0 5 40 12 24 15 25 1
10 2 21 47 33 9 8 45 43 44 41 11
10 15 33 8 21 41 2 43 34 9 5 12
23 40 19 37 27 39 36 25 17 11 45 20
23 19 27 40 17 37 36 25 32 0 39 35
7 3 9 24 45 41 23 28 16 42 18 27
19 23 17 27 13 32 35 37 22 39 40 38
39 9 1 6 3 24 42 25 37 41 29 5
10 41 2 9 8 33 15 30 21 47 4 44
37 36 6 46 24 20 29 39 40 38 44 25
37 27 20 46 28 36 12 29 14 25 16 40
17 23 19 32 26 27 45 7 11 35 0 36
15 5 26 33 21 28 10 47 43 34 44 36
10 47 29 38 3 6 9 21 43 2 15 41
37 36 23 19 27 17 0 40 25 26 32 20
23 19 40 27 17 25 32 45 36 22 39 26
23 36 37 27 19 40 0 17 25 32 20 26
3 38 12 11 26 32 6 31 29 39 46 36
28 37 12 33 24 29 46 25 0 10 1 36


27 3 47 8 24 21 10 5 43 33 4 17
37 13 12 33 16 47 39 42 19 20 45 40
26 37 16 4 12 41 14 28 13 29 11 15
23 36 7 3 24 29 1 27 41 34 45 11
38 27 15 17 31 33 16 5 4 47 25 8
9 28 39 44 11 41 45 37 2 14 12 22
11 41 36 44 9 28 38 23 2 39 6 42
9 12 13 36 23 11 16 39 2 7 6 26
35 37 15 9 23 20 11 28 29 34 25 18
30 25 38 15 40 35 24 10 14 19 2 18
36 23 19 11 9 5 33 13 6 38 34 2
3 27 8 47 21 24 25 10 5 43 33 0
27 8 10 37 3 0 17 4 43 41 12 16
3 27 8 47 5 24 21 10 33 43 13 4
47 24 21 3 43 13 27 35 26 37 0 33
20 31 44 45 11 42 30 15 36 34 19 7
16 37 10 12 25 14 17 0 38 8 32 20
7 31 23 36 3 5 10 30 24 41 17 34
3 27 8 47 10 21 43 25 5 17 0 24
10 3 8 24 5 25 34 17 41 29 33 32
11 38 23 24 2 7 39 3 32 21 41 46
3 27 8 5 24 10 21 43 4 33 47 25
44 42 18 29 15 12 39 21 7 11 26 28
11 9 39 28 38 14 44 6 2 22 41 12
40 37 33 43 19 39 38 34 23 44 28 20
16 37 14 0 47 20 6 4 10 43 25 12
3 27 8 47 21 24 5 43 10 4 33 0
27 16 0 3 47 4 37 10 8 12 43 25
9 11 39 36 41 44 23 2 28 45 7 42
27 3 47 8 21 10 43 0 5 13 4 37
9 16 44 28 14 22 2 12 40 11 13 0
27 37 16 0 3 47 25 4 8 21 20 17
3 27 8 47 10 5 24 21 43 33 25 4
9 11 39 44 28 36 2 22 23 6 45 7
4 16 0 47 13 9 14 37 43 36 12 22
41 38 17 2 44 30 31 19 33 27 28 32
14 9 6 12 0 32 22 37 16 26 47 46
4 21 10 25 24 1 22 27 47 3 8 29
9 11 39 44 36 23 28 2 41 38 45 42
3 27 10 47 8 21 24 4 43 5 25 0
22 24 14 16 6 39 32 9 41 38 13 4
27 8 47 3 16 25 37 10 0 43 21 4
16 47 40 13 37 0 14 12 4 21 20 6
27 3 47 8 43 10 5 13 21 24 0 33
11 1 28 9 26 45 31 42 18 41 35 7
14 16 0 37 47 10 25 20 27 21 43 8
9 11 39 44 23 2 14 28 19 22 38 41
24 41 3 15 32 44 7 21 23 11 34 6


6 27 2 24 23 7 4 46 5 8 16 22
1 31 6 5 4 20 28 46 2 23 3 9
22 4 28 24 23 20 5 16 39 37 15 43
37 36 35 14 19 46 47 17 45 11 32 41
35 14 36 47 19 45 18 38 17 10 8 26
35 14 47 19 36 45 38 8 18 17 10 32
4 24 22 23 6 16 7 5 43 28 2 15
19 35 14 47 37 36 45 17 18 38 32 11
24 4 22 23 6 16 7 43 27 2 5 28
4 24 23 22 6 16 5 28 7 43 2 15
35 19 14 47 45 20 36 18 41 38 21 25
14 45 35 36 8 20 44 47 42 6 2 28
22 4 24 23 6 28 5 16 7 25 43 39
35 14 47 36 19 18 8 45 38 10 32 17
24 7 16 4 27 22 23 15 43 1 21 2
35 14 47 36 45 19 8 18 26 38 37 20
4 24 22 23 6 16 5 28 7 43 2 27
35 14 19 36 37 47 45 18 38 32 8 17
4 24 22 23 16 7 43 28 15 6 39 5
24 4 22 23 6 7 5 16 43 2 27 28
35 14 19 47 36 45 18 8 10 38 17 32
22 4 24 23 28 16 5 6 43 20 15 37
4 24 22 23 16 7 5 43 27 15 6 2
27 6 7 2 46 8 23 24 16 5 43 21
35 19 14 36 47 17 45 18 38 25 37 10
35 14 47 36 8 45 19 18 38 37 10 46
22 15 39 31 13 33 3 26 4 10 21 18
35 14 47 19 36 45 17 18 38 8 10 26
47 14 37 6 8 35 27 46 10 45 2 38
19 35 47 17 36 25 14 39 38 20 45 18
37 43 30 33 7 28 38 32 40 44 29 10
6 23 2 46 27 8 43 7 24 16 11 0
22 4 24 23 5 6 16 28 2 34 7 3
4 24 23 6 16 22 7 27 43 5 28 2
39 4 28 25 22 24 11 23 15 9 7 31
12 26 8 15 10 35 14 33 46 3 20 45
46 20 31 23 15 39 19 1 9 41 11 7
4 2 5 7 23 6 27 16 28 22 43 20
24 27 23 6 2 43 7 22 15 4 16 5
4 22 24 23 16 28 15 7 6 43 5 2
31 30 23 20 27 24 38 2 8 16 7 26
19 35 47 14 36 17 45 20 32 8 38 12
8 14 35 36 45 47 10 46 19 26 11 18
37 19 25 22 34 35 17 45 30 26 47 11
22 4 24 23 28 16 5 7 43 6 15 39
4 24 22 16 23 7 28 5 6 43 15 2
11 28 7 27 2 46 16 6 44 29 0 33
24 22 23 4 16 6 7 43 28 27 15 5


2 28 39 31 4 19 3 1 5 25 0 18
4 3 39 28 5 31 33 0 25 18 37 45
25 4 28 33 31 39 3 5 0 18 2 37
47 41 42 29 14 10 20 44 23 8 11 27
4 39 5 28 3 25 33 18 31 0 37 2
4 3 31 39 28 25 0 5 18 37 45 33
42 47 14 29 11 41 27 9 6 44 10 43
42 47 14 29 41 27 20 11 23 10 6 30
42 29 47 14 41 23 27 20 11 30 6 44
42 47 27 9 36 6 14 22 15 29 41 35
14 29 42 47 9 41 16 6 43 22 40 7
47 42 14 29 41 23 20 11 27 6 10 8
42 29 47 14 41 11 27 30 20 23 9 36
42 29 41 47 14 30 11 27 20 9 35 10
14 29 47 42 8 11 13 12 44 46 23 20
4 31 3 39 28 0 25 5 45 18 2 37
42 47 14 29 41 11 23 27 44 8 10 20
42 29 41 14 47 30 11 27 20 9 23 35
4 39 28 31 3 5 25 0 2 18 45 33
39 28 19 2 1 4 30 18 31 5 0 12
42 14 47 29 41 11 27 20 23 30 10 9
47 29 42 14 41 8 23 11 20 10 27 44
42 14 47 29 41 27 20 10 23 30 11 8
28 4 39 31 2 3 25 0 5 18 1 37
4 3 25 28 33 39 31 0 2 5 45 18
39 28 4 31 5 3 0 25 2 45 18 1
31 3 4 25 0 5 39 28 2 17 18 45
39 4 31 28 5 3 25 0 18 2 45 37
7 10 19 25 13 39 31 33 32 1 20 11
42 41 29 14 47 30 9 20 21 11 27 34
31 39 28 2 4 18 5 0 25 19 1 3
14 29 47 42 41 27 23 20 6 9 8 22
6 16 7 9 20 38 24 19 27 46 5 28
42 47 29 14 41 23 20 27 11 6 9 30
3 25 31 4 39 5 28 0 2 45 33 44
4 3 5 25 39 31 28 0 33 18 45 37
41 42 47 29 14 27 30 35 20 23 44 6
32 14 8 16 29 45 7 47 33 41 43 26
42 29 47 14 41 27 11 20 23 30 10 6
41 6 42 29 35 36 21 1 2 47 27 20
45 3 21 31 1 4 39 2 5 25 22 28
4 3 39 28 31 25 0 5 33 18 45 2
41 42 29 47 14 11 23 27 7 10 20 24
14 42 29 41 47 11 30 27 36 35 9 10
42 29 41 14 47 11 27 30 35 23 20 9
39 4 25 31 3 45 5 38 28 2 18 0
47 29 23 14 42 8 33 41 10 36 20 16
42 14 47 29 41 27 20 30 23 11 9 10


22 37 27 8 38 20 41 42 17 2 44 4
35 11 0 17 40 29 30 7 1 32 24 33
35 11 29 0 40 17 30 1 24 7 32 3
35 11 0 29 17 40 30 1 24 7 2 31
35 11 0 29 17 40 30 7 1 33 3 32
35 11 29 0 17 40 30 32 1 3 7 33
35 11 29 0 17 40 30 1 32 7 33 24
11 35 17 0 40 29 30 32 33 7 1 24
17 0 4 11 12 1 3 9 7 31 40 35
13 47 25 21 6 19 46 18 41 28 36 26
13 19 46 27 44 26 41 23 38 18 8 6
35 30 11 29 17 0 24 1 40 3 33 9
14 12 25 47 6 26 19 23 43 13 2 18
18 37 6 44 19 43 36 13 46 41 16 28
19 46 13 41 23 26 38 27 44 28 8 45
17 11 35 0 40 30 29 33 32 7 2 1
1 43 32 21 34 47 33 35 18 36 45 25
35 11 0 29 17 40 30 7 1 32 24 3
35 11 0 29 17 40 30 1 7 32 24 3
35 29 11 47 30 25 40 0 1 2 32 20
13 19 46 38 8 44 26 27 41 42 23 45
35 11 29 0 17 40 30 1 7 24 20 9
6 28 37 42 36 44 13 25 7 3 23 19
11 35 17 0 40 29 30 33 32 7 1 3
14 18 13 15 36 21 19 46 26 25 1 34
11 17 35 0 40 29 30 2 33 7 1 32
13 46 19 44 38 26 8 41 42 27 18 37
38 4 22 17 10 45 8 12 33 16 44 40
19 13 46 26 27 38 44 41 8 18 23 37
47 21 18 1 37 25 19 26 13 15 34 28
35 11 0 17 29 40 30 7 1 24 33 2
13 19 46 8 26 27 44 41 6 42 38 18
24 42 6 28 13 46 8 21 38 19 45 14
13 19 46 44 38 26 8 27 41 18 42 37
35 11 29 0 40 17 30 24 1 32 3 31
46 13 19 8 38 44 27 42 41 26 6 37
35 11 29 40 0 17 30 1 39 32 7 24
19 46 13 38 44 26 41 27 45 8 18 37
13 46 19 27 44 38 26 8 41 42 37 18
17 0 11 40 35 30 29 32 33 7 4 3
17 35 11 0 40 29 16 31 30 24 9 32
6 25 18 19 46 21 29 26 13 28 35 23
13 19 44 46 38 8 41 27 37 42 26 18
43 20 2 7 5 36 25 12 35 9 15 29
11 35 17 0 29 40 30 7 32 33 1 24
46 19 44 13 38 41 8 45 23 18 26 27
11 0 35 29 17 40 30 7 9 24 3 1
13 46 19 41 36 44 8 37 27 18 38 26


44 17 43 23 32 16 14 39 2 12 37 31
30 15 35 47 33 11 46 27 10 1 22 25
30 15 35 33 11 47 27 46 1 25 41 4
23 16 43 12 44 18 31 39 3 21 14 32
35 15 30 33 47 11 1 27 10 25 46 26
15 30 35 33 11 47 1 27 46 41 25 10
21 12 1 28 9 44 39 32 31 3 47 7
43 17 14 44 16 23 21 31 32 28 39 37
35 29 25 47 1 30 15 34 5 22 0 39
15 30 35 33 47 27 11 46 1 41 10 20
15 30 35 33 27 11 47 46 1 41 20 4
30 15 35 47 33 11 25 27 1 10 22 46
30 15 35 33 11 47 27 1 46 41 20 25
22 28 31 43 19 14 32 34 37 17 16 21
30 15 35 33 47 11 27 1 46 41 25 22
30 15 35 33 47 11 27 46 1 41 20 4
25 24 8 20 30 35 46 15 19 42 0 34
35 15 30 33 47 11 45 1 6 25 46 41
7 2 29 13 45 34 41 0 38 40 42 17
35 30 15 47 33 11 27 20 5 1 22 41
15 30 35 33 27 11 47 1 46 41 29 25
47 20 6 10 4 25 15 35 30 26 33 39
2 41 7 39 17 3 32 37 40 43 44 45
30 15 35 33 11 47 27 25 46 1 10 4
15 30 35 33 11 47 27 46 41 1 20 25
15 30 35 33 47 11 27 1 46 25 10 4
35 15 30 47 33 11 27 1 24 25 6 4
17 43 44 14 32 16 31 38 2 23 12 37
35 30 15 33 47 11 25 27 1 22 5 24
35 30 15 47 11 33 1 4 25 46 27 22
44 23 17 43 14 16 12 31 32 37 39 21
10 9 26 4 46 19 8 22 43 20 5 29
17 44 14 43 16 31 23 32 12 37 39 13
35 15 30 47 33 27 1 11 5 4 0 20
18 6 30 45 35 9 47 15 21 46 41 33
40 1 28 0 18 10 44 11 37 47 39 9
30 35 15 33 27 47 11 1 46 25 20 22
35 30 15 33 11 47 1 27 25 46 10 4
15 35 30 27 11 47 33 46 45 4 20 41
44 17 23 16 43 14 12 32 31 37 21 13
32 18 17 44 37 23 2 45 31 9 14 39
15 30 35 33 11 47 27 46 1 41 20 25
15 35 30 33 47 41 27 1 11 45 46 7
15 30 35 33 47 11 27 1 46 41 25 10
12 23 44 17 16 43 14 31 37 32 39 21
15 30 35 33 27 47 11 46 1 41 20 4
30 15 35 33 47 27 11 1 46 25 10 41
38 4 40 6 46 34 39 20 28 47 36 45


15 21 25 28 11 47 22 40 0 7 6 26
37 18 23 14 9 27 42 39 32 8 19 38
25 34 28 38 22 21 15 30 11 26 24 47
21 15 44 32 35 13 16 6 24 40 38 46
9 23 18 43 37 31 42 12 17 33 14 19
37 18 23 9 27 14 32 42 31 12 38 39
15 21 25 28 11 47 22 40 6 41 0 30
37 18 23 14 9 32 27 31 42 12 8 33
18 37 23 32 14 5 27 8 42 9 38 29
18 37 23 38 14 33 31 42 9 27 32 8
15 25 2 28 11 47 21 41 14 30 20 45
15 21 28 25 11 47 22 30 40 26 6 7
18 37 23 27 14 32 31 9 8 42 5 12
44 41 26 17 15 34 46 21 28 25 43 22
43 9 37 42 23 17 19 18 12 27 7 29
9 17 37 43 23 18 24 12 31 34 38 4
40 8 11 2 28 21 14 34 0 45 15 26
37 18 23 32 27 14 31 42 8 5 33 44
15 28 25 21 11 47 16 40 2 24 41 20
15 21 28 25 11 47 30 22 40 6 26 16
18 37 23 27 14 1 5 33 31 32 42 45
18 37 23 27 14 32 8 9 31 42 19 12
15 21 28 25 11 47 30 22 16 40 26 41
9 43 23 42 12 0 2 18 19 34 41 24
15 21 25 28 11 47 22 0 30 7 6 41
23 9 18 37 43 31 42 19 8 12 14 27
4 46 18 6 29 0 3 27 20 14 13 30
15 28 21 25 11 6 16 34 22 0 38 24
37 18 27 23 8 32 14 42 31 44 33 5
37 9 12 18 31 22 42 1 23 19 4 14
15 21 28 11 25 47 40 22 35 6 7 34
44 47 6 18 27 14 29 20 9 42 8 32
28 15 20 21 40 11 34 0 47 43 17 22
34 44 8 39 36 4 7 29 10 26 38 22
25 15 28 47 21 43 11 0 7 41 6 17
9 43 17 12 33 28 19 0 2 47 24 23
45 14 12 29 5 39 23 40 18 22 35 31
15 21 25 0 28 11 47 41 30 22 6 40
15 21 25 11 28 47 41 7 26 6 22 30
15 28 25 21 11 47 43 17 26 22 6 40
15 21 25 28 6 11 0 3 41 24 20 35
15 21 28 25 11 47 22 40 30 16 41 6
15 21 25 28 22 11 30 7 41 47 0 17
47 15 29 20 25 35 43 41 32 36 27 42
15 21 28 25 11 47 22 7 30 0 40 6
0 15 11 30 35 21 3 46 25 24 34 7
15 28 21 25 11 47 40 26 22 43 0 30
15 28 21 25 11 47 22 40 41 30 7 0


13 43 37 12 25 42 35 27 3 40 16 1
41 30 42 13 28 40 4 27 29 36 33 43
36 41 43 34 12 16 5 37 25 38 42 26
7 24 18 11 38 9 6 10 2 26 47 29
19 37 4 13 14 6 47 42 32 8 34 30
18 14 45 23 19 15 3 39 32 31 7 38
13 43 40 12 42 35 21 37 20 32 1 30
13 43 40 42 35 20 12 32 21 44 37 16
7 24 39 3 38 28 8 2 10 1 47 34
13 43 42 21 35 40 37 32 20 26 1 12
12 43 42 13 16 1 20 32 40 35 5 21
13 43 42 40 37 20 21 27 35 12 32 44
13 43 40 20 42 21 37 27 35 12 32 44
7 24 34 2 9 47 39 18 11 46 8 23
7 39 9 24 2 18 38 10 0 6 11 47
29 4 45 38 7 47 10 31 6 22 15 11
5 11 26 18 22 29 38 3 7 6 27 40
43 13 12 42 40 20 21 35 37 32 16 1
34 14 7 15 9 6 3 39 25 35 4 38
34 43 13 37 35 42 32 25 1 6 30 36
24 7 5 38 3 18 11 33 29 10 26 39
5 16 11 18 26 46 7 38 3 8 40 24
39 23 17 11 19 28 15 29 46 14 10 1
18 7 24 38 41 29 8 15 39 10 19 47
7 24 18 11 26 9 38 10 29 28 6 2
13 40 43 16 42 35 46 33 37 20 12 27
24 7 11 26 10 5 9 38 47 6 18 39
16 5 24 8 9 7 6 2 18 41 22 36
13 12 5 31 43 32 40 4 19 3 37 33
43 13 42 40 20 12 21 35 37 32 25 27
40 33 16 42 28 13 41 12 25 43 21 3
7 24 18 11 5 9 38 26 2 10 47 34
7 24 18 11 38 9 10 2 26 5 29 34
13 42 40 43 12 35 21 20 37 44 30 5
18 24 29 7 27 3 45 9 31 47 33 2
41 14 31 9 30 17 22 40 32 4 3 33
7 24 18 38 10 34 9 11 6 47 26 2
5 46 16 18 27 11 26 24 7 29 28 19
7 24 38 47 34 18 6 9 11 10 39 3
13 43 40 42 21 35 37 12 20 16 32 36
35 43 19 20 3 42 22 34 12 13 16 36
13 43 40 42 12 20 21 35 37 32 46 16
11 14 3 5 7 10 39 44 34 18 26 24
7 10 24 26 15 18 6 36 3 11 23 34
7 24 18 11 29 10 5 38 26 27 6 9
32 0 47 31 35 43 30 42 13 39 33 14
16 7 46 8 18 11 27 26 5 24 29 47
13 37 43 34 42 20 32 21 25 44 35 40


22 40 10 18 39 33 15 9 21 8 30 44
17 9 20 3 33 23 11 32 37 41 34 24
32 47 34 17 38 20 11 7 14 3 24 0
7 5 28 1 42 43 8 29 32 34 14 36
7 38 2 5 29 35 32 14 36 0 46 31
43 1 5 42 24 8 28 2 14 10 20 45
9 17 40 11 30 4 24 20 32 38 23 34
13 16 11 4 3 25 24 28 39 15 33 5
18 1 6 24 13 40 42 9 28 4 37 44
15 21 22 44 39 4 33 30 10 25 35 27
44 21 17 35 47 38 0 25 6 10 33 42
7 27 41 47 33 8 35 37 22 36 46 39
7 35 22 21 41 5 29 15 44 8 37 47
24 32 38 7 3 19 20 41 0 12 47 16
21 47 33 39 15 35 22 10 13 45 27 44
40 38 20 28 6 32 24 34 44 17 42 16
13 15 4 17 37 21 28 34 44 30 26 45
1 45 43 42 28 14 40 18 9 30 38 46
45 46 38 3 40 30 11 14 43 23 20 31
26 10 30 33 43 39 40 21 11 17 23 45
22 39 2 15 21 36 27 33 31 35 26 23
37 30 40 24 33 34 45 4 12 41 1 9
28 23 29 42 33 26 16 47 35 38 14 21
1 28 7 5 42 35 18 6 43 8 22 24
47 40 17 21 33 2 19 26 9 12 10 46
32 20 38 24 34 3 11 37 47 17 41 16
1 30 43 40 39 8 9 22 26 14 28 42
25 15 26 46 3 6 9 20 38 19 11 17
2 46 36 14 23 20 34 32 3 11 40 43
7 35 32 29 5 47 0 6 8 13 41 10
28 15 22 25 39 8 27 9 35 23 6 44
32 19 11 10 8 38 35 47 0 25 17 26
42 6 1 40 10 26 19 15 9 18 22 25
11 26 17 32 14 42 40 30 38 47 36 19
22 7 35 6 21 43 8 29 5 15 2 27
37 33 47 11 34 41 32 12 5 13 21 4
25 41 38 17 11 4 44 34 32 10 45 14
22 43 39 10 30 15 41 23 9 8 21 18
38 20 14 32 3 19 11 24 46 17 2 34
32 34 20 38 3 11 24 17 41 37 0 46
2 46 14 43 26 39 5 29 40 23 36 3
0 7 5 38 40 16 28 32 35 25 8 4
32 20 38 34 18 19 47 11 3 46 24 17
32 38 34 20 11 3 46 14 23 40 47 17
42 11 32 38 20 47 7 0 24 13 17 46
36 43 26 35 7 25 15 42 33 32 22 21
21 30 26 39 41 11 33 47 3 15 4 20
32 34 20 38 11 17 46 3 24 14 19 23


39 40 10 38 14 13 9 15 44 5 32 3
45 33 41 2 8 11 23 19 21 6 16 18
40 39 10 38 14 9 13 15 44 5 32 29
10 40 39 38 14 13 9 15 44 5 32 30
2 33 45 8 23 41 11 19 21 6 16 7
38 40 39 10 14 9 13 15 5 44 32 30
33 2 45 8 23 41 11 19 21 6 16 7
14 38 40 39 10 9 13 15 5 44 32 30
39 10 40 38 14 13 9 15 44 5 32 30
29 4 33 41 23 2 11 8 45 19 34 21
40 14 39 38 10 9 13 15 5 44 32 30
29 4 40 39 14 38 13 32 43 9 10 17
19 2 33 23 8 45 21 11 41 6 16 7
39 38 10 40 14 13 9 15 5 44 32 30
41 33 8 23 45 19 2 21 11 6 7 16
39 40 10 38 14 13 9 15 44 5 32 30
2 33 45 8 23 41 11 19 21 6 16 7
40 39 10 38 14 9 13 15 5 44 32 30
7 40 13 39 9 15 10 17 38 14 44 30
29 46 17 9 14 40 15 39 0 38 10 36
41 8 2 45 33 23 11 19 6 21 16 7
2 33 45 23 8 41 11 19 21 6 16 7
33 2 45 8 23 41 11 19 21 6 16 7
39 38 10 40 14 9 13 15 5 44 32 30
33 45 2 41 23 8 11 19 21 6 16 7
26 29 31 34 0 40 46 6 3 43 9 39
45 2 33 41 23 8 11 19 21 6 16 7
38 39 40 14 10 9 13 15 5 44 32 30
39 32 40 38 10 14 29 15 9 13 3 31
2 45 33 8 23 41 11 19 21 6 16 7
39 10 40 14 38 13 9 15 44 5 32 30
2 45 33 8 23 11 41 19 6 21 16 7
14 10 40 39 38 13 9 15 5 44 32 30
9 3 40 10 13 38 39 14 15 32 44 5
40 38 39 10 14 9 13 15 5 44 32 30
2 33 45 23 8 41 11 19 21 6 16 7
12 31 37 3 32 28 35 15 46 47 44 6
2 33 45 23 8 11 41 19 21 6 16 7
33 2 45 41 8 23 11 19 21 6 16 7
2 8 33 45 23 41 11 19 21 6 16 7
41 2 45 33 23 8 19 11 21 6 16 7
38 39 14 10 40 13 9 15 44 5 32 30
29 38 40 39 14 9 10 13 15 44 5 32
36 17 46 30 1 41 29 25 0 21 6 33
33 45 2 8 23 41 11 19 21 6 16 7
38 39 10 40 14 13 9 15 44 5 32 30
4 27 45 2 33 21 19 23 41 8 6 11
39 14 38 40 10 13 9 15 5 44 32 30


31 43 11 0 25 8 37 6 40 41 2 42
43 31 11 0 37 8 25 6 42 40 29 2
39 18 30 15 22 46 32 1 16 5 19 24
18 39 30 15 22 46 32 1 16 5 19 24
18 39 30 22 15 46 32 1 16 5 19 24
37 0 31 25 8 6 11 43 29 2 40 42
18 30 39 15 22 46 1 32 16 5 19 24
18 30 39 15 22 46 1 32 16 24 19 5
31 43 11 0 25 8 37 6 40 29 2 41
43 31 0 25 11 37 8 6 40 41 42 2
31 11 43 25 37 8 0 6 40 42 29 2
39 18 30 22 15 46 1 32 16 5 24 47
11 25 0 31 43 37 8 6 17 29 2 42
18 30 39 22 15 46 1 32 16 19 47 5
31 0 43 8 11 25 37 6 40 42 2 41
18 30 39 15 22 46 32 1 16 5 19 47
31 11 43 0 8 25 37 6 40 29 2 42
11 25 43 37 8 31 6 0 40 2 14 17
25 0 8 37 11 31 43 6 42 40 2 29
18 30 39 15 22 46 32 1 16 24 47 19
18 39 30 15 22 46 32 1 16 19 3 24
11 43 31 25 0 8 37 6 40 41 2 29
30 18 39 15 22 46 1 32 16 24 19 5
11 25 31 8 43 0 6 37 40 41 42 2
29 42 0 8 6 31 11 25 37 43 2 40
43 11 31 8 0 25 6 37 41 29 40 42
18 30 39 15 22 46 32 1 16 5 19 47
23 13 29 24 2 41 0 25 11 37 8 38
46 39 22 15 18 30 32 1 16 7 5 13
18 30 39 22 15 46 32 1 16 5 47 19
31 11 0 25 43 8 37 6 40 41 42 2
18 30 39 15 22 46 1 32 16 19 24 47
31 11 8 43 25 0 37 6 40 2 42 29
0 8 25 31 11 6 43 37 29 42 2 40
43 31 37 0 25 8 11 6 42 40 2 29
24 1 15 28 32 29 22 39 46 18 30 44
11 43 31 0 25 8 37 6 40 41 2 29
30 18 39 15 22 46 32 1 16 5 24 47
43 31 11 8 0 25 37 6 40 2 42 29
18 30 39 15 22 46 1 32 16 5 24 19
6 25 11 0 37 43 31 8 2 40 42 17
23 24 32 15 28 19 30 1 39 18 22 46
8 25 6 0 43 11 31 37 40 2 41 42
24 28 34 1 15 32 23 45 29 46 39 18
46 39 18 15 30 22 1 32 16 47 5 19
43 0 8 31 11 25 37 6 40 42 2 29
22 39 18 30 1 15 32 46 16 10 19 24
18 30 39 15 22 46 32 1 16 24 19 5


21 46 32 14 37 38 7 0 39 36 23 35
41 19 29 17 2 8 24 11 12 30 43 3
19 17 2 29 41 8 24 11 12 30 3 43
17 41 19 29 2 8 11 24 12 30 3 20
46 21 14 32 38 37 0 7 39 36 23 35
29 41 19 17 2 8 24 11 12 30 3 20
5 6 33 39 35 15 37 14 36 21 4 46
46 21 14 37 32 38 0 7 39 36 23 35
21 46 14 32 37 38 0 7 39 36 23 35
41 29 19 17 2 8 24 11 12 30 3 20
17 41 29 19 2 8 24 11 12 30 3 43
46 21 14 32 37 38 0 7 39 36 23 35
21 46 14 37 32 38 0 7 39 36 23 35
17 41 19 2 29 8 24 11 12 30 3 20
41 17 19 29 2 8 24 11 12 30 3 43
38 46 21 14 32 37 0 7 39 36 23 35
41 8 11 19 2 17 24 29 43 27 30 12
17 19 41 29 2 8 24 11 12 30 3 43
16 30 15 23 6 31 1 28 34 12 47 13
21 46 14 32 37 38 0 7 39 36 23 35
46 21 37 14 32 38 0 7 39 36 23 35
21 46 14 37 32 38 0 7 39 36 23 35
19 29 17 8 41 2 11 24 12 30 43 3
3 10 40 5 42 43 25 47 29 8 16 22
7 45 4 42 37 46 39 38 0 32 14 21
15 31 18 23 1 45 6 12 27 5 20 16
36 7 26 37 14 4 21 46 38 45 42 32
46 21 14 32 37 38 0 7 39 36 23 35
46 21 14 32 37 38 0 7 39 36 23 35
29 17 19 41 2 24 8 11 12 3 30 43
41 29 2 17 19 8 24 11 12 3 30 20
25 24 11 12 8 2 17 29 41 19 15 1
46 21 14 32 37 38 0 7 39 36 23 35
21 46 14 32 37 38 0 7 39 36 23 35
17 41 19 29 2 8 24 11 12 30 3 43
17 41 29 19 2 24 8 11 12 30 3 20
30 2 41 19 1 29 11 17 13 15 31 16
46 21 14 32 38 37 0 7 39 36 23 35
29 41 17 19 2 24 8 11 12 3 30 43
32 14 46 21 7 35 38 37 0 6 10 39
29 19 41 17 2 8 24 11 12 30 3 43
21 46 14 32 37 38 0 7 39 36 23 35
11 24 12 2 17 41 8 19 29 6 9 34
21 46 14 37 32 38 0 7 39 36 23 35
17 19 41 29 2 8 24 11 12 30 3 20
41 29 17 19 2 8 24 11 12 30 3 43
46 21 14 32 38 37 0 7 39 36 23 35
17 19 41 29 2 8 11 24 12 30 3 43


47 21 15 38 26 34 19 27 33 25 11 0
21 47 26 15 38 19 34 25 33 11 0 27
47 21 26 15 38 25 19 34 33 27 11 0
47 38 21 15 26 34 27 33 19 25 11 0
21 26 47 15 19 38 33 34 27 11 0 25
1 29 0 30 25 38 26 47 21 33 15 11
5 8 39 18 42 44 20 22 23 10 13 16
21 47 26 15 38 34 19 33 27 11 0 25
47 38 21 15 26 34 19 27 33 25 11 0
5 42 8 18 39 44 20 22 23 10 13 16
47 21 38 15 26 34 25 19 27 33 11 0
5 8 42 18 39 44 20 22 23 10 13 16
27 38 47 21 15 34 26 33 19 11 25 0
5 8 42 18 39 44 20 22 23 10 13 16
27 34 29 38 47 11 37 33 15 21 31 35
16 36 13 31 43 32 23 6 46 1 40 20
21 47 26 15 38 34 25 19 33 0 27 11
5 42 39 8 18 44 20 22 23 10 16 13
21 47 26 15 19 34 38 33 27 11 25 0
5 8 39 42 18 44 20 22 23 10 13 16
21 47 26 15 38 34 19 0 33 25 11 27
38 15 21 47 26 33 34 27 19 0 25 11
23 8 18 5 39 20 42 44 13 22 28 40
38 47 21 27 15 34 26 33 19 11 0 25
4 31 14 35 7 3 40 11 33 15 12 27
26 21 47 15 38 19 25 34 33 11 0 27
5 8 39 42 18 44 20 22 23 10 13 16
47 38 21 15 26 34 19 27 33 25 11 0
5 18 42 8 39 44 20 22 23 10 13 16
32 14 35 9 1 46 31 16 0 6 2 19
18 5 42 39 44 8 22 20 23 10 13 16
30 29 37 33 40 34 15 38 21 26 3 11
40 41 8 5 39 18 42 44 17 6 14 43
30 38 34 25 21 26 33 47 15 27 0 11
5 39 8 42 18 44 20 22 23 10 16 13
5 8 42 18 39 44 20 22 23 10 13 16
47 15 21 38 26 25 34 19 33 11 27 0
18 5 44 42 39 8 1 23 20 22 13 2
14 46 23 8 39 18 5 45 42 24 4 44
5 42 8 18 39 44 20 22 23 10 13 16
5 8 39 18 42 44 20 22 23 10 13 16
38 47 21 27 34 15 26 33 11 19 25 0
39 5 8 18 42 44 20 22 23 10 13 16
25 24 38 15 26 47 21 11 33 34 0 19
18 5 42 8 39 44 20 22 23 13 10 16
14 29 13 9 1 28 10 6 44 8 3 5
26 47 15 21 38 25 34 19 33 27 11 0
3 41 13 28 40 10 8 18 5 22 42 12


1 8 20 42 11 30 22 2 40 19 5 47
8 1 30 20 2 42 36 15 35 39 3 37
37 35 16 26 42 3 47 45 30 8 40 15
8 1 35 2 16 30 37 36 3 15 26 39
44 22 10 28 31 21 46 12 38 40 20 27
44 17 28 31 21 12 46 38 22 41 4 34
37 40 28 17 12 27 21 31 46 38 26 16
16 35 26 30 2 3 37 36 15 8 39 45
29 2 26 16 45 0 41 23 35 47 13 36
40 27 1 42 5 37 11 20 8 10 14 22
2 19 1 8 11 5 47 35 36 30 16 39
44 22 1 5 31 21 4 46 20 10 13 38
26 16 45 0 29 17 23 35 41 37 12 28
17 28 41 0 44 24 29 26 45 23 7 34
40 37 3 15 27 39 42 28 36 20 16 35
17 28 12 37 40 31 21 46 38 26 16 45
0 3 39 15 36 26 23 16 41 29 45 35
17 23 0 26 29 16 45 28 41 37 35 34
1 2 8 19 5 42 11 22 20 30 4 36
1 2 19 22 5 8 30 20 4 11 36 10
44 28 17 40 12 31 0 4 22 21 13 46
41 0 17 29 44 26 9 45 24 23 28 7
2 19 47 36 41 39 1 5 4 29 15 3
5 31 21 33 46 44 38 22 1 34 4 11
37 27 40 1 12 38 21 35 46 31 42 30
41 2 29 19 0 9 16 26 45 38 23 34
44 40 22 28 15 39 5 3 27 10 4 20
37 40 27 12 28 35 16 17 26 42 21 46
37 40 27 35 42 16 12 28 26 1 20 30
37 42 40 20 1 8 27 30 11 35 5 24
44 41 28 0 17 24 7 29 13 43 22 9
16 26 37 17 0 28 35 45 23 40 29 3
2 22 44 19 41 5 1 4 36 11 33 10
16 26 35 9 2 29 0 32 45 41 8 36
40 42 27 20 28 1 31 21 12 46 37 22
0 41 39 36 3 15 23 29 26 24 45 16
37 40 27 35 30 42 3 15 1 39 36 20
44 31 21 46 22 38 12 28 1 10 4 40
37 40 27 42 1 12 30 38 35 19 8 21
0 29 45 17 23 41 26 16 28 24 3 35
27 40 42 1 37 20 31 21 8 30 46 38
44 17 41 12 31 46 28 21 38 0 29 9
1 2 8 22 19 5 11 36 20 30 47 39
2 41 36 44 39 22 15 1 34 19 4 3
16 2 26 9 29 35 41 19 32 0 8 45
0 17 26 16 29 23 45 28 41 3 15 39
40 27 37 42 28 20 12 17 35 9 10 18
17 44 28 4 40 24 31 12 21 46 34 33


1 42 46 32 12 15 5 0 28 26 25 30
6 4 35 44 3 0 47 41 12 24 21 27
35 37 9 10 16 33 5 40 1 47 4 31
47 31 22 17 46 7 36 13 3 15 19 26
9 2 4 27 45 15 22 31 43 38 34 28
1 35 40 33 20 28 13 19 47 38 15 44
14 45 16 29 0 23 39 8 12 41 10 22
3 25 37 47 26 10 24 34 16 9 22 5
46 1 30 12 43 5 31 28 15 44 0 13
19 38 7 18 13 31 22 15 17 6 26 34
25 0 44 21 15 31 1 12 43 7 40 34
30 24 39 27 3 41 45 29 8 2 4 46
36 17 7 19 10 26 32 34 31 18 42 25
39 16 34 24 41 27 3 32 40 14 37 45
46 34 26 27 31 30 32 42 22 14 5 43
45 4 8 12 29 27 41 2 28 30 0 43
44 3 1 47 5 14 40 26 25 24 15 21
29 8 45 4 41 27 47 0 12 30 9 15
14 30 44 12 11 46 29 43 47 24 41 4
38 19 31 18 15 13 6 7 9 22 2 33
8 31 46 43 2 14 5 45 42 1 23 26
19 31 18 5 17 7 38 26 6 34 22 13
3 24 25 40 20 22 39 45 10 9 47 34
34 39 22 26 3 1 47 16 0 8 37 24
8 45 4 29 27 41 2 12 28 30 43 21
19 18 17 7 26 38 6 13 39 42 31 14
23 16 6 35 37 18 32 40 33 42 43 10
5 44 47 3 26 15 1 21 9 17 14 30
29 41 12 0 45 4 8 30 27 28 2 43
19 18 7 38 31 26 17 22 34 15 6 13
4 29 45 12 27 8 41 16 2 28 30 21
45 43 8 29 41 46 14 12 27 21 2 23
38 18 15 19 31 13 26 17 6 7 9 22
5 31 10 26 16 34 32 38 18 25 6 42
46 13 39 28 47 17 18 0 19 14 15 9
4 16 9 41 27 33 29 37 5 40 12 2
19 17 38 18 7 31 26 6 13 22 32 35
12 5 30 27 29 11 41 44 4 28 36 13
4 45 8 29 27 2 41 12 30 28 43 47
41 29 12 45 8 20 23 4 28 21 27 0
17 18 36 19 7 38 6 9 22 13 26 35
16 37 22 6 47 34 26 10 9 4 23 5
23 12 41 29 30 45 28 0 8 27 4 43
12 29 8 41 4 45 28 27 30 2 14 0
19 18 17 38 31 7 6 26 22 13 34 15
37 16 1 11 6 5 4 26 10 9 47 12
5 31 26 38 44 17 13 43 10 35 19 30
46 42 6 14 47 26 1 0 11 44 24 21


12 37 1 45 40 11 14 38 30 23 34 29
20 11 12 1 13 37 35 2 47 8 0 30
2 12 6 25 36 38 32 45 46 37 19 24
12 37 1 45 40 38 11 32 46 13 23 47
12 40 37 1 45 32 38 46 2 11 47 8
12 45 1 37 40 32 2 38 25 13 46 8
33 1 16 37 38 29 7 45 35 12 44 21
14 19 41 0 10 15 36 5 32 27 38 4
30 4 35 42 17 3 23 44 27 20 47 39
17 39 2 30 44 7 21 9 20 4 26 42
37 12 14 1 45 38 32 29 47 0 43 40
12 37 1 45 40 11 46 32 38 2 13 47
1 37 7 30 12 31 16 33 6 11 40 44
27 19 36 35 13 46 3 42 16 14 38 15
2 39 40 17 26 12 8 38 11 46 32 21
31 17 9 28 44 19 22 39 30 26 18 33
10 22 14 0 41 31 15 5 34 33 19 4
1 37 12 45 40 38 14 32 46 11 16 23
45 37 23 12 46 1 32 27 38 7 40 30
34 44 0 11 35 20 2 16 36 15 13 28
5 9 22 18 10 41 28 33 36 39 20 26
12 37 1 13 0 38 40 45 32 6 16 14
37 12 1 43 45 24 11 14 16 8 7 34
12 37 1 40 45 32 46 38 23 27 11 43
1 37 14 31 12 10 22 15 38 46 23 27
24 1 5 19 37 10 14 45 12 29 33 7
31 23 39 26 22 44 17 9 7 40 41 3
1 37 14 12 10 45 33 22 38 15 5 16
13 8 2 11 12 20 45 0 32 1 47 40
3 20 40 2 12 8 13 45 47 1 25 17
35 14 30 42 12 37 44 20 1 27 47 4
22 31 9 33 10 28 5 18 41 42 26 19
44 35 20 16 17 7 3 27 21 2 46 6
17 39 9 31 26 44 28 18 20 30 42 41
40 2 12 11 1 29 45 32 13 16 43 38
37 1 12 14 45 30 7 23 35 16 38 27
17 39 9 31 44 26 18 28 22 41 20 19
11 2 13 38 8 47 20 36 45 25 18 12
14 31 22 37 15 27 1 42 5 16 19 4
37 1 12 14 45 38 40 0 24 47 8 32
17 2 39 9 44 42 20 18 27 21 3 35
2 17 39 9 44 26 20 32 40 3 28 25
22 5 33 31 10 9 28 24 15 18 14 41
22 9 33 31 5 28 10 17 44 26 41 39
2 47 8 32 12 38 19 21 25 13 4 0
2 0 32 25 36 35 13 11 6 47 9 40
2 40 36 11 17 8 39 12 32 26 25 13
31 27 33 37 16 23 1 21 38 8 10 46


0 6 35 2 12 34 10 3 5 42 31 45
39 4 29 1 16 43 11 13 28 27 36 19
37 28 1 25 26 4 23 24 47 42 44 8
14 11 16 3 17 27 46 28 7 4 21 25
22 25 37 10 1 23 41 28 15 8 20 40
11 4 16 36 38 27 21 29 42 17 6 7
44 25 5 45 34 23 47 17 26 7 41 37
25 44 34 33 28 40 22 14 8 12 17 5
6 5 21 34 17 35 9 11 44 38 45 42
2 23 10 25 22 41 15 43 28 38 39 0
35 45 5 43 3 0 34 26 22 2 47 6
47 11 17 4 42 35 21 5 34 18 36 27
11 21 34 14 6 46 5 38 35 26 27 4
21 6 5 34 12 44 17 13 35 38 3 40
23 39 25 8 37 1 30 45 33 28 13 40
37 23 28 25 1 31 8 22 44 24 19 26
11 4 21 36 38 16 7 6 5 29 17 35
25 22 28 44 37 9 27 16 12 29 13 14
25 44 33 37 8 40 28 14 47 46 13 17
28 37 29 1 25 8 4 23 44 43 47 46
0 16 6 2 38 35 36 11 27 43 19 42
35 6 0 34 3 36 38 11 5 2 16 21
9 6 35 31 10 5 38 12 24 42 15 34
4 36 43 16 1 11 29 10 42 27 19 9
44 25 37 33 5 41 14 40 13 8 3 23
37 28 1 8 25 46 23 43 39 29 22 24
25 10 41 12 22 28 23 8 26 37 20 29
21 44 5 33 34 6 12 35 17 20 0 45
6 0 35 12 34 38 42 20 5 27 2 11
37 25 23 44 28 8 1 41 22 24 39 33
21 24 20 6 39 5 46 11 44 2 34 15
21 27 35 47 6 11 34 38 18 16 5 17
44 25 37 28 22 5 21 47 1 46 8 34
10 36 27 9 42 22 29 35 0 17 12 16
29 41 12 10 26 31 44 32 2 8 25 30
47 17 34 5 36 35 22 0 11 42 21 27
4 29 36 32 19 16 40 28 43 7 27 17
34 0 6 12 2 20 45 44 32 3 41 33
37 1 25 8 28 4 23 13 40 29 44 47
25 44 40 3 13 28 37 23 12 41 14 2
11 4 5 35 14 27 34 7 26 45 12 16
21 11 4 35 7 38 16 43 1 36 27 5
5 34 0 19 24 22 3 46 44 6 2 12
43 19 32 0 4 36 16 38 2 27 24 39
37 1 28 23 8 25 10 24 29 31 43 22
6 0 16 35 2 27 36 10 38 32 12 42
6 2 0 34 12 38 35 16 21 36 11 3
7 9 14 13 3 30 40 33 36 27 5 16


24 27 13 34 20 17 28 31 7 15 12 46
45 40 6 5 36 47 32 2 1 29 0 41
24 20 13 27 34 17 28 31 12 7 46 15
36 40 45 5 22 4 6 47 25 32 42 16
6 1 18 40 5 45 39 36 41 47 32 43
45 5 40 36 32 2 6 47 4 16 29 22
24 20 13 27 34 7 12 28 17 31 46 15
30 14 46 16 15 4 11 20 24 10 9 17
25 9 13 18 14 44 39 15 27 24 10 28
26 9 16 29 8 18 4 22 3 5 30 36
25 39 8 44 18 17 7 24 16 13 20 27
45 5 40 36 2 32 6 4 47 16 1 29
12 20 24 13 27 28 34 31 17 7 46 15
28 17 27 31 13 24 20 30 10 23 22 34
5 45 2 36 40 6 32 4 39 47 16 30
17 28 34 27 13 20 24 44 46 31 15 7
10 11 14 23 36 25 1 5 45 2 19 16
33 2 5 32 40 45 36 18 6 39 1 0
45 36 5 6 40 2 43 0 42 47 1 32
26 9 3 18 16 38 15 29 8 23 14 12
40 6 45 36 32 5 3 26 43 22 47 11
9 26 18 14 23 46 15 21 3 29 42 43
11 42 10 0 25 23 30 31 14 1 28 12
2 5 36 45 40 32 16 4 6 11 47 29
21 33 3 2 18 43 46 29 4 26 14 28
26 16 38 11 2 3 29 35 4 32 19 5
34 24 13 27 20 7 28 17 46 15 31 12
3 23 42 35 26 43 1 29 21 9 6 40
28 12 20 33 24 7 27 34 31 13 17 44
26 15 18 9 39 22 46 3 42 4 36 13
26 3 29 18 15 0 2 41 35 36 7 31
28 15 34 27 13 3 12 24 18 31 20 41
20 15 12 13 24 27 34 7 17 28 31 46
8 34 17 7 41 27 13 20 15 24 44 28
4 30 16 9 11 2 29 21 32 8 39 22
27 24 13 28 34 20 17 31 12 7 15 46
3 29 35 33 18 10 44 8 28 32 47 7
35 34 7 27 12 20 13 24 17 46 28 23
22 46 17 18 4 10 28 13 1 25 27 39
13 24 27 20 28 34 17 12 31 46 15 7
33 40 2 36 4 32 5 43 45 6 7 22
24 20 27 13 34 17 31 12 28 46 7 15
18 10 45 29 25 32 5 47 6 40 35 39
34 27 24 13 20 17 28 12 7 31 15 46
45 5 4 39 29 2 18 32 36 47 6 42
17 24 27 13 20 28 34 31 46 23 15 7
24 13 27 17 20 15 34 28 31 46 12 7
13 20 27 28 12 24 34 17 31 7 15 46


31 46 29 11 19 47 16 40 14 7 22 27
29 31 46 11 19 47 16 40 14 22 21 7
39 18 37 20 2 47 16 11 17 27 46 42
35 10 33 34 13 36 32 44 24 3 1 28
40 7 19 0 42 29 45 28 25 31 11 43
45 42 2 37 18 12 20 27 15 10 39 35
33 32 34 3 24 36 6 44 10 23 35 12
46 31 29 11 47 19 16 40 14 7 22 2
26 5 35 15 36 4 1 24 10 43 8 12
44 35 17 8 1 34 10 32 33 36 24 13
31 46 29 11 19 47 16 40 14 22 7 27
29 31 46 19 47 11 16 40 14 21 7 9
19 46 31 29 47 11 40 16 21 22 7 9
2 39 37 42 20 18 0 3 6 27 25 43
11 46 31 47 19 29 16 40 26 7 2 5
17 8 37 24 3 36 1 32 44 35 23 33
18 27 38 19 47 40 42 46 2 11 31 14
46 31 29 11 19 47 40 16 14 7 22 27
33 32 34 24 3 6 35 10 36 13 12 21
47 46 11 29 31 37 2 16 19 40 39 17
32 33 34 6 3 24 10 13 0 44 28 25
25 31 19 16 28 46 41 18 29 11 47 43
11 15 14 17 29 46 31 16 8 37 47 40
24 3 32 36 33 10 17 35 44 8 23 12
23 38 3 17 27 28 24 8 32 6 35 37
38 27 45 30 42 39 10 23 22 18 14 16
11 12 31 46 47 16 29 5 19 15 14 40
13 21 6 0 29 25 22 34 39 46 32 10
29 46 31 11 19 47 21 16 14 40 7 45
37 17 23 2 39 20 3 8 18 36 35 24
33 32 10 44 24 34 36 3 12 35 15 5
41 4 30 9 31 29 46 19 44 7 16 22
33 44 32 34 10 3 24 36 23 35 17 20
2 18 37 39 42 20 17 3 8 23 41 32
1 45 43 30 11 22 19 31 29 13 46 7
31 29 46 11 19 47 16 40 14 7 22 27
30 27 45 38 22 37 10 16 47 42 44 39
31 21 26 46 29 16 47 19 25 40 4 9
39 20 2 37 23 17 18 47 28 4 38 42
20 39 45 47 27 37 2 22 5 18 10 11
44 17 15 35 8 37 11 10 45 36 1 43
45 30 22 29 7 16 42 27 14 44 46 9
33 32 34 24 3 10 44 36 35 6 28 12
16 14 31 11 29 26 46 47 22 45 40 5
31 19 11 29 46 16 40 47 14 22 43 7
46 31 29 19 11 47 40 16 22 7 21 14
8 17 37 5 15 11 35 12 36 16 1 10
5 45 1 11 36 15 13 34 10 35 26 17


44 9 33 39 31 1 2 37 45 30 14 16
18 43 36 41 8 26 11 12 19 35 7 10
21 19 36 43 41 11 13 34 18 4 8 7
11 36 41 8 4 43 22 40 18 0 26 12
12 17 5 40 38 36 18 26 14 42 21 8
5 19 33 38 30 31 13 1 39 17 29 37
36 41 18 11 8 40 43 26 21 12 22 19
29 1 30 37 42 44 16 25 14 39 9 27
16 30 29 14 42 1 33 44 9 37 39 6
11 4 41 22 36 43 8 19 10 18 35 34
36 18 26 8 41 43 40 5 11 12 38 22
36 41 43 11 18 8 40 22 26 19 4 35
44 33 39 9 1 30 16 6 45 31 14 2
41 15 36 18 11 21 4 8 43 35 26 17
31 4 10 22 41 43 33 2 11 26 0 46
41 18 11 36 43 22 4 8 35 10 19 17
41 36 12 26 18 19 10 11 24 43 38 35
33 6 31 1 30 39 17 45 18 9 44 42
0 40 18 36 11 17 8 22 41 42 6 34
22 41 11 4 25 2 15 36 21 10 24 17
47 34 19 7 38 5 33 30 31 23 29 42
36 18 43 41 11 12 8 40 28 24 34 23
35 26 9 18 46 33 19 38 15 10 44 24
36 40 18 11 41 8 13 43 17 22 12 24
39 14 9 45 44 37 33 30 1 29 32 42
41 11 36 22 43 4 18 8 26 21 19 10
11 36 41 8 22 6 18 4 40 0 43 12
41 36 11 18 43 8 26 4 22 21 19 12
37 14 44 9 16 29 30 1 42 45 33 39
18 43 36 41 11 10 26 24 8 35 19 3
36 18 41 11 8 40 43 26 3 32 17 22
41 36 11 21 15 8 18 43 22 40 17 26
21 19 11 8 20 36 32 4 13 41 40 7
36 40 8 38 5 43 18 41 11 26 22 17
17 5 15 14 40 37 32 9 44 35 41 23
4 41 11 22 36 24 43 19 34 40 28 35
11 4 41 22 21 20 15 17 32 46 28 23
36 18 41 11 43 8 40 12 22 19 35 7
36 11 41 8 18 40 43 19 35 4 26 22
38 11 22 4 34 19 36 21 13 43 41 8
13 47 3 7 43 10 18 4 19 32 41 28
29 30 39 1 16 42 14 37 25 33 44 9
36 41 43 11 8 18 40 22 26 12 19 7
36 41 18 43 11 12 26 40 22 21 8 35
1 44 39 45 29 30 37 27 25 15 2 33
19 38 5 34 32 17 33 46 22 39 7 3
16 14 29 37 42 6 9 44 30 23 5 1
27 43 4 1 8 22 31 15 39 38 7 46

