42 16 3 8 7 25 26 0 44 4 47 43
42 16 3 0 7 8 4 25 15 47 26 23
14 18 30 29 39 9 41 19 33 12 21 37
34 40 11 12 9 14 24 20 18 30 29 39
43 46 47 44 4 26 15 0 6 7 3 10
14 30 12 18 29 39 21 9 41 33 37 19
37 21 33 41 12 39 29 30 18 14 34 9
19 45 18 29 14 30 39 41 9 33 12 21
25 8 3 7 2 6 44 16 42 26 46 10
32 36 27 17 24 23 20 31 22 2 25 16
32 24 20 36 27 17 31 35 23 22 2 16
16 42 7 3 0 8 26 4 44 47 43 46
41 37 33 21 39 29 30 18 14 12 9 19
32 24 36 22 20 27 23 17 31 38 25 16
25 42 8 16 3 7 44 26 6 43 0 46
9 12 14 18 30 29 39 19 11 40 41 33
19 14 11 45 28 30 18 29 39 9 33 12
36 17 24 32 20 31 27 23 22 6 25 16
20 27 24 23 32 36 17 35 31 22 2 25
11 40 9 12 14 34 19 18 30 29 39 41
20 27 23 24 17 36 32 35 31 22 2 16
21 30 33 39 41 29 37 18 14 12 9 19
24 32 36 20 17 23 22 27 35 5 38 6
20 27 31 2 24 32 4 25 23 22 36 3
23 22 5 24 20 27 35 38 32 36 3 7
10 1 2 34 11 6 40 25 44 38 19 46
15 4 0 47 13 43 46 26 44 45 7 3
24 36 32 22 23 27 20 16 5 42 17 31
27 20 23 24 32 22 36 35 5 17 31 38
19 11 9 12 14 40 18 30 29 39 41 34
16 42 0 3 7 47 4 8 26 15 44 43
32 36 17 24 31 27 20 22 23 6 25 16
23 24 27 20 22 32 36 5 38 17 31 1
14 9 18 30 12 29 39 19 41 33 21 40
20 25 24 16 23 36 17 27 42 8 22 7
45 19 18 14 39 29 30 13 41 9 33 28
13 45 41 33 39 29 18 30 37 21 19 14
10 46 44 6 43 1 26 7 47 8 2 3
42 16 25 3 8 7 26 44 6 0 4 43
0 15 47 4 16 42 43 26 46 7 3 44
29 19 30 18 39 14 41 33 21 9 37 45
24 17 36 20 32 23 27 31 22 35 5 6
0 4 16 42 3 47 7 26 43 8 44 46
4 47 43 26 0 46 44 7 3 8 16 6
19 14 11 9 30 18 45 12 29 39 40 41
31 24 32 36 20 27 17 2 22 23 38 25
28 39 30 29 14 41 18 19 33 21 37 9
19 30 18 14 29 39 41 9 33 12 21 37


47 6 42 44 4 40 38 37 16 5 45 13
32 0 12 7 1 10 39 36 25 13 34 21
17 8 24 14 3 27 19 2 22 11 33 46
14 24 17 33 8 27 22 3 19 11 2 46
11 22 8 27 33 19 17 3 2 24 14 46
5 30 41 28 4 45 16 38 34 9 43 46
5 31 9 3 19 2 17 8 14 46 24 27
11 22 33 27 17 8 19 3 24 14 2 46
8 17 27 22 3 19 24 14 11 33 2 46
40 28 18 41 29 30 42 34 13 1 7 23
11 22 27 17 33 8 19 3 24 14 2 46
24 17 8 14 3 27 19 2 22 33 11 46
14 24 17 8 3 27 19 2 46 22 33 11
42 35 47 43 26 41 40 9 6 29 44 13
12 32 0 10 1 36 7 21 25 39 13 34
47 44 6 16 5 38 4 45 37 42 25 20
15 21 10 45 36 4 12 43 16 38 32 25
39 7 18 0 34 1 32 13 12 25 36 37
14 33 24 17 22 8 27 3 11 9 19 2
21 10 36 12 32 15 25 1 45 0 7 39
28 41 30 31 42 40 29 35 6 13 43 44
47 6 44 42 40 37 4 16 38 25 35 45
28 41 30 29 40 31 42 35 23 46 13 6
28 30 41 40 29 42 35 6 26 13 44 31
9 2 19 46 24 3 8 17 14 27 11 22
35 29 28 26 43 41 31 30 2 19 46 33
28 30 41 31 4 43 16 38 18 5 45 9
17 14 24 8 3 27 19 2 22 33 11 46
17 22 27 8 14 24 33 3 11 19 2 46
47 3 2 19 9 8 46 17 11 27 14 24
47 6 42 44 40 26 16 4 38 13 37 25
28 41 9 5 42 19 44 3 27 8 11 2
11 22 27 8 17 19 3 33 24 2 14 46
2 14 24 3 46 17 8 19 27 9 33 22
11 19 8 27 3 22 17 2 24 33 14 46
1 7 32 0 12 13 36 39 20 25 34 10
14 24 17 8 3 46 2 27 33 19 22 9
47 42 37 6 43 44 35 40 4 25 38 16
7 0 34 1 32 39 12 18 13 25 36 10
19 3 2 8 17 27 11 24 22 14 33 46
11 19 2 3 8 27 22 17 24 33 14 46
12 0 32 1 7 39 36 10 13 25 34 21
4 42 40 6 47 38 41 44 13 16 43 26
27 17 11 3 19 22 8 24 14 2 33 46
28 29 40 41 30 35 46 42 26 6 33 27
46 19 2 8 17 14 11 3 24 27 22 33
2 17 24 14 19 8 3 27 11 22 9 33
17 22 27 24 8 14 33 3 11 19 2 46


5 25 15 40 0 22 36 45 18 14 46 24
9 41 43 42 28 17 35 26 47 34 14 40
18 46 24 40 36 45 25 0 3 13 15 22
18 24 46 3 40 45 36 25 0 13 26 42
5 15 25 22 0 40 14 36 45 18 46 24
1 33 15 5 17 25 22 45 14 0 40 43
35 14 22 15 5 0 47 26 13 29 36 25
5 15 25 22 0 40 14 36 45 18 46 24
47 29 6 17 27 21 23 30 31 1 19 34
22 15 14 5 19 20 25 0 40 45 24 36
39 11 34 44 10 38 23 27 16 32 6 26
18 46 3 24 13 36 45 26 40 0 25 42
0 40 25 46 22 15 18 36 5 24 45 14
41 35 43 34 1 29 7 6 28 27 47 44
26 13 35 42 14 39 46 16 36 0 18 22
29 6 23 47 27 34 44 38 10 30 11 32
14 35 22 15 41 17 47 5 0 29 33 43
21 1 4 29 8 12 6 2 23 7 19 11
47 29 6 27 30 35 34 23 38 32 44 11
22 5 15 25 0 40 14 36 24 45 18 46
32 10 30 23 38 31 12 21 44 6 27 9
6 29 47 27 23 30 21 38 32 17 10 44
40 25 45 0 18 3 24 36 5 15 46 22
30 47 27 6 38 29 23 32 10 34 21 44
35 47 29 6 17 1 14 27 32 23 30 34
40 42 25 18 0 5 22 24 46 45 3 15
1 29 6 21 47 17 23 27 30 12 35 38
25 40 0 5 15 36 22 18 45 46 24 3
18 3 46 24 13 36 40 45 26 25 0 42
13 26 46 18 24 36 45 3 0 40 42 25
5 25 40 15 0 22 36 18 45 46 14 24
6 29 23 27 47 34 44 10 38 30 11 32
3 18 46 24 45 40 36 13 25 26 0 42
1 41 29 17 35 43 27 6 47 33 30 32
39 26 13 16 35 24 36 45 3 18 11 42
22 0 15 5 25 40 14 36 46 18 45 24
18 24 36 46 45 3 25 40 0 15 5 22
31 19 14 15 22 5 0 33 25 42 45 40
16 8 2 7 33 11 36 13 45 37 39 46
3 18 24 46 40 45 25 36 0 20 42 13
25 40 5 0 15 22 36 18 45 20 3 46
16 8 7 2 42 11 40 46 3 37 24 18
13 46 18 24 26 3 36 45 40 0 42 25
47 29 6 27 23 30 17 32 21 34 38 44
26 13 3 18 24 46 45 42 36 39 40 16
5 15 25 22 0 40 14 36 18 45 46 24
6 29 23 27 38 44 34 47 10 30 11 32
47 29 6 30 27 21 17 23 32 38 12 10


2 35 5 0 46 42 25 3 36 6 8 43
0 35 2 46 5 36 42 6 25 31 3 40
30 40 12 34 38 1 17 8 13 47 45 3
39 19 4 32 28 27 11 45 7 21 23 15
31 37 36 38 16 24 5 6 0 35 22 29
21 4 11 7 39 19 28 23 32 47 1 45
2 42 10 46 3 35 0 20 16 5 23 18
43 34 26 12 11 21 4 9 23 1 28 19
27 39 19 28 32 25 4 3 11 8 45 7
0 5 35 46 2 36 31 6 42 25 16 40
21 11 4 7 19 39 23 28 32 1 10 45
16 10 24 23 2 46 7 5 17 47 20 1
7 23 10 11 32 1 21 28 4 39 24 19
16 17 24 29 31 5 43 36 46 9 2 38
27 6 45 19 37 39 4 25 38 36 8 40
2 46 16 0 42 35 5 3 20 24 10 40
11 7 4 32 23 39 21 19 28 10 1 27
2 40 5 46 0 35 30 16 36 42 31 13
6 36 0 35 5 31 46 2 25 42 3 37
42 3 2 46 18 35 0 25 41 14 33 5
34 17 12 29 20 43 22 1 5 3 46 35
39 19 4 28 27 21 45 11 32 7 23 47
33 41 16 44 47 2 13 18 46 38 0 14
7 11 23 21 4 32 10 28 1 39 19 24
18 38 45 40 13 1 20 19 33 39 4 30
4 11 39 19 7 28 21 32 23 1 27 45
11 23 34 7 32 28 1 21 4 10 43 19
43 34 26 33 8 9 41 1 25 5 2 42
46 0 36 35 2 6 5 42 31 45 38 40
6 35 25 0 36 5 42 46 3 2 27 31
16 31 24 29 36 46 5 2 0 17 35 47
2 42 35 26 46 5 0 8 33 41 43 9
10 23 7 32 11 1 24 4 28 34 17 39
41 26 13 34 47 33 38 18 24 9 30 22
7 11 23 21 4 32 28 39 10 19 1 47
39 4 19 32 11 28 7 21 47 27 14 13
42 35 0 2 46 6 40 3 5 36 8 25
29 6 36 37 31 12 5 17 0 35 25 46
10 23 32 7 11 1 28 4 34 39 21 19
39 19 4 28 27 11 32 21 7 45 22 23
2 46 0 35 5 42 36 3 25 40 16 6
35 0 2 5 46 42 25 6 3 36 31 40
6 27 37 45 39 19 36 25 31 38 4 40
16 29 14 47 43 26 15 22 24 17 21 41
3 42 25 32 28 10 2 27 8 46 40 35
35 0 2 42 46 5 6 25 3 36 40 8
5 12 46 36 29 43 35 0 16 34 2 31
0 35 5 36 46 2 6 31 42 25 40 16


20 25 35 41 46 29 31 9 34 33 40 8
38 28 27 6 14 42 4 37 22 32 10 17
36 10 22 17 30 0 23 32 4 1 7 37
8 40 34 9 31 29 46 41 33 15 45 27
40 8 34 9 31 29 33 46 41 15 45 27
22 18 19 1 17 37 36 23 32 10 0 30
9 40 34 8 31 29 46 41 33 42 13 20
46 41 29 31 20 25 9 35 34 40 8 33
22 36 23 10 32 17 37 18 4 30 0 1
8 40 21 45 15 34 9 29 33 31 47 24
19 0 1 30 17 18 10 22 7 36 20 25
32 23 37 24 36 4 22 17 21 10 18 12
8 40 9 29 34 46 31 41 25 20 33 35
40 8 34 9 31 29 46 41 33 15 35 25
11 16 12 14 3 0 6 36 7 13 45 21
14 2 28 6 39 27 26 38 5 16 32 43
46 41 20 25 31 35 29 9 34 40 8 33
19 1 22 0 17 10 18 30 36 20 23 25
21 15 45 24 4 12 47 7 36 23 17 10
6 39 2 14 26 11 28 16 43 27 32 5
33 7 19 31 20 0 30 29 9 34 47 40
40 8 34 9 15 33 31 29 45 21 46 47
32 37 23 22 36 24 18 17 4 12 21 10
29 41 46 31 20 9 25 34 33 35 40 8
22 17 36 10 23 32 18 4 30 37 0 14
23 36 32 10 4 17 24 22 37 21 30 12
17 10 36 30 22 23 18 4 0 32 19 37
40 34 9 8 31 29 33 46 41 20 25 27
37 32 24 22 36 23 4 17 18 12 45 10
8 40 34 9 29 31 46 41 15 35 45 25
9 34 40 31 29 8 41 33 46 20 25 35
40 8 9 34 29 31 46 41 35 25 20 33
7 33 47 15 21 45 30 34 40 9 0 31
2 39 16 6 43 44 28 5 30 0 36 26
21 15 45 24 12 23 32 4 37 36 47 10
32 4 24 23 37 36 17 18 21 12 22 10
5 13 16 3 11 42 43 12 28 21 4 15
45 40 8 15 34 9 21 31 29 24 12 16
3 6 11 16 13 39 14 4 37 0 30 45
36 17 21 4 23 10 24 32 30 7 12 18
45 15 21 8 24 40 34 12 9 43 28 39
19 0 10 1 30 17 22 36 18 7 23 4
28 38 27 6 40 34 9 8 31 29 14 46
36 22 32 17 23 10 37 4 18 0 24 30
43 6 39 42 5 2 47 38 30 21 28 26
12 26 4 14 17 32 36 23 22 10 21 37
23 42 3 37 10 22 12 32 21 38 36 15
40 8 34 9 31 29 46 41 33 35 25 20


45 44 47 7 15 41 8 38 46 2 24 21
31 33 15 25 46 8 41 4 29 7 5 17
33 8 15 46 41 4 29 31 7 11 9 17
47 46 41 11 29 38 7 33 15 4 28 8
32 24 2 11 14 43 36 0 34 12 41 25
13 14 2 18 33 9 0 10 37 36 26 31
8 33 29 46 15 41 31 4 7 9 1 47
24 2 41 36 14 18 0 37 42 47 33 29
24 25 27 2 41 42 45 15 33 43 19 8
31 5 43 16 18 0 14 26 12 3 37 2
20 28 9 39 12 10 37 42 19 32 18 17
31 29 46 39 8 40 0 15 41 9 24 26
13 29 1 34 24 20 30 43 2 31 37 36
33 8 15 40 17 22 46 9 41 35 4 30
8 41 15 33 46 47 7 4 45 29 44 1
37 13 23 21 2 20 12 40 32 22 24 18
39 31 12 27 28 23 0 36 46 32 14 22
9 10 43 20 13 34 28 15 37 5 11 33
17 1 21 30 6 23 22 5 4 13 15 34
1 30 2 21 47 38 42 0 36 18 7 43
6 23 17 30 14 5 22 40 13 32 16 44
47 1 41 38 7 42 21 44 29 24 45 15
14 22 32 40 18 37 11 25 2 28 33 24
33 41 15 8 46 4 7 47 42 45 11 29
1 47 21 42 30 29 41 4 38 7 24 46
43 28 20 9 17 7 26 21 30 37 45 6
8 41 15 33 46 31 7 1 47 0 26 29
45 44 14 18 7 22 10 6 23 5 40 38
8 15 1 41 29 46 30 33 47 26 7 18
15 8 41 33 7 46 4 47 26 1 29 45
18 24 2 41 29 33 37 0 31 39 47 8
18 14 37 2 24 32 22 38 3 11 36 19
14 7 46 36 0 5 41 24 11 47 45 18
13 8 26 33 29 15 9 31 30 41 2 46
45 44 47 38 41 7 42 24 2 21 15 46
41 33 46 4 47 42 9 36 1 8 31 0
32 12 24 27 0 31 2 14 38 20 19 40
20 28 32 37 12 13 9 18 19 23 39 6
8 33 11 41 46 15 30 4 40 42 9 29
41 47 15 7 38 8 46 44 45 33 1 4
1 30 21 47 42 34 29 2 38 43 5 41
15 8 7 41 46 47 45 33 4 44 42 11
41 7 15 47 8 46 33 4 45 42 26 1
23 22 6 14 44 17 45 5 18 40 10 11
14 6 23 5 10 22 17 40 32 13 12 11
17 6 5 23 30 22 10 1 35 20 13 32
33 8 15 41 46 4 7 29 26 1 47 30
39 28 9 26 12 22 37 20 42 8 24 33


22 26 11 19 6 21 28 13 12 5 15 3
40 9 42 8 39 0 7 24 10 35 31 37
6 26 11 21 13 5 12 43 3 38 22 47
21 5 12 1 6 26 41 28 11 30 44 32
42 40 8 39 34 9 0 25 24 7 37 10
22 19 26 46 15 11 35 45 7 13 24 17
47 41 1 36 5 12 0 32 20 21 43 6
3 43 17 24 45 11 0 32 47 33 34 9
9 2 3 15 24 42 25 6 47 43 5 36
45 31 35 7 15 24 38 2 13 3 22 40
39 0 8 18 23 36 16 27 29 41 30 20
33 37 10 25 39 0 9 8 42 4 46 20
32 22 28 44 11 12 29 19 27 21 1 5
42 8 39 40 7 10 25 0 9 16 24 46
26 22 19 11 13 21 44 12 6 28 32 5
17 4 14 28 43 34 9 47 37 2 32 11
37 17 4 14 33 11 32 28 9 41 39 0
35 7 31 15 24 40 42 2 43 45 8 22
39 8 42 0 40 16 18 23 7 36 10 46
22 19 46 26 11 13 15 28 27 35 17 18
7 35 15 46 10 40 24 25 37 16 38 42
10 29 23 19 18 46 27 16 22 33 7 44
30 18 12 27 26 21 1 19 28 29 44 23
46 10 7 35 19 16 18 23 15 22 29 24
42 9 8 40 25 7 39 24 10 35 0 37
47 6 43 3 5 11 2 21 12 1 32 26
15 7 35 17 45 38 13 4 16 2 25 10
8 42 39 0 40 9 7 16 25 36 34 10
8 42 39 36 0 41 20 1 47 30 9 18
7 35 46 15 10 24 40 25 42 45 37 31
13 22 26 19 11 38 6 15 21 44 17 12
26 11 12 21 22 19 5 6 43 44 13 28
6 13 11 26 22 3 43 5 21 38 12 2
6 11 26 21 13 5 12 43 22 32 3 19
47 36 43 41 3 6 12 1 5 21 45 2
3 2 25 9 15 42 24 38 40 43 13 35
19 44 29 27 26 22 46 23 18 28 11 12
1 21 5 12 28 30 32 27 26 11 41 19
5 11 21 26 6 12 22 1 47 28 32 43
42 8 39 0 9 36 20 14 47 40 41 25
42 9 24 8 40 7 2 25 39 35 20 15
1 41 32 30 27 12 0 18 21 28 5 36
46 10 7 16 23 18 29 35 39 27 8 40
39 10 0 8 46 18 23 7 42 40 16 27
27 28 19 18 29 30 44 23 32 12 1 22
4 17 14 34 28 38 22 19 26 11 12 27
43 31 22 45 5 6 26 21 12 47 13 44
15 35 24 7 9 25 40 2 42 3 37 38


18 43 29 0 13 7 14 16 44 39 15 28
34 17 4 42 38 21 46 19 37 45 2 15
26 30 37 4 19 38 17 1 20 12 47 36
38 37 19 34 17 4 31 35 40 13 1 20
33 35 32 27 2 28 36 46 6 24 39 37
3 11 46 22 5 28 42 21 32 27 15 9
27 24 32 33 11 35 28 40 23 30 3 39
14 6 18 45 44 43 39 8 0 29 13 7
23 11 40 32 5 22 28 33 24 21 25 16
9 39 17 36 30 44 6 47 8 45 10 41
34 21 20 37 17 38 15 46 42 19 1 4
3 11 22 28 46 30 27 12 18 7 21 32
40 33 23 35 31 32 24 13 4 30 27 47
32 11 27 26 25 6 33 8 24 3 22 1
18 14 44 13 29 45 43 0 6 28 39 7
19 37 34 38 41 27 17 20 1 24 2 31
14 6 44 7 45 25 8 18 39 43 0 29
34 37 17 46 38 19 4 21 20 15 1 42
1 26 36 7 20 16 37 43 19 17 15 30
27 37 24 35 20 34 41 33 1 19 3 2
4 38 40 19 17 31 23 37 34 35 13 1
9 6 27 0 10 43 3 41 8 18 15 47
23 21 40 34 38 20 4 19 15 37 42 2
3 11 21 46 5 22 28 15 27 20 42 9
38 19 37 35 31 17 4 24 34 40 13 1
31 33 35 19 40 24 38 2 1 27 37 36
24 7 40 33 31 35 23 39 13 30 19 38
11 3 27 32 28 22 30 5 46 24 9 12
11 3 5 22 42 32 28 23 46 21 15 12
41 46 9 40 6 38 5 23 42 4 29 22
10 23 42 40 47 41 9 22 13 39 33 5
2 39 12 47 10 30 20 17 25 34 3 13
26 32 2 4 45 46 15 6 3 11 9 42
27 11 32 28 3 35 9 5 36 25 33 2
18 6 43 14 13 7 44 45 8 0 39 15
27 3 11 24 28 22 32 41 5 35 39 16
14 43 11 29 32 18 3 25 27 16 45 0
28 18 0 43 29 13 44 14 45 20 24 16
40 23 31 33 19 38 4 42 17 13 35 30
3 11 27 28 5 22 46 32 21 12 9 41
11 3 32 28 22 5 27 46 42 9 12 21
16 39 2 11 27 24 12 3 32 14 22 23
38 19 31 6 34 45 4 37 26 40 41 35
18 14 44 6 7 13 45 28 8 10 41 47
2 30 28 39 3 8 25 20 22 27 5 21
34 21 20 4 17 46 38 15 42 41 3 37
11 42 22 46 3 23 32 5 28 21 15 9
38 4 34 17 19 42 37 31 40 23 13 15


19 6 3 36 23 0 24 34 12 21 33 17
22 3 42 11 2 43 38 47 18 34 37 12
21 12 23 24 9 43 40 8 0 16 6 29
45 46 2 32 41 1 6 19 27 40 23 21
34 23 40 24 6 12 0 33 1 22 3 11
23 33 24 6 34 12 0 1 40 5 22 25
20 14 7 28 13 27 15 4 46 17 35 10
30 39 37 33 19 32 38 2 5 25 43 0
24 34 12 6 40 23 3 33 0 22 25 11
7 10 14 27 20 4 46 35 13 2 45 9
38 37 30 32 6 28 19 25 1 36 10 2
9 29 17 5 37 18 8 19 28 33 0 21
38 28 37 2 18 10 42 25 6 47 29 40
24 23 6 34 33 13 21 0 45 32 22 7
40 34 0 31 1 44 15 22 39 4 3 42
37 38 30 47 18 43 11 2 33 44 34 16
23 24 12 33 6 11 25 40 21 1 34 37
23 34 33 6 24 12 3 0 22 25 36 1
2 45 19 30 25 14 38 9 36 24 32 5
46 26 39 20 10 16 41 42 47 27 4 14
34 40 0 23 24 33 22 1 6 12 3 47
37 23 47 18 43 33 38 30 0 29 2 8
36 25 28 31 38 27 7 41 35 29 47 20
40 34 12 24 23 6 11 3 0 25 42 22
23 24 34 33 12 6 22 0 40 1 25 3
19 21 27 5 7 13 14 30 20 4 15 9
34 23 40 24 6 33 12 0 22 1 3 11
30 0 43 37 47 39 18 21 46 12 3 40
1 33 17 31 24 12 0 3 16 25 38 37
14 7 20 46 13 4 43 15 27 10 39 44
31 7 13 15 4 44 14 28 35 26 46 0
15 31 44 4 13 28 0 1 26 40 34 42
12 24 11 25 6 23 17 40 3 33 16 10
9 29 18 2 25 5 19 8 36 17 42 1
9 42 46 29 35 14 23 45 6 27 5 44
20 14 7 44 27 4 35 10 28 31 13 15
24 3 34 12 40 23 0 6 33 11 22 1
26 31 15 44 20 4 14 39 8 17 13 9
37 18 38 47 2 39 17 15 4 13 31 7
43 30 5 39 38 37 10 8 28 47 25 26
34 24 12 40 6 23 11 22 0 42 38 1
34 36 3 0 45 1 40 38 31 42 22 6
45 20 27 14 31 28 36 15 35 7 38 43
37 43 30 39 47 38 18 6 26 23 12 5
9 19 17 29 27 21 8 5 28 18 3 33
4 44 15 13 14 7 20 31 35 10 27 46
37 40 34 43 18 39 44 47 29 26 31 8
1 31 15 17 0 33 22 13 26 35 40 9


23 35 1 29 11 36 4 39 28 25 18 30
33 37 42 45 10 3 21 22 24 19 7 20
4 27 11 35 34 23 1 5 0 29 39 47
21 10 19 24 45 22 13 20 42 32 12 38
37 43 21 42 3 45 33 7 44 20 24 32
14 44 22 7 34 18 2 6 5 4 30 27
12 32 9 7 20 19 4 31 44 5 21 15
14 31 35 1 8 30 11 40 4 25 34 28
16 26 29 23 43 31 37 9 39 35 25 40
25 30 1 37 35 11 28 8 14 34 43 0
2 44 18 34 8 14 36 27 0 11 5 23
31 7 12 3 14 29 19 38 10 47 32 42
0 23 46 29 9 35 17 4 41 1 7 39
16 7 9 0 26 40 37 2 43 3 22 46
39 4 2 36 35 29 1 25 11 31 18 7
47 12 38 10 13 27 32 19 3 24 7 21
4 35 11 27 14 34 1 5 28 8 30 47
10 21 24 38 19 42 13 12 22 45 7 20
46 26 17 41 8 18 0 28 25 23 35 29
45 21 37 20 6 31 22 32 43 15 46 33
28 14 15 44 5 18 6 4 35 30 22 32
26 46 0 23 9 29 16 7 12 41 2 5
27 4 35 11 34 1 14 47 8 5 28 43
37 45 30 33 25 22 28 6 15 1 46 8
41 44 26 0 29 8 18 36 34 39 2 30
16 1 35 46 28 29 26 23 31 11 3 25
46 41 25 17 26 28 37 36 35 11 29 8
15 23 1 18 2 28 31 24 3 39 35 6
25 11 28 30 1 35 14 8 23 4 0 15
9 43 23 7 6 26 32 12 16 25 37 22
16 26 46 23 9 37 7 40 6 12 31 32
39 29 44 36 23 28 4 34 15 35 18 8
10 24 21 38 47 13 42 45 22 19 12 20
8 40 14 44 30 34 18 2 25 11 0 5
11 27 14 35 34 4 25 30 5 8 28 1
45 21 20 10 22 37 19 33 24 42 7 3
11 1 27 35 34 4 47 14 25 28 8 30
1 35 28 30 25 11 8 14 37 4 15 34
42 24 10 33 38 3 21 22 19 7 45 13
14 1 0 35 34 18 4 31 8 11 5 27
3 10 7 37 45 22 33 21 19 20 38 15
20 32 19 30 15 37 13 3 25 21 28 12
21 10 45 22 33 42 24 19 20 13 2 3
4 35 1 28 34 27 47 11 14 44 8 5
1 35 4 28 30 15 8 11 14 34 25 0
33 25 9 37 22 11 3 30 42 46 26 10
8 44 36 25 30 28 14 34 37 1 11 35
37 45 32 22 23 20 30 15 9 7 21 25


44 31 43 27 4 22 18 13 35 33 36 8
1 0 17 26 16 23 3 36 42 46 34 37
3 45 37 46 42 5 34 41 30 28 11 26
38 6 21 14 32 2 8 33 13 29 18 39
28 3 32 39 14 7 41 11 45 37 2 34
43 31 44 4 22 27 35 36 13 18 8 16
1 0 17 26 23 3 42 46 5 37 45 34
13 4 43 27 31 35 44 18 8 22 33 36
37 5 30 45 34 42 47 46 3 41 26 19
13 27 18 8 44 43 33 4 31 22 35 6
1 0 17 42 34 46 3 30 5 45 26 37
3 39 28 41 45 32 46 42 12 34 37 14
7 21 2 39 15 8 32 11 47 41 5 34
43 27 4 13 31 44 35 22 18 36 8 33
42 34 5 46 30 37 45 3 17 47 41 9
21 6 33 25 38 2 24 9 27 44 12 31
41 45 37 34 42 3 30 46 5 47 19 28
45 37 30 42 34 5 41 46 3 47 28 19
25 12 17 34 42 30 45 5 37 46 1 3
35 36 1 31 4 22 9 43 10 27 17 16
13 18 44 27 43 8 33 4 22 31 6 38
43 4 31 35 44 27 36 22 18 13 16 8
18 13 27 43 44 4 31 33 8 22 35 24
31 43 27 4 44 22 35 36 13 18 8 33
25 26 12 23 40 20 34 1 17 0 35 47
31 43 4 27 44 35 36 22 13 18 8 33
10 1 0 26 17 40 9 47 22 39 15 45
12 10 44 43 27 31 25 35 18 33 13 22
41 45 5 42 34 37 30 46 47 19 3 11
22 43 27 4 44 36 8 31 35 13 18 16
43 44 22 27 31 4 35 36 13 8 18 16
2 11 24 39 29 14 19 7 41 28 37 42
13 27 43 18 44 8 4 31 22 33 35 6
42 34 17 5 46 30 37 45 3 1 0 47
35 22 36 31 43 4 44 27 13 16 18 8
42 5 30 37 46 34 45 3 41 47 17 28
42 46 34 37 30 5 45 3 41 47 28 17
13 33 8 18 27 44 43 38 31 4 6 22
20 31 35 22 32 4 36 27 43 13 44 7
8 13 33 18 38 6 27 44 32 21 22 43
44 43 31 27 35 4 22 36 18 13 8 16
1 16 0 17 26 23 36 10 46 42 5 35
15 40 24 9 11 47 30 41 34 39 5 42
20 13 8 27 6 18 44 43 21 35 4 33
43 4 27 44 31 35 22 13 18 36 8 33
33 31 27 44 13 21 43 8 18 38 4 6
25 12 20 23 38 2 34 11 32 3 37 41
13 18 27 43 44 31 8 4 33 22 35 10


6 42 22 36 39 25 34 38 45 8 33 41
46 19 23 4 3 32 36 2 41 8 25 42
29 14 9 25 1 36 27 42 6 4 19 33
12 31 44 18 20 43 21 40 28 17 7 26
17 28 20 11 21 40 26 18 31 35 44 24
11 45 7 17 28 29 18 20 8 35 15 13
28 17 12 20 31 40 44 21 18 26 32 11
9 46 37 47 0 16 38 14 25 2 13 3
35 17 28 21 40 26 18 44 31 24 20 12
8 42 41 4 39 36 33 6 38 25 32 15
30 9 43 47 12 16 1 3 0 7 46 44
13 1 34 23 38 9 11 3 47 10 43 30
2 5 16 7 32 41 38 4 27 8 33 9
32 16 8 17 11 45 33 18 37 41 12 31
18 20 12 31 21 44 40 28 17 32 16 26
11 17 24 35 26 40 22 28 8 31 20 18
24 5 22 15 41 4 32 8 45 39 37 42
13 23 45 34 43 11 47 10 30 28 9 19
22 45 39 33 6 37 5 4 15 41 38 27
23 46 18 20 31 26 43 40 17 35 28 12
46 9 24 43 32 2 26 30 12 5 41 20
35 28 40 20 18 17 31 21 44 26 12 1
40 31 17 18 28 13 7 44 16 12 20 35
24 46 26 37 22 41 25 40 36 42 23 11
18 10 40 45 20 35 23 21 17 31 43 26
23 1 7 14 24 35 30 40 21 28 44 31
2 0 9 3 5 27 30 34 16 38 19 46
2 41 32 5 38 37 42 16 27 4 39 8
10 35 40 17 31 18 43 20 26 28 21 44
30 12 44 16 43 21 7 18 9 31 46 20
23 11 14 13 34 45 3 25 19 22 1 36
17 31 18 44 40 12 20 28 21 35 26 43
17 35 28 40 31 18 20 21 44 26 12 24
46 9 47 27 38 43 37 25 7 0 3 13
35 17 28 1 21 40 44 18 31 43 12 26
9 27 2 38 1 37 30 34 43 47 6 16
24 22 15 39 36 45 5 40 41 16 33 37
31 12 44 18 21 20 28 40 35 43 17 26
4 42 33 41 36 19 38 25 27 34 5 3
11 8 45 32 39 22 17 6 15 29 33 42
9 0 30 3 27 2 19 16 46 5 14 7
16 30 9 46 5 3 12 27 2 0 43 44
22 39 8 6 38 15 4 33 42 29 25 45
3 25 36 34 4 9 19 46 0 45 33 42
47 13 1 14 7 21 43 28 9 18 10 23
1 14 7 9 6 38 0 47 25 34 23 2
28 21 40 13 1 12 20 47 32 16 35 31
46 5 9 19 41 16 29 33 0 37 4 27


43 18 15 23 40 10 6 33 0 37 31 39
5 13 35 38 12 22 11 17 3 1 34 32
44 29 4 6 28 33 20 19 0 39 10 37
31 43 15 18 40 23 10 27 6 0 33 37
23 14 37 43 18 0 33 40 10 6 39 15
10 37 39 0 6 23 43 33 8 18 40 4
5 38 13 32 17 11 22 35 34 26 45 3
24 47 2 12 5 13 31 35 27 1 3 11
15 23 43 40 37 10 2 18 27 31 0 6
13 5 22 38 35 17 32 34 26 1 11 3
43 23 0 6 10 37 18 33 39 40 27 31
34 3 25 22 12 17 1 45 13 38 35 5
5 35 3 13 1 34 22 12 38 17 11 25
33 43 23 18 10 0 37 6 39 40 15 31
13 22 5 35 38 34 17 32 11 1 26 3
1 36 5 12 24 27 31 7 13 16 17 3
33 43 18 0 23 6 10 37 39 40 4 14
12 35 1 5 47 13 34 31 24 2 3 9
43 23 15 40 18 10 37 0 6 2 33 27
5 35 13 38 22 34 3 11 12 17 32 1
10 23 15 43 40 33 18 0 37 6 39 27
38 5 17 22 13 32 26 34 35 11 3 45
33 39 0 6 10 18 43 37 23 4 41 14
31 39 10 40 27 15 37 2 0 12 6 43
23 43 37 10 18 40 0 39 33 15 6 14
31 2 15 24 40 27 9 43 10 37 12 23
13 22 38 17 25 1 26 11 5 32 34 35
14 37 8 23 43 4 0 40 18 10 15 39
15 31 10 33 27 39 2 23 0 40 43 18
23 37 33 43 18 0 10 39 40 6 15 14
15 31 27 10 40 2 23 43 39 37 0 18
18 43 23 33 14 0 6 40 10 37 15 39
1 5 13 12 3 22 38 34 26 17 46 35
43 10 23 31 37 0 40 6 18 27 39 33
35 34 5 12 22 13 38 3 32 1 17 11
2 15 27 31 40 24 10 43 23 39 37 6
38 32 5 26 22 13 17 3 46 12 45 34
15 2 27 40 23 10 43 31 37 24 18 33
26 38 13 17 32 25 22 5 1 11 34 30
23 43 18 37 10 0 40 33 6 39 15 14
28 20 35 19 22 9 32 26 16 30 38 4
31 27 39 10 2 24 37 40 0 43 19 47
10 37 23 43 0 39 6 33 18 40 27 4
32 38 26 17 13 22 5 11 34 35 1 45
31 39 27 10 2 37 40 41 6 0 43 23
15 31 40 43 23 10 18 33 0 6 2 37
38 17 22 13 3 5 32 34 11 35 25 26
33 10 39 0 18 6 23 43 37 40 4 27


29 28 4 25 43 0 39 20 2 7 16 9
19 23 15 36 31 37 13 26 7 33 24 34
16 8 26 30 13 21 37 19 39 4 7 0
40 30 8 21 26 37 19 36 15 46 7 44
20 43 11 41 5 47 29 18 25 9 38 27
36 37 26 19 13 21 15 30 33 46 7 8
23 16 24 12 34 36 19 13 15 33 31 3
11 25 20 22 41 42 47 38 43 5 29 9
43 47 41 11 18 20 38 29 5 10 27 25
43 41 18 47 20 5 29 11 10 9 27 32
30 33 21 15 37 16 19 36 42 46 4 24
41 43 47 11 20 18 25 29 5 10 9 32
31 33 7 36 15 4 37 19 21 34 14 23
11 20 43 5 47 41 18 29 25 38 10 27
37 19 30 15 21 33 36 26 46 13 7 4
40 39 18 0 44 9 26 41 43 5 10 8
2 34 23 44 36 19 3 1 26 8 15 13
30 26 37 40 21 19 8 13 36 33 46 15
38 27 20 5 24 47 28 11 31 43 23 29
23 31 15 34 19 36 33 37 14 24 13 46
47 20 43 38 11 27 5 29 18 9 32 25
27 38 18 5 20 39 47 43 28 10 32 29
18 0 40 39 27 9 26 43 41 13 32 10
30 37 19 21 36 26 15 33 8 4 13 46
41 18 47 43 11 0 9 10 40 25 20 32
18 43 39 9 27 41 0 47 29 20 32 10
26 30 21 37 19 36 33 15 13 4 8 46
41 18 43 47 20 11 9 10 5 29 32 0
23 4 15 28 6 16 46 7 34 31 24 19
23 36 19 13 15 31 37 46 7 12 26 33
15 33 37 19 36 30 21 46 26 13 23 16
43 5 41 20 18 11 47 9 25 29 10 0
19 37 36 26 15 30 33 13 21 46 4 23
11 25 38 22 20 47 42 5 41 12 43 10
5 39 43 20 9 18 41 27 29 0 47 11
5 44 41 20 18 43 10 1 29 11 25 9
26 40 39 13 8 0 44 18 35 30 37 36
27 38 47 18 28 10 35 5 43 20 29 31
33 42 14 30 21 34 12 15 16 22 31 37
43 41 47 18 20 29 5 11 27 9 10 25
34 31 33 14 12 15 23 4 37 21 36 19
38 11 20 25 47 22 42 5 34 12 23 24
23 24 16 7 42 34 14 15 17 8 3 31
11 25 20 43 47 41 9 22 5 29 18 2
18 43 41 9 47 20 39 29 27 0 11 5
32 46 35 10 40 38 36 13 30 23 19 37
37 19 15 36 21 33 30 26 46 34 13 23
34 12 14 23 31 15 24 38 22 42 33 1


39 4 21 16 0 31 24 46 30 12 45 26
28 21 1 13 0 39 27 43 40 36 32 37
29 4 32 40 39 21 44 28 1 47 0 14
43 12 6 31 9 22 18 41 39 19 42 34
43 6 27 12 31 35 42 18 41 13 9 34
7 17 11 14 29 25 2 21 13 1 28 43
43 36 13 39 20 6 27 14 12 21 41 8
39 43 4 37 22 21 29 19 36 12 27 41
28 21 36 13 27 0 39 1 43 10 17 8
4 39 29 15 35 40 42 26 28 8 0 38
1 47 28 44 13 32 36 40 21 29 0 7
13 28 21 1 0 36 40 43 27 11 39 32
31 11 23 5 30 22 9 3 45 41 18 42
32 21 39 0 28 36 37 40 13 4 46 29
3 24 26 20 22 9 34 45 33 16 46 5
39 4 29 21 32 0 46 37 14 40 24 28
40 28 32 13 0 1 21 44 39 29 36 4
28 21 13 27 0 36 39 43 1 32 40 37
23 22 41 30 31 2 45 9 11 3 42 34
43 31 27 11 12 41 42 18 30 6 37 22
43 27 36 13 21 28 12 6 41 35 39 31
15 26 35 18 42 3 20 22 34 9 6 17
28 1 21 40 32 0 37 13 36 44 43 39
3 47 16 24 34 9 45 22 7 2 15 19
29 39 32 4 28 21 40 44 1 0 47 13
26 15 42 35 18 6 12 34 17 20 7 9
29 28 21 44 39 40 1 32 4 47 36 13
11 7 36 1 13 30 17 28 47 32 25 33
26 34 18 9 6 12 31 45 22 42 41 35
6 31 9 34 12 18 35 41 42 45 26 15
13 43 21 27 28 36 1 39 0 12 6 8
6 11 3 2 23 15 43 9 41 35 33 19
26 34 18 42 9 24 15 6 45 12 22 19
13 28 1 27 21 36 43 40 0 11 32 44
21 32 28 29 39 4 40 1 44 0 13 36
9 31 34 22 6 41 18 12 42 33 45 3
24 26 3 34 45 22 42 9 18 15 5 46
28 1 32 40 21 44 13 39 0 29 36 47
3 15 24 26 34 18 20 22 9 46 5 45
31 18 9 26 42 22 34 45 3 41 12 5
39 28 44 1 0 25 4 27 13 21 40 32
9 34 18 6 12 31 26 41 42 22 33 45
28 36 13 21 40 1 0 27 32 39 10 43
21 28 39 36 13 0 32 1 37 40 29 44
34 9 26 18 22 6 42 31 12 3 45 24
40 1 32 28 39 44 21 29 4 0 13 47
30 42 22 7 9 2 41 34 18 31 26 3
24 34 9 26 18 3 31 15 5 33 6 22


44 21 36 8 43 35 1 11 25 39 13 7
3 41 45 20 10 34 28 29 12 4 1 25
22 32 24 31 7 11 0 19 14 35 9 26
20 10 12 45 34 29 3 41 28 5 1 43
22 32 24 7 31 11 0 19 14 9 35 44
12 10 41 45 1 20 34 3 29 5 16 43
22 9 32 0 15 31 19 7 24 35 40 11
5 12 16 34 1 10 8 29 41 45 20 37
20 34 28 45 3 29 10 41 12 38 5 25
20 45 34 29 10 3 12 28 5 41 38 25
34 5 29 3 10 41 12 20 38 28 45 43
36 8 14 39 44 27 1 37 9 24 11 43
10 3 20 45 41 34 29 28 12 25 43 38
47 45 46 34 20 5 25 10 3 16 29 12
24 11 7 22 32 31 14 19 0 9 35 27
12 5 29 34 10 45 20 41 3 28 1 38
5 29 34 12 20 10 45 28 41 3 38 1
10 3 45 29 41 34 20 12 28 38 43 1
0 24 22 7 32 11 31 19 14 9 35 27
22 32 31 7 24 0 11 19 9 14 15 35
31 7 32 22 24 11 14 19 35 0 9 44
22 24 32 7 31 11 0 19 14 9 35 27
29 34 10 28 20 45 3 41 5 12 38 25
45 10 12 20 41 34 3 1 29 5 16 28
22 24 32 7 31 11 0 19 9 14 35 27
29 41 3 34 10 20 45 28 12 5 38 4
12 41 34 10 1 5 3 43 16 29 45 4
1 25 16 4 10 41 12 3 8 43 45 38
20 28 29 15 33 45 34 3 38 10 25 41
22 32 24 7 31 11 0 14 19 35 9 27
22 24 32 7 31 11 0 19 14 35 9 27
22 24 7 32 31 11 0 19 14 9 35 27
17 24 7 11 2 14 19 22 0 32 31 35
14 11 35 7 31 32 24 19 0 8 22 42
22 24 31 32 7 11 0 19 14 9 35 27
22 32 31 0 7 24 11 19 9 35 14 15
12 5 29 10 41 13 34 1 45 38 28 3
1 16 10 43 41 25 12 4 3 45 38 20
22 24 32 31 7 11 19 14 0 9 35 44
46 44 24 31 30 27 19 32 11 14 22 7
18 15 28 33 20 3 29 10 25 34 23 43
34 3 5 29 38 41 28 20 10 12 45 37
0 22 32 24 31 7 11 9 19 14 35 17
24 22 31 32 7 11 14 19 0 9 35 27
10 20 45 29 12 25 41 28 16 34 3 1
12 5 34 29 10 41 45 20 16 38 1 3
44 29 20 5 3 10 4 28 33 34 12 25
19 24 22 31 32 14 7 11 0 9 35 44


37 35 19 23 20 27 0 36 11 38 17 28
2 45 32 22 39 31 43 27 8 23 41 36
10 41 31 5 8 21 22 9 47 33 3 13
24 9 5 26 18 8 44 47 13 15 21 22
40 17 15 19 0 24 25 16 23 2 39 46
12 18 2 35 41 46 4 31 27 44 32 45
25 0 7 46 29 2 41 14 18 12 4 17
10 31 41 22 8 47 21 9 5 3 13 33
31 45 13 22 14 27 34 32 12 24 6 44
17 23 20 29 37 19 0 46 27 40 18 35
20 37 28 0 24 19 27 29 17 36 1 40
28 37 0 24 19 36 27 45 40 20 1 38
37 28 27 20 36 7 19 45 42 38 0 46
28 37 0 19 20 24 36 27 40 17 29 23
17 0 23 19 37 20 24 15 29 40 28 27
10 22 31 21 5 47 41 33 13 3 2 8
9 41 32 8 31 13 22 47 10 43 3 21
40 15 25 29 37 26 16 36 6 19 9 14
28 27 37 0 20 19 36 23 45 39 17 24
37 28 27 36 45 20 19 0 29 40 11 24
37 19 27 0 20 28 23 36 40 46 17 35
0 29 38 19 28 13 36 24 12 27 43 37
17 23 0 37 19 20 40 29 46 24 16 27
28 37 0 20 27 19 24 36 46 40 29 7
38 43 4 24 2 15 0 17 1 13 44 33
17 24 26 20 46 16 38 15 6 37 25 0
9 30 41 26 46 29 15 16 17 23 25 20
28 37 20 24 46 0 27 29 7 36 12 11
21 22 41 10 25 32 31 47 9 3 6 30
37 29 24 28 20 0 19 36 40 15 33 17
21 10 22 9 47 25 8 6 13 45 36 30
33 29 15 5 24 28 37 14 26 10 20 38
37 19 23 0 20 40 27 28 17 39 46 24
23 19 40 17 0 37 27 39 46 20 35 36
3 7 24 41 33 42 9 32 31 5 8 10
37 19 0 16 17 23 38 24 15 20 40 35
24 1 17 28 6 37 26 15 0 25 39 16
10 41 21 22 31 47 9 8 13 32 3 2
29 20 42 14 24 37 36 7 40 44 19 21
37 27 28 36 20 19 0 45 46 40 35 23
28 0 27 37 19 20 24 17 23 36 35 11
5 26 24 15 29 37 17 38 40 33 43 28
2 45 21 22 47 10 36 27 42 31 12 13
37 0 19 20 28 36 27 40 17 24 29 23
41 22 21 31 32 10 9 4 2 3 47 8
17 19 0 40 23 37 20 29 46 27 39 36
12 38 20 46 27 25 29 11 1 18 6 26
10 21 33 45 22 31 47 2 28 36 4 12


27 3 21 47 43 24 8 33 41 5 13 16
16 3 27 12 4 47 37 21 42 13 35 25
5 13 2 23 33 24 36 32 8 7 30 38
23 7 13 5 39 36 33 24 38 32 8 19
38 17 16 15 28 9 10 22 35 25 42 31
28 27 37 21 3 41 35 20 10 17 24 16
38 41 11 2 30 10 7 6 46 29 32 44
9 6 11 34 45 26 22 7 39 4 20 14
35 9 15 11 23 6 34 29 39 10 7 38
25 30 18 16 24 40 7 19 6 14 10 20
3 21 47 27 33 43 36 5 13 8 24 0
27 3 21 8 43 47 5 33 24 0 37 2
27 3 21 43 47 0 8 37 33 24 36 5
3 27 21 47 43 33 8 13 37 24 0 25
27 21 3 43 24 47 37 28 0 41 13 30
11 20 9 44 6 45 34 19 40 22 14 25
41 38 17 32 8 39 42 16 2 24 12 15
27 8 21 5 47 3 33 24 43 13 32 2
35 3 27 28 16 47 21 43 37 17 30 10
5 34 41 8 10 38 22 39 14 37 28 23
16 41 28 12 14 4 24 38 42 37 21 8
27 3 21 8 43 24 47 0 41 33 5 37
42 28 20 40 12 44 15 11 21 29 25 22
6 11 9 22 25 34 44 45 26 40 20 4
40 45 34 19 23 11 33 38 29 37 43 31
14 16 9 39 41 22 34 11 38 45 10 46
27 3 21 47 43 8 33 24 0 5 13 36
3 27 21 43 47 8 24 37 0 33 28 25
39 9 23 38 11 34 7 2 32 44 42 19
3 21 27 43 16 47 37 8 4 0 25 24
28 35 25 22 3 27 16 20 4 40 10 36
16 20 27 18 3 14 25 4 12 28 17 8
27 3 21 47 43 8 24 33 37 0 5 13
9 11 22 34 6 39 44 45 14 40 7 26
9 14 22 11 34 39 45 44 40 20 18 26
43 27 17 21 2 24 41 47 0 32 36 3
9 22 14 39 11 34 12 6 20 44 10 45
4 24 21 3 28 42 10 27 22 43 16 19
38 39 2 23 9 7 32 11 5 41 44 42
3 21 27 16 8 41 43 47 37 24 1 4
22 14 38 44 32 41 10 42 24 9 28 15
27 8 3 47 21 43 33 5 24 37 0 41
14 22 9 11 40 34 16 45 6 26 20 12
47 43 6 36 27 13 44 25 0 7 10 31
9 11 14 34 39 45 12 26 6 40 20 22
44 36 0 43 35 27 19 10 32 30 22 3
14 25 22 16 28 40 20 46 19 44 26 10
21 3 8 41 27 24 32 43 0 4 47 5


37 22 17 12 34 44 25 15 38 28 26 19
28 39 1 44 0 6 42 20 5 25 47 33
37 22 28 20 4 24 38 19 34 12 39 41
37 28 18 22 24 27 46 20 36 41 30 29
14 35 45 19 36 47 3 18 25 38 8 46
35 14 19 45 38 47 18 36 3 25 37 20
22 4 24 23 16 28 7 6 43 34 27 5
19 35 14 38 47 37 3 25 45 20 18 32
22 4 16 24 23 28 6 7 43 5 34 27
22 4 24 16 23 28 7 6 5 43 34 27
35 14 19 45 20 47 25 38 18 37 3 36
37 20 18 28 31 19 14 36 35 30 15 26
22 4 23 24 6 5 16 7 39 43 28 0
14 35 36 19 45 18 47 46 3 8 38 20
37 18 28 46 20 14 27 24 41 13 32 12
36 8 14 46 0 35 20 2 27 12 45 41
4 16 23 22 24 6 7 43 28 27 5 34
19 35 14 37 38 18 20 3 45 47 32 25
7 23 4 16 6 22 24 43 5 34 27 40
4 23 7 16 6 24 22 43 5 27 28 40
35 14 19 47 36 45 3 25 18 38 8 10
22 28 4 24 37 23 5 34 16 6 39 43
7 16 4 23 22 24 27 43 46 5 6 8
7 16 27 23 6 8 2 46 5 4 43 24
19 35 14 37 38 25 18 47 20 45 3 32
37 19 14 35 38 18 20 45 32 12 3 13
22 32 16 23 4 7 15 11 46 10 24 34
35 19 14 47 45 38 18 36 25 37 3 20
37 39 22 11 19 34 38 17 35 14 20 32
35 19 14 47 39 38 25 3 33 45 20 10
45 12 32 38 13 37 30 14 35 19 29 33
23 7 16 6 4 43 22 5 24 27 8 34
22 4 24 5 37 23 34 28 39 9 6 38
4 16 23 7 6 22 24 5 43 28 27 2
15 11 17 25 3 16 34 12 7 39 42 29
14 35 19 3 20 12 38 45 10 26 29 9
46 2 20 1 24 31 36 39 21 16 9 10
23 27 4 44 5 16 7 29 2 6 40 43
45 8 36 14 27 46 2 15 30 13 10 3
4 22 16 23 6 7 24 43 5 28 39 34
0 27 11 14 3 7 45 20 1 36 16 8
19 35 38 47 14 37 39 25 32 20 12 26
8 45 36 46 2 10 47 7 14 21 17 25
35 19 14 37 38 17 45 11 3 12 25 47
22 6 4 23 7 16 24 39 5 43 28 34
4 22 16 24 6 7 23 28 5 43 34 39
16 7 23 4 27 5 6 22 43 46 24 8
22 4 24 16 23 28 6 7 43 27 34 5


28 39 0 3 25 31 2 5 30 4 1 18
4 33 9 5 16 39 3 25 2 6 28 15
41 23 47 22 7 19 20 30 29 24 42 28
42 47 41 14 29 20 11 44 23 35 10 27
5 39 4 28 3 25 31 0 18 2 37 33
4 3 39 5 25 31 28 0 37 2 18 1
42 14 47 11 44 29 20 16 41 35 27 13
42 47 29 41 14 20 11 23 27 10 35 44
42 47 14 29 44 20 11 41 8 35 27 16
47 29 27 32 42 15 44 22 24 8 9 35
30 9 28 19 41 0 43 12 6 45 39 15
29 41 19 47 30 17 42 23 20 11 10 9
29 42 47 41 14 11 20 13 35 23 27 40
42 29 47 41 14 20 11 44 35 23 27 10
44 14 8 42 47 16 29 20 26 46 27 24
4 3 31 5 25 39 0 28 37 18 45 33
42 14 44 47 29 20 8 11 16 27 13 41
42 29 47 41 14 20 11 35 23 44 13 27
39 28 25 3 5 4 0 31 2 18 1 45
28 39 30 2 0 31 5 18 19 34 4 13
42 47 14 29 20 41 44 11 35 16 23 27
47 42 29 41 14 20 44 11 23 27 35 10
42 14 47 29 44 20 41 35 11 27 16 8
2 39 28 25 4 31 3 18 1 30 0 5
28 39 3 31 0 4 25 5 2 30 45 1
28 39 3 4 31 0 25 5 2 30 1 18
3 31 4 5 25 39 0 28 37 1 18 45
39 28 3 31 5 4 25 0 2 18 30 45
25 5 4 3 31 0 39 7 33 2 26 28
41 30 19 29 9 28 42 21 23 20 15 34
30 31 18 28 2 26 34 0 9 13 19 4
42 47 29 14 20 44 41 11 27 8 16 35
6 7 9 33 5 0 22 1 37 16 31 28
47 42 29 14 41 20 44 11 23 27 10 16
9 4 25 3 31 39 33 28 5 0 2 45
4 3 5 25 31 39 0 37 28 33 2 18
42 47 29 41 14 20 35 7 34 27 44 11
2 32 13 30 45 41 15 31 28 39 40 19
42 47 14 29 44 20 41 11 8 16 27 35
39 28 25 5 0 3 33 2 4 18 31 1
25 3 4 5 28 45 39 31 1 33 18 21
39 28 3 4 25 5 31 0 2 18 1 37
41 10 23 11 47 29 19 30 42 40 24 20
41 29 42 13 30 11 19 47 14 35 23 40
42 29 41 47 14 20 11 27 35 23 44 13
38 25 39 3 5 10 28 4 45 30 23 0
5 25 39 4 3 0 28 33 31 37 18 45
42 29 41 47 14 20 19 11 30 27 23 35


22 27 42 38 8 37 19 46 14 4 12 28
11 35 0 29 40 17 30 33 32 1 24 3
35 11 29 0 30 40 17 47 32 1 25 33
11 35 29 0 40 30 17 33 24 25 1 23
35 11 0 29 30 17 40 33 1 32 7 47
35 29 11 30 0 40 47 32 25 3 6 33
35 11 29 0 30 40 32 17 33 47 25 1
35 11 0 29 17 30 40 1 33 47 7 9
0 1 12 35 17 11 31 43 7 23 24 9
13 3 41 46 47 18 44 10 8 36 9 21
38 19 45 27 37 46 22 41 26 13 28 8
35 30 11 29 0 40 32 17 25 33 47 9
35 11 29 40 0 30 33 32 1 25 6 47
37 46 41 19 18 13 36 27 38 15 8 28
38 19 22 37 41 45 12 26 27 28 46 10
35 0 11 30 29 17 40 9 34 31 7 33
38 27 45 19 46 37 13 8 22 41 28 14
35 11 29 0 30 40 17 47 32 25 1 3
35 11 29 0 30 40 17 33 32 25 47 1
33 11 0 35 30 47 29 40 1 25 17 32
13 19 46 41 8 37 38 28 22 42 14 45
11 0 35 29 40 33 30 17 1 24 25 32
6 7 36 3 34 25 44 23 18 15 42 29
35 11 0 30 29 17 40 33 32 7 47 1
14 26 37 27 45 38 13 46 18 41 22 28
0 11 35 40 17 29 33 30 12 2 1 5
19 38 46 42 8 13 27 41 37 45 22 36
38 12 8 4 27 22 45 19 36 42 37 26
46 19 13 27 8 38 41 37 42 18 45 15
29 1 35 47 11 30 40 24 6 32 25 34
29 11 35 0 40 30 33 32 17 25 3 24
19 46 13 8 27 41 38 42 37 18 36 45
22 38 45 42 14 27 19 12 36 21 28 6
19 46 13 8 38 27 41 37 42 22 45 18
35 11 29 30 0 40 17 47 32 3 25 34
19 46 38 8 13 42 41 27 22 37 45 36
35 11 29 30 0 40 1 32 47 17 25 33
46 37 19 38 27 13 41 26 45 22 15 14
46 13 19 27 8 41 37 42 38 45 18 44
22 26 38 17 14 12 4 34 45 28 16 0
35 29 11 0 40 17 30 31 33 16 24 32
46 19 18 27 13 37 15 41 42 45 8 14
13 19 46 8 41 42 27 37 38 44 18 45
2 43 42 28 8 5 38 19 46 12 22 36
11 35 0 29 30 17 40 33 7 32 24 43
46 13 19 44 45 18 41 8 27 37 38 15
0 11 35 29 30 40 33 17 25 7 1 32
13 46 8 19 41 18 42 44 27 15 37 36


44 43 17 21 39 32 38 2 34 14 13 42
15 30 35 33 47 1 10 11 4 22 25 26
15 30 35 33 47 1 11 4 46 10 26 25
23 35 30 15 47 33 25 40 1 26 20 27
30 15 46 10 33 11 1 35 24 8 26 5
15 35 30 33 1 47 46 11 4 26 25 10
21 3 44 12 27 31 43 13 9 17 37 14
43 17 14 28 38 13 39 42 21 32 34 44
42 23 39 40 28 38 25 29 34 32 44 21
30 15 35 33 47 1 11 46 4 10 20 40
15 30 35 33 47 1 11 10 4 20 25 26
35 30 33 15 47 40 20 23 1 25 27 5
30 15 35 33 47 1 11 26 10 4 20 25
17 44 14 21 13 31 43 2 19 12 41 32
30 15 35 33 47 1 11 4 10 25 20 5
30 35 15 33 47 1 4 11 46 20 25 40
25 24 30 35 15 26 1 10 7 8 19 20
10 45 46 6 1 11 17 31 15 26 19 28
7 46 29 45 41 44 14 17 3 19 9 43
23 35 40 30 33 47 15 27 20 25 5 4
35 30 23 15 33 40 47 27 7 25 1 20
10 20 6 39 18 9 36 47 25 27 4 26
46 41 16 45 11 24 15 33 1 30 14 19
35 30 15 33 47 1 25 4 11 46 40 26
35 15 30 33 47 1 11 4 25 20 26 46
35 30 15 33 47 1 4 11 20 25 10 40
35 30 15 33 47 25 24 40 1 23 27 7
43 17 14 38 44 28 21 34 13 32 2 31
35 30 15 33 47 1 25 10 24 11 5 4
30 15 35 33 47 1 4 11 40 5 25 10
43 17 14 38 44 21 34 28 32 2 39 42
44 17 43 9 14 31 7 46 12 41 37 19
17 43 14 44 28 13 21 38 34 32 31 19
35 30 15 33 47 23 25 1 40 27 4 20
39 40 42 35 30 24 47 23 15 18 25 27
40 28 32 1 2 21 34 44 46 0 47 45
35 30 15 33 47 1 20 40 4 23 25 27
35 30 15 33 47 1 11 4 25 20 10 26
35 30 15 27 23 33 40 20 4 12 7 47
17 43 44 14 13 21 38 28 2 34 32 31
35 33 15 30 7 47 45 1 40 23 41 27
35 30 15 33 1 47 46 7 4 11 20 25
15 30 35 33 47 1 46 26 10 11 24 45
15 35 30 33 47 1 11 4 10 25 20 40
44 12 21 23 37 43 13 17 38 2 31 7
35 30 15 33 47 1 11 4 20 25 10 46
35 30 33 15 40 46 47 7 1 23 24 27
4 28 20 14 43 38 16 34 42 6 45 26


15 21 25 28 47 35 0 7 6 17 26 13
37 18 27 14 23 32 42 12 36 8 9 1
25 28 35 15 21 38 0 19 47 17 11 13
24 28 21 46 15 16 47 11 31 25 32 13
9 0 41 19 30 6 23 35 43 42 15 39
37 18 27 32 23 14 12 1 44 9 5 40
28 15 21 25 47 35 0 24 11 7 46 26
37 18 27 23 32 14 12 44 9 5 1 45
18 27 37 5 32 23 12 9 40 20 14 1
37 18 27 14 44 33 23 38 32 1 12 8
2 28 15 46 21 24 11 25 16 35 17 14
28 21 15 25 47 24 35 11 26 46 7 17
37 18 27 23 14 32 44 12 5 1 45 9
26 11 6 17 28 24 46 15 21 35 29 22
0 30 19 29 35 41 13 22 7 8 34 3
38 9 31 37 14 18 27 12 46 34 1 32
0 21 15 25 19 28 47 2 30 35 6 22
32 27 37 18 14 44 23 12 1 45 5 42
32 37 18 16 5 27 42 12 23 24 44 45
21 15 28 25 47 35 0 11 46 7 24 13
37 18 27 23 14 32 1 12 5 44 42 43
37 18 23 27 32 9 12 14 42 41 5 43
15 21 28 25 47 35 0 11 26 7 46 24
9 18 37 23 39 12 5 27 43 41 14 8
15 21 25 28 0 47 35 7 19 30 6 13
9 23 37 41 18 39 30 43 42 19 5 8
29 3 46 6 0 18 4 39 19 14 20 30
38 46 24 18 32 35 0 13 28 34 25 2
37 18 27 23 32 14 44 8 42 5 12 9
32 12 37 27 5 14 18 23 43 9 10 1
15 21 28 25 47 0 35 7 19 6 2 46
36 0 30 47 44 41 8 42 43 25 4 34
0 15 35 21 28 30 9 16 7 34 47 25
32 27 14 44 45 18 24 38 37 34 8 20
15 0 25 35 21 47 30 19 28 41 7 6
9 41 19 35 42 8 23 39 17 43 30 10
29 42 39 10 14 5 12 8 9 27 32 7
0 15 21 25 47 35 28 19 30 6 7 22
15 21 47 25 28 35 7 13 26 11 17 46
15 25 21 28 47 35 0 17 7 26 6 13
15 35 0 25 21 6 47 28 30 42 20 41
15 21 25 28 47 0 35 13 7 19 6 26
15 21 25 28 0 47 35 7 30 13 19 22
45 14 27 12 32 46 36 24 37 31 20 34
15 21 25 28 0 47 35 7 19 30 6 13
19 0 3 15 35 21 11 28 10 34 47 2
15 21 28 25 47 11 0 35 7 13 30 6
15 21 25 28 47 0 35 7 19 2 11 30


13 27 25 37 16 26 6 21 43 11 28 1
41 43 27 4 30 14 29 28 42 40 37 20
12 41 19 43 16 29 5 42 35 27 11 0
34 7 24 18 38 2 9 11 5 6 36 26
19 37 13 47 15 4 12 14 45 32 42 21
23 43 27 40 14 33 15 11 31 18 41 26
40 32 13 8 12 21 35 19 31 1 42 43
16 13 42 43 20 21 40 27 37 12 44 19
24 7 2 3 38 18 34 39 0 22 9 8
16 43 37 44 42 19 25 27 31 29 26 40
16 42 13 43 27 12 29 37 4 20 47 14
16 43 13 27 37 42 21 44 20 19 17 40
43 16 27 42 20 37 13 21 29 44 40 19
7 34 24 18 39 2 9 38 36 22 47 30
2 7 34 18 38 24 9 11 39 36 6 10
4 45 38 30 18 7 6 14 29 32 34 22
7 24 18 2 34 5 11 38 3 10 22 41
43 16 42 20 40 13 27 37 21 19 12 44
7 34 24 18 11 9 38 39 26 36 2 5
7 34 24 18 38 9 2 39 22 36 10 11
7 24 3 2 38 5 33 34 18 14 15 11
34 38 18 7 36 24 9 2 8 32 39 40
32 19 39 2 14 1 38 36 4 8 28 13
18 7 24 34 38 2 9 11 10 5 0 22
7 24 18 34 2 38 11 9 10 5 26 36
36 9 35 40 13 34 8 38 31 18 12 2
29 20 5 44 11 27 16 10 43 26 17 45
5 7 24 34 18 9 38 6 2 11 36 26
43 37 40 13 16 19 27 29 5 20 12 42
16 42 13 43 21 27 20 37 40 25 6 44
43 40 37 12 16 42 13 44 41 25 27 20
5 11 29 2 10 27 44 7 41 26 3 17
34 7 18 24 2 38 11 36 9 5 10 39
16 43 42 40 20 44 27 37 19 21 13 8
2 41 29 4 47 7 27 34 18 33 31 3
9 41 22 46 26 31 14 33 39 12 28 10
34 7 24 18 38 2 9 36 11 6 10 47
5 46 28 24 6 7 29 41 47 26 11 3
7 34 47 18 24 38 9 36 11 10 2 39
13 21 43 42 40 1 32 16 8 35 37 19
35 42 8 43 16 20 32 37 19 21 1 40
43 16 42 13 40 21 37 20 12 19 27 31
10 11 39 7 14 34 17 26 2 24 28 33
34 7 3 11 18 24 36 26 2 9 10 38
7 24 34 5 2 18 38 10 11 6 26 9
31 32 42 35 43 29 12 45 15 33 14 0
34 38 7 36 18 26 2 9 24 8 22 47
34 12 22 14 7 31 13 18 37 26 23 28


39 22 10 30 15 11 9 18 37 8 17 33
30 23 39 9 17 40 2 3 11 10 20 34
32 7 42 47 34 20 35 8 40 38 21 0
43 1 28 45 40 34 18 12 5 8 30 32
7 35 38 5 42 20 32 14 19 47 16 36
43 24 5 28 1 8 38 34 20 6 2 17
0 40 17 20 9 32 24 3 23 2 34 4
15 6 25 11 14 13 39 18 16 17 37 5
18 40 33 1 4 45 30 12 37 43 6 22
36 40 31 4 1 2 33 27 46 41 26 47
44 17 11 21 25 10 42 13 0 33 37 45
33 7 27 21 37 41 47 12 4 35 15 25
7 35 5 37 41 21 27 47 44 12 33 13
32 24 38 7 20 34 3 16 41 47 35 21
33 4 37 45 12 21 40 41 27 47 39 15
40 32 28 20 38 44 24 1 45 18 6 34
33 4 45 37 44 13 12 30 21 17 25 15
38 20 3 32 14 34 0 17 43 24 28 42
20 3 38 19 32 16 34 46 0 14 24 36
30 33 40 39 37 10 11 45 4 22 21 26
22 39 15 37 33 27 21 2 36 26 11 10
33 4 37 40 12 45 30 1 44 41 43 27
38 42 21 28 20 16 17 3 26 32 47 34
1 5 7 35 43 42 28 18 6 24 22 8
20 19 17 0 38 3 32 40 16 47 28 24
32 20 34 47 3 38 21 40 16 24 42 41
30 40 43 39 45 1 8 9 28 34 26 4
15 26 25 46 39 9 6 11 14 22 2 1
2 36 46 47 20 3 34 40 19 14 24 29
7 32 29 47 28 44 34 25 10 15 31 21
33 15 22 39 28 27 45 44 12 37 4 23
32 20 3 47 19 38 17 0 41 11 35 24
11 39 30 15 18 26 6 42 19 22 10 8
11 42 19 32 17 20 26 0 38 14 22 35
7 43 35 22 5 6 42 0 24 8 9 31
33 12 40 37 41 47 21 4 27 44 34 32
25 17 44 11 39 41 21 10 30 4 34 33
3 38 20 24 32 16 0 34 19 17 41 43
38 20 3 19 32 16 0 14 17 34 24 42
32 20 3 38 34 24 16 0 14 19 47 42
30 40 34 39 28 8 3 29 0 18 2 23
0 40 30 16 25 38 20 45 8 28 32 21
20 32 38 3 19 34 42 0 47 16 24 46
3 20 38 32 19 16 34 47 0 14 24 17
11 42 7 33 21 35 13 5 44 47 25 46
36 2 26 46 47 7 31 41 27 35 40 42
21 47 39 11 41 4 30 3 25 16 23 10
32 38 20 34 3 24 17 16 19 42 0 14


39 38 10 14 40 13 9 15 44 5 32 30
41 45 8 33 2 23 11 19 21 6 16 1
39 40 10 38 14 9 15 13 44 5 32 30
39 10 40 38 14 9 15 13 5 44 32 30
2 33 45 23 8 41 19 11 21 6 16 7
38 39 40 9 14 10 15 13 5 44 32 22
2 45 33 8 23 41 19 11 21 6 16 7
40 14 10 38 39 9 15 13 5 44 32 22
39 38 14 10 40 13 9 15 5 44 32 30
34 29 23 41 33 2 8 4 21 11 45 19
14 40 39 38 10 9 15 13 5 44 32 30
32 29 17 43 36 40 39 14 38 34 30 46
19 23 2 33 45 8 21 41 11 6 16 7
39 38 40 14 10 9 13 15 5 44 32 30
19 33 23 41 8 45 21 2 11 6 17 7
39 14 40 10 38 9 13 15 5 44 32 30
2 33 23 45 8 41 19 11 21 6 16 7
39 40 14 10 38 9 13 15 5 44 32 30
7 13 15 9 40 39 10 38 14 44 30 17
46 29 0 17 32 34 43 9 12 36 40 39
41 8 2 45 33 11 23 6 19 21 16 7
2 33 45 23 19 8 41 11 21 6 16 7
33 2 45 8 23 41 11 19 21 6 16 7
39 10 38 14 40 9 13 15 5 44 32 30
45 33 2 41 23 8 19 11 21 6 16 7
26 46 34 0 31 29 40 32 20 25 6 18
33 45 2 23 41 8 11 19 21 6 16 7
40 38 39 14 10 9 15 13 5 44 32 30
39 40 38 10 31 15 9 32 14 5 44 26
2 45 33 8 23 41 11 19 6 21 16 7
39 14 10 38 40 9 13 15 5 44 32 30
45 33 2 11 41 8 23 19 6 21 16 28
14 38 40 10 39 9 13 15 5 44 32 30
9 13 10 40 38 39 14 15 3 32 44 5
40 38 39 14 10 9 15 13 5 44 32 30
2 33 45 23 8 41 19 11 21 6 16 7
12 37 22 28 3 31 44 35 4 1 16 23
33 23 11 41 2 45 8 19 21 46 34 6
2 45 33 23 41 8 19 11 21 6 16 7
2 8 33 45 23 41 11 19 21 6 16 7
2 45 41 33 23 8 19 11 21 6 16 7
38 39 14 10 13 40 15 9 44 5 32 30
29 38 44 39 30 14 34 9 40 15 13 17
46 26 25 29 6 0 36 34 17 1 21 41
33 2 45 23 8 41 19 11 21 6 16 7
38 40 14 10 39 9 15 13 5 44 32 30
21 4 23 41 28 33 2 45 27 19 8 11
14 38 40 39 10 9 13 15 5 44 32 30


31 43 0 25 11 8 37 6 41 40 29 14
11 8 0 25 31 43 37 6 41 29 14 40
39 18 30 15 22 46 32 1 16 5 24 47
39 18 30 15 22 46 1 32 16 5 24 19
39 18 30 22 15 46 1 32 16 5 24 19
0 8 25 37 31 11 29 6 43 2 41 40
18 30 39 22 15 46 1 32 16 5 24 19
18 30 39 15 22 1 46 32 16 5 24 47
43 31 0 25 11 8 37 6 41 29 40 14
43 25 0 31 8 11 37 6 41 40 14 29
31 11 37 25 43 0 8 6 29 41 40 14
30 18 39 22 15 46 1 32 16 5 24 47
37 11 31 25 0 43 35 6 8 17 14 40
30 39 18 22 15 46 1 32 16 5 24 47
0 31 8 25 11 43 37 6 41 40 29 2
18 30 39 15 22 46 1 32 16 5 24 47
31 25 0 43 11 8 37 6 29 41 40 14
11 43 25 37 8 31 6 0 40 41 14 2
25 11 0 8 6 37 31 43 29 41 2 40
30 18 39 15 22 46 32 1 16 5 24 47
18 39 30 15 22 46 32 1 16 5 19 47
43 31 11 25 0 8 37 6 41 40 29 14
30 18 39 15 22 46 1 32 16 5 24 47
11 8 31 25 43 0 37 6 41 29 40 14
29 14 0 8 31 6 11 2 27 25 37 43
14 8 29 0 43 31 11 6 25 37 41 40
18 30 39 15 22 46 1 32 16 5 47 19
23 29 13 24 45 44 2 0 38 25 37 11
46 39 22 15 30 18 32 5 1 16 44 7
18 39 30 22 46 15 1 32 16 5 47 19
11 31 25 43 0 37 8 6 41 40 29 2
39 18 30 15 46 22 1 32 16 5 47 19
31 43 8 0 25 37 11 6 14 29 41 40
8 0 25 31 6 11 43 37 29 41 2 14
43 31 25 37 0 8 11 6 41 29 40 14
24 28 1 15 45 32 39 29 18 46 30 22
31 43 11 0 25 8 37 6 41 40 29 14
30 18 39 46 15 22 32 1 16 5 24 47
43 31 25 0 8 11 37 6 41 40 29 14
30 18 39 15 22 46 1 32 16 5 24 47
11 6 43 25 0 37 17 31 10 33 8 35
24 23 32 13 15 28 1 18 30 39 47 19
8 25 43 6 0 31 37 11 40 41 29 2
24 28 45 21 34 29 2 1 32 15 13 5
46 15 39 18 30 22 1 32 16 5 47 19
8 25 0 43 31 11 6 37 41 29 40 2
22 39 18 30 15 46 32 1 16 5 24 19
30 18 39 22 15 46 1 32 16 5 24 47


21 14 46 32 37 38 0 7 39 36 23 35
41 19 29 17 2 8 24 11 12 43 30 3
19 2 17 29 41 8 24 11 12 3 30 20
17 41 19 2 29 8 11 24 12 3 20 30
46 14 21 32 38 37 0 7 39 36 23 35
41 19 29 17 2 8 24 11 12 3 30 20
39 5 47 37 6 34 7 15 35 18 31 14
46 21 14 38 37 32 0 7 39 36 23 35
21 46 14 32 37 38 0 7 39 36 23 35
41 29 19 17 2 8 24 11 12 3 30 20
17 19 41 2 29 8 24 11 12 3 30 20
21 46 14 32 37 38 0 7 39 36 23 35
21 46 14 37 32 38 0 7 39 36 23 35
17 19 2 41 29 8 11 24 12 3 30 20
41 17 19 29 2 8 11 24 12 3 30 20
38 14 46 21 32 37 0 7 39 36 23 35
41 2 19 17 11 8 29 24 43 30 12 27
17 19 41 2 29 8 11 24 12 3 30 20
18 47 15 1 16 34 28 12 23 30 27 13
21 46 37 14 32 38 0 7 39 36 23 35
21 46 37 32 14 38 0 7 39 36 23 35
21 46 14 37 32 38 0 7 39 36 23 35
19 8 41 29 17 2 11 24 12 43 30 3
3 5 42 25 40 43 10 29 8 6 11 4
7 46 37 32 21 38 14 0 39 36 4 35
18 1 23 15 16 31 45 13 27 47 28 4
36 7 14 37 46 21 38 32 42 4 23 0
46 21 14 32 37 38 0 7 39 36 23 35
46 21 32 14 38 37 0 7 39 36 23 35
29 17 19 41 2 24 8 11 12 3 20 30
2 41 17 29 19 8 24 11 12 3 30 20
18 34 12 25 24 15 11 47 27 41 17 2
46 21 14 32 37 38 0 7 39 36 23 35
21 46 14 32 37 38 0 7 39 36 23 35
19 17 41 2 29 8 11 24 12 3 30 20
17 2 41 19 29 8 24 11 12 3 20 30
30 22 31 2 19 27 41 1 13 11 15 17
46 14 32 21 38 37 0 7 39 36 23 35
29 41 17 2 19 24 8 11 12 3 20 43
32 14 46 6 38 7 21 35 37 39 40 0
29 19 2 17 41 8 24 11 12 3 30 20
21 46 14 32 38 37 0 7 39 36 23 35
18 34 12 4 8 44 9 1 11 24 23 41
21 46 14 37 32 38 0 7 39 36 23 35
17 19 41 2 29 8 24 11 12 3 30 20
41 29 17 2 19 8 24 11 12 3 20 30
46 21 14 32 38 37 0 7 39 36 23 35
17 41 19 2 29 8 11 24 12 3 30 20


47 21 26 15 19 34 38 27 33 0 25 11
21 47 15 26 38 34 19 25 33 0 27 11
26 15 47 38 21 25 34 19 33 27 0 11
38 21 47 15 26 34 27 25 33 19 0 11
26 47 21 15 19 38 33 34 27 0 25 11
1 0 30 29 25 38 26 21 47 33 15 11
5 8 39 42 18 44 20 22 23 13 10 16
21 26 47 15 38 34 33 19 27 0 25 11
47 38 15 26 21 34 33 27 25 19 0 11
8 5 39 42 18 44 20 22 23 13 10 16
47 21 38 26 15 34 25 27 19 33 0 11
8 5 42 39 44 18 20 22 23 10 13 16
27 38 11 34 21 47 15 26 25 19 33 0
8 5 42 39 18 44 20 22 23 13 10 16
31 29 27 34 38 47 15 33 21 35 37 45
16 36 40 43 31 46 1 13 23 20 32 41
26 21 47 15 25 38 34 19 0 33 27 11
5 39 42 8 18 44 20 22 23 10 13 16
21 47 26 15 19 34 38 33 27 0 25 11
5 8 39 42 18 44 20 22 23 13 10 16
47 21 15 26 34 19 38 0 27 25 33 11
26 47 15 38 21 33 19 34 27 0 25 37
23 18 39 5 8 13 42 20 44 22 40 10
27 38 21 47 34 15 26 33 19 0 11 25
4 31 35 14 3 7 11 12 16 15 27 19
21 47 26 15 38 25 34 19 33 0 11 27
5 8 39 42 18 44 20 22 23 13 10 16
47 26 21 15 38 34 33 19 27 25 0 11
5 18 42 8 39 44 20 22 23 13 10 16
32 16 14 35 31 43 1 46 2 19 0 25
18 42 5 39 44 8 22 20 23 13 10 16
29 30 33 37 14 15 3 24 34 26 38 11
40 41 8 17 43 39 5 44 42 18 46 28
30 9 3 33 41 38 25 11 34 21 26 47
5 39 8 42 18 44 20 22 23 10 13 16
5 42 39 8 18 44 20 22 23 13 10 16
47 21 38 15 26 25 34 19 11 27 33 0
18 5 42 8 44 39 23 20 22 1 13 10
40 41 14 45 39 8 24 13 5 18 23 42
5 42 39 8 18 44 20 22 23 13 10 16
5 39 8 18 42 44 20 22 23 13 10 16
11 38 27 21 34 47 15 25 26 19 33 0
5 39 18 8 42 44 20 22 23 13 10 16
25 24 38 26 15 21 47 11 33 34 19 29
18 5 42 39 8 44 20 22 23 13 10 16
14 29 9 6 13 3 45 10 41 24 28 30
26 47 15 21 38 33 25 34 19 27 0 11
3 41 13 12 8 7 18 5 10 40 42 20


1 8 20 42 22 30 36 11 15 39 3 2
8 1 30 20 42 2 35 36 37 15 11 27
37 35 40 16 27 26 12 42 30 47 45 25
1 8 35 37 30 16 2 40 26 38 11 20
22 44 10 28 20 4 31 40 42 21 46 14
44 17 28 41 22 24 31 4 0 46 21 12
37 12 40 27 17 35 28 16 21 46 31 38
16 35 26 37 30 45 2 8 29 3 23 15
29 2 45 26 16 0 41 47 35 23 13 19
40 27 1 42 5 37 20 8 11 22 30 10
2 19 1 8 47 11 38 5 30 32 46 20
22 44 1 20 5 10 4 31 14 33 13 46
16 26 45 29 17 35 23 0 37 12 41 28
0 41 28 17 44 24 23 39 26 15 3 29
40 27 37 28 42 3 15 39 35 20 16 30
12 17 37 28 16 40 26 21 35 45 46 31
0 26 23 3 39 15 36 41 16 29 45 17
17 16 26 23 29 45 37 0 35 12 28 34
1 22 8 2 20 19 42 5 30 11 4 10
1 22 2 8 20 19 5 30 4 44 36 14
44 28 17 0 23 40 39 15 4 3 41 22
41 0 29 17 44 24 26 45 9 23 28 2
2 19 41 47 36 29 5 4 39 14 45 15
22 5 1 44 33 31 46 21 38 4 14 10
37 12 38 21 46 31 27 1 40 35 19 30
41 2 29 19 0 9 45 26 16 24 38 34
44 15 28 39 40 3 22 36 5 27 10 4
37 40 27 35 12 16 28 26 17 42 21 38
37 40 27 12 35 42 21 38 16 31 46 1
37 40 27 1 42 30 8 20 35 11 5 12
44 41 0 28 24 17 39 36 7 22 29 15
16 37 26 17 35 40 28 45 23 27 12 0
2 22 44 41 36 24 5 4 19 14 39 1
16 26 9 35 2 29 45 32 41 8 0 37
40 42 27 20 1 22 37 28 31 8 21 10
0 41 36 39 3 15 23 44 24 29 17 26
37 40 27 35 42 30 1 16 20 3 15 26
22 44 10 1 4 20 31 21 5 46 24 33
37 40 27 42 35 30 1 12 19 38 8 16
0 29 17 45 23 26 41 16 28 24 3 39
27 40 1 42 37 30 20 8 31 21 12 35
44 41 17 0 29 28 24 31 46 9 12 21
1 2 22 8 19 5 20 11 36 32 30 14
41 44 22 2 36 24 39 34 1 4 15 19
2 16 9 29 26 19 38 35 46 41 21 32
0 17 26 16 23 28 45 29 3 41 15 39
40 27 37 42 28 20 12 35 16 10 30 18
44 17 28 4 24 0 23 39 22 15 41 3


1 46 42 32 30 15 14 5 26 0 12 44
6 3 4 24 8 12 33 44 2 28 10 45
10 37 9 3 35 1 16 5 47 22 33 4
36 17 47 7 26 18 0 38 46 19 42 22
31 9 2 13 22 4 19 15 27 38 34 28
1 35 33 40 2 13 28 8 20 47 12 45
14 16 12 45 8 23 29 39 21 2 28 30
37 3 47 25 26 34 10 5 22 42 9 1
1 46 43 30 31 14 12 15 5 44 28 26
19 38 7 22 13 31 18 9 6 15 26 34
25 0 7 36 26 18 5 17 1 15 44 11
30 27 45 8 2 4 28 12 24 16 43 3
36 17 0 7 18 38 19 26 32 6 22 39
16 34 27 39 2 4 45 28 8 25 40 30
46 32 31 34 14 26 27 30 5 43 42 23
8 45 2 4 28 27 12 21 30 16 43 33
44 3 1 5 47 24 14 15 25 26 21 40
15 31 47 13 9 14 8 16 27 26 2 45
30 12 14 45 8 4 28 2 44 43 24 27
2 27 33 13 8 31 4 45 28 43 16 15
8 2 45 28 12 27 43 4 14 31 30 46
5 19 7 34 18 38 22 6 31 11 32 36
25 24 3 40 39 47 20 34 10 45 22 33
34 22 39 26 3 31 0 16 42 7 36 24
8 45 28 2 4 27 12 21 30 16 43 33
38 18 19 17 7 26 39 36 6 9 0 42
23 6 35 42 32 43 18 14 37 0 36 26
5 44 3 47 1 15 14 26 24 31 21 9
29 41 12 30 0 28 4 45 27 21 25 14
19 18 38 7 9 22 17 26 6 34 31 36
4 45 12 8 27 28 2 21 30 16 29 43
45 8 43 12 2 28 27 14 4 21 30 41
38 18 9 15 19 26 31 6 22 17 13 36
5 31 42 32 26 34 6 38 17 1 18 25
18 38 17 19 9 39 36 22 0 6 26 13
5 16 41 10 29 40 11 4 9 37 0 3
38 17 18 36 19 7 26 0 6 32 22 9
12 4 27 28 2 30 45 41 8 5 29 21
8 2 45 4 28 27 12 21 30 16 43 33
41 12 29 45 28 8 4 21 27 30 16 2
18 17 36 38 19 7 0 9 26 6 39 22
16 37 22 47 6 34 9 42 4 10 26 18
12 23 30 8 45 28 2 27 4 41 29 43
12 8 28 45 2 4 27 30 21 16 14 43
19 38 18 17 7 22 36 6 9 26 34 39
37 16 1 4 42 12 11 27 30 2 8 14
31 5 26 35 38 17 44 42 36 7 18 19
6 42 46 14 1 11 47 24 3 26 0 44


12 37 1 45 46 23 38 40 32 11 7 34
11 20 40 1 37 12 36 13 47 7 0 8
6 36 2 25 20 5 0 9 26 19 28 38
12 37 1 45 46 38 23 32 40 13 11 44
12 37 1 40 45 32 46 38 11 13 23 29
12 37 1 13 25 45 40 23 38 3 46 30
1 45 37 16 12 33 38 7 35 29 44 15
14 19 41 32 27 4 28 0 38 15 46 36
30 23 17 4 44 39 35 42 27 3 46 2
39 17 2 30 9 26 44 21 31 4 20 42
37 12 1 45 14 32 38 46 43 47 33 23
12 37 1 46 45 32 38 40 23 11 44 21
1 37 12 30 7 45 44 33 23 31 16 46
27 36 13 19 6 35 38 3 14 0 42 2
39 12 17 40 46 26 1 21 2 44 37 38
44 31 12 17 23 1 32 37 46 21 45 30
10 0 14 41 22 5 15 38 43 19 27 6
37 12 1 45 46 38 32 23 44 40 11 7
12 37 45 1 23 46 44 32 30 38 21 7
35 20 34 0 44 36 2 16 6 11 28 42
5 18 9 22 10 20 24 28 41 0 33 36
0 33 14 13 22 6 38 16 5 34 15 41
37 12 1 43 45 10 14 34 8 24 7 46
12 37 1 46 45 32 38 23 40 44 43 21
12 1 37 46 45 38 32 23 44 21 43 40
24 10 5 22 18 33 14 28 19 9 15 29
23 40 12 44 39 31 1 46 37 7 21 17
37 1 12 45 14 38 33 46 32 23 10 7
13 12 8 11 37 1 46 32 41 36 45 40
12 1 44 37 3 46 45 13 38 6 17 40
35 30 14 42 27 37 47 12 44 34 1 10
31 22 33 28 18 14 9 42 10 15 25 19
44 35 20 17 16 7 2 39 21 36 3 11
17 39 44 12 31 1 26 21 46 37 23 30
40 2 29 16 5 39 11 20 13 0 43 9
37 1 12 45 23 46 32 30 38 14 7 35
17 39 31 44 26 2 9 21 4 42 28 19
18 9 20 2 36 5 8 13 11 28 47 22
22 10 5 14 33 15 18 24 19 0 43 27
37 1 10 12 14 33 24 38 45 40 0 35
17 9 2 28 18 39 42 20 44 26 22 41
17 39 2 9 26 28 20 31 44 21 36 19
22 5 33 18 9 10 14 28 24 15 20 41
22 9 28 31 33 5 17 20 41 18 10 26
9 2 18 5 28 47 19 8 20 22 14 10
2 9 0 18 36 5 28 22 20 25 39 41
40 12 36 1 11 39 37 38 46 2 13 6
27 37 1 46 16 33 38 12 8 31 23 13


23 35 6 45 32 36 41 0 19 2 10 42
39 30 28 13 16 27 38 29 2 43 11 4
37 5 26 1 47 28 42 44 25 11 24 43
11 16 17 46 14 15 7 27 3 4 25 1
1 37 25 22 10 28 8 15 12 44 43 31
27 16 11 21 38 36 6 34 17 0 4 29
45 35 36 2 6 23 32 17 42 41 10 0
34 12 25 33 0 44 40 14 27 3 7 8
21 11 34 5 6 35 0 38 17 28 3 44
2 43 38 23 10 16 6 25 36 15 9 17
5 37 1 44 43 7 47 21 26 45 14 13
5 34 21 11 47 27 35 17 18 6 44 42
11 34 5 21 27 12 44 46 6 0 14 38
21 5 34 44 12 27 11 6 13 38 17 2
23 39 45 25 19 2 32 20 1 8 10 30
37 1 25 28 23 32 8 22 4 10 47 43
0 6 34 36 21 35 17 38 16 3 41 11
25 12 16 27 10 22 4 34 9 43 30 46
44 25 33 12 40 14 5 28 47 8 19 34
28 37 1 8 4 29 25 44 22 43 11 47
6 0 38 2 16 36 35 19 23 3 45 9
6 35 3 16 36 0 45 38 34 21 23 2
6 41 9 35 0 42 10 32 45 17 29 23
43 23 10 9 36 4 1 16 35 42 19 45
44 37 5 1 12 25 22 13 21 14 40 47
37 1 28 43 8 25 10 22 32 39 4 15
45 36 19 6 0 23 10 32 3 35 29 42
12 0 34 41 33 21 6 3 35 32 17 45
0 34 12 6 41 35 21 46 20 3 5 17
37 44 1 28 8 31 32 22 23 24 25 10
21 6 5 11 24 39 34 38 46 20 0 2
21 34 27 47 35 0 6 11 18 3 41 16
5 11 44 22 21 37 27 34 47 28 46 24
36 9 17 10 42 6 43 35 22 23 19 27
41 32 19 29 12 25 8 0 33 2 26 13
47 17 34 42 0 11 36 35 27 21 22 9
1 25 40 28 37 4 32 7 23 43 36 19
0 19 41 6 3 45 34 36 33 32 12 20
1 37 25 28 44 8 40 12 4 47 22 13
25 40 28 37 13 12 30 32 44 14 1 23
5 12 34 27 7 1 21 35 14 45 11 47
21 11 35 27 38 34 5 43 4 6 16 24
5 44 34 24 46 12 25 2 22 39 11 38
19 32 43 36 23 0 2 4 29 16 41 42
37 1 28 8 44 31 10 43 22 25 24 39
6 16 45 35 2 36 0 23 17 10 3 42
21 44 34 2 0 12 38 6 39 5 11 7
7 14 9 3 30 40 13 33 27 5 44 18


24 13 17 34 27 20 28 15 47 37 19 7
6 40 45 36 5 32 38 41 2 4 22 42
24 13 20 17 27 19 34 28 37 1 15 7
36 40 5 4 45 32 22 42 11 16 30 6
6 45 31 41 40 36 5 12 18 39 32 8
5 36 40 32 45 4 2 11 6 30 16 39
24 13 7 20 12 15 17 28 19 34 33 27
30 46 10 20 24 17 47 14 15 37 13 16
25 9 13 15 18 24 14 17 27 28 20 44
26 29 16 9 5 4 36 32 11 40 8 30
18 25 44 7 8 17 24 47 39 13 27 15
5 36 45 4 40 32 6 2 30 22 16 11
12 20 31 28 24 13 7 19 17 1 15 33
22 4 40 30 10 39 36 18 5 3 11 1
5 32 2 45 36 4 30 40 11 16 39 6
17 28 44 34 22 27 41 8 30 6 0 18
10 23 25 11 30 36 5 39 32 45 14 4
33 2 32 21 5 39 40 4 36 30 8 18
36 45 5 40 6 42 2 30 32 4 43 11
26 29 16 38 32 40 11 14 9 36 41 3
40 36 45 6 5 32 4 11 22 29 39 26
9 26 3 23 21 18 42 46 14 15 34 20
25 10 23 30 42 11 1 39 12 0 14 24
5 32 2 36 11 40 45 16 4 6 30 42
4 5 2 29 21 32 36 30 39 40 16 45
16 2 26 38 11 25 35 32 47 10 5 29
34 13 24 27 20 28 17 15 7 37 44 46
3 23 26 42 9 21 29 1 40 16 43 35
33 12 7 20 44 31 28 1 21 13 34 3
26 40 9 39 4 18 15 36 22 3 46 42
26 3 18 35 15 31 7 29 27 34 47 10
28 15 13 18 24 34 27 3 17 7 12 20
11 45 36 41 16 32 40 19 2 12 5 6
8 7 17 34 26 38 37 13 20 44 41 15
4 30 16 32 2 5 29 36 11 45 39 40
24 13 28 27 17 34 15 20 18 47 1 7
29 3 33 18 35 10 28 31 44 7 8 46
13 24 20 17 34 7 28 27 19 15 18 12
4 18 22 1 27 46 37 10 39 9 23 25
13 24 17 28 27 20 34 15 1 12 7 37
40 36 4 5 2 32 33 29 22 6 43 45
24 13 17 20 19 34 27 47 28 15 37 44
29 32 45 6 18 38 36 10 5 40 25 4
13 24 34 17 27 28 20 15 1 37 7 47
4 5 29 39 30 32 21 8 22 45 42 2
17 24 47 13 27 23 19 20 28 9 39 34
13 24 17 15 20 27 19 34 28 37 9 23
12 20 13 1 28 24 17 34 27 15 7 31


31 29 46 11 14 47 19 40 26 9 16 3
29 21 31 46 0 11 9 40 47 19 45 26
39 18 20 2 37 47 17 27 42 3 46 11
35 33 13 10 44 34 28 36 32 1 24 8
40 31 11 42 29 19 0 7 45 43 18 25
45 2 42 18 39 37 20 3 7 30 15 27
33 24 12 32 44 34 36 23 6 10 35 1
29 31 46 11 47 9 14 21 40 26 0 19
5 26 15 35 36 43 13 1 16 17 44 19
44 35 10 33 8 34 36 1 13 32 24 12
31 29 46 11 14 47 40 26 19 16 9 3
31 29 46 11 19 14 21 16 26 40 9 47
31 46 29 11 19 9 21 47 0 2 40 39
2 39 18 37 20 42 3 0 6 27 47 32
11 31 46 26 29 9 5 19 2 21 15 7
17 37 8 15 5 36 35 1 13 44 2 41
18 27 2 38 42 39 47 46 3 40 20 41
29 46 31 11 47 40 0 9 19 14 21 3
6 33 32 12 24 34 0 19 21 28 23 3
46 11 29 31 47 2 40 39 14 37 9 3
34 32 6 33 28 24 13 44 10 25 12 36
31 29 46 47 11 19 16 41 30 25 5 22
11 29 31 46 14 40 9 15 45 7 47 21
24 32 33 44 36 35 34 10 12 23 8 6
23 38 3 17 28 27 8 35 10 24 37 41
45 38 27 42 30 39 10 22 23 7 14 16
12 10 35 36 8 5 1 17 24 15 44 37
0 21 6 29 33 34 45 39 22 13 32 25
29 0 46 31 11 21 9 39 45 7 14 40
37 17 8 23 24 2 18 20 36 35 3 32
44 33 10 34 32 24 12 1 15 13 35 6
4 41 44 30 43 9 23 7 16 22 39 26
44 33 10 34 23 32 12 36 35 16 8 20
18 2 39 37 42 8 17 32 23 41 24 6
45 30 22 1 11 5 42 43 31 7 29 39
31 29 11 46 14 19 9 40 47 26 21 16
27 30 45 22 38 10 23 16 42 47 37 1
26 31 46 16 29 21 47 19 14 11 0 3
39 20 2 37 18 47 17 23 3 4 38 42
20 45 39 47 37 34 33 22 18 2 27 1
15 17 44 5 37 14 45 8 11 13 7 10
45 22 7 30 9 29 42 27 16 38 14 11
33 34 24 32 44 35 10 28 36 12 6 13
16 14 26 36 44 5 22 10 35 45 30 12
31 29 46 11 14 19 40 16 47 26 5 3
46 31 29 11 47 19 21 0 3 9 40 39
37 11 17 5 46 15 31 29 8 40 9 14
45 11 5 7 29 13 15 9 31 26 20 19


23 44 1 39 9 30 37 31 27 45 29 10
18 43 33 0 26 36 41 11 19 35 39 12
36 19 41 21 40 11 43 4 18 22 0 8
11 0 4 36 8 41 40 22 46 43 12 38
12 21 0 5 42 16 26 38 18 14 6 8
19 31 38 30 10 5 3 27 33 46 13 32
18 41 36 15 26 21 12 40 0 8 43 11
27 1 30 29 23 42 44 16 37 9 14 10
29 16 42 14 44 23 30 1 6 33 9 37
11 4 41 22 36 40 43 8 18 0 12 19
36 40 8 18 0 41 26 12 5 22 11 4
36 40 41 8 22 4 11 18 43 0 17 12
23 1 44 16 29 30 14 9 42 27 39 33
41 36 40 4 18 11 8 22 15 43 0 17
31 10 4 46 11 22 43 2 41 24 34 35
17 11 18 41 31 4 22 43 46 24 10 35
19 12 26 36 41 18 0 24 21 4 38 11
33 18 6 35 42 23 11 16 3 26 14 19
36 40 0 18 11 8 41 43 22 4 12 19
41 22 4 36 11 40 8 15 17 12 25 24
47 19 7 38 31 34 5 11 10 17 8 15
18 36 43 28 2 24 41 34 4 12 13 40
9 33 35 39 44 45 23 19 26 46 28 31
36 40 18 41 8 17 4 11 22 43 12 0
14 39 45 9 44 37 23 32 42 29 16 30
41 11 36 4 22 40 8 18 0 43 26 12
0 11 6 36 4 2 43 22 41 18 8 12
11 18 43 41 0 36 4 22 8 24 12 26
37 44 9 27 1 31 32 10 23 17 30 45
18 43 41 36 11 31 24 4 22 19 40 26
36 41 40 18 8 17 11 22 4 43 12 26
41 15 36 11 21 17 40 8 18 4 0 22
21 36 40 19 8 41 11 0 4 12 22 43
36 40 8 41 18 4 22 11 17 43 38 12
17 41 40 36 5 15 18 22 4 11 35 8
4 41 22 11 36 24 15 2 43 40 19 8
11 4 33 41 15 2 21 28 22 39 46 24
41 36 18 40 2 11 43 4 22 7 19 8
36 41 40 8 4 11 0 22 19 35 18 26
36 11 22 4 40 41 8 38 18 19 0 43
47 3 7 13 43 19 33 18 10 24 4 11
42 29 30 16 1 27 23 14 44 6 9 32
36 40 41 22 8 11 18 4 43 12 17 19
18 36 43 41 24 12 26 34 11 22 21 40
27 10 1 4 2 15 22 7 44 35 8 37
19 38 34 30 1 37 32 27 45 44 5 10
16 14 29 42 23 44 37 9 30 6 1 20
4 11 22 41 8 36 40 15 43 2 12 0

