3 26 4 42 7 43 16 44 8 6 25 46
4 16 3 0 7 42 47 27 31 26 43 8
18 14 39 30 21 37 29 12 33 41 9 40
34 40 11 12 19 9 14 37 21 18 41 30
44 46 26 43 8 10 7 42 4 6 47 25
12 14 21 37 18 30 19 41 39 29 33 40
30 37 29 41 21 18 33 39 14 12 19 9
37 18 21 29 41 30 33 39 14 12 19 40
3 2 26 6 25 8 44 7 43 10 42 46
36 32 17 27 23 24 20 22 31 2 5 3
32 24 20 27 35 36 17 23 31 22 16 42
44 43 26 46 7 42 4 8 16 3 47 6
37 21 41 18 30 29 33 39 14 12 19 40
22 24 23 32 5 36 27 20 38 17 1 15
6 8 25 26 44 42 7 46 3 43 10 1
19 12 41 18 30 21 29 37 14 33 39 40
19 28 11 12 21 30 14 37 39 29 33 41
17 36 31 27 24 32 20 23 22 5 16 6
20 27 24 32 23 36 17 31 22 5 35 1
11 40 34 12 14 9 19 39 18 30 21 37
27 20 23 32 24 36 17 22 35 31 5 16
37 21 12 30 14 18 41 39 29 33 19 40
24 32 20 36 27 23 22 5 17 35 38 1
31 20 27 32 2 24 17 36 42 25 3 16
22 23 5 20 27 24 35 38 36 32 15 47
10 1 44 25 46 43 8 6 3 7 2 26
15 0 47 4 16 43 46 44 42 7 26 8
24 5 22 23 36 32 20 27 17 38 31 13
20 24 27 23 32 22 5 36 35 1 3 38
34 40 19 12 11 37 14 21 18 30 41 39
47 16 4 0 43 7 44 42 46 26 1 8
17 36 31 32 24 27 20 23 22 5 16 25
23 24 22 27 20 5 32 36 38 17 1 35
12 14 18 37 30 21 39 41 29 33 19 40
16 42 25 6 47 8 3 7 4 0 46 1
19 30 29 33 39 21 14 18 41 37 12 28
13 45 33 29 39 41 30 18 9 21 37 14
46 10 43 44 7 47 8 26 3 25 6 16
3 26 6 25 42 1 8 2 44 7 43 4
0 47 15 16 4 46 43 7 42 44 26 8
33 29 30 41 39 18 14 21 37 9 12 19
24 36 17 23 20 32 27 5 22 31 38 15
4 43 44 26 46 7 42 16 47 3 8 6
43 46 44 7 4 47 26 16 8 3 42 0
19 34 11 40 12 14 37 21 30 18 41 39
31 32 24 20 27 36 17 23 2 16 42 25
28 19 14 11 39 12 30 18 45 37 29 21
19 37 30 12 29 18 41 21 33 39 14 40


16 38 47 26 5 35 37 4 45 44 6 13
12 32 36 20 0 21 10 7 25 15 45 13
8 24 2 17 14 19 3 33 27 22 11 46
14 24 8 2 17 46 19 3 27 33 22 9
11 22 33 27 19 3 17 23 2 8 24 14
5 30 28 4 41 31 9 38 34 45 46 43
5 31 4 9 43 37 45 16 46 14 38 24
11 22 33 27 19 3 17 2 8 24 14 23
8 17 2 19 3 24 33 27 14 22 11 46
40 28 42 6 41 30 44 29 1 13 18 36
11 22 33 27 19 3 17 2 8 24 14 23
14 8 24 2 17 3 19 33 27 22 11 46
14 24 8 17 2 3 46 19 33 27 22 11
35 47 42 26 29 40 6 44 9 43 19 2
32 21 20 36 10 12 25 15 0 45 7 34
16 47 38 26 29 5 4 45 35 37 44 13
15 10 25 21 20 32 45 36 12 0 34 4
23 11 22 33 27 19 3 17 2 8 24 14
9 46 14 24 8 2 17 3 19 33 27 22
10 15 21 25 20 32 36 45 12 0 34 7
42 40 28 41 6 30 44 29 13 35 47 1
47 35 16 44 38 6 26 45 25 37 5 0
40 28 42 41 30 6 44 29 46 35 13 47
42 40 28 30 41 6 44 29 47 13 35 46
9 46 14 24 8 2 17 3 19 33 27 22
28 41 42 29 40 6 30 35 44 26 46 18
28 30 41 31 18 4 43 5 38 16 34 9
8 2 17 24 19 3 14 33 27 22 11 46
19 17 33 22 27 3 8 2 11 24 14 23
47 9 46 14 8 3 2 17 24 35 19 40
16 47 38 26 44 4 5 37 6 45 29 35
28 41 27 24 11 3 19 8 17 33 40 46
11 22 33 27 19 3 17 2 8 24 14 23
9 14 46 2 8 24 17 3 19 27 33 22
11 22 27 33 19 3 17 2 8 24 14 23
1 7 12 0 13 34 39 36 18 32 20 45
9 46 14 24 8 2 17 3 19 33 27 22
47 35 6 37 44 42 40 43 38 25 29 16
7 34 0 12 39 36 13 1 18 32 21 45
19 17 3 2 33 8 27 22 24 11 14 23
11 23 22 27 33 19 3 17 2 8 24 14
12 0 32 36 20 7 21 45 10 34 13 25
4 38 16 47 37 42 13 26 29 6 40 5
11 22 33 27 19 3 17 2 8 24 14 23
42 40 28 6 41 30 44 29 47 46 35 13
46 14 24 17 8 19 2 33 27 3 22 11
14 24 8 2 17 9 19 3 33 22 46 27
17 19 33 8 2 22 3 27 24 11 14 46


15 0 18 36 46 25 40 13 22 14 35 26
28 41 1 43 35 7 34 45 29 37 33 26
15 18 46 22 25 0 40 5 14 24 36 13
22 24 46 25 5 18 15 40 0 14 36 45
22 15 5 25 24 3 46 18 0 14 40 45
1 45 35 41 28 39 15 43 26 20 13 25
26 13 36 0 35 14 18 40 46 39 15 25
15 22 25 5 18 46 0 40 14 24 36 13
47 6 17 34 23 43 27 21 29 12 44 19
30 19 38 12 27 21 47 10 32 23 20 17
11 44 34 29 6 23 32 7 39 27 10 41
18 46 0 40 36 13 14 25 26 5 15 22
13 0 36 26 40 18 14 46 25 15 35 5
1 35 41 28 13 26 42 36 39 14 18 46
26 13 35 36 0 39 14 40 18 42 46 25
11 44 29 34 39 1 35 6 2 26 43 41
26 13 36 35 0 18 40 14 39 42 15 46
13 26 35 36 0 39 40 14 18 42 46 25
38 30 27 12 47 21 10 23 19 6 32 17
22 15 24 25 5 3 46 18 45 40 0 14
9 32 31 10 23 30 19 21 12 38 6 47
27 23 47 6 38 21 10 30 12 34 29 19
15 22 45 3 18 25 24 46 40 0 14 5
30 38 27 12 21 10 47 19 23 32 6 17
35 39 26 13 36 0 42 14 40 18 15 46
9 3 5 37 25 33 22 14 41 16 40 45
1 29 43 41 6 34 44 23 47 17 11 21
25 22 18 15 5 46 40 0 14 24 36 13
25 24 22 46 15 18 5 40 0 14 36 3
13 36 14 18 26 0 40 46 25 5 42 15
5 25 22 46 18 14 40 24 15 0 36 13
34 29 6 44 23 47 10 27 21 12 38 17
22 18 46 25 15 40 0 14 5 24 36 13
41 1 43 29 17 6 34 33 47 27 20 38
35 39 26 13 36 0 18 15 40 14 42 46
18 46 0 40 14 25 36 13 5 15 22 26
25 15 22 18 46 5 14 0 40 24 36 13
31 45 22 1 28 42 32 37 46 15 35 39
16 7 8 2 11 37 9 33 45 32 35 42
30 20 3 19 38 12 32 27 21 10 22 31
22 35 14 18 15 25 40 13 0 5 36 46
16 8 7 2 11 42 24 46 40 36 3 37
18 0 46 40 13 36 25 14 15 26 5 22
6 23 29 34 47 21 10 12 27 38 17 30
26 13 36 0 40 18 42 46 39 14 25 35
5 25 14 46 18 40 22 0 24 15 36 13
34 29 6 44 11 23 27 10 21 47 38 12
38 21 30 27 47 12 10 23 6 19 17 32


27 32 28 3 39 8 11 42 23 25 4 19
0 2 46 35 5 6 36 31 16 37 38 29
12 30 40 1 13 34 47 38 8 35 3 45
4 19 23 11 10 32 39 28 22 7 29 17
31 37 16 36 24 5 38 46 21 0 29 2
11 39 19 23 4 32 10 7 27 28 3 1
28 4 42 23 32 3 19 11 8 27 39 45
12 34 26 43 30 8 27 3 4 28 25 17
27 28 3 32 4 23 42 11 19 39 8 10
0 46 5 36 2 35 31 6 38 16 37 24
11 19 23 39 32 10 4 7 28 27 3 1
31 16 37 36 5 24 46 38 21 0 25 29
7 39 10 11 19 32 23 4 27 1 28 25
17 29 37 16 24 31 36 46 21 22 5 38
28 42 3 4 32 23 27 19 8 11 39 45
2 0 46 35 36 5 38 16 6 31 37 24
39 11 19 32 23 7 10 4 27 28 3 1
38 5 36 40 31 30 46 0 37 16 35 24
6 35 0 2 5 46 25 42 3 36 40 8
41 18 33 42 14 45 20 9 34 27 3 2
17 22 29 20 34 25 37 7 21 16 43 12
28 32 4 3 23 27 19 11 42 39 8 10
33 38 41 31 37 36 16 18 46 24 47 5
7 10 11 39 19 23 32 4 1 28 27 34
18 40 20 13 38 1 34 33 12 30 45 44
11 19 23 32 4 39 28 10 27 3 7 42
11 32 39 23 19 27 4 28 10 3 7 8
26 33 34 43 9 25 8 41 27 6 12 46
2 0 35 45 46 6 42 40 38 36 8 5
42 6 3 35 8 28 2 27 0 40 20 45
16 36 31 37 46 24 5 38 21 0 29 2
26 33 41 9 35 2 6 8 43 34 0 46
24 37 16 21 7 31 10 36 38 1 47 26
34 33 13 41 18 38 12 26 47 24 37 1
10 7 19 11 23 39 21 4 1 32 45 22
7 39 14 47 15 11 19 10 23 32 4 13
42 3 28 45 8 40 4 35 2 6 20 27
17 29 22 12 20 3 25 4 28 19 11 39
11 39 10 19 23 32 4 7 28 1 27 3
28 4 32 23 3 27 11 19 42 39 10 17
46 0 2 36 35 5 31 16 38 6 37 24
3 42 28 27 32 8 4 6 23 19 11 39
6 27 3 42 35 40 28 8 25 2 20 32
43 25 16 36 31 21 26 37 15 24 46 29
28 3 42 4 32 23 27 19 8 11 39 45
42 3 28 8 27 4 32 6 35 45 23 40
12 46 29 5 36 35 0 2 17 31 24 34
46 36 5 0 31 2 16 35 37 38 24 6


41 35 46 25 9 29 31 20 34 40 8 33
14 6 39 28 38 27 11 30 2 24 32 37
32 1 36 22 10 37 24 30 4 45 23 7
33 8 40 34 31 29 9 46 15 41 20 47
8 33 40 34 31 9 29 15 46 41 20 47
22 37 24 19 32 45 36 23 1 17 10 12
42 20 25 13 46 41 31 9 40 35 8 34
40 34 31 29 8 9 33 46 41 20 15 25
22 37 32 36 24 23 45 19 10 17 1 12
33 15 8 40 34 0 29 31 9 7 47 18
17 19 18 10 36 23 30 21 22 24 32 37
36 10 23 32 17 24 22 37 45 19 30 4
20 33 29 8 46 31 40 9 34 21 47 41
40 34 31 9 8 29 33 46 41 20 15 25
11 3 14 39 13 6 18 17 12 0 42 24
6 43 14 16 30 39 11 26 0 38 2 18
46 25 41 35 20 9 31 29 34 40 8 33
37 22 32 24 19 1 45 36 23 10 17 12
18 0 7 21 15 33 47 8 30 40 17 34
6 14 11 39 43 45 26 10 42 30 19 37
33 8 40 34 15 29 31 9 46 41 47 7
33 8 40 34 31 9 29 15 46 41 20 47
23 22 24 36 37 17 32 45 19 10 12 1
29 40 9 34 31 8 33 41 46 20 15 25
22 37 24 32 19 12 36 45 14 17 23 10
36 23 10 32 24 22 17 37 45 19 4 12
36 22 19 32 10 24 23 37 17 45 30 1
33 8 40 34 29 31 9 15 46 41 20 47
24 22 37 45 32 36 19 23 1 10 17 12
31 40 9 34 8 29 46 41 33 20 15 25
40 34 29 9 31 8 33 41 46 15 20 25
46 9 31 41 29 40 34 20 8 33 25 35
33 8 40 34 15 29 9 31 46 41 0 7
16 43 6 5 11 39 30 0 26 2 4 44
21 10 23 17 18 30 36 24 4 32 45 7
17 23 10 36 24 18 4 22 19 21 12 32
13 3 0 5 33 8 15 7 40 34 29 9
34 40 9 31 8 29 41 15 33 46 7 20
6 14 39 11 43 16 30 3 45 32 20 13
18 21 17 10 30 23 36 4 0 7 12 32
33 8 40 34 29 31 9 20 46 41 15 21
36 22 32 19 24 23 37 10 17 45 1 30
6 28 27 14 43 38 16 20 39 46 25 29
24 22 37 32 36 19 45 17 23 10 1 12
43 6 5 39 16 30 44 47 26 8 28 2
12 26 4 30 28 10 17 43 5 22 32 19
23 30 28 22 37 45 10 32 38 19 24 36
40 34 31 9 8 29 33 46 41 20 15 25


33 41 15 8 45 46 47 4 7 42 26 29
15 31 46 16 7 9 1 8 4 33 41 5
15 4 46 45 8 33 41 31 2 29 26 7
11 31 20 21 42 32 23 17 28 6 16 44
32 14 11 22 24 2 20 28 23 36 0 43
45 13 2 47 41 33 4 8 26 24 44 42
8 29 46 45 33 41 15 4 39 7 47 9
36 24 41 7 2 29 0 14 47 19 39 34
25 4 34 24 22 33 45 44 30 41 15 11
39 43 9 8 5 47 26 29 6 7 13 31
39 9 27 20 12 32 19 28 8 1 7 43
31 29 15 46 47 42 8 41 39 7 45 16
18 4 29 15 2 24 1 45 26 41 8 46
4 15 45 46 8 2 30 22 33 7 25 40
45 33 8 41 4 46 15 47 26 2 30 29
37 21 32 20 11 23 28 25 12 14 40 35
31 27 39 42 36 0 20 28 12 32 14 16
43 5 4 2 15 9 34 45 24 35 13 46
17 6 1 21 23 13 30 22 29 5 34 15
18 10 37 1 21 6 5 30 17 20 43 40
6 23 2 14 22 30 17 12 38 32 19 26
21 44 42 10 19 17 3 37 38 18 32 39
14 2 22 24 25 32 23 28 12 4 11 40
33 41 45 8 46 15 47 4 26 42 7 38
18 10 44 1 3 42 12 21 37 29 32 19
43 28 22 2 20 37 24 9 14 21 7 11
9 40 8 7 26 43 39 47 13 3 18 41
11 32 44 20 14 23 37 21 6 28 10 38
18 15 45 29 8 4 46 33 41 30 47 26
4 15 2 45 8 46 41 33 7 26 24 47
18 24 15 4 29 2 7 41 46 33 31 8
22 14 11 32 37 20 36 24 21 28 0 19
18 7 5 14 4 46 26 2 34 0 36 24
4 45 15 8 2 33 46 41 26 29 47 13
47 44 45 33 41 42 8 38 13 46 4 26
42 41 36 0 33 47 46 9 37 10 24 45
32 25 14 12 11 20 28 23 22 24 27 21
32 20 11 21 37 28 12 39 6 14 23 44
44 38 33 8 41 42 47 45 46 30 13 40
8 33 41 45 15 46 4 47 7 26 2 38
18 10 1 37 5 21 28 43 20 35 30 34
8 45 33 46 15 4 41 26 7 47 30 2
4 46 33 8 41 45 15 7 26 47 29 31
6 23 17 22 14 44 38 30 11 12 19 5
2 14 23 12 6 26 30 3 22 0 9 36
6 21 17 23 5 10 11 20 18 32 37 1
15 4 8 33 46 45 41 7 26 2 47 29
39 9 2 22 7 24 8 26 41 47 46 16


15 2 24 3 35 20 9 42 5 1 22 25
15 24 35 2 42 9 3 20 7 25 40 30
26 21 6 43 12 11 47 28 5 19 27 32
26 12 21 27 6 14 28 41 23 18 19 37
37 40 34 25 14 10 42 9 24 4 2 39
15 24 3 2 42 35 20 7 9 25 30 40
22 11 47 0 9 6 5 21 43 12 3 32
43 17 3 34 11 4 0 47 32 33 18 13
15 24 2 3 42 35 20 25 9 7 30 1
45 31 7 35 22 40 47 9 15 36 11 38
8 39 18 7 46 25 10 42 16 40 37 20
3 42 20 34 33 24 15 9 0 2 30 4
32 13 44 19 29 6 38 21 28 16 41 12
7 42 15 24 9 25 20 35 2 40 3 30
32 13 44 19 29 21 28 12 6 38 41 23
4 17 37 14 25 43 2 42 40 20 30 1
37 17 4 31 14 11 33 47 0 43 35 42
31 7 35 30 3 15 34 45 5 24 1 22
8 39 18 46 7 30 16 42 25 33 41 36
24 15 2 35 3 42 20 30 25 7 1 5
7 42 15 24 35 20 25 2 3 40 9 30
9 15 24 2 42 3 35 7 20 25 40 0
18 8 26 46 41 39 12 23 27 21 43 16
42 24 15 20 35 2 7 25 3 30 40 46
15 42 7 24 25 35 20 9 2 3 40 30
22 47 11 5 43 0 9 6 3 26 2 21
7 4 8 42 39 25 10 24 46 15 35 20
42 7 25 20 24 15 35 2 30 46 8 3
30 42 20 46 35 24 15 25 2 1 7 3
15 24 42 35 7 20 2 25 3 9 40 30
32 19 13 44 28 21 29 6 12 11 38 41
44 19 29 12 32 21 41 13 28 6 23 27
11 6 21 32 28 19 12 13 44 22 29 26
6 11 21 19 32 28 12 44 13 29 27 38
38 36 29 13 16 44 32 19 23 41 12 21
3 2 42 24 25 20 15 35 9 7 30 40
23 41 29 16 44 13 19 27 38 32 12 21
5 22 47 26 11 6 21 1 43 12 28 19
3 5 2 24 1 15 22 35 20 47 0 42
10 39 38 13 36 37 0 44 9 16 29 33
15 24 7 42 9 20 35 2 3 25 40 30
5 1 22 0 43 26 47 11 21 6 12 3
7 46 42 15 25 8 35 24 20 40 30 2
9 15 24 7 42 35 2 20 3 25 40 0
22 5 1 47 3 26 11 0 43 2 24 35
4 17 14 37 11 28 32 12 21 6 41 19
45 34 6 31 43 26 21 22 13 5 36 44
15 24 42 2 20 35 3 7 25 9 30 40


43 18 13 16 28 29 8 44 25 9 0 14
5 3 27 11 33 28 2 45 46 6 25 39
26 30 22 1 32 28 24 37 12 9 35 47
34 31 38 24 4 40 19 17 37 23 13 35
33 3 46 27 5 20 28 37 35 22 10 2
3 46 5 27 33 20 28 22 11 37 10 2
23 11 40 24 27 32 35 33 22 4 5 21
6 45 44 39 18 8 13 25 43 0 15 7
32 4 23 40 19 21 42 11 38 7 13 41
9 8 47 45 6 41 44 7 36 17 15 35
37 20 33 3 21 5 34 26 11 22 1 15
3 33 27 5 20 46 28 22 37 11 9 35
33 27 35 24 5 3 23 28 10 46 31 22
25 46 14 1 22 8 41 47 0 43 29 5
44 28 18 13 9 29 8 14 6 43 16 22
19 42 4 38 21 40 31 23 7 32 17 13
6 45 25 8 44 39 0 7 18 43 36 9
42 19 38 32 4 17 41 7 21 31 13 40
26 1 22 36 15 37 5 43 11 33 7 16
3 33 46 27 5 20 37 28 10 35 22 2
4 40 19 38 31 32 23 42 24 13 17 7
5 3 46 27 9 33 22 20 8 36 11 15
3 5 33 27 11 20 46 22 28 10 37 2
3 27 5 46 20 11 28 33 22 10 16 9
19 38 24 4 31 32 40 35 17 13 7 34
42 19 38 31 4 17 40 34 13 32 7 30
24 23 4 40 39 13 38 32 31 18 19 30
26 30 27 46 3 28 32 22 11 20 5 44
11 23 32 21 40 4 22 42 7 5 15 12
41 19 38 4 40 32 31 42 23 7 9 8
33 3 20 10 37 5 46 27 39 22 12 35
2 20 17 34 21 12 37 3 30 10 42 38
38 34 4 19 40 17 32 26 13 31 30 42
37 33 36 46 5 3 25 35 45 2 27 6
6 8 45 18 13 9 15 44 37 39 43 25
46 3 27 33 20 5 37 28 10 22 35 41
16 25 13 12 29 18 44 14 6 27 39 3
28 29 1 25 13 14 16 44 24 8 11 30
38 4 19 40 31 34 23 17 42 13 24 7
46 41 3 20 42 26 19 28 5 2 27 12
46 27 3 5 28 33 11 22 20 10 9 16
16 20 3 37 33 39 18 11 27 46 12 13
6 39 45 2 33 31 8 35 37 21 34 18
8 9 6 15 18 13 44 37 41 11 39 7
2 20 30 28 3 27 5 33 11 21 29 17
4 38 40 19 23 21 42 31 17 13 32 34
4 40 38 32 19 23 42 7 13 17 21 31
38 19 4 42 34 31 17 40 13 32 7 23


6 23 34 24 12 11 45 14 10 43 40 21
11 12 3 24 23 14 34 16 22 39 17 38
11 21 23 24 12 40 34 29 14 32 9 30
32 9 46 1 19 47 5 2 40 10 42 21
34 40 11 24 12 23 33 6 25 22 16 3
23 34 24 12 11 40 14 6 17 16 36 21
15 31 7 20 26 46 4 28 27 19 35 13
19 32 25 2 40 42 5 36 10 30 13 3
11 40 3 24 34 12 23 25 6 10 28 16
10 46 7 15 31 4 44 1 9 5 35 8
38 43 37 45 10 2 27 41 6 28 1 18
5 8 19 9 32 10 17 42 28 29 13 40
28 25 36 32 6 10 47 44 40 46 23 38
24 23 34 12 6 14 40 11 16 17 25 26
44 40 33 4 34 25 22 1 39 42 37 30
38 47 37 33 43 15 18 31 2 3 22 39
11 24 12 23 34 17 14 40 16 6 21 25
34 24 12 23 14 11 40 6 17 16 25 3
2 21 19 41 14 10 32 22 38 25 36 45
26 20 7 4 46 0 31 35 44 15 36 13
34 24 23 12 14 6 40 11 25 16 17 26
47 29 43 42 18 37 35 41 2 33 0 8
31 15 36 46 20 45 7 27 38 41 1 43
12 24 23 34 14 6 17 13 16 11 40 3
34 24 23 12 11 14 6 40 16 25 17 22
19 21 7 27 15 46 35 31 20 10 4 8
33 0 44 22 1 5 31 39 40 32 15 37
0 8 30 46 35 16 29 37 3 18 4 44
17 33 1 3 39 13 16 9 24 12 37 22
14 23 13 26 24 12 36 25 34 30 8 16
23 14 10 28 24 34 42 12 25 17 47 8
7 35 46 14 13 17 9 28 32 44 10 5
11 24 12 14 17 23 6 34 3 40 9 13
19 29 2 8 5 10 25 9 21 41 17 3
6 23 9 14 29 35 45 43 36 38 0 46
20 44 31 15 4 46 35 7 27 45 36 1
24 12 34 11 17 14 3 40 16 23 6 33
26 13 23 12 34 14 6 0 4 24 3 8
15 31 4 46 37 7 44 19 20 32 1 0
5 28 8 38 35 10 25 39 0 43 31 40
35 0 20 38 7 45 27 46 42 15 41 43
45 43 36 23 38 34 16 12 24 11 6 41
45 43 20 27 38 41 36 15 46 31 44 35
30 23 34 6 18 14 24 12 36 37 39 13
19 17 9 21 42 22 27 8 3 10 2 33
44 31 4 46 15 7 20 35 10 27 1 0
43 45 23 36 18 34 41 12 24 37 47 14
33 31 1 15 44 39 46 4 32 7 22 0


29 23 36 39 15 8 17 47 41 27 1 28
45 21 10 19 37 20 30 25 24 38 9 2
1 35 27 47 36 7 39 34 4 29 23 8
13 32 38 42 22 24 33 3 21 45 12 19
32 3 42 12 22 33 24 13 38 21 10 45
5 14 2 7 31 34 4 35 43 16 1 27
1 20 7 27 15 35 8 47 14 4 30 34
31 35 14 8 1 4 34 47 40 27 5 28
16 7 23 44 1 29 9 37 8 41 34 10
1 35 47 27 7 15 4 34 8 14 20 28
18 8 0 34 2 23 36 27 7 29 20 47
31 14 29 13 26 42 0 12 3 38 5 32
23 0 29 39 17 41 36 18 46 13 33 26
16 7 6 5 34 22 9 10 2 41 33 47
39 4 41 7 34 35 18 8 31 1 2 25
13 42 22 32 12 38 33 3 47 5 10 24
4 47 27 34 28 35 13 14 11 5 33 42
19 45 21 38 20 10 37 25 24 30 2 8
46 17 26 41 29 33 0 23 25 32 22 12
20 27 1 7 8 15 43 30 45 31 2 35
5 4 31 14 34 43 6 2 47 30 7 35
23 26 29 0 36 18 46 2 17 39 44 19
27 35 1 47 4 15 7 8 20 14 34 28
33 47 22 45 37 10 13 32 5 16 40 46
36 23 39 29 44 34 0 17 18 26 27 28
29 41 23 46 28 15 16 26 1 0 47 17
46 33 17 26 13 41 42 32 29 11 22 38
29 8 2 23 18 28 46 44 41 26 15 25
33 22 32 3 12 13 42 10 24 38 21 45
9 3 37 32 12 22 33 25 21 42 24 10
23 16 26 29 9 46 40 37 6 41 0 31
39 29 15 43 4 44 28 34 36 17 40 18
20 45 27 21 2 19 8 1 10 15 30 18
40 14 5 44 8 7 34 47 16 18 27 1
4 14 27 47 35 28 34 1 15 11 8 26
13 42 33 38 22 32 24 3 12 10 6 45
47 35 34 1 27 14 4 28 8 11 0 44
35 27 1 47 15 4 8 7 14 20 28 34
32 22 3 42 33 24 12 38 13 21 10 45
39 34 23 40 18 43 36 4 0 31 15 42
7 10 15 37 9 20 1 45 8 47 16 39
20 27 1 47 15 8 30 7 35 28 14 4
42 32 22 33 24 13 3 21 38 12 45 10
11 22 38 3 42 13 44 32 24 12 33 10
27 47 1 20 15 35 7 8 4 14 28 2
32 33 22 3 12 42 24 21 38 25 9 13
36 29 39 23 44 8 46 28 13 2 33 47
33 32 22 42 3 13 12 24 21 38 45 19


44 24 27 22 43 4 17 18 31 8 33 40
23 31 36 4 43 27 44 20 16 25 22 1
37 11 42 3 34 5 46 30 28 7 14 0
13 32 2 6 38 29 21 39 14 41 19 45
28 3 14 39 7 0 41 30 46 45 32 12
31 43 4 36 27 22 44 17 24 23 16 35
23 36 16 31 20 4 43 25 11 37 1 27
3 28 11 34 14 37 46 42 30 41 7 45
34 42 30 5 37 46 45 3 11 41 28 14
13 39 10 6 32 21 2 33 29 19 38 18
23 34 11 5 3 37 28 41 38 29 42 2
39 32 10 13 2 3 7 28 14 0 19 29
7 34 37 11 3 42 30 41 5 14 46 39
23 11 37 20 5 3 34 31 14 42 28 15
29 38 2 41 45 5 34 6 33 46 11 47
21 12 15 37 34 25 23 42 38 7 47 32
41 45 30 34 3 14 46 28 42 7 11 5
45 30 41 34 14 46 3 28 42 7 11 37
25 23 37 11 26 36 42 34 0 5 3 20
9 26 36 31 16 1 4 23 43 17 27 22
38 41 2 6 29 14 21 45 13 32 39 11
31 36 4 43 27 23 44 22 17 24 35 9
15 23 37 5 11 42 34 30 46 9 41 12
36 31 23 43 4 27 22 9 16 26 44 1
35 4 34 25 37 32 14 12 16 36 18 42
23 15 37 11 5 42 34 40 14 36 30 41
40 10 15 9 39 47 45 19 30 26 46 14
27 43 44 17 35 22 24 8 31 16 1 36
41 45 30 14 19 46 28 7 38 34 2 3
31 36 43 4 23 27 22 44 16 35 17 1
43 27 22 44 4 31 17 8 16 35 24 36
36 31 43 4 22 16 27 1 17 44 23 24
13 32 2 38 6 14 29 21 41 39 33 28
11 5 34 3 37 28 42 41 45 46 38 14
47 21 38 15 40 6 23 44 19 5 26 0
37 5 11 34 42 3 30 46 28 45 41 14
3 28 0 42 34 46 30 37 7 11 14 45
44 33 27 24 8 18 22 43 21 31 4 17
41 45 14 38 21 34 30 12 28 46 2 11
38 2 41 14 21 6 29 32 45 13 39 7
27 44 43 4 31 18 24 22 8 36 35 17
1 17 16 35 22 43 8 27 4 24 44 36
15 9 23 40 31 36 47 26 24 17 5 44
39 13 2 6 32 21 41 38 19 3 45 29
43 4 27 16 35 31 22 17 24 36 44 8
21 9 33 6 46 38 5 47 15 13 2 30
4 20 25 0 38 7 29 2 34 32 21 6
40 43 24 27 44 31 22 18 4 15 8 17


11 47 8 3 32 42 7 25 43 36 6 39
46 32 13 31 20 10 18 7 28 12 11 25
14 29 45 5 4 19 34 1 37 33 41 27
47 32 11 7 43 8 3 42 16 10 6 25
11 18 20 31 28 17 32 12 47 26 40 10
11 17 7 8 25 47 32 42 18 28 26 20
15 40 17 28 35 26 44 12 31 20 18 21
2 16 30 6 29 1 37 23 14 9 27 43
30 35 14 34 21 15 24 29 40 44 45 5
31 20 12 28 18 44 26 32 34 40 21 16
30 9 2 5 34 27 14 0 23 38 24 43
23 13 24 30 38 6 40 21 10 35 12 34
26 12 20 44 31 18 28 21 40 2 16 10
32 11 47 7 10 43 8 3 42 16 0 25
2 18 20 10 16 31 28 12 0 26 44 27
32 25 11 47 8 3 39 42 17 10 7 36
32 46 15 34 36 19 25 45 38 31 39 4
23 13 11 21 30 38 40 18 45 19 34 35
33 4 22 37 1 45 14 41 39 19 42 5
23 29 25 22 1 14 37 45 5 33 41 4
43 9 46 42 0 27 36 41 6 33 32 38
35 29 6 3 7 46 43 30 47 10 39 25
7 42 8 46 32 16 33 41 37 27 36 4
25 29 37 21 22 13 36 4 39 23 14 15
18 20 31 28 40 21 44 12 26 10 2 23
24 30 26 35 44 6 28 21 38 12 40 9
31 12 20 18 44 28 21 26 10 40 2 30
18 28 31 20 12 26 10 44 40 21 15 11
10 47 43 0 32 11 31 18 16 20 2 28
30 14 34 5 45 9 38 19 4 27 29 24
23 11 18 13 31 28 20 12 21 47 44 10
11 32 31 13 17 15 10 18 20 28 40 12
15 17 35 26 12 28 44 40 18 21 31 20
46 27 9 2 43 7 0 16 10 38 13 37
14 4 1 33 45 19 39 22 37 36 41 42
9 34 27 30 2 29 14 24 0 5 21 38
29 13 17 35 21 40 15 31 39 25 32 36
2 30 46 26 12 21 44 20 28 29 31 24
41 14 19 5 45 4 33 34 27 37 36 9
45 4 19 41 37 33 14 36 1 42 39 5
33 4 1 42 37 36 41 19 14 45 39 8
30 21 44 12 2 20 31 28 40 18 34 26
22 14 4 38 45 39 29 33 1 37 19 17
12 44 31 10 18 28 20 21 26 35 46 40
16 7 38 24 2 47 22 23 6 11 43 26
24 38 2 26 7 16 43 11 9 27 6 18
10 32 40 6 28 21 31 26 35 29 12 18
5 9 14 41 19 27 34 45 0 4 37 33


31 43 27 23 10 18 2 40 15 6 39 33
47 15 37 27 2 24 10 0 39 43 23 40
29 14 44 4 30 3 28 42 47 46 25 6
31 1 24 27 40 43 18 8 10 6 23 15
37 23 39 40 43 10 6 0 33 27 2 15
37 0 2 33 10 23 39 15 43 40 6 18
13 38 22 17 45 12 35 5 11 3 46 32
2 15 27 10 37 23 24 0 39 40 33 43
15 10 31 40 23 2 27 43 39 37 0 6
12 5 22 13 38 32 35 36 45 17 34 26
43 31 23 40 6 18 27 10 39 2 15 33
34 5 12 35 13 32 22 26 7 45 38 17
12 5 25 22 3 32 36 38 13 34 35 20
40 31 10 23 15 43 39 2 37 6 27 0
35 22 13 5 34 12 38 17 32 11 45 26
17 11 29 27 47 3 13 12 45 8 37 34
31 6 40 43 18 23 39 8 10 27 37 0
2 15 24 10 41 27 47 23 40 0 37 39
31 40 23 15 10 43 2 18 6 27 39 0
34 24 12 5 35 1 27 13 9 17 31 15
2 15 10 23 0 37 39 43 40 33 27 18
5 36 32 12 22 26 38 20 13 45 17 28
14 33 4 0 37 6 39 18 43 19 23 10
15 27 10 2 31 39 40 24 37 23 43 0
2 15 37 10 0 23 33 39 43 40 47 27
31 40 8 27 43 10 15 23 6 1 24 39
17 13 38 11 22 45 30 35 3 46 12 32
37 0 33 2 39 47 23 15 10 43 41 18
40 31 10 23 15 39 6 43 24 37 2 27
37 39 40 6 10 43 23 0 8 27 4 31
31 40 24 15 10 23 27 39 37 2 43 6
31 18 6 43 23 40 8 33 27 10 0 39
5 13 35 34 12 32 22 38 26 45 7 17
31 40 43 10 23 27 15 2 6 18 39 37
15 2 31 24 10 40 27 23 43 39 37 0
10 40 31 23 15 43 39 2 37 6 27 0
36 44 20 28 30 38 32 7 26 25 22 45
40 10 23 39 37 27 43 15 2 6 31 0
36 20 32 26 28 38 44 5 7 22 12 30
43 10 23 39 37 40 27 18 6 0 2 33
28 29 44 20 4 34 26 36 32 42 19 22
15 2 10 27 47 24 41 37 23 39 0 31
37 0 2 33 23 39 10 15 47 43 40 6
38 32 22 13 5 36 20 26 45 17 12 11
2 15 10 23 0 43 27 37 39 40 33 18
31 40 23 27 10 43 15 24 8 6 2 18
38 22 13 17 3 36 45 30 44 12 11 25
10 43 40 39 23 37 27 33 6 18 0 15


2 43 25 28 27 39 11 47 18 20 5 29
27 39 5 43 20 11 29 23 18 25 41 31
13 24 8 27 31 7 39 1 36 26 35 43
40 26 21 30 37 22 7 36 0 33 12 16
11 43 39 29 5 20 27 41 18 32 25 28
12 40 15 22 21 0 16 46 34 33 42 37
0 47 23 2 12 42 38 46 9 16 3 32
1 4 26 37 36 15 30 19 33 21 8 34
23 44 32 47 25 34 18 2 29 41 3 9
41 20 11 5 25 44 43 29 32 18 39 47
44 25 41 29 47 32 34 20 5 3 23 18
41 29 43 39 32 11 10 20 44 27 45 5
31 23 8 5 36 1 17 3 13 43 18 24
11 5 43 39 29 20 27 18 41 25 32 23
21 37 33 16 30 15 40 12 46 22 0 7
43 10 39 41 11 29 5 20 27 28 32 18
23 2 28 39 43 44 24 25 41 8 11 27
26 37 21 40 30 4 33 0 15 36 12 22
27 39 43 5 11 29 20 23 18 31 41 25
27 39 43 5 29 11 31 20 18 23 28 32
27 39 31 43 29 5 11 23 18 20 28 32
27 39 43 11 5 29 18 20 28 31 23 32
5 41 39 43 11 20 29 18 10 27 28 31
33 37 21 4 16 30 0 22 15 12 40 38
47 44 12 22 40 42 38 46 21 25 9 0
39 27 43 13 10 29 26 1 8 17 2 31
4 37 21 33 26 30 40 15 16 0 22 36
11 41 18 43 5 32 39 29 20 10 9 47
15 6 23 35 28 17 38 16 47 46 12 25
23 27 31 39 29 43 32 20 18 11 44 5
16 37 30 15 36 7 33 26 21 8 46 0
5 11 43 41 20 39 29 25 18 27 32 10
39 43 11 5 29 27 18 41 10 28 20 31
25 20 47 44 32 5 11 18 29 41 23 9
43 39 5 11 27 29 41 20 18 31 28 10
41 5 11 25 29 20 43 39 18 44 32 27
40 21 22 37 12 0 33 15 46 30 16 26
39 27 43 11 29 5 31 20 18 28 41 32
13 31 24 8 26 10 39 30 4 35 7 1
39 29 43 11 20 27 5 41 18 32 25 23
34 15 31 33 14 25 23 12 21 3 46 22
11 18 20 5 32 29 25 43 39 41 47 27
23 27 39 43 29 11 5 20 18 32 31 41
44 34 12 47 22 9 42 0 21 3 15 40
39 27 45 10 43 13 28 11 32 8 9 24
41 11 10 43 39 5 18 29 32 27 28 20
30 37 21 16 33 7 15 46 22 36 4 40
27 23 39 43 5 20 31 29 11 25 18 41


4 45 26 12 18 34 22 31 41 35 39 42
42 45 34 35 4 22 26 18 41 15 12 39
19 40 13 1 32 17 5 33 38 25 44 47
26 43 22 41 15 18 34 3 45 39 42 4
44 16 46 24 9 31 2 34 45 19 27 41
17 14 8 43 15 40 44 5 18 25 41 9
0 13 28 21 1 30 36 33 11 2 14 16
39 43 4 37 22 34 26 45 27 20 46 29
26 4 22 29 42 35 15 39 3 20 45 18
15 42 3 26 35 12 18 45 22 29 34 6
28 13 21 1 2 30 33 16 0 19 11 27
11 21 13 36 28 1 33 32 30 0 2 37
3 20 22 26 15 29 37 42 38 12 18 34
3 26 29 22 15 20 18 38 32 42 35 12
20 26 22 3 12 29 42 15 35 34 18 38
4 39 26 29 43 22 37 18 3 45 34 12
13 11 33 19 28 1 0 21 5 32 17 40
28 21 0 30 13 2 27 1 39 16 33 11
4 34 45 42 22 26 41 35 18 12 15 43
26 22 15 3 42 29 18 12 34 20 45 35
45 4 42 39 34 35 18 26 43 22 41 15
15 3 29 26 35 22 42 18 20 38 12 34
36 43 37 4 47 35 29 21 30 8 11 1
3 15 42 29 22 6 35 26 20 12 18 47
32 13 47 1 28 5 25 33 19 6 11 17
42 15 35 22 26 29 12 34 18 45 3 20
44 42 7 34 15 14 20 22 41 35 45 39
11 36 13 1 21 28 32 33 47 30 7 5
26 12 45 4 18 41 34 22 35 31 42 9
4 34 45 31 9 12 41 26 43 39 22 18
28 21 13 30 1 2 0 27 16 33 44 11
47 3 6 40 32 29 15 38 11 36 5 7
42 12 34 26 22 45 18 35 9 15 41 4
1 30 13 28 2 21 11 44 27 7 36 10
21 13 28 1 33 11 0 30 36 2 16 19
3 26 31 20 22 5 29 18 35 12 15 45
35 42 26 22 45 18 34 15 12 29 3 41
44 6 19 40 47 38 24 9 15 42 7 1
15 22 26 42 3 35 34 18 20 9 12 45
46 44 16 41 4 45 9 34 31 23 24 2
44 19 24 0 25 27 9 23 32 1 13 6
45 34 18 4 12 41 26 31 22 35 9 42
28 21 13 1 30 2 0 33 16 27 11 36
28 21 13 1 30 0 11 36 2 27 32 33
26 22 12 34 4 45 42 18 15 31 3 29
44 24 42 46 2 27 23 45 34 1 30 41
30 2 21 1 27 46 16 28 13 43 23 0
32 3 5 17 38 20 26 24 31 47 37 12


47 39 2 11 44 7 8 20 13 9 27 43
5 4 41 34 29 10 3 12 38 20 25 45
22 24 0 32 31 7 19 11 35 14 26 9
20 10 29 25 34 45 3 12 43 5 4 28
0 24 22 31 7 32 11 35 19 14 9 46
12 5 29 38 10 41 34 3 4 45 20 25
27 40 19 9 18 30 47 1 8 37 46 42
45 25 38 12 29 10 16 5 34 4 1 3
1 25 45 16 43 10 3 8 20 18 34 28
20 45 25 10 3 34 28 29 43 5 4 12
5 29 41 34 12 4 10 38 3 20 25 43
20 28 3 43 25 10 4 41 37 15 34 1
10 29 34 5 3 38 25 45 12 4 20 41
1 28 45 16 25 4 3 10 43 20 12 34
24 22 0 32 19 31 7 35 11 14 9 26
16 45 12 25 38 1 29 10 34 43 3 5
45 34 10 25 29 3 12 38 5 4 43 20
10 29 34 38 5 3 45 12 25 41 4 20
24 22 0 31 7 32 19 35 11 14 9 26
15 41 23 28 20 5 4 3 34 44 29 10
7 31 35 32 11 24 22 0 19 14 9 26
22 0 24 32 31 7 11 35 14 19 9 46
5 29 4 34 3 10 41 28 38 20 25 45
45 25 10 29 34 3 4 12 38 43 5 41
22 0 24 32 31 7 11 35 19 14 9 46
41 5 34 29 10 3 12 4 38 20 25 45
5 34 29 41 10 38 4 3 12 20 45 25
45 4 25 38 10 3 28 34 29 5 20 43
8 27 16 1 33 42 28 25 18 45 43 20
22 24 0 31 32 7 11 35 19 14 9 26
22 0 24 31 32 7 11 35 19 14 9 26
22 24 0 31 7 32 11 35 19 14 9 46
14 46 24 22 19 7 35 0 31 32 6 11
11 7 35 31 32 19 0 24 22 42 14 9
22 24 0 31 32 7 11 35 19 14 26 9
0 22 24 7 31 11 35 32 19 9 14 46
13 36 38 21 5 32 40 6 29 34 12 41
12 10 38 29 5 41 34 3 25 45 4 43
22 24 0 32 31 7 11 35 19 14 9 26
44 46 24 22 11 35 32 0 19 31 9 7
18 23 16 19 42 12 6 8 35 40 1 9
5 4 38 29 41 3 34 10 28 45 12 20
22 0 24 31 32 7 19 11 35 14 46 39
22 0 24 31 7 11 32 35 19 14 9 46
10 29 12 25 38 5 34 20 3 41 43 45
5 29 34 38 10 12 41 4 25 3 20 45
44 23 40 10 4 29 6 3 12 41 5 25
19 24 22 0 31 32 35 7 11 14 9 26


41 31 21 22 10 45 2 8 3 30 13 6
45 39 21 19 2 36 22 8 10 24 41 3
10 41 22 8 21 45 31 2 30 3 4 5
37 40 28 26 17 23 29 20 15 46 16 32
41 2 22 21 45 31 8 10 19 9 0 27
22 41 31 18 7 12 8 21 45 5 43 33
41 2 22 31 10 21 45 8 4 30 3 27
41 22 10 21 45 2 31 8 3 30 19 9
8 22 10 21 31 41 45 2 13 19 9 18
30 18 41 27 33 22 10 45 25 8 4 12
20 17 29 40 37 28 23 26 46 32 16 15
0 32 44 15 26 19 45 31 37 17 12 36
37 17 29 40 23 26 28 46 32 20 16 15
4 8 35 10 21 2 31 24 39 41 38 18
0 2 27 41 31 45 36 3 22 44 19 15
10 22 21 41 8 45 31 2 30 3 6 4
10 14 21 43 13 22 45 35 30 9 38 47
10 22 41 45 21 8 31 2 3 30 4 19
41 2 45 21 5 19 8 22 31 0 10 9
16 37 23 29 40 46 17 20 26 28 34 32
23 17 29 35 28 40 20 38 37 16 26 46
29 20 28 26 37 17 40 12 23 15 32 46
17 37 23 29 40 26 20 15 32 28 46 16
37 29 17 28 40 46 23 26 20 16 7 32
33 36 19 27 4 12 42 47 24 15 18 3
37 17 26 46 32 29 40 28 20 23 16 15
12 20 6 25 47 16 14 46 29 40 30 37
37 40 46 12 29 20 26 28 17 16 23 44
41 10 21 22 30 8 2 45 25 3 31 6
37 23 40 29 46 16 17 28 20 26 34 15
34 35 42 28 23 9 21 27 4 30 37 6
12 44 27 43 5 41 13 31 25 32 47 46
41 22 45 10 21 2 31 9 8 19 3 27
23 17 37 29 40 20 28 16 26 46 32 35
16 4 37 42 29 3 7 20 32 35 17 30
2 19 0 13 22 21 36 31 25 8 41 3
26 17 37 29 20 15 40 46 32 23 28 12
2 22 41 21 10 45 30 8 31 27 3 47
20 16 40 42 14 37 29 38 6 23 28 34
37 23 40 17 29 28 20 46 16 26 38 35
17 26 23 11 28 32 7 37 15 36 35 24
40 17 23 37 28 29 20 26 35 14 46 16
6 47 10 21 38 25 22 30 2 45 4 36
23 17 16 29 37 46 20 40 28 26 35 15
36 41 22 2 21 45 10 31 3 8 19 4
37 40 17 29 16 23 46 26 28 20 32 15
12 11 14 16 20 33 19 1 3 46 26 35
37 40 29 46 17 23 20 26 28 16 15 32


3 27 21 7 10 38 8 24 13 44 32 42
40 28 20 39 14 0 16 47 42 11 9 35
3 21 8 44 7 41 31 27 13 10 4 5
27 3 7 38 21 8 24 10 42 1 32 13
31 3 27 7 21 38 10 44 17 13 8 30
25 28 37 14 41 0 22 20 35 16 11 9
21 44 3 7 10 13 8 27 4 31 30 32
14 0 16 9 28 20 25 37 22 19 33 46
14 9 0 25 16 37 22 28 20 46 35 11
30 38 20 25 15 24 40 31 41 2 47 28
3 21 27 7 8 10 38 24 44 32 13 42
3 21 27 44 10 7 8 13 24 38 30 32
3 27 21 8 10 38 44 4 7 24 32 30
3 27 21 7 10 8 13 44 24 38 32 4
44 41 34 47 28 31 43 37 36 13 21 3
34 20 41 31 17 30 24 37 16 28 25 19
17 39 46 33 14 19 5 20 16 9 23 0
7 5 13 31 24 10 3 30 21 38 27 39
9 28 16 37 0 14 6 25 20 47 22 34
10 34 30 21 3 36 2 15 23 44 38 32
3 27 21 7 10 8 13 38 24 44 32 42
3 21 27 7 44 10 8 13 24 38 30 4
29 11 44 13 21 15 42 12 27 18 3 40
28 9 37 14 0 16 20 47 25 11 6 22
33 37 46 40 31 43 16 20 29 6 0 19
9 16 0 14 28 37 25 22 20 6 18 11
3 27 21 8 10 38 7 24 4 44 32 42
3 21 44 10 27 7 13 8 24 30 4 32
27 24 8 38 3 21 7 23 4 1 12 10
13 7 31 44 45 5 18 17 26 43 33 34
22 25 11 28 16 37 14 0 18 40 20 9
34 17 5 8 24 38 7 21 31 36 44 3
3 27 21 8 38 7 10 24 13 44 42 4
9 16 28 0 37 14 25 20 22 6 11 26
16 9 0 28 14 37 25 22 20 11 18 6
4 21 27 15 30 17 8 11 18 38 42 43
14 0 9 16 37 28 20 26 12 22 19 6
25 34 10 41 39 38 22 16 8 19 24 4
5 34 44 47 36 41 9 37 28 13 31 6
3 21 27 7 10 24 8 38 44 32 4 13
16 47 37 9 34 20 26 28 22 0 40 19
14 0 28 9 37 16 20 25 11 6 22 39
9 28 16 0 37 14 25 20 22 40 11 6
44 13 47 34 7 31 5 21 43 36 3 10
12 42 38 27 33 46 23 17 39 32 24 4
21 3 44 27 8 10 13 7 38 24 32 42
16 37 28 14 9 25 40 34 0 46 5 47
44 21 3 7 13 10 24 5 27 8 32 4


38 25 37 35 17 5 45 14 28 18 12 33
15 42 33 9 2 20 31 11 0 1 44 26
37 35 17 14 39 18 38 45 20 25 28 19
35 37 14 38 45 18 25 17 20 19 28 32
35 14 38 45 37 18 25 19 28 17 32 5
35 14 37 38 45 18 25 19 17 28 20 32
46 22 16 4 27 43 30 0 23 2 24 6
38 35 14 37 45 19 18 25 28 5 32 47
46 43 22 27 4 16 2 23 24 30 7 8
22 23 4 36 16 43 3 40 46 24 6 5
14 35 37 45 38 20 25 18 28 19 47 17
45 18 5 28 25 32 36 9 38 14 37 35
35 25 14 38 17 37 28 18 45 19 5 32
46 27 16 8 4 3 7 2 15 11 40 34
7 31 8 27 0 46 43 24 44 21 39 16
36 3 16 22 23 46 30 4 32 5 40 24
22 4 46 16 43 23 27 2 24 6 8 30
14 35 38 45 37 25 18 19 32 28 5 20
46 43 24 4 7 2 23 27 8 30 16 22
22 4 23 46 43 16 6 2 27 24 30 40
7 47 14 37 45 35 19 20 18 41 27 42
37 35 14 38 20 17 45 18 25 19 28 32
27 46 7 16 43 4 2 24 30 22 8 34
4 22 46 16 27 43 23 2 24 30 11 8
37 35 17 14 39 18 38 20 45 25 28 33
35 37 14 18 45 17 38 25 19 28 20 32
37 35 14 25 38 47 18 17 20 33 45 32
35 14 37 38 45 18 25 19 28 17 32 20
7 27 46 43 16 4 2 24 11 34 6 0
35 39 37 14 17 18 45 38 19 28 42 25
7 44 26 21 35 39 9 14 30 37 32 10
4 22 46 27 43 23 16 2 8 11 24 7
37 14 35 45 18 47 38 20 41 17 19 7
16 27 4 43 46 2 23 3 8 11 22 6
2 16 46 27 22 43 4 23 34 24 11 30
15 12 24 26 2 23 29 20 33 10 19 46
15 26 36 2 32 28 6 43 13 9 20 12
2 27 4 22 16 43 46 8 23 21 13 40
38 36 45 25 3 14 28 37 35 32 5 23
38 14 25 35 45 37 18 32 28 5 19 9
3 23 26 16 0 22 4 13 34 30 2 15
35 14 37 38 18 45 25 19 17 28 32 20
46 43 27 16 22 4 8 2 23 11 30 7
35 14 37 25 17 38 45 18 28 19 20 13
35 37 14 38 17 25 18 45 19 28 5 32
22 4 46 16 43 23 27 2 3 24 40 30
4 22 16 46 43 23 27 2 6 30 40 11
27 46 16 22 43 4 2 30 6 23 7 24


4 31 39 2 3 37 28 1 5 18 0 25
42 29 14 47 33 44 8 12 6 46 16 10
4 25 28 2 39 1 5 18 3 31 37 0
14 29 42 47 33 44 8 12 6 10 46 11
31 39 4 28 37 3 18 2 1 19 5 0
31 28 39 4 37 2 0 3 1 18 19 25
42 47 44 16 14 33 6 29 8 27 24 9
29 14 42 33 47 8 44 12 10 46 6 11
29 42 14 47 8 44 33 6 12 46 11 20
42 14 15 29 47 44 33 6 46 10 27 8
4 15 28 37 3 2 41 1 30 9 5 39
14 29 47 42 33 8 44 6 12 10 11 46
29 14 42 47 33 8 10 12 6 11 44 46
42 29 8 14 33 12 10 46 47 11 44 6
29 14 47 42 33 8 44 12 6 46 10 16
28 31 19 39 4 37 41 18 0 2 38 45
14 42 47 29 44 33 6 8 12 11 46 15
29 42 14 47 8 33 44 12 6 10 46 16
4 31 3 39 2 37 28 5 18 0 1 25
4 31 39 3 28 37 2 18 1 0 19 5
14 42 29 47 44 12 33 6 8 46 10 16
29 42 14 33 47 8 44 10 12 46 6 11
14 29 42 47 33 44 6 8 12 10 16 20
1 25 4 2 0 3 31 18 28 39 37 40
4 3 31 39 2 5 37 28 1 25 18 0
4 31 3 2 39 37 28 5 1 18 0 25
4 31 3 39 2 37 28 5 1 18 0 25
31 4 39 3 2 28 37 18 5 0 1 19
31 3 19 5 39 2 41 4 1 37 25 26
4 31 28 3 39 2 37 5 18 0 1 19
31 4 28 39 2 37 3 1 18 0 5 19
29 14 42 47 33 8 12 44 6 10 46 20
24 22 6 7 30 41 19 18 44 20 15 26
29 42 14 33 47 8 44 10 46 12 6 11
14 29 44 47 9 33 42 15 16 8 6 43
37 25 4 3 24 5 9 39 2 31 0 38
41 28 19 31 39 30 4 18 26 24 34 21
41 26 45 5 0 35 10 20 3 33 40 16
42 29 47 14 44 6 33 8 20 16 10 12
4 31 3 2 39 5 37 18 1 28 0 25
27 19 45 36 31 3 0 39 4 18 21 28
4 31 2 3 28 39 37 0 1 18 5 19
41 44 42 8 10 11 29 14 12 47 33 24
30 34 43 13 40 17 28 25 2 23 22 18
29 42 14 33 8 47 11 44 46 6 12 10
38 13 24 30 41 5 45 25 4 31 39 0
39 19 1 37 31 26 23 10 4 5 3 0
14 47 42 44 6 29 27 11 20 13 15 12


46 19 27 3 23 38 41 18 10 13 44 26
29 35 11 33 0 40 47 34 1 30 31 20
35 29 11 33 0 47 40 1 34 30 31 6
35 11 29 0 47 40 33 34 30 1 31 20
35 11 29 33 0 47 34 40 30 1 31 12
35 47 11 0 29 30 33 34 40 1 31 20
35 11 47 0 29 33 30 40 34 1 31 32
35 11 29 0 47 33 34 40 30 1 20 31
3 23 38 46 27 19 45 42 18 10 41 17
47 35 0 11 29 34 33 40 30 31 1 21
38 44 46 18 19 23 45 8 27 13 17 3
29 1 35 11 33 0 40 47 34 31 16 30
47 35 11 29 30 0 40 34 1 33 32 31
38 44 46 18 13 19 8 43 23 42 14 41
19 23 38 46 41 42 45 3 18 17 26 27
30 35 34 11 29 47 0 33 21 40 12 1
27 32 45 43 0 18 3 33 38 17 12 47
35 11 0 47 29 33 40 34 30 1 31 20
35 11 29 0 47 33 40 34 30 1 31 6
47 35 0 11 30 29 40 34 33 1 32 21
38 46 19 8 13 42 23 44 18 41 4 45
35 11 29 0 47 33 34 40 30 1 31 20
34 29 36 40 6 25 35 37 16 1 11 0
11 35 0 33 47 29 30 34 40 1 31 12
14 8 4 13 44 17 36 41 38 22 15 9
11 35 33 29 0 47 30 40 1 34 12 31
38 46 19 23 45 18 42 8 41 27 44 13
38 8 13 46 19 17 44 23 45 41 4 42
19 46 38 13 23 8 44 42 45 18 41 27
1 18 19 4 21 13 46 28 3 39 25 8
33 29 11 35 40 0 1 34 31 36 47 16
19 46 38 23 42 18 13 27 8 45 41 44
42 38 8 13 18 46 44 19 45 23 14 4
38 46 19 13 8 23 42 44 18 45 41 27
35 29 11 0 33 47 40 34 30 1 31 24
46 38 19 23 3 42 27 45 18 10 41 8
35 11 29 33 0 47 40 1 34 30 31 6
38 46 19 13 23 44 8 45 18 42 27 41
46 38 19 13 8 44 23 42 18 27 45 41
38 44 8 17 13 45 18 46 27 23 3 41
35 47 11 0 29 30 33 34 40 31 32 21
30 21 28 35 47 11 34 6 1 0 22 40
44 8 13 38 46 19 17 23 42 18 45 41
43 40 31 35 2 9 5 34 0 33 47 11
0 47 11 35 33 29 30 40 34 12 32 21
38 46 45 19 44 13 23 8 27 17 42 18
11 33 29 35 34 0 47 40 16 20 39 31
13 8 44 4 46 19 38 42 41 18 23 17


43 7 2 31 44 17 39 13 41 38 34 14
43 7 31 2 39 41 13 17 44 38 42 14
15 30 35 11 10 46 16 33 1 26 47 4
30 15 35 10 16 11 46 33 47 1 26 4
30 15 35 33 11 20 16 10 26 46 47 18
15 30 35 11 10 16 1 33 46 47 26 4
25 12 27 22 21 7 13 32 14 20 38 43
43 41 17 39 7 31 2 13 32 19 38 45
43 7 31 39 34 17 13 38 2 41 45 14
15 30 35 46 16 10 11 33 47 1 26 4
15 35 30 11 1 10 33 16 47 46 26 4
25 26 12 45 33 13 14 47 15 30 28 4
35 15 30 1 26 11 47 33 16 10 25 5
43 7 17 13 39 31 2 14 41 38 45 34
15 30 35 11 16 10 33 1 46 47 26 5
35 30 15 46 16 10 11 33 1 26 47 5
25 24 46 16 20 1 30 4 35 15 26 12
35 30 15 46 16 11 10 26 1 33 47 5
7 13 43 31 39 34 14 17 41 2 44 32
35 15 30 33 47 11 10 1 16 46 5 26
11 10 42 15 26 35 29 30 5 18 44 46
10 47 20 18 22 21 36 3 35 37 39 26
41 42 2 28 43 3 0 27 31 17 7 9
15 35 30 11 16 10 33 46 1 47 26 4
15 30 35 11 33 10 1 16 47 26 46 4
26 30 15 35 46 10 47 16 11 1 33 40
35 15 30 11 16 1 10 33 47 46 4 26
43 7 31 2 17 39 44 13 41 14 38 34
15 35 30 11 10 16 1 33 46 47 26 4
35 30 15 33 10 16 11 47 1 4 46 26
31 44 43 7 2 17 42 41 38 39 34 45
26 10 1 46 24 0 16 19 5 18 8 4
17 31 43 7 39 41 2 44 13 14 38 34
15 35 30 11 10 16 46 33 1 47 26 4
47 30 15 5 35 18 46 4 11 36 24 16
40 1 46 11 28 37 47 0 9 27 10 33
30 15 35 46 10 11 16 33 47 26 1 4
15 35 30 11 16 10 46 33 1 47 26 4
15 30 35 11 33 26 46 16 4 10 47 1
23 13 32 14 36 17 39 43 7 31 34 12
45 2 41 17 32 34 19 23 37 43 7 39
15 35 30 11 33 16 10 46 1 47 26 4
15 35 30 16 46 11 33 10 1 47 26 5
15 30 35 11 10 16 46 33 1 47 26 4
39 43 7 12 17 45 31 13 2 38 19 23
35 15 30 11 10 16 1 33 46 47 26 4
15 30 6 35 11 10 1 42 47 9 18 33
26 4 14 47 5 43 44 36 23 33 25 24


15 25 28 47 43 0 21 40 30 19 46 22
37 18 32 14 23 42 38 27 45 44 8 17
30 0 25 28 15 40 19 34 47 43 35 31
32 18 37 23 14 17 38 8 45 42 9 10
9 40 30 0 15 2 28 22 43 19 7 46
37 18 32 27 42 14 38 45 23 8 44 17
15 28 0 43 25 47 21 40 30 19 22 46
37 18 32 14 42 38 27 45 23 8 44 17
5 6 18 23 32 11 17 35 10 33 42 37
18 37 32 17 38 8 23 11 1 27 14 42
15 0 28 30 43 40 47 25 21 2 19 22
15 28 0 30 43 21 40 25 47 2 19 22
37 18 32 23 27 14 42 38 8 45 17 11
0 28 26 30 40 46 15 43 9 7 19 21
30 43 0 29 22 28 7 47 19 25 15 21
0 15 25 43 28 47 21 30 40 16 22 19
15 28 0 43 47 30 21 25 40 19 2 22
37 32 18 14 27 42 45 38 23 8 44 17
14 42 37 18 32 45 38 23 27 44 4 10
15 28 43 0 21 47 25 30 40 19 22 2
37 18 32 23 14 8 38 17 45 1 42 27
2 19 0 15 9 30 47 28 6 16 40 43
15 43 25 0 47 28 21 30 40 19 46 22
0 15 28 40 30 43 9 25 2 47 21 19
15 0 28 30 21 40 43 47 25 9 22 19
0 15 40 43 25 30 28 9 2 21 47 19
29 26 0 30 4 9 20 44 35 28 7 38
24 15 28 25 0 16 6 34 3 21 43 47
37 18 32 14 42 38 23 45 8 27 44 17
12 37 44 1 32 4 18 14 22 38 9 8
15 0 43 28 25 40 30 21 47 2 19 22
20 5 38 27 18 34 11 14 44 32 37 23
47 20 7 11 43 1 26 15 27 30 34 36
47 41 25 16 35 21 43 34 3 19 0 28
15 0 28 43 25 47 40 30 21 19 22 2
9 8 1 12 19 2 37 34 13 7 32 30
12 42 10 45 37 35 3 6 17 9 14 8
15 0 28 43 25 47 21 30 40 19 22 2
42 27 37 45 18 14 12 11 32 38 23 17
15 28 43 30 21 0 47 25 40 19 2 46
0 6 43 16 15 19 47 28 30 25 21 41
15 25 28 0 43 47 21 40 30 19 22 46
15 25 28 43 0 30 21 47 40 22 46 19
42 27 45 11 29 37 32 18 44 38 36 23
15 28 0 43 25 21 47 40 30 19 2 22
15 19 46 43 25 24 28 30 21 3 0 22
15 28 43 0 47 21 30 25 40 19 2 22
47 21 25 15 43 28 0 40 30 2 46 41


38 18 12 29 22 16 19 27 37 8 11 5
43 16 5 13 44 20 40 19 26 46 27 22
41 9 10 19 35 42 43 34 2 47 12 37
7 24 11 2 41 34 38 18 36 10 9 35
7 12 36 24 10 8 2 41 34 38 47 18
23 18 24 0 15 33 2 7 38 9 25 13
46 40 16 20 27 19 13 42 31 21 32 43
12 36 34 24 7 8 2 29 9 41 10 38
24 38 36 7 12 8 39 2 10 3 18 34
43 16 26 44 19 5 40 1 31 20 13 46
32 27 5 16 42 43 26 40 20 19 46 13
16 5 20 46 19 32 44 40 43 27 26 13
16 5 20 40 46 19 44 43 32 27 21 26
7 36 12 24 2 34 10 38 8 41 11 39
39 2 9 38 18 36 24 7 11 3 35 0
5 16 44 46 32 40 21 45 20 26 23 27
5 43 26 32 40 16 21 42 19 46 44 20
16 20 43 12 44 40 13 19 46 27 37 5
7 36 34 24 38 41 12 10 11 2 3 18
7 34 36 24 38 12 10 2 11 41 3 8
7 34 2 36 3 10 24 11 0 38 41 18
7 36 34 24 2 38 10 12 8 11 41 18
19 39 23 13 11 43 27 26 28 30 8 29
17 29 47 41 18 7 1 3 38 8 24 36
7 24 36 38 34 2 11 10 18 8 3 12
1 19 29 20 47 33 42 32 35 16 27 22
11 44 3 4 20 6 8 7 42 17 26 39
5 32 26 45 33 25 15 43 22 2 16 37
7 36 38 24 34 12 2 10 8 3 41 18
5 16 32 21 42 26 46 27 40 20 19 43
40 44 42 43 33 3 20 16 31 12 14 47
5 16 20 44 32 46 19 43 26 27 40 22
7 36 12 24 38 34 10 2 8 11 41 3
16 5 32 19 40 46 20 27 43 44 21 26
16 20 43 32 19 27 46 42 13 44 22 26
30 33 9 14 31 5 21 17 18 1 42 32
7 36 24 34 38 12 10 2 41 18 8 3
5 16 46 40 20 19 43 32 27 44 26 21
7 36 34 24 38 12 2 41 3 10 11 0
16 5 44 20 43 19 46 40 32 27 26 21
36 41 35 3 7 10 24 9 12 18 47 6
16 5 20 40 46 43 19 32 27 44 26 21
33 10 37 28 43 44 39 41 13 22 20 14
36 7 3 34 11 10 2 24 29 12 35 41
7 36 24 38 12 34 2 10 8 11 41 18
7 24 3 34 36 35 0 47 41 10 11 2
16 20 5 44 19 43 37 22 27 46 40 13
12 34 36 24 29 7 38 8 18 10 41 9


32 3 30 2 38 40 10 19 0 16 26 18
32 3 2 30 0 38 21 41 40 47 25 19
13 23 7 35 17 6 5 21 47 24 15 12
43 6 17 5 34 42 8 28 23 38 0 25
7 35 20 38 47 41 42 36 14 13 3 19
43 1 45 42 5 8 28 24 2 40 46 18
3 20 19 47 0 35 14 41 32 38 7 17
33 37 11 25 44 16 13 6 23 15 39 46
39 30 40 18 26 37 4 33 2 16 28 11
39 11 4 27 33 15 31 1 36 45 30 2
21 44 11 15 34 26 17 10 33 4 37 6
30 39 2 40 26 45 18 33 8 16 32 27
15 11 21 13 7 23 4 44 33 39 27 47
21 15 37 33 11 44 7 47 41 24 29 16
11 39 33 4 15 37 34 44 21 26 10 23
43 5 1 8 45 6 42 28 13 24 23 33
17 6 34 23 26 13 43 37 11 10 29 44
43 42 1 45 28 8 5 46 20 3 38 2
45 2 1 14 46 36 31 28 8 40 38 32
26 30 32 39 40 10 11 2 33 15 4 21
39 11 33 15 30 21 4 26 27 37 44 2
33 37 11 39 34 15 4 44 30 26 40 10
21 29 33 15 3 6 23 28 38 37 26 34
43 1 5 42 6 24 28 8 45 13 23 17
32 28 19 3 0 38 42 43 40 2 8 12
3 20 32 19 47 38 41 42 0 14 35 2
30 40 32 2 26 39 28 8 10 18 16 38
20 35 25 3 46 1 19 7 36 9 42 5
2 36 32 14 3 40 27 19 1 41 31 47
47 21 41 15 27 44 32 29 36 39 16 30
3 25 19 28 38 0 6 17 22 20 35 12
3 19 20 47 35 32 38 41 0 7 14 17
33 11 37 39 4 26 30 15 10 34 44 45
11 4 37 26 10 24 42 13 22 12 19 5
6 24 43 13 23 35 5 46 1 42 9 22
11 33 15 39 37 4 21 44 27 26 34 30
39 11 4 44 15 33 26 10 30 37 21 16
3 20 35 19 0 47 38 7 14 41 42 17
42 1 43 19 5 20 3 35 28 45 38 8
17 38 20 32 0 42 14 3 34 41 46 9
28 43 8 40 5 2 30 38 32 45 0 26
32 40 30 0 38 26 16 25 39 28 18 2
3 20 19 38 0 32 42 14 47 35 41 22
3 19 32 38 0 20 47 14 46 17 41 35
13 11 7 23 33 15 21 36 44 35 47 29
36 41 27 47 35 2 14 7 15 21 31 1
21 47 15 44 3 41 32 29 0 25 38 22
21 17 44 47 15 34 11 23 13 6 25 38


39 40 38 15 14 10 9 13 5 3 32 43
23 33 45 19 2 41 8 21 11 6 28 18
10 40 14 38 15 9 13 39 5 43 46 32
40 10 38 9 14 39 15 13 5 32 3 43
2 33 23 45 8 41 11 19 21 6 28 7
15 14 38 39 9 10 40 13 32 5 37 22
45 33 2 8 23 41 11 19 21 6 28 18
14 38 39 10 40 15 9 13 5 32 3 43
39 13 38 9 15 14 40 10 3 5 32 43
29 46 17 34 36 43 4 6 30 23 41 33
40 38 14 39 10 9 13 15 5 32 3 43
46 34 29 30 43 4 17 5 40 13 42 38
21 8 23 45 2 33 19 11 41 6 28 7
40 38 39 10 14 9 13 15 5 3 32 43
28 29 33 45 41 12 23 8 22 2 19 21
38 40 39 14 10 9 13 15 5 32 3 43
2 33 8 45 23 41 11 19 21 6 7 28
40 38 39 10 9 14 15 13 5 32 3 43
7 13 9 39 40 3 15 38 14 10 44 16
46 29 36 43 34 0 17 4 22 5 31 9
41 8 11 2 19 45 23 33 21 6 42 31
2 23 33 45 41 19 21 8 11 6 28 7
33 2 45 23 8 41 21 11 19 6 7 28
14 10 38 40 39 9 15 13 5 32 3 43
45 41 33 23 2 19 8 11 21 6 28 18
47 31 20 36 0 4 25 27 24 43 30 5
2 33 45 23 8 41 11 21 19 6 28 7
39 38 40 14 10 9 15 13 5 32 3 43
39 3 37 15 32 38 13 40 14 10 9 5
2 23 33 45 8 19 41 11 21 6 7 28
14 39 38 10 40 9 13 15 5 32 3 43
33 45 2 8 11 23 41 21 19 6 28 18
14 10 38 40 39 9 13 15 5 32 3 43
9 14 10 13 38 15 40 39 5 3 32 22
38 39 40 14 10 9 15 13 5 32 3 43
2 33 23 45 41 8 21 19 11 6 28 29
12 37 22 44 28 27 32 36 35 18 15 1
33 2 45 23 41 8 21 19 11 6 7 18
45 33 23 2 8 41 19 21 11 6 28 18
2 33 23 45 8 41 11 19 21 6 28 7
45 19 23 2 33 8 41 21 11 6 7 28
38 14 10 39 40 13 15 9 5 32 3 43
29 46 17 34 36 43 30 6 22 12 18 32
31 47 36 4 20 0 30 24 6 34 25 26
2 33 45 23 8 41 21 19 11 6 18 7
38 39 10 40 14 9 15 13 5 32 3 43
29 12 28 6 33 21 45 41 23 2 8 11
39 38 14 40 10 9 13 15 5 32 3 43


31 25 0 11 43 37 8 6 14 40 29 2
31 11 43 37 0 25 8 6 14 40 29 26
39 18 30 22 15 46 1 32 16 5 19 28
15 18 39 30 22 46 1 32 16 28 5 19
39 30 18 22 46 15 1 32 16 5 28 19
29 2 6 25 0 37 31 11 8 40 41 43
18 30 39 22 46 1 15 32 16 5 19 47
15 18 30 39 22 1 46 32 28 16 5 3
31 43 37 25 11 0 8 6 14 40 29 26
43 25 37 0 31 11 8 6 14 40 26 41
31 11 25 37 0 43 8 6 14 40 29 2
18 30 39 22 46 15 1 32 16 5 12 19
11 37 25 31 0 6 43 8 14 29 40 17
18 39 30 22 15 46 1 32 16 5 28 19
0 8 43 31 11 25 37 6 14 40 2 29
39 30 18 22 15 46 1 32 16 5 28 19
31 6 11 37 25 0 8 43 14 29 40 41
43 11 25 37 0 8 31 6 14 40 26 17
6 25 11 0 31 37 8 43 40 14 29 2
18 30 15 39 22 46 1 32 16 28 23 19
18 30 39 22 46 1 15 32 16 19 12 47
43 11 25 31 0 37 8 6 14 40 29 26
30 39 18 22 15 46 1 32 16 5 28 19
25 31 43 0 11 37 8 6 14 40 29 26
14 29 0 8 25 31 6 37 43 11 35 40
14 8 0 6 25 31 43 37 11 29 40 41
39 30 18 22 46 15 1 32 16 5 19 47
23 29 45 41 13 2 14 8 38 27 0 31
22 46 39 18 30 1 32 16 15 5 44 12
39 18 30 22 46 15 1 32 16 5 19 47
31 11 37 25 0 43 6 8 14 40 29 26
18 39 30 22 15 1 46 32 16 19 47 5
31 25 0 43 37 11 8 6 14 40 29 26
6 25 8 31 0 37 11 43 14 29 40 2
43 0 25 31 37 11 8 6 14 40 29 2
24 45 28 15 29 44 1 13 18 46 39 30
11 25 31 37 0 43 8 6 14 40 29 26
30 22 18 39 46 15 1 32 16 5 28 3
43 25 0 8 31 11 37 6 14 40 29 26
15 18 39 30 1 22 46 32 16 28 5 19
14 29 42 9 27 35 45 6 41 8 31 0
16 7 47 10 35 1 30 46 39 22 19 18
25 11 8 37 0 6 43 31 40 14 41 2
24 45 28 15 44 29 23 32 41 2 34 13
46 15 22 30 39 18 32 1 5 28 44 16
8 0 25 43 11 31 37 6 14 40 29 26
39 32 30 18 22 46 15 1 44 24 5 16
18 39 30 15 22 46 1 32 16 5 28 44


21 46 14 32 37 38 7 0 23 36 39 35
29 41 19 17 2 8 24 11 12 3 30 43
2 17 29 19 41 8 11 24 12 3 30 20
17 41 19 2 29 11 8 24 12 3 30 20
21 46 14 32 37 38 0 7 39 23 36 35
2 41 29 19 17 8 11 24 12 3 30 20
5 25 35 13 9 22 6 10 15 24 7 4
38 21 46 14 32 37 0 7 39 36 23 35
21 46 14 32 37 38 0 7 23 39 36 35
41 29 19 17 2 8 11 24 12 3 30 20
17 19 41 2 29 8 11 24 12 3 30 20
21 46 14 32 37 38 0 7 23 39 36 35
21 14 46 37 32 38 0 7 39 23 36 35
17 41 2 19 29 8 11 24 12 3 30 20
41 17 19 2 29 8 11 24 12 3 30 20
46 14 21 38 32 37 0 7 39 23 36 35
30 17 27 19 41 2 12 11 29 8 24 18
17 19 2 41 29 11 8 24 12 3 30 20
23 15 34 18 47 12 6 35 25 28 26 27
21 46 32 14 37 38 0 7 23 39 36 35
21 46 37 14 32 38 0 7 39 36 23 35
46 21 37 14 38 32 7 0 36 39 23 35
8 19 41 17 29 11 2 24 12 3 30 43
16 5 3 25 42 4 10 43 47 8 29 24
24 36 4 10 43 47 29 12 25 11 8 41
31 22 6 27 30 45 20 23 15 44 28 26
36 10 42 7 4 37 16 14 46 21 5 38
21 46 14 32 37 38 0 7 39 36 23 35
21 46 14 32 37 38 0 7 39 36 23 35
29 41 17 19 2 8 24 11 12 3 30 20
41 2 17 29 19 8 11 24 12 3 30 20
34 18 24 25 23 15 12 17 47 2 41 19
21 46 14 32 38 37 0 7 39 23 36 35
21 46 14 32 37 38 0 7 23 39 36 35
19 17 41 2 29 8 11 24 12 3 30 20
24 2 29 19 17 41 8 11 12 25 3 20
15 18 23 2 26 24 12 19 41 17 47 29
21 46 14 32 38 37 7 0 23 39 36 35
29 24 41 17 2 19 11 8 12 3 30 25
32 35 14 46 7 21 37 6 38 10 5 36
19 29 41 17 2 8 11 24 12 3 30 20
46 21 14 32 38 37 0 7 23 39 36 35
18 1 23 34 39 30 26 44 6 0 38 47
21 46 14 37 32 38 0 7 39 23 36 35
17 19 41 2 29 8 11 24 12 3 30 20
29 41 24 17 2 19 8 11 12 3 30 25
21 46 14 37 32 38 0 7 39 36 35 23
41 17 19 29 2 11 8 24 12 3 30 20


47 21 15 38 26 34 19 27 11 33 0 25
21 47 26 15 38 25 34 19 11 27 0 33
26 21 15 47 38 34 25 19 11 27 0 33
47 38 21 26 15 34 27 33 19 25 11 0
21 47 26 15 38 19 34 27 33 11 25 0
1 12 0 25 11 16 15 38 21 26 47 19
5 8 39 18 42 44 20 22 23 10 4 16
47 15 21 26 38 34 27 19 33 11 0 25
47 15 21 38 26 34 27 19 11 25 33 0
5 8 18 39 42 44 20 22 23 10 4 9
47 21 15 38 26 34 27 25 19 11 0 33
42 8 5 44 39 18 20 22 23 10 16 4
27 38 19 34 47 11 21 15 26 33 0 25
8 5 18 42 39 44 20 22 23 10 4 16
29 27 38 47 37 34 15 21 11 36 19 26
16 36 40 31 13 12 46 6 1 25 10 20
47 26 21 15 38 25 34 19 0 11 27 33
5 39 42 18 8 44 20 22 23 10 16 4
21 47 26 15 34 19 38 11 25 33 27 0
5 39 8 18 42 44 20 22 23 10 16 4
47 21 15 26 34 38 19 25 0 27 11 33
38 15 26 47 21 34 27 33 19 25 11 0
23 8 39 20 18 5 42 9 22 44 41 13
38 27 47 34 21 15 26 33 19 11 0 25
31 16 35 4 12 7 2 11 19 15 3 1
26 21 47 25 15 38 34 11 33 19 0 27
5 8 39 18 42 44 20 22 23 10 4 16
47 21 38 26 15 34 27 19 25 33 0 11
5 42 18 39 8 44 20 22 23 10 4 16
32 6 14 35 31 10 1 3 11 29 27 24
18 5 42 39 44 22 8 20 23 10 4 16
40 9 41 29 36 28 30 38 15 33 43 26
40 16 17 42 5 8 39 18 44 22 12 20
9 30 41 3 1 45 24 33 37 29 13 25
5 39 8 18 42 44 20 22 23 10 4 16
5 42 18 39 8 44 20 22 23 10 4 16
21 47 26 15 38 34 19 25 11 27 33 0
42 44 5 18 39 8 20 22 23 1 40 16
9 45 41 14 24 30 23 3 8 40 39 5
5 18 42 39 8 44 20 22 23 10 4 16
5 39 18 8 42 44 20 22 23 10 4 16
38 27 47 34 21 15 26 19 33 11 25 0
5 39 18 8 42 44 20 22 23 10 4 16
24 25 30 29 33 26 3 21 38 0 11 47
18 42 5 44 39 8 20 22 23 10 16 4
14 9 41 45 29 30 13 24 37 36 3 2
26 47 21 15 38 34 25 19 33 11 27 0
41 40 10 24 28 29 13 8 20 30 3 45


1 8 20 42 30 2 19 11 22 47 38 21
30 8 1 2 20 36 35 42 3 39 15 19
35 16 37 26 30 3 15 36 39 23 25 42
35 16 2 8 30 36 3 1 15 39 37 26
22 44 28 31 21 46 12 10 38 17 20 27
44 28 17 24 31 12 21 46 22 38 4 13
37 40 28 27 17 12 31 21 46 26 38 35
16 35 3 36 26 2 15 39 30 37 23 8
2 29 45 26 16 35 47 0 19 41 23 36
40 27 37 1 5 28 42 20 10 12 14 11
2 19 1 8 35 30 47 16 29 11 5 38
44 31 46 21 22 38 12 24 10 1 4 28
26 45 16 29 37 35 17 0 23 12 38 43
28 44 17 12 31 46 21 24 22 41 38 10
40 37 27 3 15 39 36 28 23 42 16 20
28 17 12 40 27 37 31 21 46 38 44 45
16 0 3 39 15 36 23 26 35 41 2 29
23 17 26 16 37 0 35 45 28 29 40 34
1 2 8 19 30 5 42 22 4 20 11 47
1 2 19 8 22 36 30 5 4 11 20 47
44 28 17 40 12 22 24 31 21 46 27 4
41 17 44 0 29 24 9 31 46 21 38 28
2 19 47 29 41 5 1 36 8 45 30 4
31 21 46 38 22 5 44 1 24 12 33 4
37 27 1 30 35 38 12 21 46 42 31 40
41 2 29 19 0 26 16 9 45 35 36 32
44 40 28 22 10 5 27 13 4 15 33 39
37 40 27 16 35 23 3 15 26 39 36 28
37 40 27 35 16 42 26 30 23 1 20 9
37 40 42 30 8 27 1 20 35 11 3 15
44 41 28 17 24 0 22 31 13 7 46 10
16 37 26 40 23 3 35 0 15 39 17 36
2 41 22 44 19 24 29 46 5 38 31 21
16 26 35 2 9 29 41 8 32 19 45 30
40 27 42 28 20 44 31 12 22 21 46 1
0 41 39 36 15 23 3 17 44 26 29 24
37 40 27 35 42 30 16 3 15 1 39 20
44 31 21 46 22 38 28 12 24 10 17 4
37 12 38 27 21 46 31 1 30 42 40 35
0 17 23 45 29 26 16 41 3 28 39 15
27 42 40 1 37 30 20 12 31 21 46 38
44 17 28 31 12 46 21 41 38 22 24 0
1 2 19 38 46 21 31 8 22 24 5 32
41 2 36 39 19 15 3 24 34 32 9 0
16 2 26 19 9 29 35 41 32 38 8 45
0 16 23 26 3 17 15 39 36 35 28 40
40 27 37 42 28 20 10 17 12 9 18 22
44 17 28 24 40 22 12 4 31 21 46 27


46 1 15 32 5 42 25 6 26 8 45 12
6 47 42 4 24 11 1 5 3 8 10 44
1 9 40 42 35 37 22 5 33 4 31 18
36 16 19 15 7 14 35 31 17 46 26 44
4 2 0 45 41 27 43 9 8 28 21 29
1 2 0 47 33 32 4 30 12 35 11 42
14 43 35 31 23 12 45 16 22 8 21 15
3 37 44 24 1 42 5 26 22 39 10 30
47 11 15 30 44 37 14 5 12 6 13 26
19 38 7 16 36 39 18 31 17 10 6 15
34 25 22 23 0 27 39 41 3 21 40 32
3 24 27 34 22 45 2 8 39 46 4 41
36 19 17 7 38 18 39 10 6 16 26 32
34 3 22 24 39 27 40 23 21 32 41 45
34 23 32 7 27 22 20 39 40 35 31 21
2 45 4 8 28 12 27 41 29 43 21 30
44 47 5 11 30 37 15 14 6 1 26 46
15 47 11 26 31 13 18 6 19 44 14 36
44 30 11 14 47 37 5 15 46 12 6 8
4 2 27 45 8 28 43 41 12 33 9 21
8 45 2 28 43 31 46 14 12 27 4 23
5 19 17 31 38 18 36 26 35 11 15 32
40 34 3 22 24 23 27 39 20 45 9 35
34 22 3 24 39 16 7 23 1 27 19 40
8 45 2 4 28 12 27 29 41 43 21 30
19 36 38 7 39 17 18 26 16 6 31 10
35 23 43 45 32 46 6 14 8 0 2 12
44 30 5 11 47 37 14 15 26 12 46 6
29 2 41 45 28 4 0 12 8 43 21 27
7 19 36 39 38 16 20 31 26 18 34 9
45 4 12 2 8 27 28 43 29 41 21 30
43 45 8 2 14 27 12 28 21 4 46 29
44 10 3 42 18 29 27 30 1 40 26 24
34 42 5 31 26 32 22 3 38 18 1 35
0 23 42 13 9 18 28 21 2 4 31 38
4 27 9 41 33 28 3 2 34 24 21 29
19 36 38 17 18 7 39 16 10 6 26 31
12 4 45 28 8 2 27 41 29 43 30 21
4 2 12 8 45 28 29 41 30 27 43 47
36 7 19 16 20 39 13 38 34 10 25 35
36 17 7 18 19 38 39 9 32 10 34 6
22 16 30 24 37 9 3 44 27 31 13 34
23 12 43 28 45 8 27 29 2 20 41 13
12 2 8 4 45 28 29 30 27 41 43 14
19 36 7 38 39 16 17 18 31 6 26 10
37 1 16 5 26 11 12 15 44 14 43 30
30 44 31 47 5 11 15 26 13 14 6 35
6 47 15 46 11 5 42 10 14 44 37 18


12 43 37 46 34 1 27 29 40 38 11 32
47 2 12 39 13 20 17 40 6 11 1 30
36 6 10 19 5 26 22 14 20 9 0 3
12 37 2 25 34 30 39 46 40 13 11 1
39 2 40 17 18 12 32 11 47 46 8 44
2 17 39 12 44 40 32 25 45 30 1 8
31 21 33 22 14 15 10 0 16 5 37 6
19 2 8 12 32 38 36 41 46 18 25 27
4 46 2 17 25 30 35 24 38 8 12 23
12 2 39 17 40 1 30 37 46 44 32 7
14 33 38 4 37 24 5 43 29 22 46 19
12 37 1 2 46 17 39 45 40 44 30 32
12 2 1 39 17 40 37 32 30 47 45 44
19 27 6 36 3 46 13 25 38 42 24 14
2 12 17 39 40 32 46 1 38 37 45 11
12 1 2 37 32 39 17 46 45 40 30 38
14 10 37 33 22 21 31 0 5 15 43 1
1 37 12 45 46 38 32 30 13 16 44 23
12 37 45 46 1 2 39 32 23 40 38 18
35 44 20 34 42 16 0 4 41 15 17 28
18 5 41 9 24 36 20 8 0 11 25 39
33 14 5 22 0 10 15 9 28 31 6 34
43 37 34 27 16 42 12 10 7 46 1 14
46 27 12 43 34 40 38 39 2 19 32 37
12 1 37 2 46 32 39 40 45 38 17 29
22 5 9 10 33 14 24 28 15 42 31 19
40 39 12 23 2 30 37 44 3 17 18 7
37 1 31 33 14 10 45 22 12 15 28 16
8 13 28 26 1 2 12 41 20 17 47 11
44 17 3 2 8 36 1 12 45 38 20 25
12 1 37 35 30 2 32 44 17 46 42 39
31 14 33 6 22 37 10 24 5 28 13 47
44 47 35 17 2 39 20 12 6 13 30 7
12 2 39 1 37 17 40 46 36 32 30 20
40 2 39 12 17 29 32 11 47 18 13 1
37 33 1 22 10 14 23 30 35 45 7 34
17 39 2 40 44 18 32 26 12 11 7 46
18 39 2 9 11 40 17 26 36 20 8 47
5 14 22 10 31 33 43 9 27 42 34 4
12 37 1 38 2 46 8 30 45 4 24 35
17 2 39 40 44 32 18 12 11 19 27 46
17 39 2 44 40 32 26 21 12 45 11 20
5 22 9 33 14 10 24 31 15 41 28 23
31 22 10 15 5 14 9 21 44 28 33 1
21 14 31 9 10 5 22 15 19 0 42 28
9 5 0 22 18 14 24 28 42 47 35 26
12 2 38 40 46 39 36 17 11 25 8 1
37 1 10 12 21 16 7 31 33 23 15 45


41 6 35 23 19 36 33 0 34 29 45 17
39 2 13 30 43 38 28 1 45 16 19 23
42 27 5 40 16 46 3 20 35 24 26 32
42 46 15 17 35 40 32 26 28 11 16 1
10 37 25 1 22 44 43 12 32 27 15 5
38 29 36 11 4 17 28 6 8 34 35 9
44 25 21 37 10 1 2 13 12 31 46 47
25 17 34 29 28 12 11 10 44 36 8 9
11 38 29 28 36 17 8 9 6 31 35 4
29 4 36 19 16 28 23 41 6 0 38 35
32 43 27 23 3 5 37 1 7 20 45 15
47 42 18 11 22 35 15 8 28 37 17 36
11 6 38 34 29 9 17 36 14 35 31 47
21 11 44 25 12 38 6 34 17 9 2 31
43 27 32 2 3 23 1 37 39 44 13 20
32 43 37 27 1 3 23 5 12 22 42 40
38 11 29 17 8 36 28 9 21 4 31 6
27 25 5 12 43 44 2 3 32 22 46 10
19 0 6 4 34 41 16 36 29 17 35 33
1 37 43 47 11 22 28 8 12 10 25 32
27 23 3 43 0 32 16 2 19 5 20 7
23 19 16 45 35 0 36 6 4 29 41 28
9 6 11 34 14 35 38 21 18 31 26 17
23 43 19 4 16 32 42 0 27 35 36 41
12 5 21 3 44 22 37 47 2 13 25 27
43 1 37 39 32 10 13 46 22 2 28 8
36 29 28 6 45 34 4 41 35 19 17 16
6 38 34 17 33 35 41 44 21 11 45 30
41 36 6 29 0 4 35 19 34 38 17 16
38 33 31 6 41 9 23 3 35 19 10 24
24 21 45 6 39 2 30 34 44 38 5 14
47 21 18 15 35 14 26 34 22 10 20 37
28 22 37 9 10 11 1 47 25 17 18 29
29 28 36 4 17 19 16 40 42 23 35 6
29 6 38 36 17 41 19 4 0 45 33 11
47 17 42 36 4 34 46 29 40 11 35 41
12 0 41 5 3 19 27 32 34 33 23 4
34 6 0 45 41 36 19 29 16 4 35 26
12 1 37 22 43 44 47 25 10 13 40 7
25 44 12 10 13 3 37 2 1 27 21 40
34 11 5 14 47 35 26 45 12 9 22 6
21 38 11 28 39 1 30 35 7 8 45 29
11 36 19 29 38 4 17 16 28 0 30 24
43 32 0 27 3 19 16 2 44 12 24 33
37 1 43 10 32 22 27 2 44 7 21 24
19 16 0 23 4 6 36 45 41 29 35 34
44 2 12 1 21 25 37 13 3 27 43 32
7 43 30 14 13 22 9 31 8 1 25 11


24 17 34 28 13 20 33 31 21 15 18 27
45 41 6 36 5 40 2 32 4 29 11 42
30 16 27 33 1 23 19 21 13 20 17 31
36 5 40 4 41 45 16 32 11 25 42 2
31 28 15 18 17 1 24 20 34 12 13 33
5 36 45 32 41 4 40 2 11 19 6 47
7 46 15 12 33 47 40 20 41 31 34 44
30 35 38 10 17 25 24 20 44 7 47 34
25 23 14 18 9 38 15 13 10 39 3 28
8 34 25 5 16 23 10 9 32 36 7 43
25 18 44 7 10 39 8 47 30 24 28 17
45 5 36 6 2 32 41 40 16 11 4 19
12 6 31 7 8 1 45 20 41 15 40 14
26 47 35 40 39 44 11 4 29 2 36 22
5 2 36 32 45 16 11 19 6 41 4 40
22 17 28 30 34 18 44 24 13 9 20 37
10 23 30 25 14 36 5 32 6 4 45 2
33 28 17 24 1 13 21 12 20 34 27 18
36 45 41 42 5 40 19 2 6 43 14 11
11 29 26 16 35 32 2 19 47 5 36 41
40 36 41 45 5 4 32 6 2 39 11 19
9 14 3 26 23 42 21 43 20 15 34 18
42 23 0 30 14 34 43 17 25 13 1 28
2 5 32 36 16 11 45 19 40 41 4 6
21 33 28 1 17 31 24 27 18 34 20 37
35 25 38 16 2 47 26 32 30 11 10 5
34 24 28 17 15 13 7 20 37 23 33 38
3 26 23 9 42 21 29 15 1 41 31 22
33 12 1 28 13 20 24 17 18 27 21 31
40 36 41 4 5 9 45 39 32 2 6 16
26 35 47 29 18 10 44 7 2 31 3 38
38 3 28 17 23 18 15 1 13 24 34 22
36 5 45 2 40 41 32 6 11 19 16 29
34 8 9 17 7 21 3 22 27 24 13 28
4 11 16 2 32 5 47 19 36 45 41 29
28 24 17 13 31 34 18 20 33 15 1 22
3 29 18 10 33 38 9 31 28 7 6 44
6 45 8 18 10 5 16 0 41 38 36 32
13 17 28 24 34 27 22 1 18 20 33 21
28 13 24 17 20 34 33 1 22 18 27 15
33 7 34 24 28 17 13 20 37 21 27 22
24 17 21 34 13 20 28 33 30 1 27 23
10 25 2 32 6 47 5 45 29 35 36 18
24 28 13 17 34 20 1 33 15 18 31 22
5 32 4 45 2 36 11 29 19 16 41 6
17 24 23 28 30 27 21 13 34 33 20 18
24 13 34 17 15 28 22 37 20 27 9 3
1 13 28 17 33 24 22 12 20 27 18 34


31 29 11 46 16 19 40 14 26 20 3 39
31 29 11 14 26 16 45 43 19 46 7 39
18 39 20 37 2 46 11 17 29 31 47 16
8 33 10 35 1 28 34 44 32 23 25 24
7 45 11 31 29 16 19 20 40 22 46 18
45 7 2 18 30 44 39 16 22 20 19 11
36 21 33 9 8 34 24 5 6 32 35 23
31 46 11 29 16 26 47 40 14 20 19 3
31 11 29 19 46 16 20 17 45 4 26 7
34 33 10 28 23 8 32 6 44 12 1 24
31 29 11 46 16 40 14 19 26 20 39 3
31 29 46 11 16 14 26 40 19 47 7 39
31 29 46 11 19 16 17 40 20 45 7 39
2 20 18 39 37 0 42 3 47 46 11 17
15 19 26 21 3 5 24 46 9 16 4 47
17 37 46 29 31 11 40 20 39 45 2 47
18 8 42 38 28 32 6 3 34 2 23 24
31 29 46 11 16 19 40 20 17 26 3 14
24 35 12 32 33 6 10 34 5 36 23 8
17 46 29 11 31 37 47 20 40 13 39 2
24 12 32 10 33 6 21 34 15 44 1 23
30 28 29 25 31 42 0 46 39 36 11 3
11 29 46 17 31 16 14 37 45 7 20 26
32 24 6 12 10 33 34 23 8 21 15 35
3 23 27 17 38 46 4 28 37 47 10 18
38 27 23 39 45 28 10 1 30 14 4 29
12 24 32 10 6 15 34 23 33 35 8 21
15 14 36 10 43 25 0 16 22 47 26 12
0 28 34 25 38 39 29 9 16 21 31 7
6 23 24 32 12 8 13 35 15 34 36 10
31 29 16 11 14 46 26 19 45 40 39 7
44 41 4 5 16 30 9 43 26 45 19 36
28 44 33 36 0 34 8 35 18 39 10 25
18 2 39 37 20 42 45 43 3 47 30 17
7 22 29 31 11 45 46 39 16 40 17 20
31 29 11 46 16 19 40 14 20 17 26 39
27 38 30 23 37 3 39 17 47 10 36 14
26 31 46 29 16 40 3 11 14 36 19 38
39 20 2 37 18 47 17 23 3 38 27 4
47 2 18 20 37 39 36 43 25 3 27 42
29 11 31 46 17 45 16 19 14 37 20 7
45 38 29 39 22 7 27 16 4 23 30 11
32 24 33 6 34 12 10 21 8 23 44 35
16 31 14 29 11 26 46 19 39 40 20 45
31 29 11 46 16 40 14 19 26 20 39 17
31 46 11 16 29 3 26 19 47 14 20 40
11 46 29 31 17 16 37 14 39 20 7 40
29 11 31 46 39 17 40 37 20 7 45 16


44 9 33 14 45 39 23 10 17 30 31 37
18 9 45 14 44 33 17 10 31 3 23 37
19 21 12 13 36 0 15 8 40 41 46 28
0 36 4 40 2 8 41 6 15 11 43 34
14 42 9 17 23 16 44 29 3 33 10 5
3 10 11 5 33 13 38 19 17 44 31 45
15 41 36 40 0 21 2 8 26 12 19 25
42 23 14 27 9 30 17 33 44 29 10 45
33 42 14 17 23 30 10 29 9 3 16 45
2 22 41 40 36 4 11 0 25 15 19 8
5 0 8 40 36 26 38 16 6 28 2 15
36 40 8 0 41 2 26 15 19 43 13 12
39 30 31 44 33 45 27 9 10 6 16 14
36 40 41 15 0 8 2 26 21 19 43 12
40 36 8 41 26 39 19 31 15 7 2 45
37 17 9 32 18 23 44 10 14 45 31 42
12 36 0 19 40 8 2 41 15 28 46 38
14 9 42 17 44 45 33 23 10 18 37 31
42 14 29 17 23 33 9 16 37 27 3 30
25 41 22 11 15 4 2 24 34 21 36 40
3 17 10 23 14 44 9 42 45 33 32 31
36 40 8 0 43 34 2 13 35 18 28 47
35 46 9 18 33 44 26 28 37 45 14 39
36 40 0 8 2 41 15 26 19 43 13 12
14 9 23 42 33 17 44 45 10 37 27 30
41 2 11 0 22 15 25 4 36 26 40 34
6 0 40 36 8 16 2 43 22 4 12 13
41 40 36 0 8 26 2 15 43 18 19 32
40 36 1 13 37 47 27 30 31 19 22 45
39 31 45 44 10 18 30 32 46 24 33 8
40 36 8 41 2 0 26 19 43 7 13 12
15 21 41 36 0 40 2 25 8 26 19 43
21 19 15 3 0 7 12 17 11 20 41 13
36 40 0 2 8 41 15 43 19 34 26 22
41 26 17 37 18 15 5 3 32 10 44 19
4 24 27 30 44 9 43 11 5 16 14 25
14 23 17 9 42 44 32 33 10 24 11 3
2 40 41 36 8 19 0 18 15 28 12 26
36 40 0 2 41 8 26 15 19 12 21 4
22 36 0 40 2 26 43 13 21 8 47 19
3 14 33 47 17 23 42 10 9 44 29 45
30 27 42 10 23 33 31 45 44 14 39 9
40 36 8 0 41 19 26 43 2 18 7 13
41 40 36 26 2 0 15 21 34 22 12 20
27 30 44 1 39 10 24 45 9 31 33 38
22 19 26 5 40 2 21 43 1 36 4 39
14 16 42 23 29 32 17 27 9 44 18 37
15 22 25 41 2 8 7 38 21 10 36 40


