3 4 42 26 7 25 8 44 43 16 46 47
42 16 0 25 31 7 23 38 3 8 15 47
18 39 14 12 9 29 30 33 41 21 40 37
24 20 35 32 34 40 27 12 36 9 21 41
43 46 44 10 1 4 26 3 28 47 8 7
39 30 33 21 14 41 29 37 18 12 9 40
37 21 33 41 12 29 34 30 39 18 40 14
18 13 29 30 9 14 39 33 40 41 12 37
8 7 26 44 47 3 4 46 43 25 6 42
36 17 27 32 23 24 20 2 31 35 16 6
32 24 20 27 36 35 17 31 23 2 16 6
26 7 8 25 3 42 4 44 47 46 43 16
37 41 39 30 29 21 18 33 14 12 9 40
32 24 36 23 22 27 20 17 15 38 5 16
8 42 7 25 6 26 16 3 47 0 4 44
29 41 18 30 33 14 39 21 9 12 37 40
19 11 45 28 14 39 30 18 29 37 33 21
36 17 32 24 27 20 23 35 31 22 16 6
20 27 24 32 35 17 36 23 2 31 16 42
11 14 39 9 30 18 29 12 41 40 33 21
17 27 20 36 32 24 35 23 2 16 25 42
37 33 41 30 21 29 18 39 14 12 9 40
24 32 20 36 23 27 17 22 35 38 15 5
2 35 27 31 20 45 3 4 26 17 42 25
38 5 22 23 24 15 20 35 32 36 1 27
10 46 43 44 1 26 47 3 4 7 8 6
43 44 1 46 15 5 10 4 47 38 26 3
22 24 32 23 36 20 27 5 38 15 17 16
24 27 32 20 23 36 35 17 22 31 2 42
19 11 14 39 18 41 21 30 37 45 12 29
15 47 0 7 42 8 22 16 6 24 25 4
32 36 24 17 27 20 23 22 31 16 6 15
23 24 32 36 22 27 20 5 17 38 15 1
14 39 18 30 29 41 9 12 33 21 37 11
23 36 20 24 22 27 32 16 17 0 42 15
19 11 45 14 39 30 18 29 9 13 33 41
13 40 12 9 18 39 33 30 29 41 21 14
10 43 44 46 47 1 7 26 6 4 8 3
42 25 7 16 3 8 26 0 4 47 44 6
42 0 26 8 16 25 7 4 6 47 3 2
19 14 39 30 18 11 29 41 9 33 37 12
24 36 32 17 20 27 23 35 22 31 6 16
4 26 3 7 8 44 43 46 47 42 6 25
44 7 43 26 4 46 47 8 3 6 0 25
19 45 11 28 14 39 30 29 37 18 41 33
31 32 24 27 20 36 2 17 23 35 38 8
28 45 19 11 14 39 37 30 29 21 18 41
19 30 18 39 14 37 29 11 33 41 21 9


6 42 40 44 47 13 37 20 4 36 25 26
0 12 32 7 39 1 45 36 25 34 21 10
8 2 14 24 17 19 3 27 22 33 11 46
14 24 2 8 17 19 3 27 22 33 46 11
11 33 22 27 19 17 3 8 23 2 24 14
41 4 30 42 43 28 40 38 16 5 9 1
31 5 14 3 9 24 2 46 8 17 19 22
11 33 22 27 19 17 3 8 2 24 14 23
8 17 19 3 2 24 14 27 22 33 11 46
28 30 18 43 41 31 1 7 12 0 29 39
11 33 22 27 19 17 3 8 2 24 14 23
24 2 14 8 3 17 19 27 22 33 11 46
14 24 2 8 17 3 19 46 27 22 33 11
42 41 40 43 6 44 13 4 9 47 26 1
32 12 36 25 10 21 0 20 45 13 7 34
44 6 47 42 40 13 37 20 36 25 9 12
15 10 21 20 25 36 45 32 4 12 43 9
23 39 37 7 18 34 0 35 1 29 26 13
14 2 8 46 24 17 3 19 9 27 22 33
10 21 25 15 20 32 36 12 45 0 13 34
31 28 41 30 43 29 18 35 16 39 9 7
6 44 47 42 40 13 37 20 36 25 4 27
28 31 30 41 43 29 18 16 39 35 38 9
28 30 31 41 43 18 29 16 9 35 46 14
9 46 24 14 2 8 3 17 19 27 22 33
31 28 43 41 30 18 16 35 29 38 39 9
28 30 41 31 43 16 4 38 18 45 9 46
8 2 14 17 24 19 3 27 22 33 11 46
17 19 27 22 33 8 3 11 2 24 14 46
47 44 40 6 37 42 25 36 15 20 10 13
6 42 44 40 47 13 37 20 4 25 26 36
41 27 8 9 14 24 19 17 2 3 22 11
11 22 33 27 19 17 3 8 2 24 14 23
46 9 2 14 24 8 3 17 19 27 22 33
11 22 27 33 19 17 3 8 2 24 14 23
1 7 0 12 32 34 39 13 18 36 45 25
46 9 14 2 24 8 17 3 19 27 22 33
6 42 44 40 47 13 37 20 4 25 36 1
7 34 0 1 39 12 13 32 18 36 25 45
8 19 17 2 3 24 14 27 22 33 11 46
11 22 33 27 19 17 3 8 23 2 24 14
0 12 32 7 1 36 13 34 39 25 45 21
42 40 6 44 47 4 13 41 1 37 46 9
33 11 22 27 19 17 3 8 2 24 14 23
28 31 30 41 43 29 18 16 35 39 9 21
46 14 24 2 8 19 17 9 28 3 41 27
14 24 2 8 17 46 19 9 3 27 22 33
19 17 3 8 22 33 2 24 27 14 11 46


5 0 36 13 14 15 25 26 40 22 42 46
9 47 17 42 2 40 26 34 39 23 37 43
18 46 24 25 45 22 36 0 15 40 5 13
24 3 45 18 46 25 22 36 40 20 0 5
46 18 25 45 15 24 36 22 0 13 5 3
2 8 47 28 31 34 9 29 6 17 37 20
14 13 0 26 15 5 36 22 35 40 25 42
46 18 25 15 22 0 13 36 5 45 24 26
21 10 12 27 30 19 32 29 23 4 6 17
38 30 12 10 27 23 21 20 44 47 32 3
38 27 30 10 41 12 7 21 16 44 11 23
18 46 25 36 24 40 22 45 0 5 13 15
14 13 0 36 26 5 15 22 25 40 46 18
1 35 41 42 29 7 43 13 11 17 14 22
14 35 26 13 0 5 15 42 36 40 22 25
29 34 6 39 17 47 35 11 44 32 2 43
42 14 26 35 40 5 36 22 0 13 15 25
14 36 0 13 5 26 15 22 46 25 40 35
34 47 44 6 23 32 38 27 30 43 11 39
24 46 18 25 45 22 15 36 0 5 40 3
31 37 23 19 10 21 8 33 12 30 38 44
6 32 44 27 23 29 47 34 30 21 10 38
3 45 18 24 46 25 36 22 15 0 40 13
30 10 38 12 27 21 23 32 44 47 19 6
35 29 39 34 14 11 6 42 13 26 1 0
9 40 42 26 25 22 5 18 45 14 0 3
43 35 29 41 42 34 1 17 11 6 13 39
25 18 40 46 5 36 22 0 24 15 26 45
24 3 46 18 45 25 36 22 15 0 13 40
26 0 22 13 5 36 25 15 18 40 46 14
25 18 5 46 40 36 22 0 15 26 13 24
6 29 32 44 34 11 23 27 21 47 30 10
3 18 46 24 45 25 22 36 15 0 20 13
1 17 43 41 29 11 35 9 42 47 32 34
0 26 15 13 36 14 22 5 25 18 46 40
5 14 26 0 22 36 15 13 40 25 18 46
45 18 46 24 3 25 22 36 15 0 13 5
31 41 33 19 4 39 27 7 30 32 38 23
16 8 33 2 28 37 31 7 45 24 46 36
3 38 12 20 30 10 21 24 27 45 4 23
42 40 22 13 26 5 35 9 25 36 15 0
42 40 24 18 3 22 36 46 25 5 0 26
18 46 25 13 36 45 0 22 24 15 5 40
29 6 34 47 32 44 17 23 11 19 27 21
24 18 46 25 40 45 3 36 26 0 5 22
5 25 36 22 40 0 15 18 26 46 14 13
6 29 34 44 47 32 23 11 27 17 39 30
32 23 27 6 30 44 47 21 38 10 12 34


35 0 6 5 2 46 3 25 42 28 40 22
0 35 6 5 46 2 17 14 3 36 42 40
30 17 47 15 29 26 13 21 18 24 41 7
10 11 4 23 32 7 39 19 45 27 28 47
24 37 31 16 38 36 21 5 7 19 26 6
7 39 11 19 21 4 10 27 23 45 32 1
28 42 23 32 3 45 10 8 4 2 11 27
43 41 34 29 20 26 12 1 4 22 11 10
32 4 23 11 27 10 39 19 7 45 28 25
0 5 6 46 35 2 36 38 40 31 3 16
7 11 19 39 4 10 21 23 27 45 32 13
5 0 6 46 36 35 16 38 31 2 37 22
7 39 19 11 10 4 27 32 23 1 21 25
5 38 6 0 46 36 16 31 12 37 35 24
32 28 23 4 42 27 45 3 11 10 8 20
2 3 42 46 35 0 28 40 6 5 20 8
7 39 11 19 4 10 27 32 23 45 21 1
30 17 0 40 5 6 35 14 36 37 47 46
6 0 5 35 46 2 36 3 38 40 31 42
23 32 4 10 45 11 28 27 42 3 39 7
43 34 20 12 1 41 8 18 29 44 9 10
32 23 4 11 10 45 39 19 7 27 28 42
33 38 47 14 13 5 0 9 16 36 31 6
7 11 39 19 4 10 23 45 32 21 27 1
18 13 40 39 19 45 1 7 14 21 38 9
11 39 7 19 4 10 23 32 45 27 1 21
43 34 8 1 10 11 4 19 12 23 20 39
43 34 20 41 12 1 33 8 44 26 29 4
28 42 3 2 23 45 46 8 35 40 32 0
46 0 35 2 6 5 3 42 40 28 36 20
16 24 31 36 37 38 5 22 6 21 29 47
2 46 0 35 43 5 6 41 42 3 26 8
19 7 39 11 4 10 27 1 32 23 25 45
26 41 17 47 37 30 36 24 5 22 31 6
11 39 7 10 19 4 23 45 32 21 27 1
13 14 7 39 11 15 19 10 27 32 4 17
2 42 3 28 35 46 0 40 8 6 20 32
12 31 36 5 16 37 6 38 24 29 44 0
10 32 11 23 4 39 45 19 7 1 27 8
42 3 28 2 12 46 0 40 35 8 14 32
2 0 35 46 40 3 42 6 5 28 14 44
35 2 42 3 0 6 46 28 5 40 25 8
31 37 36 16 6 24 38 5 25 0 22 15
17 22 47 15 29 14 13 26 21 30 36 37
42 28 3 32 23 2 45 8 10 35 4 40
42 2 3 35 28 0 46 40 8 6 20 32
43 29 41 34 5 26 6 46 35 0 36 12
5 6 0 35 36 46 38 31 16 2 37 24


31 29 41 46 9 40 34 8 20 25 33 35
38 28 5 27 6 43 4 22 1 32 37 13
36 22 23 32 10 1 4 37 30 17 24 21
46 29 31 9 40 41 8 34 20 25 33 35
34 40 9 31 8 29 46 41 20 33 25 27
22 32 36 23 37 1 24 4 10 17 12 21
9 8 40 34 46 31 41 29 25 20 35 45
20 29 33 31 46 41 34 40 9 8 25 47
22 32 36 23 37 1 24 4 10 17 12 21
33 20 29 46 31 41 34 40 9 8 25 47
18 19 0 17 30 7 33 47 10 20 21 36
22 32 36 23 37 1 4 10 24 21 17 12
46 41 20 25 29 31 8 9 40 34 33 35
9 40 34 8 31 41 46 29 20 25 35 33
14 2 26 16 12 27 11 44 41 4 0 3
28 27 38 2 26 5 14 12 36 19 0 41
9 46 8 41 40 31 34 29 25 35 20 45
22 36 23 32 17 10 37 4 1 19 18 30
0 7 18 33 19 30 17 47 10 21 15 20
28 27 2 26 38 5 41 12 14 44 32 1
33 0 7 20 47 18 29 19 31 30 34 17
31 34 40 9 8 29 33 46 41 20 25 47
37 22 32 23 36 24 1 4 12 45 10 21
29 20 33 31 46 41 40 34 9 8 25 47
22 4 32 36 23 37 10 1 17 14 24 30
22 36 32 23 1 37 10 4 24 21 17 12
36 22 23 4 32 21 10 17 37 1 30 19
29 31 34 40 9 8 46 33 20 41 25 47
24 37 32 22 1 45 36 23 12 35 4 5
8 9 40 41 46 34 35 31 29 45 25 20
31 34 29 40 9 8 46 41 33 20 25 47
9 8 40 41 46 34 31 29 25 35 20 45
33 31 29 34 40 20 9 7 8 46 0 41
2 39 28 26 27 38 16 12 36 14 11 44
24 37 32 1 22 45 23 36 12 15 21 4
36 22 23 17 32 4 10 18 21 37 19 30
5 38 28 43 6 27 42 47 13 0 7 33
40 9 34 8 31 41 45 29 46 35 15 24
3 13 6 16 30 4 14 43 39 45 35 44
10 17 18 0 30 19 36 7 21 23 4 22
45 35 24 41 46 8 9 25 40 37 34 12
19 17 10 18 30 0 7 36 23 4 22 21
38 6 28 5 13 43 27 4 3 34 9 8
22 32 36 1 37 23 24 10 4 12 17 28
43 5 38 6 28 42 44 47 39 27 2 30
12 26 14 4 37 22 32 23 39 1 24 36
3 13 23 4 6 37 22 43 32 1 45 12
9 40 8 34 31 46 41 29 20 25 33 35


45 15 47 41 7 2 8 46 38 4 29 1
31 0 25 5 16 41 8 46 33 1 15 29
15 8 46 41 33 4 7 9 42 38 29 17
20 28 9 11 46 4 17 38 35 41 33 8
32 11 24 22 12 43 25 30 2 38 10 1
13 44 33 11 14 32 20 26 9 10 28 35
8 29 31 41 33 15 46 7 36 0 4 45
29 18 41 24 14 10 33 37 36 38 42 43
25 27 43 24 38 22 45 34 41 15 30 33
0 5 25 31 16 26 27 14 18 6 3 11
20 28 9 42 4 35 37 17 36 38 32 40
46 39 15 45 47 26 9 7 41 17 28 16
41 29 1 30 18 33 24 8 15 31 4 46
8 33 41 15 46 4 38 22 45 35 30 7
8 41 15 33 46 45 38 4 7 29 30 1
27 43 39 37 44 24 18 23 25 12 40 13
39 27 26 5 43 16 34 12 17 11 14 46
9 38 10 20 42 28 33 4 15 8 35 43
17 1 21 6 22 30 5 24 23 4 13 7
1 30 18 6 36 0 37 2 10 21 16 40
2 6 30 14 1 38 12 0 7 43 22 32
3 1 21 47 29 18 39 30 19 26 36 6
14 22 32 25 24 23 2 40 11 12 33 27
8 41 33 15 46 7 4 45 38 39 26 29
47 1 6 3 18 5 0 29 31 21 36 30
28 9 20 42 35 4 17 38 37 43 7 30
31 0 25 16 5 29 1 34 7 45 47 8
14 18 44 6 10 5 32 37 23 40 0 2
45 18 15 47 7 29 8 46 41 39 4 16
7 15 45 41 4 2 47 8 46 1 24 38
18 41 29 15 33 8 7 46 24 47 2 31
14 22 32 24 25 43 10 2 11 37 27 18
39 27 7 26 5 14 46 45 15 47 18 43
8 15 41 45 33 46 38 4 7 29 2 1
44 45 47 2 13 38 24 41 26 42 29 3
36 5 0 18 4 6 33 47 34 41 37 23
32 0 31 12 24 40 19 22 11 14 23 20
20 28 9 42 35 37 32 4 23 36 19 17
33 11 32 8 30 31 13 41 40 46 9 38
41 15 8 38 46 7 33 45 4 47 1 2
1 6 30 18 5 37 36 47 13 21 28 0
15 8 7 45 41 46 4 33 29 38 47 2
7 15 45 4 41 47 8 46 1 2 29 21
18 14 23 6 45 44 22 37 29 17 36 3
14 6 23 2 40 5 0 3 10 32 12 11
17 6 23 11 30 20 5 18 32 21 35 28
15 8 41 46 7 33 4 45 38 29 1 30
28 9 42 20 35 4 37 26 17 41 24 22


22 26 19 11 1 35 24 15 17 3 47 28
9 10 40 15 24 7 35 2 3 42 34 25
6 12 21 26 43 11 18 38 41 13 29 23
21 6 12 41 18 28 26 27 47 11 32 29
34 42 9 39 8 25 2 24 40 20 36 14
15 24 22 35 7 3 10 40 2 17 45 25
0 41 21 12 32 5 27 6 47 29 23 39
3 43 25 11 0 17 32 47 34 9 28 36
42 3 2 9 15 24 35 7 20 25 40 10
31 45 7 35 15 24 22 2 3 10 40 17
39 0 36 8 41 18 32 16 27 9 23 29
33 25 42 24 15 2 9 35 3 20 10 37
11 19 0 18 32 21 22 47 29 44 26 27
9 42 10 7 15 25 2 40 24 35 3 37
19 44 29 11 32 23 21 26 12 27 28 47
14 34 17 4 28 40 43 47 39 25 42 46
37 33 17 14 11 36 13 39 9 32 0 38
7 31 35 15 45 3 22 24 2 43 33 30
39 8 36 42 9 41 16 0 18 25 20 38
24 15 35 22 2 3 7 20 10 26 46 40
15 24 35 2 7 3 10 42 25 40 9 20
10 15 24 35 22 7 2 3 25 40 20 9
26 18 11 46 12 21 47 22 13 1 6 30
24 15 35 22 2 3 7 10 40 20 17 25
42 9 2 15 10 24 25 35 7 3 20 40
11 47 1 19 28 27 21 43 32 12 6 26
10 15 7 42 24 9 2 34 35 4 40 25
9 42 8 39 36 34 20 2 25 0 7 14
8 39 36 6 41 5 12 21 18 38 16 42
15 24 35 2 7 10 3 40 25 42 22 20
19 22 26 11 28 13 17 1 47 44 29 23
43 12 21 29 23 11 44 47 6 41 19 27
19 11 44 28 26 29 32 21 6 12 47 23
19 44 28 29 27 32 23 21 47 11 12 6
16 8 38 41 44 29 23 36 32 12 6 21
3 42 2 9 25 15 24 40 7 35 20 34
19 44 29 26 13 23 46 18 11 32 12 21
1 5 30 0 47 22 26 11 28 21 19 27
22 1 26 11 5 30 47 17 19 3 24 2
39 8 36 41 32 16 44 12 29 27 23 6
9 42 7 2 8 15 3 25 40 36 39 24
5 18 0 36 39 20 21 41 12 6 46 8
15 24 10 7 35 40 3 2 22 25 42 45
10 24 35 15 40 22 25 7 2 9 20 3
22 1 26 11 19 24 0 35 17 20 47 15
14 17 4 34 22 38 26 28 1 33 47 11
43 22 47 18 26 28 19 7 44 30 21 1
15 24 7 2 3 42 35 9 10 25 40 20


18 43 0 29 13 7 2 39 44 3 11 15
46 17 34 42 37 3 2 20 15 0 39 45
37 26 4 1 38 19 47 23 34 36 22 15
34 37 4 38 23 40 17 21 19 1 15 35
3 46 32 28 27 15 37 33 2 35 39 20
3 46 28 27 20 42 5 32 11 2 15 7
24 35 11 27 32 33 31 40 23 10 41 13
45 6 18 44 14 29 43 36 8 7 25 13
11 24 27 35 31 32 41 40 33 13 26 30
39 0 30 44 9 17 45 1 47 34 22 4
37 20 46 34 3 15 17 1 22 42 7 2
3 46 28 27 32 20 18 43 9 14 12 11
27 32 24 35 33 11 31 28 3 40 10 41
32 11 26 27 24 44 1 14 35 33 3 0
45 14 13 6 18 44 8 43 29 17 0 24
19 21 38 17 22 7 36 42 34 1 11 30
14 6 7 29 45 18 25 44 36 43 39 0
46 3 28 42 22 7 27 19 20 17 34 15
26 1 9 36 22 16 31 17 37 20 7 43
3 46 28 20 27 37 15 2 32 5 45 39
4 38 23 19 42 40 34 17 21 7 1 37
3 27 28 32 9 46 11 5 6 41 36 29
33 11 24 35 27 20 31 40 5 23 39 32
3 28 46 27 32 11 5 20 15 2 43 39
35 24 40 23 4 38 33 31 13 11 30 19
19 40 23 38 21 4 31 30 24 11 33 13
23 40 4 24 38 35 33 19 34 13 31 7
27 32 11 3 28 24 35 5 9 47 10 12
32 27 11 28 3 5 24 41 12 10 35 47
41 38 4 19 21 47 23 42 40 26 9 25
22 9 47 39 20 42 18 34 46 25 29 15
47 10 2 12 41 25 16 22 5 27 35 13
2 32 4 26 35 6 10 17 23 45 12 15
3 46 37 2 28 15 27 9 32 36 6 10
6 45 43 18 13 8 0 44 14 22 7 25
27 11 3 28 24 32 5 46 39 10 16 22
45 14 27 28 29 11 43 13 32 24 25 41
45 18 14 43 29 13 17 0 6 28 8 24
38 19 23 40 21 4 17 34 42 1 30 31
3 27 11 28 5 12 2 7 32 46 9 25
3 28 46 32 27 11 42 5 7 43 39 18
39 24 6 16 45 31 15 35 43 23 44 33
38 4 23 40 21 19 8 26 34 31 35 33
45 6 8 18 14 13 28 22 41 7 43 17
28 41 5 22 25 3 2 8 27 26 46 47
34 38 17 19 37 4 21 1 42 7 15 36
38 19 42 4 21 23 34 17 7 40 1 30
42 34 38 21 4 17 19 37 23 1 15 20


33 3 6 36 28 17 19 10 1 24 25 12
22 2 18 47 38 37 39 42 3 43 29 20
40 23 12 8 47 9 34 41 24 0 29 43
45 6 42 1 14 46 30 27 25 22 41 40
34 23 11 24 40 33 12 6 25 22 0 3
23 33 24 34 12 11 6 40 25 5 32 22
7 14 13 28 20 4 26 35 27 17 36 21
39 37 30 43 16 38 32 11 19 14 18 23
11 24 34 23 12 40 33 25 6 3 22 36
20 7 4 13 35 45 2 46 14 44 42 27
38 30 37 14 6 32 36 1 16 25 28 11
9 29 17 5 8 18 25 36 47 0 44 10
6 25 1 42 28 36 14 38 9 37 27 8
24 33 23 11 34 6 12 40 25 45 21 5
15 34 0 31 22 40 1 26 42 39 44 3
38 37 18 16 11 30 43 32 2 47 39 20
23 33 24 11 6 12 34 25 40 16 3 43
23 33 24 34 11 12 6 25 3 40 16 36
36 25 30 9 6 2 5 1 14 19 28 45
16 39 46 12 23 47 41 8 43 40 42 24
24 34 33 23 11 12 40 6 25 22 16 5
37 18 38 39 47 2 16 43 23 11 29 33
36 7 20 35 4 47 31 46 28 27 39 13
34 24 12 40 15 33 6 22 23 3 17 11
24 23 34 33 12 11 40 6 25 3 22 16
19 17 5 30 21 14 20 28 37 36 4 18
23 24 33 11 34 6 25 40 12 22 5 16
47 39 8 37 0 46 16 2 29 18 41 43
3 17 33 0 39 12 24 19 1 13 16 37
39 43 4 20 46 7 14 13 31 26 16 32
31 44 4 13 7 26 35 46 28 8 20 14
4 44 31 20 46 14 35 13 0 28 26 27
12 24 33 40 11 6 23 17 25 34 3 14
9 29 25 36 42 1 2 8 5 18 47 6
42 27 25 45 8 36 6 9 14 5 46 30
44 4 20 46 35 31 7 13 14 27 26 10
24 3 11 12 34 33 40 23 25 16 0 6
31 26 44 15 0 4 20 14 46 35 8 41
31 4 18 26 37 9 2 29 44 35 47 46
39 43 37 47 38 18 2 8 5 10 23 30
37 38 16 20 30 32 11 43 22 14 18 26
0 31 3 36 42 44 1 4 34 27 41 30
45 36 1 28 6 27 22 10 0 41 30 20
39 43 37 38 18 47 2 32 26 46 16 4
9 29 17 19 8 27 36 41 5 28 10 21
44 4 31 20 35 46 14 26 13 10 5 28
29 47 18 2 34 0 9 37 8 39 40 44
1 34 3 0 11 15 22 40 31 33 24 32


35 23 36 1 29 0 47 40 14 11 8 27
37 45 3 10 33 7 24 22 32 21 30 12
27 35 11 47 28 26 5 1 34 17 43 39
24 38 13 21 10 12 3 19 42 7 33 32
16 32 42 45 37 9 22 13 21 33 43 24
7 5 44 27 22 19 4 14 2 31 39 34
25 4 19 20 1 34 35 30 9 7 14 8
14 1 31 8 35 40 34 6 0 5 28 27
16 23 26 29 0 46 8 37 43 41 45 9
45 37 22 47 1 32 35 9 33 25 30 34
2 18 44 36 5 34 27 21 43 7 22 13
2 31 39 29 18 5 14 8 27 7 47 25
0 46 29 23 17 26 35 9 4 41 34 1
46 0 16 22 13 9 26 7 41 47 37 29
4 31 35 46 36 39 2 29 23 17 9 45
10 12 3 13 22 32 7 21 45 24 38 33
27 11 47 35 5 14 4 1 28 34 18 36
19 12 38 24 21 7 10 20 3 4 42 13
46 26 17 0 41 8 15 11 18 47 33 29
31 27 11 35 14 8 20 40 4 46 1 34
28 14 4 35 22 5 44 6 30 1 47 31
26 46 0 41 29 17 9 16 23 12 11 21
35 27 1 4 14 47 34 11 28 5 8 43
45 37 22 32 33 9 30 47 42 15 40 46
2 44 18 39 29 34 41 36 26 8 23 47
1 29 8 23 46 15 0 28 6 16 14 9
46 17 26 41 47 0 35 16 11 33 9 4
6 8 15 28 2 1 18 14 23 44 29 35
33 47 22 45 32 37 13 23 28 1 46 9
33 13 47 43 22 29 46 6 32 23 9 11
46 26 37 9 8 16 15 45 32 2 3 18
4 36 44 34 31 23 8 15 28 20 35 27
4 12 19 38 21 24 7 42 10 27 9 13
40 18 8 34 44 36 2 14 47 5 25 30
19 38 27 3 12 7 15 20 30 14 5 9
10 45 37 32 22 24 3 12 21 7 33 42
35 1 47 27 28 14 11 5 4 34 25 8
35 1 47 28 14 8 5 23 0 34 36 11
10 33 22 32 3 45 13 37 24 21 12 42
14 0 1 8 35 34 31 18 40 23 4 29
3 7 10 15 33 37 12 38 45 22 31 46
35 27 25 1 28 20 11 14 5 30 8 36
10 24 21 3 33 2 22 32 13 37 12 45
47 35 1 44 4 28 34 27 14 23 5 36
47 35 1 27 28 5 14 34 8 43 16 23
33 22 45 32 37 10 9 3 13 42 47 30
44 36 2 18 37 45 34 33 47 22 23 29
45 37 22 32 33 21 9 42 46 25 30 23


44 43 4 31 27 36 23 16 22 15 35 18
1 9 42 5 37 17 34 30 46 45 26 3
37 3 5 42 34 45 46 7 32 28 30 11
13 38 14 6 21 33 8 18 2 32 11 29
32 11 39 2 28 7 3 14 41 29 13 45
31 23 36 4 43 44 15 16 22 27 35 26
42 37 34 30 5 46 45 3 17 1 41 28
28 32 11 3 14 2 39 41 7 29 13 45
5 47 37 42 26 46 34 0 30 45 9 3
13 33 8 18 6 21 14 24 2 39 38 27
42 34 30 37 46 5 45 3 41 47 17 28
39 32 2 13 11 24 7 29 14 28 41 3
7 2 11 32 21 34 39 41 3 8 29 37
27 18 13 43 33 4 44 8 14 38 31 6
30 42 34 46 45 37 5 41 3 47 19 28
21 33 6 8 38 25 2 27 20 13 9 44
45 41 3 19 34 46 28 30 42 37 47 32
45 46 34 30 42 41 3 37 47 28 19 5
25 12 5 26 42 37 34 30 17 46 45 11
9 26 1 15 36 0 23 17 31 16 5 35
38 13 6 14 18 33 21 8 2 29 32 27
31 36 4 43 15 23 44 16 35 27 22 26
44 43 27 4 31 18 23 36 16 35 15 22
31 23 36 4 43 44 27 22 16 15 35 26
12 25 14 26 31 23 38 28 18 34 11 29
31 43 15 36 23 4 27 44 16 35 22 20
9 0 15 17 1 47 26 22 40 12 5 37
12 35 10 43 16 44 27 22 15 25 31 1
45 19 41 30 46 47 3 34 28 42 37 5
27 43 44 33 22 8 4 31 18 38 23 13
44 43 31 27 4 23 36 16 22 35 15 18
24 39 10 13 33 18 2 8 12 14 7 11
13 33 8 18 38 14 6 21 27 2 24 44
42 34 30 46 37 5 45 3 41 47 28 19
15 23 36 31 26 0 22 44 16 4 43 27
42 30 37 5 34 46 45 47 3 41 19 28
42 30 34 46 37 45 5 3 41 47 19 28
21 33 38 13 8 6 18 27 14 44 32 2
12 45 41 3 32 28 37 7 47 29 46 30
13 14 38 33 6 21 8 2 18 32 11 29
44 31 43 27 4 36 16 23 15 22 35 18
16 35 36 31 43 4 44 15 1 23 27 22
15 31 23 36 4 43 44 16 35 27 26 9
13 39 2 32 11 29 8 21 14 41 6 33
27 43 4 44 31 35 16 18 22 36 8 33
21 33 8 13 6 38 2 46 39 18 32 9
20 25 19 36 21 23 24 11 34 38 3 26
44 27 43 4 18 31 33 23 38 8 13 22


11 42 45 25 8 39 1 22 36 6 33 37
46 42 22 8 41 23 36 25 4 32 3 15
27 9 14 4 37 25 41 19 38 3 5 29
31 12 20 18 28 44 21 40 26 43 17 35
17 11 28 40 18 20 35 31 26 45 32 21
11 17 45 28 13 8 29 20 18 33 35 15
22 8 39 25 15 42 37 11 45 6 38 33
9 2 24 38 16 0 27 46 37 14 47 30
37 15 45 39 25 36 4 41 33 34 22 42
45 15 8 4 39 22 33 29 41 6 37 25
30 9 2 27 5 16 0 46 43 47 3 14
13 1 9 3 30 11 43 47 38 7 34 0
30 5 16 2 27 14 9 44 12 7 21 46
8 42 39 11 45 41 6 17 37 33 22 1
18 31 20 12 28 40 21 44 26 17 35 32
17 35 40 11 28 18 31 26 20 24 32 8
22 15 45 17 41 40 5 24 36 4 39 31
13 43 30 9 2 47 11 14 34 38 19 12
22 39 6 15 45 38 41 29 4 37 17 33
23 18 46 32 26 31 20 17 35 40 28 11
46 43 30 24 9 12 2 44 20 31 47 21
31 12 18 21 20 44 28 40 35 26 43 17
40 31 28 18 20 26 17 44 12 35 21 32
24 11 46 42 25 45 10 37 22 41 47 28
18 20 31 28 21 40 17 44 35 12 26 43
23 43 7 30 21 12 13 47 9 44 31 18
30 2 9 5 0 27 16 46 43 3 47 12
15 17 39 11 8 32 38 26 45 40 25 13
28 31 20 40 18 17 35 43 11 21 10 44
44 12 30 21 16 20 31 18 2 5 26 28
23 3 11 1 45 13 33 38 34 25 36 14
17 28 20 18 31 40 35 44 21 11 12 26
11 17 29 8 35 28 33 15 18 39 45 21
27 46 9 7 38 43 23 47 2 16 0 24
36 25 42 33 8 3 4 1 37 39 15 29
27 9 2 38 16 30 5 34 23 7 1 43
17 45 40 36 31 29 15 20 35 39 28 22
12 31 21 44 20 43 30 18 26 28 46 40
27 5 9 4 2 14 33 30 3 19 16 41
17 40 35 28 18 11 20 31 26 32 45 24
30 2 12 43 44 21 16 31 20 9 18 46
30 12 44 21 2 16 9 31 43 5 20 46
22 15 39 38 4 6 29 45 8 37 17 33
46 30 3 9 47 43 27 2 0 36 25 14
7 47 14 43 9 13 11 0 3 19 16 46
7 16 2 27 9 47 14 38 30 43 13 0
1 8 38 10 40 32 34 42 23 25 45 22
46 30 5 9 2 16 0 14 19 41 43 47


31 15 2 40 43 23 18 7 10 6 27 24
12 3 5 35 13 34 17 22 11 24 38 1
30 44 28 29 36 14 20 4 25 46 38 42
31 15 2 40 43 23 27 10 18 6 37 0
33 37 0 6 4 8 23 43 18 39 27 14
0 37 39 33 6 10 23 43 41 18 40 4
38 5 17 22 12 46 34 13 45 3 32 25
24 15 47 2 31 40 27 10 3 35 37 43
15 2 31 40 10 43 23 27 37 6 18 0
12 5 3 13 35 22 34 17 38 46 11 45
43 23 6 18 0 37 10 40 33 31 39 27
10 40 31 37 27 39 2 23 43 15 0 47
5 3 12 38 17 13 34 22 46 45 35 25
10 23 37 40 43 6 0 31 18 33 39 2
12 5 22 3 13 34 17 35 38 11 1 45
1 5 16 17 3 13 34 12 45 22 26 38
6 0 43 33 37 23 18 39 10 31 40 27
35 15 47 24 2 3 31 7 5 12 34 40
31 2 40 15 23 43 10 6 18 37 0 27
5 12 3 35 34 24 17 1 13 22 11 16
40 2 10 23 31 43 15 6 37 27 18 0
38 5 17 22 32 46 12 45 13 34 3 25
41 4 20 33 28 39 0 44 14 36 19 8
10 40 39 37 15 31 2 27 47 43 23 0
43 23 10 40 37 27 39 18 0 6 33 31
15 31 2 40 43 10 23 27 37 24 6 18
13 22 38 25 17 45 30 11 12 46 34 1
4 37 14 0 41 39 33 44 47 23 19 27
15 2 31 7 24 40 10 35 23 43 47 27
37 39 23 0 10 6 33 40 43 18 27 31
15 2 31 40 10 24 27 23 43 37 47 6
18 6 43 31 23 0 33 40 10 2 37 41
3 5 24 12 35 13 34 1 47 22 16 17
31 40 43 23 10 6 37 2 18 0 27 33
35 15 24 7 5 3 2 34 47 12 31 16
15 2 31 24 40 10 7 27 43 35 23 47
32 38 17 22 46 5 30 45 12 26 13 1
15 2 24 31 40 10 27 23 43 37 7 47
30 38 36 32 25 46 44 17 22 45 28 26
23 43 6 10 18 37 33 0 39 40 27 8
4 19 9 35 15 28 44 20 22 37 39 2
10 27 39 37 43 23 40 31 41 0 2 6
37 10 0 23 43 39 6 33 40 27 18 41
38 32 17 22 30 46 45 25 13 26 12 5
31 40 10 43 2 23 15 37 27 18 39 6
31 2 40 15 10 23 43 6 18 37 27 0
38 17 22 25 46 13 45 30 32 12 34 3
33 39 0 41 37 10 6 23 43 18 27 4


29 4 28 25 17 7 43 39 5 44 40 2
5 20 47 39 32 43 45 11 44 25 41 29
13 26 0 8 7 37 35 36 30 16 4 21
41 40 18 43 39 29 25 44 8 5 20 32
43 41 39 20 47 5 18 32 29 44 25 45
21 37 36 12 19 33 15 46 0 22 34 30
12 15 34 16 33 46 36 9 19 0 23 21
4 33 37 15 36 21 30 1 7 14 25 19
23 9 11 42 38 47 24 16 31 46 17 32
41 43 39 5 20 18 44 29 47 10 25 40
21 15 33 37 14 19 22 34 12 36 9 46
41 43 39 18 47 29 5 20 32 27 44 25
31 38 16 14 15 33 12 4 46 24 34 23
20 5 47 39 43 44 11 41 32 25 45 29
36 33 21 15 37 19 46 30 26 13 0 12
40 26 30 0 37 21 1 8 13 7 18 41
2 23 11 28 34 42 3 32 44 47 9 5
26 37 30 0 40 21 7 13 36 19 33 8
11 47 20 5 32 45 39 44 43 42 25 38
11 31 38 47 45 42 32 20 23 5 44 39
47 11 38 32 20 45 5 39 31 43 27 42
32 11 45 47 20 39 38 5 43 27 44 25
18 41 40 43 27 29 39 20 5 10 8 28
26 37 21 30 36 19 0 33 15 13 7 46
40 41 18 44 30 22 43 21 5 0 20 39
18 40 43 41 27 39 8 26 0 29 13 1
26 37 21 30 36 33 19 0 15 13 7 40
41 43 18 39 20 5 47 29 27 32 44 10
23 8 16 38 28 45 10 27 15 47 35 25
32 45 47 44 20 39 11 43 5 10 38 27
33 15 36 37 19 21 46 13 26 0 12 30
5 43 20 39 41 25 11 29 44 47 18 10
24 38 31 17 45 4 23 32 19 46 11 6
11 31 42 34 38 14 23 12 15 16 22 25
43 5 41 39 20 18 29 10 44 40 47 27
5 44 41 20 43 18 39 11 29 47 25 10
40 26 0 30 13 37 18 8 35 7 1 21
38 28 27 47 45 32 11 31 20 5 43 10
31 14 15 38 16 33 24 12 34 46 19 11
43 39 41 20 5 47 44 18 29 32 25 27
31 15 34 14 12 33 46 16 19 22 36 21
11 42 31 38 47 45 23 32 20 34 44 5
47 11 32 44 20 25 39 5 43 23 42 45
34 9 12 22 15 14 21 46 19 33 2 16
18 43 41 39 27 20 29 32 5 47 44 25
31 10 14 38 36 6 3 24 35 46 37 33
15 19 46 36 33 21 37 12 14 34 30 22
11 44 20 5 42 47 32 25 45 39 38 43


39 27 21 0 4 43 12 32 45 28 13 31
39 27 43 0 35 6 21 45 12 4 42 28
29 26 1 4 47 3 17 25 32 18 19 42
39 43 4 21 0 27 29 6 45 12 37 41
39 43 21 0 27 6 36 11 28 13 4 31
7 17 30 14 8 33 11 5 2 10 13 21
20 22 26 18 43 9 34 15 41 3 42 4
39 43 21 4 0 37 29 36 25 27 6 11
27 42 12 6 35 39 45 0 41 17 10 7
26 18 4 12 29 45 42 15 35 1 34 25
1 13 47 30 36 2 28 44 11 16 32 21
21 36 39 13 11 0 28 43 14 32 37 6
23 31 24 46 19 3 37 11 22 9 20 5
32 36 21 13 11 16 39 28 33 2 37 0
9 3 26 22 34 15 18 5 20 24 44 19
39 21 0 36 4 43 37 32 29 13 28 11
13 2 11 28 33 36 32 14 40 19 44 21
39 21 0 27 43 6 28 36 37 11 13 4
23 27 30 24 31 44 45 2 7 46 42 43
39 43 0 21 27 4 6 11 37 12 31 45
39 43 21 0 27 36 6 13 4 28 11 29
26 15 3 22 34 18 9 35 20 42 17 40
43 35 29 4 37 47 36 6 39 3 40 42
3 15 9 22 26 42 47 34 20 18 41 17
32 1 28 29 13 47 40 21 25 16 36 4
26 42 18 34 15 35 45 22 12 41 9 3
2 44 47 29 3 40 19 20 1 14 36 33
11 36 13 30 28 21 2 1 32 33 7 44
12 45 34 27 26 35 18 31 46 42 41 6
34 45 26 12 42 15 9 22 18 31 27 35
21 39 0 43 13 28 36 27 11 6 4 8
3 40 44 9 15 19 22 2 47 20 34 5
26 12 45 18 42 34 15 35 41 22 4 27
21 36 13 28 11 39 43 0 27 1 30 32
21 13 28 36 32 39 29 1 0 14 11 16
9 34 22 3 26 15 18 24 31 45 42 5
35 42 45 22 41 31 46 18 20 15 26 3
36 13 28 11 1 21 2 32 44 47 14 40
9 3 34 22 15 26 18 20 44 24 5 42
30 11 2 32 21 33 13 14 46 23 24 1
27 12 6 45 34 35 26 18 42 41 15 4
34 45 12 26 18 22 42 41 35 31 15 9
40 28 36 13 1 44 2 11 16 14 47 21
21 36 28 39 13 11 32 0 37 14 1 2
9 34 26 22 18 3 15 45 12 42 31 24
35 6 27 12 40 44 10 39 45 42 34 28
30 7 3 42 15 2 11 29 20 22 47 41
9 34 3 26 22 15 24 44 18 5 19 17


44 21 39 36 13 10 47 20 4 1 8 3
10 29 41 3 20 34 5 45 4 28 12 38
22 24 0 32 31 11 7 19 9 15 35 26
12 10 34 41 3 29 20 43 28 45 5 25
22 24 0 32 31 11 7 9 19 15 35 46
12 10 41 3 5 29 43 20 45 25 34 28
22 15 9 0 24 32 31 19 7 11 40 27
16 1 8 12 25 37 41 45 43 10 4 14
34 20 45 10 29 28 3 43 12 38 41 25
34 20 29 45 10 3 5 28 38 41 43 4
5 10 3 41 34 29 43 20 12 25 4 28
12 1 41 3 37 10 4 43 13 5 25 28
34 10 29 20 41 28 38 3 45 5 12 43
47 32 46 6 40 39 28 7 45 11 15 36
19 7 31 24 11 32 22 35 0 14 26 42
1 12 16 37 43 45 41 10 3 8 25 29
29 10 20 34 3 38 5 45 41 28 43 12
10 29 3 41 34 20 12 5 43 45 38 25
24 22 19 0 31 11 7 32 9 15 35 26
15 22 0 24 9 32 31 7 11 19 17 46
7 32 31 11 24 22 0 19 35 15 9 14
22 24 0 32 31 7 11 19 9 15 35 26
29 10 28 5 34 41 20 3 38 4 45 43
12 45 41 10 3 43 25 29 1 5 34 20
22 24 0 15 32 9 31 7 11 19 35 46
5 10 3 29 41 20 38 34 43 28 45 12
41 12 10 3 29 34 43 4 5 28 45 1
1 12 45 41 10 25 16 4 28 29 3 34
34 38 29 20 28 45 10 3 25 5 43 41
24 22 32 31 0 7 11 19 35 9 15 26
24 22 7 32 31 0 11 19 35 9 15 26
24 22 7 0 31 32 11 19 9 35 15 26
12 1 45 41 16 25 3 10 28 20 37 4
8 14 35 11 7 19 16 42 31 32 1 26
24 22 31 7 32 0 19 11 35 9 15 26
22 24 0 9 32 15 31 11 7 19 35 46
0 31 32 11 7 27 19 22 24 15 9 42
10 5 12 3 41 29 25 20 43 45 38 4
31 24 32 7 22 19 11 0 35 9 15 14
46 31 32 0 27 24 22 11 19 9 7 30
35 18 23 6 16 42 40 36 32 12 25 19
29 38 5 3 28 10 45 4 20 41 34 43
22 0 24 32 31 9 19 7 11 15 35 46
24 22 0 31 32 7 11 19 9 35 15 26
20 38 29 10 34 25 45 5 28 41 3 43
12 41 34 10 1 25 29 43 28 3 45 20
44 4 23 38 3 10 29 5 20 34 25 41
19 31 11 7 24 32 35 22 0 14 42 26


13 18 3 35 15 32 41 21 43 25 4 12
45 2 47 43 14 32 39 41 27 10 42 19
41 10 9 21 44 33 3 15 22 8 47 46
5 24 37 36 40 15 6 26 0 20 14 29
21 22 8 10 41 32 44 47 33 3 13 46
46 2 41 18 12 32 31 39 35 10 45 21
2 23 4 46 32 25 27 0 17 13 12 31
15 9 21 33 41 22 3 44 47 10 8 6
45 14 24 20 0 34 31 17 6 27 29 38
17 27 0 23 37 29 20 35 39 26 16 38
17 20 0 37 29 24 23 12 27 26 39 28
17 23 27 37 39 0 45 24 35 20 31 2
17 23 39 27 37 0 26 24 35 28 20 2
17 23 26 37 0 39 27 20 35 24 29 28
23 17 27 0 37 20 39 29 28 24 26 12
15 9 36 6 40 33 16 5 44 29 37 47
47 21 9 3 10 44 13 41 43 33 22 15
6 21 25 33 36 3 47 9 15 13 22 44
17 23 39 27 0 26 28 20 37 35 24 12
17 37 0 23 39 26 29 27 20 35 24 16
17 23 37 39 0 27 26 24 35 20 29 38
26 29 36 12 20 45 13 19 33 38 0 5
37 17 0 23 20 29 26 39 24 27 16 36
37 0 20 29 23 17 36 16 28 27 39 40
18 4 24 22 13 33 19 44 43 7 42 15
17 37 27 0 26 39 23 20 24 35 28 38
40 9 15 36 44 6 16 30 21 47 25 37
46 41 10 47 12 44 21 43 3 7 9 13
41 10 21 46 22 3 47 32 2 8 44 30
37 29 0 36 40 16 23 20 5 17 26 6
21 22 45 44 1 10 47 6 8 37 25 9
41 10 3 33 44 21 15 9 47 46 32 22
39 44 23 2 1 10 9 28 26 0 46 47
37 17 23 0 29 39 20 26 36 38 40 35
17 24 37 23 0 35 25 16 39 29 27 32
17 23 37 0 26 39 35 29 38 19 25 1
17 37 23 1 24 39 26 0 38 27 25 29
10 41 21 3 22 44 47 46 9 33 8 13
37 20 29 16 0 36 23 39 27 24 17 35
25 40 36 37 47 38 16 6 14 44 21 30
17 23 27 26 35 2 0 39 7 24 32 45
37 29 17 0 26 5 40 36 20 23 39 28
21 3 41 47 10 44 9 15 6 22 33 13
37 17 0 23 29 39 20 26 27 24 35 36
41 10 2 46 21 22 3 44 4 32 7 33
37 0 17 29 23 20 39 26 36 27 40 14
38 12 29 16 26 3 46 20 1 11 27 37
37 25 40 27 12 20 0 39 31 29 36 38


27 3 10 5 8 24 47 32 21 30 43 2
9 11 34 39 6 23 16 20 36 45 22 40
3 41 32 27 25 21 38 8 47 28 24 1
3 27 24 8 5 10 13 12 21 32 43 30
17 38 15 25 27 16 4 31 41 45 39 42
16 6 14 9 44 34 20 22 37 39 4 11
38 47 8 32 41 3 43 1 10 21 30 27
9 23 34 36 12 45 13 33 11 16 15 7
6 20 39 35 16 34 37 17 9 15 29 23
35 38 24 25 19 18 15 40 30 16 2 22
36 5 13 7 27 33 24 3 10 2 38 23
3 27 8 10 24 5 32 21 38 43 25 47
27 3 38 12 10 8 28 25 41 21 32 24
27 3 10 12 13 5 24 8 38 36 32 43
37 47 24 44 43 26 13 30 17 28 46 21
20 9 34 11 31 44 15 45 16 6 40 22
17 12 23 44 2 30 9 36 39 20 10 13
5 10 36 3 27 7 23 30 17 24 21 31
36 10 9 30 23 13 7 35 19 34 17 5
10 5 13 30 36 3 8 27 43 24 19 7
36 23 13 11 12 33 7 4 19 34 31 9
3 27 8 21 5 10 24 32 47 38 41 25
37 14 41 40 44 18 28 11 42 4 20 12
9 11 6 16 39 37 34 22 14 4 44 45
40 43 33 37 31 38 13 5 34 19 46 45
14 44 37 16 6 9 41 26 18 39 22 34
27 3 8 10 24 38 32 5 21 12 43 13
3 27 8 32 47 21 41 38 25 10 28 24
23 12 36 14 1 27 4 46 9 10 20 45
3 27 10 8 24 32 43 19 5 30 13 2
18 44 41 28 14 47 16 32 42 27 25 15
41 21 8 3 25 27 47 32 38 18 0 24
3 27 8 10 5 24 38 32 21 43 12 47
9 6 16 11 34 39 14 44 22 20 37 45
16 6 14 9 34 4 22 11 44 39 26 20
27 38 2 3 32 12 24 43 17 19 10 30
9 20 39 14 44 34 36 6 22 16 26 37
4 22 1 24 28 19 16 21 29 18 31 25
9 36 34 23 11 44 7 39 13 2 45 20
3 27 10 8 5 32 24 38 21 47 43 13
22 14 16 44 6 4 39 26 47 9 46 37
6 15 45 14 9 16 37 0 44 20 11 39
16 6 9 14 34 11 37 44 40 22 26 39
36 13 27 10 5 43 24 7 3 12 19 8
27 8 33 41 16 26 5 42 17 10 35 21
3 8 27 32 21 41 10 38 47 25 24 28
9 34 16 11 37 40 6 14 44 23 39 22
32 41 21 47 8 45 3 24 15 2 5 25


22 4 6 24 23 16 28 43 46 2 34 5
28 44 2 6 9 16 22 30 20 27 1 8
37 19 35 18 20 14 36 17 11 38 28 32
37 35 19 20 14 11 18 36 28 32 17 41
35 14 19 36 38 37 25 18 3 39 45 33
35 19 14 37 36 38 18 47 20 11 8 33
6 22 24 16 23 4 2 43 5 46 28 0
37 35 19 18 14 11 38 28 20 13 12 32
6 22 24 4 16 23 2 43 28 5 46 27
6 5 23 24 2 16 43 4 46 22 27 7
35 14 19 20 36 37 18 47 26 41 31 38
20 44 45 35 37 8 14 31 30 41 7 5
5 6 2 23 24 16 43 7 27 45 3 4
35 47 19 8 14 20 36 27 18 32 41 11
37 35 19 18 14 20 38 36 11 32 28 47
37 35 19 14 18 11 20 30 36 26 38 15
6 4 23 16 24 22 46 43 5 2 25 45
19 37 35 14 18 20 36 11 38 32 33 17
22 4 28 6 24 46 16 43 23 30 21 34
6 23 4 24 22 43 16 46 5 2 28 40
35 19 14 36 47 8 38 18 10 37 20 42
37 19 35 18 20 14 28 11 30 32 38 41
5 24 23 6 43 46 7 2 4 16 45 27
6 5 23 16 24 43 2 46 27 4 22 7
37 35 19 14 36 18 20 17 38 11 33 32
35 19 37 14 36 18 20 47 38 11 33 10
14 35 47 38 18 37 10 25 19 36 45 32
35 19 14 36 37 18 47 38 20 11 8 1
47 35 14 27 19 37 7 8 18 11 20 38
35 14 19 36 47 38 37 18 20 39 11 8
19 35 18 14 37 13 5 32 36 21 38 47
6 23 24 5 16 43 4 22 46 2 7 45
47 35 18 19 27 37 3 14 28 2 34 30
5 6 23 2 16 24 27 43 8 4 7 3
2 4 6 16 5 39 13 40 26 43 3 23
26 38 14 47 24 33 34 3 12 45 5 10
32 7 43 31 15 1 19 13 16 12 46 24
22 4 6 45 16 23 28 43 25 46 17 2
24 23 6 2 7 16 43 22 27 46 45 5
22 6 4 28 16 43 24 23 46 15 17 34
31 7 23 13 20 40 27 24 4 46 30 5
35 19 14 47 36 18 8 38 37 20 27 39
8 7 5 2 46 45 23 25 43 16 6 27
37 22 13 17 28 30 34 19 18 21 33 15
22 6 4 24 23 16 43 28 46 5 15 2
6 4 22 24 16 23 5 43 28 46 2 45
4 22 6 16 46 23 28 24 43 45 2 21
22 16 24 28 6 4 46 43 23 40 13 30


31 3 28 39 4 0 19 2 1 5 25 18
14 9 42 29 47 41 35 34 19 11 10 36
28 31 4 3 39 5 25 0 19 33 1 18
47 42 10 14 6 29 33 16 23 44 11 20
4 19 18 39 3 28 37 13 31 30 5 2
39 4 31 28 3 0 5 25 2 18 1 19
42 14 47 29 11 6 16 27 10 41 9 35
41 47 10 42 20 23 33 6 14 27 15 11
42 47 14 29 10 16 20 44 41 35 46 13
42 47 27 14 29 24 9 38 35 22 7 37
19 9 15 3 45 31 28 0 4 41 39 35
47 6 41 42 33 20 17 23 14 16 10 22
42 14 47 29 41 10 16 27 9 11 35 13
14 42 47 41 29 10 9 35 11 46 13 37
29 14 44 42 47 16 37 12 8 46 13 27
19 31 39 4 3 28 0 18 1 30 25 45
14 42 44 29 47 11 10 16 37 12 38 13
42 14 29 47 41 10 35 9 16 20 11 27
4 39 28 31 3 0 5 25 2 18 19 1
19 30 41 34 9 11 45 2 28 23 1 40
42 14 47 29 41 10 16 20 27 35 37 12
42 47 14 29 41 10 16 20 44 8 11 35
14 42 47 29 44 16 10 27 8 20 6 22
2 39 4 28 31 3 1 0 27 19 18 25
31 28 3 39 4 0 19 5 25 1 18 2
31 39 4 3 28 0 5 25 2 1 19 18
39 31 4 3 28 0 5 25 1 19 18 2
39 31 3 28 4 0 5 19 25 18 2 1
10 34 41 20 24 30 25 33 6 7 45 26
41 19 30 9 10 42 35 13 23 47 21 40
31 39 28 4 3 0 19 18 5 25 2 1
14 42 47 29 41 20 27 10 35 9 16 22
7 6 9 20 24 46 27 22 16 11 5 1
42 47 14 29 41 10 20 16 35 27 9 23
3 28 4 39 31 0 25 5 1 2 33 18
5 4 44 25 31 39 0 3 2 33 38 28
42 47 14 29 41 16 20 10 35 27 12 22
32 8 41 7 19 45 30 26 2 29 20 21
42 47 14 29 41 10 16 20 27 11 35 9
33 23 6 41 20 5 22 36 10 46 47 7
31 3 28 4 18 39 19 0 1 17 2 5
4 28 31 39 3 0 5 25 2 1 18 19
41 42 10 47 14 9 29 11 35 13 20 12
42 29 14 47 11 10 16 13 27 41 36 40
42 14 47 29 41 10 35 11 27 20 46 16
45 38 18 27 31 39 4 3 24 25 28 5
44 29 47 14 42 8 16 33 46 10 37 23
42 14 47 29 10 41 27 16 20 35 12 7


37 22 8 23 19 46 4 38 13 41 18 21
35 0 11 29 33 40 17 1 7 24 31 20
35 0 11 29 40 33 17 1 31 6 7 24
35 29 11 0 40 33 24 25 1 6 2 47
35 0 11 29 33 40 17 1 7 31 24 30
35 0 11 33 29 40 17 1 7 30 34 31
35 0 11 33 29 40 17 1 7 30 24 31
0 11 33 35 17 40 34 30 1 44 29 15
46 38 8 23 19 4 12 27 26 22 37 18
35 29 47 11 0 33 40 25 1 36 7 28
38 46 19 4 12 23 8 37 22 27 26 45
35 0 33 40 11 29 1 30 17 44 24 15
29 35 6 14 11 0 12 43 30 47 25 3
46 19 37 18 38 23 4 21 22 13 41 8
19 46 23 38 22 13 41 10 4 28 42 37
37 34 38 26 44 18 10 45 21 12 27 46
17 45 26 34 32 14 27 12 33 38 37 44
35 11 0 29 33 40 17 1 7 24 30 31
35 11 0 29 33 40 1 17 7 24 31 30
47 29 35 25 13 28 36 11 22 40 1 42
19 46 38 13 4 23 8 22 37 41 42 18
35 29 33 40 0 11 47 1 7 24 25 20
34 25 29 1 36 6 3 9 0 24 35 30
0 11 17 35 33 40 29 30 1 7 34 44
38 19 46 8 37 10 18 27 4 12 14 21
35 0 11 33 29 40 17 1 2 7 30 31
46 38 19 4 8 22 23 13 42 37 41 10
38 12 37 8 46 45 27 19 26 21 4 10
19 46 38 4 23 13 8 22 42 37 27 10
1 32 15 24 18 11 34 31 43 3 14 47
35 0 11 33 29 40 17 1 24 7 30 31
46 19 4 22 13 38 23 8 42 10 37 41
38 46 19 42 18 27 45 4 37 21 26 23
38 46 8 19 37 4 13 18 42 41 45 10
35 11 0 29 33 40 17 1 7 31 24 30
46 19 38 4 22 13 23 42 8 37 10 41
35 11 0 33 29 40 1 17 7 30 31 39
46 38 19 4 37 23 8 10 22 13 45 41
46 38 19 4 8 13 22 23 27 42 37 10
17 26 45 12 38 27 37 18 44 8 10 34
17 31 35 16 29 0 11 20 33 9 24 6
19 46 38 23 4 18 13 37 42 22 10 26
13 22 19 4 42 46 8 23 41 38 36 47
43 5 0 9 7 20 35 2 36 40 33 17
11 35 0 17 29 33 1 15 40 7 24 34
46 19 38 4 10 37 22 23 8 45 13 21
11 35 0 29 33 40 17 7 1 31 34 25
13 22 47 36 42 19 4 23 28 46 25 41


43 17 42 39 31 14 38 44 34 2 28 32
30 35 15 11 46 47 26 33 27 25 1 22
30 15 35 33 11 25 22 1 26 47 27 46
30 15 35 33 11 22 25 27 26 47 1 46
8 26 33 47 6 35 10 11 30 25 15 1
30 15 35 33 11 1 22 25 41 27 46 26
47 12 10 9 27 21 1 25 35 32 46 4
14 31 43 17 39 42 10 21 28 38 19 6
43 42 14 39 38 31 17 29 37 23 9 34
30 15 35 33 11 25 22 47 1 27 41 46
15 30 35 33 11 25 1 47 22 40 26 27
30 15 35 33 25 11 47 22 1 41 26 40
15 30 35 33 25 11 47 22 1 26 41 20
39 40 28 34 23 38 45 6 13 22 31 25
15 30 35 33 11 25 22 1 47 41 27 40
30 15 35 33 11 25 22 47 1 27 41 46
25 24 26 35 30 15 6 18 33 8 11 1
40 23 34 6 25 28 45 15 35 33 39 22
17 14 42 43 16 39 44 31 45 34 38 2
15 30 35 33 11 25 22 47 40 1 26 27
35 30 15 33 25 11 27 22 47 26 41 1
26 27 20 22 47 10 35 15 30 1 25 5
15 33 35 40 11 47 41 30 25 45 1 24
30 15 35 33 11 25 22 1 47 27 26 46
15 30 35 33 11 25 22 41 1 47 27 20
30 15 35 33 11 25 47 22 1 26 27 46
35 30 15 33 11 25 47 1 27 46 22 24
43 17 42 31 14 39 38 44 34 28 45 2
15 35 33 30 22 25 11 40 1 41 23 47
15 35 30 33 47 11 25 1 4 41 22 46
43 17 14 42 31 39 38 44 34 2 28 21
14 9 17 10 43 44 16 42 19 12 46 31
17 43 42 31 39 14 38 28 34 44 19 16
15 30 35 33 25 22 11 1 27 41 47 40
47 18 35 30 15 33 11 41 46 36 40 4
40 28 7 1 46 0 32 9 37 4 33 2
30 15 35 33 11 25 1 22 47 27 20 26
30 35 15 33 11 25 47 22 1 27 46 26
30 35 15 33 11 27 46 12 25 26 18 22
13 43 17 14 2 31 16 12 45 21 32 44
41 32 2 45 7 15 35 33 23 20 22 25
15 30 35 33 11 25 22 1 47 41 27 26
15 33 30 35 25 11 22 41 1 47 40 27
30 15 35 33 11 25 22 1 27 47 41 46
12 43 14 44 17 42 45 38 2 31 39 16
15 30 35 33 11 25 22 1 47 41 27 40
30 15 35 11 46 33 27 1 47 25 26 24
44 23 26 40 15 30 11 6 20 33 22 38


15 21 25 28 11 40 35 0 47 30 26 19
18 37 14 42 32 27 23 8 12 45 1 39
25 28 30 0 22 19 40 34 11 15 21 44
35 21 15 0 13 47 16 25 30 6 5 19
9 0 28 40 16 39 2 43 19 34 33 17
18 14 32 37 27 42 23 45 8 12 38 39
15 21 25 28 0 30 19 40 11 47 22 35
18 14 32 27 37 42 45 8 23 12 1 5
18 32 14 5 42 8 37 27 12 1 23 45
18 14 42 32 37 27 8 38 1 23 45 33
2 28 15 11 24 40 17 47 30 21 43 25
15 21 25 28 35 11 47 30 40 2 26 29
18 27 14 32 37 45 42 23 8 12 5 1
26 46 17 35 27 29 23 32 22 4 34 45
0 30 22 19 9 7 28 40 29 34 39 21
0 22 30 28 41 29 40 19 15 21 25 34
15 21 0 40 28 30 2 19 11 25 47 22
32 18 14 42 27 37 45 8 44 1 23 12
32 18 14 37 42 45 12 10 23 27 5 38
15 21 30 25 28 11 0 40 47 35 19 6
18 14 37 32 45 1 8 27 42 5 23 12
37 32 18 14 23 42 44 8 27 12 5 1
15 21 25 35 28 47 11 16 6 44 29 19
28 0 40 9 15 43 11 2 21 30 19 25
15 21 30 0 28 11 47 25 35 19 40 13
9 0 39 14 37 20 18 23 33 30 8 19
29 4 6 46 0 18 35 3 13 30 27 25
28 15 0 25 21 11 46 9 6 16 40 19
18 14 32 27 8 37 42 45 23 12 1 5
27 32 14 37 10 18 42 8 3 1 22 31
15 21 28 11 40 35 25 0 19 47 30 6
0 44 30 11 15 40 47 8 19 4 6 7
15 21 0 28 22 30 11 6 40 47 2 35
18 32 14 8 27 37 45 42 38 23 44 1
15 0 21 28 30 40 19 25 11 47 9 2
9 28 0 2 11 40 33 19 15 21 43 25
35 22 9 1 15 41 24 42 12 45 5 30
0 15 30 21 19 28 40 11 25 47 22 9
35 15 21 26 47 7 42 25 6 11 10 43
28 15 40 25 43 21 11 2 0 30 26 19
35 15 6 20 21 44 10 3 23 41 4 47
15 21 25 28 35 0 30 47 40 11 19 16
15 21 30 0 25 28 19 40 11 13 35 22
47 32 45 29 12 35 18 44 37 23 41 36
15 21 0 28 25 30 40 47 35 19 11 16
30 15 19 0 13 21 11 3 9 40 47 16
0 28 9 40 15 30 11 43 21 19 22 2
15 28 21 40 11 0 25 30 9 2 19 47


16 13 43 37 12 20 46 29 5 19 41 22
41 29 13 28 16 45 17 15 30 4 19 8
36 35 15 18 26 10 23 38 34 7 43 44
7 24 34 38 2 11 9 36 18 0 10 3
19 16 47 43 14 13 37 23 44 29 20 17
45 40 23 18 32 44 15 43 33 3 27 41
6 13 16 34 20 1 12 46 43 32 36 31
16 13 20 43 12 46 32 35 1 6 5 44
39 3 34 2 10 24 18 1 8 7 38 47
16 43 13 5 20 44 46 29 12 19 37 40
16 43 13 29 20 5 12 46 37 45 41 19
16 13 43 20 46 5 44 12 29 37 19 17
16 43 20 13 5 46 29 12 44 37 19 40
7 24 38 36 2 34 11 18 9 10 26 39
7 39 2 24 38 34 18 10 9 11 3 36
29 38 4 30 3 31 45 22 10 44 1 7
43 5 40 37 13 44 20 16 25 29 41 19
16 43 13 20 5 12 46 29 44 19 37 45
7 24 26 34 2 11 9 18 0 38 36 10
34 6 2 36 7 38 24 1 10 9 22 0
24 3 38 7 11 2 33 36 10 34 39 21
38 36 7 24 2 11 9 34 42 21 26 3
39 28 19 29 32 23 47 0 15 11 10 36
18 7 24 8 29 10 42 26 15 45 0 1
7 24 38 18 34 26 11 10 2 9 0 3
6 34 2 13 36 16 0 27 42 9 38 1
40 26 11 44 7 24 25 5 3 39 27 15
5 16 32 37 8 13 41 14 19 28 39 6
2 34 38 36 5 0 7 24 6 4 32 12
6 13 16 12 1 43 46 20 27 21 42 31
43 16 41 3 12 28 13 37 40 25 17 20
5 47 3 16 10 22 2 37 17 27 8 32
7 24 34 38 2 36 11 18 9 3 0 10
13 16 20 43 12 5 46 40 35 44 1 19
7 24 34 18 38 2 11 3 10 9 42 26
41 14 31 9 4 17 3 27 46 22 16 12
34 7 2 6 36 24 38 18 9 10 11 0
16 5 43 46 13 20 19 12 40 29 44 37
7 36 34 33 18 15 30 3 2 39 22 9
16 13 43 5 20 46 40 12 35 44 45 29
39 35 19 16 20 43 0 33 26 9 8 47
16 13 43 20 46 5 12 44 40 29 19 37
14 21 24 7 41 39 25 15 33 40 28 44
7 34 36 10 11 2 24 6 15 26 18 3
7 24 26 11 38 34 18 36 27 9 2 0
47 35 32 42 11 43 12 39 45 22 0 29
16 43 13 20 5 46 44 19 12 40 29 35
34 6 14 32 20 16 39 23 2 8 12 13


3 16 30 9 18 10 19 42 38 17 34 39
39 2 30 16 11 9 21 3 44 10 17 34
32 38 17 0 47 20 16 3 7 14 35 19
34 40 43 12 45 37 28 1 30 33 8 9
7 35 38 32 5 20 14 47 42 19 16 0
43 1 8 5 42 24 28 2 12 20 30 46
0 32 38 17 20 47 14 3 40 16 4 31
22 33 11 15 39 6 8 21 44 25 24 13
37 40 18 28 34 1 9 33 12 45 6 30
22 15 33 4 39 44 31 40 1 27 45 30
44 17 11 21 16 38 19 0 42 35 25 47
33 22 27 37 7 12 21 45 8 35 41 15
7 21 22 33 35 41 37 13 15 27 44 25
21 47 41 16 19 7 3 17 35 38 32 0
32 21 40 47 41 37 38 4 34 33 45 10
40 32 17 44 37 38 5 28 8 20 13 25
33 37 45 34 44 13 21 15 4 12 22 25
38 1 20 28 17 42 0 43 3 32 30 40
38 3 20 0 16 19 46 28 17 30 14 32
40 26 30 10 18 34 11 38 32 17 43 23
22 33 2 39 36 15 27 37 21 41 4 26
37 33 45 40 12 34 30 1 24 4 44 9
21 28 15 39 29 23 26 16 30 38 31 47
1 35 5 24 7 43 8 6 42 28 13 32
20 38 0 19 47 42 16 17 40 3 9 28
32 38 20 0 17 40 3 47 16 14 41 42
30 39 28 43 1 40 8 26 45 12 9 46
15 25 46 26 3 6 19 42 20 9 39 16
2 36 46 27 29 41 39 40 47 14 22 26
7 35 13 21 32 44 5 17 15 0 8 47
28 25 12 7 9 23 27 6 30 15 33 22
19 47 20 3 32 10 26 0 41 35 2 38
6 11 22 39 15 45 25 33 10 26 42 44
19 42 3 16 47 17 38 35 11 14 0 26
22 24 33 6 7 43 8 35 12 5 29 15
33 37 21 40 4 34 41 22 12 27 45 10
25 38 44 0 17 11 14 39 16 23 30 28
3 20 43 38 23 0 17 42 16 2 47 19
38 20 3 17 0 19 16 14 42 32 35 47
32 38 20 0 17 3 40 16 14 42 47 46
30 40 2 39 34 43 9 46 28 26 18 3
0 32 40 7 38 35 31 25 17 20 13 5
20 32 38 17 18 40 0 3 19 42 47 14
3 38 16 47 20 14 19 46 42 2 0 36
42 7 11 13 24 35 47 33 21 8 5 23
36 2 27 41 46 26 7 39 29 35 22 47
21 47 41 11 3 15 27 4 25 16 0 14
32 17 38 20 46 13 34 0 3 14 42 7


40 10 39 38 13 14 9 15 5 32 44 3
45 33 11 8 41 2 23 19 21 6 18 16
10 40 39 38 9 14 15 13 5 32 29 44
40 10 38 39 14 9 15 13 5 32 44 3
2 33 45 23 8 41 19 11 21 6 18 7
38 39 40 10 14 9 13 15 5 32 44 29
2 33 45 23 8 41 19 11 21 6 18 7
14 40 38 39 10 9 15 13 5 32 44 3
39 13 10 40 14 38 9 15 5 32 3 44
29 34 17 6 46 33 41 11 23 2 19 8
40 14 38 39 10 9 13 15 5 32 44 29
29 4 46 5 17 40 43 39 30 34 38 14
23 2 8 33 45 19 21 11 41 18 6 7
38 39 40 10 14 9 13 15 5 32 44 3
23 19 21 33 2 45 41 8 6 11 7 28
40 39 10 38 14 9 13 15 5 32 44 29
2 33 23 45 8 41 19 11 21 6 18 7
40 39 38 10 14 13 9 15 5 32 3 44
7 13 15 9 40 39 10 38 14 3 17 30
29 46 17 34 39 43 9 36 40 15 5 14
41 8 33 2 45 6 11 23 19 21 7 18
2 33 45 23 8 41 19 11 21 6 18 7
33 2 45 23 8 41 19 11 21 6 18 7
10 38 39 40 14 9 13 15 5 32 44 3
45 33 2 41 23 8 19 11 21 6 18 7
31 47 0 34 26 6 20 43 29 25 35 46
2 45 33 23 8 41 19 21 11 6 18 7
38 39 14 40 10 9 13 15 5 32 44 3
31 47 39 40 38 10 15 34 9 14 32 0
45 33 2 8 23 41 11 19 21 6 18 7
10 39 40 14 38 13 9 15 5 32 44 3
33 45 2 8 11 23 41 19 21 6 18 7
10 14 39 38 40 9 13 15 5 32 44 3
9 13 10 40 14 38 39 15 32 3 5 44
38 40 39 14 10 9 13 15 5 32 44 3
2 33 45 23 8 41 19 11 21 6 18 7
31 37 12 47 44 22 28 25 18 34 20 0
33 19 11 45 2 8 23 41 21 6 18 46
33 45 2 8 23 41 19 11 21 6 18 7
2 33 8 23 45 41 11 19 21 6 18 7
41 45 2 33 23 8 19 11 21 6 7 18
39 38 10 40 14 13 9 15 5 32 44 3
29 34 17 46 31 44 40 9 15 36 38 32
17 30 26 36 46 1 41 29 6 4 24 21
33 2 45 8 23 41 19 11 21 6 18 7
38 39 14 40 10 9 15 13 5 32 44 3
23 8 2 21 33 19 45 41 4 11 27 18
39 38 14 40 10 9 13 15 5 32 44 3


31 43 11 0 25 8 37 6 40 41 29 2
11 43 31 8 0 25 37 6 40 41 29 2
39 18 30 15 46 22 32 1 16 5 47 23
39 18 30 15 22 46 32 1 16 5 19 23
39 18 30 15 22 46 32 1 16 5 23 19
31 37 25 0 6 11 8 43 29 40 2 41
18 30 39 15 22 46 1 32 16 5 23 47
18 30 39 15 22 1 32 46 16 5 24 47
43 31 11 0 37 25 8 6 40 41 29 2
43 11 31 25 0 37 8 6 40 41 2 29
31 11 43 37 0 25 8 6 40 29 14 41
39 30 18 22 15 46 1 32 16 5 47 24
35 17 11 31 0 25 37 47 43 8 6 28
39 18 30 15 22 46 1 32 16 5 47 23
31 0 43 8 11 25 37 6 40 41 29 2
18 30 39 15 22 46 32 1 16 5 23 19
31 0 11 8 43 25 37 6 40 29 41 2
11 25 43 37 31 8 0 6 40 41 14 2
25 8 6 11 0 37 31 43 40 29 2 41
18 30 39 15 46 22 32 1 16 5 47 24
18 30 39 15 22 46 32 1 16 23 19 3
43 11 31 0 25 8 37 6 40 41 29 14
30 18 39 15 22 46 1 32 16 5 23 19
11 25 8 43 31 0 6 37 40 41 29 2
29 14 6 0 8 31 25 37 40 43 11 2
0 43 8 31 14 11 6 25 37 29 40 41
18 30 39 15 22 46 32 1 16 5 23 47
23 13 29 38 45 44 24 37 25 0 11 6
46 39 22 30 15 18 32 1 16 7 5 10
18 39 30 15 22 46 32 1 16 5 47 23
11 25 31 8 43 0 37 6 41 40 29 2
18 39 30 15 46 22 1 32 16 5 47 19
31 43 11 8 0 25 37 6 40 29 14 41
8 25 6 31 0 43 11 37 40 29 41 2
43 31 37 25 0 11 8 6 40 41 29 2
15 24 1 45 28 32 39 22 46 34 18 30
11 43 31 0 37 25 8 6 40 41 29 2
30 18 39 15 46 22 32 1 16 5 23 47
43 31 0 11 25 8 37 6 40 41 29 2
18 30 39 15 22 46 1 32 16 5 47 19
6 11 0 31 37 25 14 43 8 2 40 17
24 15 32 1 19 30 28 22 23 18 39 46
8 25 0 6 43 37 11 31 40 41 2 29
34 24 28 45 15 29 32 21 1 2 13 5
46 39 18 15 30 22 32 1 16 5 47 23
43 0 8 31 11 25 37 6 40 41 29 2
39 22 18 30 46 15 32 1 16 23 24 19
18 30 39 22 15 46 32 1 16 5 24 23


21 46 14 32 37 38 0 7 23 36 39 35
41 19 17 29 8 2 24 11 12 3 30 43
2 19 17 29 41 8 24 11 12 3 30 20
41 17 19 2 29 8 11 24 12 3 30 20
46 21 14 32 38 37 0 7 23 36 39 35
41 19 17 29 2 8 24 11 12 3 30 20
5 25 39 24 47 18 37 4 7 10 45 6
46 21 14 38 37 32 0 7 23 36 39 35
21 46 14 32 37 38 0 7 23 36 39 35
41 19 17 29 2 8 24 11 12 3 30 20
17 41 19 2 29 8 11 24 12 3 30 20
46 21 14 32 37 38 0 7 23 36 39 35
21 14 46 37 32 38 0 7 23 36 39 35
17 19 2 41 29 8 11 24 12 3 30 20
41 19 17 29 8 2 11 24 12 3 30 20
38 46 14 21 32 37 0 7 23 39 36 35
41 11 19 17 8 2 43 27 30 29 12 24
17 19 41 2 29 8 24 11 12 3 30 20
16 1 28 30 15 6 13 12 7 26 44 47
46 21 14 32 37 38 0 7 23 36 39 35
21 46 37 14 32 38 0 7 36 23 39 35
21 14 46 37 32 38 0 7 23 36 39 35
19 8 17 29 41 2 11 24 12 3 30 43
3 16 5 42 43 40 25 8 29 6 4 7
7 37 46 38 32 45 21 14 0 4 39 35
18 15 31 45 23 1 4 25 13 26 12 6
36 4 7 37 45 14 46 21 26 38 1 32
46 21 14 32 37 38 0 7 23 36 39 35
46 21 14 32 37 38 0 7 23 36 39 35
29 17 19 41 2 24 8 11 12 3 30 20
17 19 2 41 29 8 24 11 12 3 30 20
25 24 11 41 2 8 29 19 17 12 34 16
46 21 14 32 37 38 0 7 23 36 39 35
46 21 14 32 37 38 0 7 23 36 39 35
17 19 41 2 29 8 24 11 12 3 30 20
24 29 2 17 41 19 8 11 12 3 30 25
30 18 2 15 19 41 17 11 27 29 12 1
46 32 14 21 38 37 0 7 23 39 36 35
29 41 17 19 2 8 24 11 12 3 20 30
6 32 14 46 7 21 38 37 35 0 23 39
29 17 19 2 41 8 24 11 12 3 30 20
46 21 14 32 37 38 0 7 23 36 39 35
18 1 12 23 44 34 47 6 4 26 17 9
46 21 14 37 32 38 0 7 23 39 36 35
17 19 2 29 41 8 24 11 12 3 30 20
41 2 17 29 19 8 24 11 12 3 30 20
46 21 14 32 38 37 0 7 23 39 36 35
17 41 19 2 29 8 11 24 12 3 30 20


47 15 21 26 38 34 19 33 27 25 11 0
21 47 26 15 38 34 19 33 25 11 0 27
47 26 15 21 38 25 34 33 19 27 11 0
21 38 47 26 15 34 27 25 33 19 11 0
21 26 47 15 19 38 33 34 27 0 25 11
1 29 0 30 25 38 26 47 21 15 33 19
5 8 42 18 39 44 20 22 23 10 13 16
21 26 47 15 38 34 19 33 27 0 11 25
47 38 15 26 21 34 25 33 27 19 11 0
8 5 18 39 42 44 20 22 23 13 10 9
47 21 38 26 15 25 34 27 19 33 11 0
42 5 8 39 44 18 22 20 23 10 13 16
27 38 11 47 34 21 15 26 33 25 19 0
5 8 42 39 18 44 20 22 23 10 13 16
27 29 34 37 35 31 47 38 33 15 21 26
40 16 36 31 13 23 43 46 20 32 1 28
26 21 47 15 38 34 25 19 33 0 27 11
5 39 8 42 44 18 22 20 23 10 13 16
21 47 26 15 34 19 38 33 27 11 25 0
5 8 39 42 18 44 20 22 23 10 13 16
47 21 26 15 34 19 38 0 33 27 25 11
47 15 38 26 21 34 19 33 27 0 25 11
23 18 13 8 5 39 20 42 44 22 41 9
38 27 21 34 47 26 15 33 19 11 0 25
31 4 35 14 3 45 11 33 15 27 19 44
47 26 21 15 38 19 34 25 33 11 0 27
5 8 39 42 18 44 20 22 23 10 13 16
47 38 26 21 15 34 33 27 19 25 0 11
5 18 42 8 39 44 22 20 23 10 13 16
9 14 6 1 2 32 29 4 30 17 24 25
18 5 42 39 44 8 22 20 23 10 13 16
40 29 30 15 33 34 38 26 47 21 25 0
40 41 8 42 5 39 18 14 44 22 16 31
30 9 3 6 25 33 38 41 26 21 34 11
39 5 8 42 18 44 22 20 23 10 13 16
5 42 8 18 39 44 20 22 23 10 13 16
47 21 15 26 38 25 34 11 19 33 27 0
18 5 44 42 39 8 22 23 1 20 13 10
41 40 14 6 45 24 23 39 8 4 5 18
5 42 8 39 18 44 22 20 23 10 13 16
5 8 39 18 42 44 20 22 23 10 13 16
38 11 47 27 21 34 25 15 26 33 19 0
39 5 8 18 42 44 22 20 23 10 13 16
25 24 38 26 15 21 47 11 33 34 29 0
18 5 42 44 8 39 22 20 23 13 10 16
14 9 13 29 6 41 3 2 1 10 45 30
26 47 15 21 38 25 34 33 19 0 11 27
41 3 40 13 10 12 28 8 18 6 5 22


1 8 20 42 22 11 30 36 2 15 39 3
8 1 30 20 42 36 2 3 15 39 35 37
37 35 16 40 27 26 42 30 45 8 12 47
1 8 35 2 16 37 30 26 20 42 32 11
44 22 10 28 20 31 4 17 21 46 34 40
44 17 28 41 22 31 4 0 46 24 21 34
37 12 40 28 17 27 35 16 21 26 31 46
16 35 26 37 30 8 2 45 3 29 15 36
29 2 45 26 16 0 41 35 47 23 13 19
40 27 1 42 37 5 11 20 8 14 28 10
2 19 1 8 47 5 11 38 35 30 9 46
44 22 1 4 5 10 20 31 13 21 46 33
26 16 45 29 17 0 35 23 37 12 28 41
17 28 41 0 44 24 29 26 23 45 7 34
40 37 27 28 3 15 42 39 35 16 20 30
12 17 28 26 37 16 40 35 45 21 31 46
0 3 39 15 23 36 26 16 41 45 29 17
17 23 26 16 0 29 45 37 28 35 12 34
1 2 22 8 19 20 5 42 11 4 47 10
1 22 2 19 8 20 5 4 10 44 30 36
44 28 17 0 40 22 4 41 13 23 24 34
41 0 17 29 44 24 9 26 45 23 28 7
2 19 47 41 4 29 36 5 1 22 13 14
5 22 44 33 31 1 21 46 38 4 34 14
37 27 12 38 40 21 46 35 31 1 30 42
41 29 2 19 0 9 45 26 16 38 24 46
15 39 44 3 40 28 36 22 10 27 5 4
37 40 27 35 12 16 28 26 42 17 30 21
37 40 27 35 12 42 16 1 38 30 26 21
37 40 27 1 42 30 8 20 35 11 5 12
44 41 0 28 17 24 7 13 43 29 22 23
16 26 37 17 35 28 45 0 40 23 29 27
2 44 22 41 19 4 24 5 36 10 14 1
16 26 9 35 2 29 32 45 8 41 0 37
40 42 27 20 1 22 28 37 31 21 44 46
0 41 39 36 3 15 23 24 44 29 45 17
37 40 27 35 42 30 1 20 16 3 15 26
44 22 4 10 31 20 21 46 1 28 33 24
37 40 27 42 30 35 1 12 38 20 8 21
0 45 29 23 17 41 26 16 28 3 39 15
27 1 40 42 37 20 30 31 21 46 8 12
44 17 41 31 28 46 21 0 29 12 38 34
1 2 22 8 19 5 11 36 20 47 4 9
41 44 22 2 36 39 4 34 19 15 1 24
2 16 9 26 29 35 19 38 41 32 46 21
0 26 17 16 23 28 45 29 3 15 39 41
40 27 37 42 28 20 35 16 12 30 18 9
44 17 28 4 0 24 23 39 41 15 22 33


42 46 1 32 26 12 28 5 14 30 15 20
6 35 21 4 47 44 14 11 8 33 2 41
35 37 16 9 47 10 40 4 6 33 31 22
36 7 17 47 46 26 20 10 22 24 34 3
2 9 4 45 8 31 15 27 43 28 13 16
1 5 40 28 35 26 2 12 47 4 30 43
26 16 31 23 29 12 0 5 8 45 37 14
25 37 14 47 3 16 10 9 33 6 34 35
46 1 30 47 12 42 43 31 14 28 0 15
13 38 7 19 9 15 22 20 3 39 24 16
25 31 14 15 43 18 40 44 9 13 38 19
30 27 24 8 45 3 2 4 28 37 29 46
36 17 7 19 38 18 32 26 10 20 22 6
39 16 3 27 34 24 40 32 37 30 42 2
46 31 30 14 34 26 25 42 23 27 39 43
8 45 2 28 4 27 12 29 43 21 41 30
44 21 47 32 1 14 3 33 38 42 5 6
8 45 15 4 27 2 9 28 31 47 29 43
5 42 24 26 46 12 29 30 41 14 47 0
9 2 4 27 45 8 43 15 31 28 33 37
31 8 2 43 45 28 27 4 46 12 29 1
17 36 19 7 18 6 25 34 38 11 22 32
3 40 24 39 10 37 25 22 34 27 45 20
5 34 25 26 16 10 47 0 31 1 37 36
8 45 4 28 2 27 29 12 41 43 21 30
26 17 42 19 18 38 36 7 32 5 39 13
16 23 35 37 6 32 43 18 40 33 26 11
44 25 47 14 21 15 6 34 1 30 3 20
29 41 8 45 12 28 2 27 4 30 21 43
18 19 31 13 15 38 9 22 34 26 7 6
4 8 29 45 12 28 27 2 41 21 30 16
43 45 8 31 28 2 29 46 12 27 41 21
9 15 27 4 45 8 2 31 3 43 16 18
25 6 31 14 35 32 5 18 16 11 47 34
5 42 26 18 38 46 31 19 15 32 17 9
16 35 4 37 33 40 9 3 27 2 10 41
17 36 19 38 7 18 26 32 6 10 22 0
12 29 41 30 20 44 36 11 7 28 21 14
8 45 4 2 27 28 29 43 12 41 21 30
41 20 16 29 28 23 12 22 24 27 3 8
36 17 19 18 7 38 6 26 32 22 0 20
16 37 6 31 22 10 23 4 35 11 9 13
12 23 29 41 30 28 20 27 8 0 44 45
12 29 8 28 45 4 2 41 30 27 21 43
19 18 38 17 7 36 6 22 13 34 26 32
37 16 4 11 14 25 1 6 43 9 12 29
31 25 5 14 13 6 38 43 19 44 18 32
42 14 6 47 32 46 0 26 12 1 11 21


12 37 1 40 45 14 29 15 23 38 43 10
20 47 12 11 1 37 26 2 8 7 40 30
19 6 9 36 27 32 18 25 5 42 46 41
12 37 34 1 2 40 13 38 39 44 46 42
40 13 3 36 32 2 41 8 46 12 19 45
2 17 39 40 44 26 32 25 12 46 20 21
33 22 10 14 18 5 15 16 37 29 7 23
14 0 10 5 19 41 22 36 37 31 33 13
17 39 44 30 42 2 35 21 4 20 3 26
17 39 2 44 21 30 4 7 26 20 32 46
14 37 33 22 10 0 45 5 19 34 12 43
39 17 44 2 12 21 30 11 46 32 40 7
33 22 7 37 10 14 16 31 30 18 23 35
19 27 46 36 42 35 13 14 38 3 32 0
39 17 2 40 21 26 44 32 12 46 38 20
17 39 2 44 21 32 31 12 30 40 4 46
14 0 6 10 41 34 19 15 5 16 43 22
12 1 37 40 45 38 46 35 16 23 31 13
45 12 37 23 44 46 7 30 1 32 42 35
20 34 11 44 35 36 8 26 28 2 6 0
5 10 14 22 18 41 0 33 24 36 9 28
22 14 33 10 5 37 0 18 16 15 7 6
37 10 33 14 16 22 43 12 7 15 34 1
12 40 1 2 32 44 46 38 45 39 17 37
1 37 12 31 14 10 15 45 33 38 23 36
24 37 10 14 33 22 5 45 1 19 28 15
23 12 37 40 30 7 3 24 1 44 26 42
37 14 33 1 10 22 12 24 45 31 0 23
8 41 39 17 2 26 13 20 40 46 28 11
40 3 2 17 12 38 39 44 1 46 32 27
35 42 30 44 4 19 27 21 16 17 34 20
22 33 14 10 37 31 5 0 24 18 23 15
44 35 47 20 7 17 39 2 30 11 12 1
39 17 44 2 12 30 1 26 21 31 20 46
40 2 1 12 39 29 32 38 17 13 43 45
37 1 14 12 10 23 33 22 30 35 45 16
17 39 44 21 2 9 31 26 4 32 20 30
18 9 11 22 42 34 20 33 3 47 25 5
14 22 37 33 10 5 24 0 18 23 27 16
37 1 12 40 14 38 0 24 10 35 45 13
9 17 18 44 39 42 21 2 26 20 32 3
17 2 39 32 44 40 21 26 46 20 9 4
22 33 5 10 14 18 9 24 23 0 15 37
22 5 33 10 9 14 24 37 31 1 11 47
2 17 21 39 44 32 4 42 26 9 20 38
0 2 32 12 37 36 35 19 40 25 42 13
2 39 17 40 12 32 44 36 38 26 8 21
37 1 33 31 10 14 12 8 0 22 24 23


6 35 9 45 19 2 15 36 0 22 10 5
39 30 28 46 29 1 38 9 40 16 37 13
5 26 37 22 42 34 24 25 35 11 47 9
46 3 21 27 14 40 47 15 34 11 16 0
25 10 1 37 22 8 12 23 32 44 2 15
36 16 11 4 29 19 28 27 17 42 43 38
35 45 6 42 36 2 32 25 26 14 34 10
34 0 5 36 12 40 33 25 44 17 3 7
5 6 34 36 11 21 0 35 17 19 3 33
25 2 37 10 44 1 23 39 22 28 15 46
5 37 22 44 1 21 12 35 47 3 24 34
5 11 34 47 35 21 42 36 17 0 33 18
34 5 21 44 0 11 12 3 22 14 47 33
12 21 44 5 34 3 6 22 0 13 20 17
2 25 10 27 13 30 39 20 1 45 23 44
37 25 10 1 23 8 32 22 12 28 9 43
0 34 36 6 21 5 11 19 38 33 3 17
25 16 27 43 10 1 4 12 29 40 22 30
12 40 25 47 27 44 33 4 14 34 17 29
28 29 37 1 8 25 27 32 4 10 23 16
38 19 0 6 2 39 23 36 21 3 15 9
6 35 21 0 19 34 36 5 3 38 11 45
9 6 35 32 19 45 38 17 15 36 42 31
1 10 43 4 32 23 8 37 25 29 12 9
12 5 35 3 21 22 44 33 34 6 13 26
10 32 43 8 1 23 4 37 25 15 29 2
27 16 25 45 36 4 29 10 41 32 19 28
21 44 12 5 38 33 34 3 0 35 7 13
34 0 12 21 5 41 6 35 20 3 33 46
37 10 23 1 44 2 8 32 24 22 39 12
21 24 6 5 20 39 7 11 45 34 38 35
21 36 6 19 47 18 35 34 0 11 3 5
34 5 22 0 6 3 21 33 9 35 36 17
9 22 17 36 43 27 46 35 42 6 19 34
44 2 13 38 30 12 26 41 3 20 8 39
47 17 34 36 35 46 11 5 42 22 28 4
4 29 8 32 1 16 43 27 11 28 23 10
2 20 27 6 19 0 42 36 41 32 44 45
1 37 12 8 23 10 25 4 44 13 40 7
25 2 40 30 44 13 10 28 3 14 37 23
45 4 35 34 11 43 7 26 14 27 5 12
21 11 35 38 36 5 34 0 6 19 17 7
5 34 0 44 12 22 3 33 47 46 11 6
43 2 27 19 16 36 32 38 25 0 42 46
1 8 10 37 23 32 25 2 31 24 29 15
32 19 45 27 4 16 10 6 2 29 36 15
44 21 12 0 34 5 3 38 33 39 2 20
30 13 7 9 40 14 3 5 34 25 36 0


24 27 34 13 20 17 15 37 46 7 19 28
45 6 40 36 5 38 47 2 22 42 41 43
27 13 24 34 20 17 46 15 19 7 37 12
22 40 36 5 45 42 47 16 38 25 3 9
6 45 5 36 40 1 2 47 30 12 11 33
45 40 5 47 36 38 16 32 2 22 30 6
24 7 27 34 13 20 12 46 15 17 37 19
46 4 30 17 10 20 15 11 24 34 37 47
25 44 39 14 29 22 42 10 43 15 13 7
5 8 25 30 36 16 18 4 10 39 9 44
44 25 39 7 10 43 18 4 38 47 8 17
45 5 40 36 2 38 47 16 6 30 32 22
12 20 46 7 24 19 33 13 27 21 34 31
27 17 13 24 20 34 28 15 7 18 10 19
5 2 45 47 32 36 6 30 16 40 38 11
30 6 45 17 0 22 41 47 11 36 8 42
30 23 25 10 36 11 1 39 2 14 5 42
33 2 32 31 18 1 28 21 29 6 5 44
45 36 6 2 40 43 5 38 42 30 47 11
26 29 16 38 5 3 36 11 40 22 18 32
3 40 26 43 12 6 22 7 36 41 45 15
9 26 3 23 46 15 14 42 21 22 34 18
30 42 14 23 0 1 39 24 19 15 4 11
5 2 36 45 40 47 32 16 6 11 38 30
21 18 31 4 38 28 39 32 2 16 33 3
35 16 2 26 25 32 38 11 5 10 47 4
34 37 24 13 27 20 7 15 46 17 28 41
3 23 26 9 43 1 21 42 33 29 8 40
12 33 7 20 46 27 28 21 34 24 13 31
15 26 13 9 27 24 18 46 3 34 4 23
26 35 3 18 10 31 7 44 29 28 15 2
34 13 27 24 12 7 15 28 37 20 26 17
6 36 41 11 45 5 40 2 42 47 26 12
8 17 37 34 7 27 13 41 15 46 24 20
4 16 29 39 32 22 9 47 30 38 2 8
27 24 34 13 17 28 20 46 15 18 7 21
29 3 33 18 10 28 35 32 44 38 2 7
6 12 11 41 35 8 45 0 46 7 37 33
27 13 17 24 34 20 28 46 15 21 18 37
13 34 24 27 20 12 17 37 46 15 7 28
33 7 43 40 32 1 22 26 28 29 21 8
24 34 27 13 20 17 19 46 37 7 12 21
18 10 38 45 44 6 5 29 47 2 25 40
34 13 24 27 20 37 17 46 7 15 12 28
4 9 39 21 0 29 32 16 2 38 47 18
17 27 24 34 13 20 28 21 7 23 46 15
24 13 15 27 34 17 20 37 19 46 23 4
12 13 20 27 34 24 7 28 46 33 17 41


31 46 16 29 19 14 11 47 22 7 21 45
14 29 16 47 45 31 46 21 7 19 22 26
39 18 20 2 37 47 16 46 14 27 29 11
34 6 0 28 33 32 13 24 3 4 1 44
45 7 40 22 11 19 29 31 13 28 46 18
45 18 39 37 2 42 22 7 20 10 12 27
33 3 32 24 23 6 0 36 34 44 12 1
46 31 29 16 19 14 11 47 7 22 45 21
26 31 19 16 11 14 29 5 46 22 15 4
8 35 33 44 17 1 10 24 36 32 23 0
31 46 29 16 19 14 11 47 22 7 45 26
31 29 16 19 46 14 47 21 11 7 26 22
29 31 46 19 16 14 47 7 11 22 21 45
2 39 18 37 20 42 27 47 46 43 25 11
46 31 19 29 16 14 11 47 21 7 2 22
37 17 11 8 9 15 46 47 16 2 40 5
18 27 39 38 47 20 14 2 46 29 16 37
46 29 31 16 14 19 47 22 11 7 45 2
33 3 24 6 0 32 23 34 36 12 44 35
46 47 31 29 16 14 19 11 2 18 37 39
6 29 14 21 25 34 4 26 32 19 0 13
31 28 30 19 16 29 46 11 1 35 27 22
15 17 8 10 44 37 12 5 33 32 23 36
24 32 3 33 23 12 10 36 44 8 0 6
23 38 3 17 8 24 35 33 36 27 32 10
38 27 45 10 30 42 39 9 37 18 16 23
16 31 47 46 14 29 19 22 12 21 7 26
6 34 0 32 13 25 44 33 4 39 10 28
29 31 46 16 14 19 45 21 7 28 47 11
37 17 23 3 8 18 36 24 39 35 0 6
33 24 10 44 32 12 34 15 1 36 3 35
4 30 44 41 26 9 43 22 7 13 31 29
44 34 6 39 32 33 12 0 23 10 18 3
18 2 39 37 20 42 6 23 41 17 3 27
45 22 31 11 29 19 7 16 13 46 30 14
31 29 46 16 19 14 11 47 22 7 45 21
30 45 27 22 38 10 7 44 37 42 47 9
26 4 25 6 29 31 3 23 13 16 0 19
39 20 2 37 18 47 17 4 23 28 40 38
39 20 47 18 37 22 27 45 5 34 43 1
11 31 14 16 46 29 45 7 19 15 22 47
45 7 30 9 29 22 10 16 27 14 42 38
33 32 34 24 0 6 3 44 10 12 23 1
16 14 31 29 19 46 21 26 22 47 11 45
31 19 11 16 46 29 14 22 5 40 47 26
46 31 19 29 16 47 14 11 21 22 27 2
5 15 17 8 37 35 11 1 36 10 9 40
11 5 15 1 17 45 35 36 37 13 34 10


23 1 33 30 9 29 44 31 2 16 27 42
18 43 36 26 5 8 39 40 12 38 17 41
36 21 43 41 19 18 40 4 8 11 34 24
11 4 0 22 8 2 42 3 29 36 41 21
14 42 26 16 45 39 44 38 9 5 33 17
31 23 32 30 38 29 5 10 1 27 13 19
18 41 36 15 21 8 26 40 12 0 43 5
29 1 30 23 27 16 42 9 44 14 45 2
6 16 29 42 33 23 14 2 30 0 45 9
4 41 36 11 43 40 22 8 19 18 31 12
5 18 8 36 40 26 17 38 12 0 41 43
36 41 43 8 40 18 17 4 11 5 12 19
30 33 6 1 23 31 29 16 9 39 2 44
41 36 43 18 4 8 40 15 11 17 19 21
31 30 23 27 4 1 2 29 10 35 25 15
41 36 43 4 18 11 8 17 40 19 22 46
19 41 26 36 24 18 46 12 38 43 4 21
31 23 30 33 1 6 29 2 18 34 20 19
0 29 40 18 23 42 30 19 7 1 2 36
41 11 22 4 36 17 40 25 8 43 24 15
47 5 4 31 15 23 7 32 19 13 30 41
43 18 36 24 12 13 41 34 40 8 21 28
35 26 46 9 33 38 19 23 39 1 28 15
18 36 43 41 40 8 17 4 12 11 13 5
14 45 39 44 33 42 37 9 16 10 6 17
11 41 4 22 36 3 21 0 24 26 43 12
6 0 16 29 42 2 23 14 30 33 22 20
41 4 36 43 11 18 21 8 40 0 19 47
23 1 27 29 30 31 37 9 16 45 44 10
43 36 41 18 8 4 40 24 11 12 19 17
8 36 18 17 41 43 40 11 26 12 5 3
41 36 21 15 8 43 11 17 40 4 18 24
21 36 8 41 11 19 43 4 40 18 17 32
5 17 38 40 26 37 8 36 18 9 14 22
17 41 36 8 40 5 18 43 11 4 15 26
4 11 41 22 24 43 36 8 15 40 47 28
14 44 42 9 16 33 39 11 25 45 6 37
36 41 43 18 40 8 11 17 7 4 12 19
36 8 41 11 4 18 17 43 40 19 12 22
36 8 41 17 40 43 18 11 4 19 38 5
13 23 47 30 1 31 7 29 3 32 27 0
16 42 45 29 14 6 27 30 33 44 23 9
36 41 43 8 40 18 17 11 4 5 12 7
36 41 43 18 4 40 19 24 12 8 11 21
44 45 27 1 37 14 42 16 29 9 39 30
38 19 5 32 7 22 20 17 46 10 3 34
16 29 42 14 6 23 0 9 20 45 33 26
43 41 36 8 40 4 11 31 22 7 5 15

