16 42 4 0 3 47 15 7 43 26 8 46
42 16 0 15 4 47 3 7 43 26 8 46
14 12 9 18 30 29 39 19 40 34 11 41
34 40 11 9 19 12 14 1 18 30 45 29
46 44 43 26 47 4 7 3 8 0 42 15
14 30 18 29 12 39 9 41 33 21 19 37
37 21 33 41 39 29 30 18 28 14 13 12
12 14 9 40 19 18 30 34 11 29 39 45
2 25 6 44 8 10 46 26 7 43 3 47
32 36 17 27 24 23 20 31 2 22 25 3
32 24 20 36 27 17 35 23 31 2 25 22
42 16 0 4 47 15 3 43 7 26 46 8
37 21 33 41 39 29 30 18 14 12 9 28
22 32 36 24 23 5 27 20 17 38 31 1
8 7 3 26 43 44 47 46 16 25 42 4
12 9 19 14 40 34 11 18 30 29 39 45
19 11 45 40 12 14 34 9 30 18 29 39
36 17 24 32 27 20 31 23 22 5 6 25
20 27 24 32 23 36 17 35 31 2 22 25
11 40 34 19 9 12 14 45 18 30 29 39
27 20 24 17 23 36 32 35 2 31 25 3
39 29 30 18 41 33 21 14 37 12 9 19
24 32 36 20 23 17 27 5 22 35 38 6
20 2 31 27 32 3 25 24 45 42 26 4
23 20 24 22 27 5 35 32 36 38 15 7
1 10 11 2 34 40 19 9 45 12 14 6
15 0 42 4 16 47 43 3 7 26 46 8
24 36 32 22 23 5 20 27 15 16 42 0
20 27 23 24 32 36 5 22 35 17 31 38
34 40 11 19 12 9 14 45 18 30 29 39
42 0 16 15 4 47 3 7 43 8 26 46
36 32 17 24 31 27 20 23 22 5 6 25
23 24 27 20 32 22 5 36 38 17 1 31
12 9 14 19 40 11 34 18 30 29 39 45
24 20 36 17 27 23 25 32 6 22 8 7
19 11 45 40 14 9 12 34 30 18 29 39
13 15 37 33 21 0 41 39 29 42 16 28
10 6 1 44 46 25 43 8 2 26 7 3
42 16 4 3 0 47 7 15 43 8 26 44
0 42 15 16 4 47 3 43 7 26 8 46
30 29 18 14 39 12 41 33 9 21 19 45
24 17 36 32 20 23 27 31 5 22 6 35
0 42 4 16 47 15 3 43 7 26 46 8
4 47 43 0 7 16 3 42 26 46 44 8
19 11 34 40 12 9 14 45 30 18 29 39
31 24 32 36 20 27 17 23 2 25 22 8
28 30 39 29 14 18 45 41 21 33 37 19
19 12 14 9 40 30 18 11 34 29 39 41


47 6 40 44 42 4 37 5 13 26 45 38
12 0 1 32 7 36 39 13 21 45 34 10
17 24 8 14 3 19 2 27 22 33 11 46
14 24 17 8 27 3 33 19 2 22 46 11
11 22 27 33 3 19 8 17 2 24 14 46
5 30 41 4 28 45 16 43 38 9 27 46
5 31 9 3 19 2 8 46 17 14 24 27
11 22 33 27 3 17 8 19 24 14 2 46
17 8 3 24 19 27 14 2 22 11 33 46
28 41 30 29 40 42 18 33 23 27 22 6
11 22 27 33 3 17 19 8 24 14 2 46
17 24 8 2 14 19 3 27 22 33 11 46
14 24 17 8 2 3 46 19 27 22 33 9
42 40 41 43 47 35 6 26 44 9 13 29
12 32 36 0 1 7 21 10 39 25 13 45
44 47 6 42 5 16 40 38 45 4 25 37
15 9 46 10 21 4 2 14 24 17 28 8
39 7 18 0 23 1 34 13 37 12 32 36
14 24 17 8 33 27 3 46 2 22 19 9
10 21 36 25 15 32 12 45 20 0 1 7
41 28 30 31 29 43 35 42 18 40 1 13
47 6 44 42 40 37 13 25 35 4 26 20
28 41 30 29 31 46 43 35 40 33 19 42
28 30 41 29 42 31 40 35 46 43 6 13
9 2 46 19 8 24 17 14 3 27 22 11
28 35 29 31 41 43 30 26 18 19 2 46
28 30 41 31 43 4 16 38 18 5 45 9
17 24 14 8 3 27 19 2 22 33 11 46
27 17 22 24 33 14 8 3 11 19 2 46
47 44 9 2 3 40 8 19 46 17 42 24
47 6 44 42 40 26 13 37 4 25 5 38
41 28 42 20 40 30 44 9 6 43 5 47
11 22 27 33 3 8 17 19 24 14 2 46
46 2 24 14 8 9 17 3 19 27 33 22
11 22 27 3 19 8 17 2 33 24 14 46
1 7 0 32 12 13 39 36 18 25 34 45
14 24 46 17 8 2 9 3 19 27 33 22
47 42 6 40 44 37 25 35 4 13 43 20
7 1 0 12 39 34 32 13 18 36 25 45
19 8 2 3 17 27 24 14 22 11 33 46
11 19 3 22 2 27 8 17 33 24 14 9
12 0 1 32 7 36 39 13 21 25 45 34
42 40 4 6 47 44 13 41 38 26 16 1
22 27 11 33 17 3 8 24 19 14 2 46
28 29 41 30 46 31 40 19 33 27 14 17
46 2 19 8 17 9 24 14 3 27 11 22
2 9 24 17 8 14 19 46 3 27 22 33
17 24 27 8 3 22 14 19 33 11 2 46


5 25 15 22 40 0 14 36 18 45 46 24
9 17 42 43 41 47 40 26 1 28 27 35
18 46 24 45 3 40 25 0 36 22 15 5
24 46 18 3 45 40 25 0 22 36 15 20
25 22 15 5 40 0 18 36 45 46 14 24
1 15 5 17 33 25 14 22 45 0 40 28
35 14 26 36 13 0 15 42 5 22 39 29
15 5 25 22 0 40 14 36 18 45 46 24
47 29 6 17 23 21 27 31 1 41 43 44
3 45 25 24 20 22 18 40 46 15 0 5
34 39 11 44 10 38 27 32 23 16 6 35
46 24 18 3 45 13 36 40 0 25 22 26
0 36 15 40 22 25 5 18 14 46 45 24
35 41 43 29 34 1 11 39 6 7 44 42
35 39 26 34 11 29 13 44 6 42 1 2
29 6 47 23 35 44 34 11 27 10 1 17
35 29 17 6 41 47 14 26 1 9 39 34
29 6 1 21 23 4 47 11 44 35 31 2
23 10 44 27 6 34 29 38 47 11 30 32
25 22 40 15 5 0 18 36 45 46 24 14
32 10 30 31 23 38 44 12 6 21 37 27
6 29 47 23 27 21 30 10 44 17 32 12
25 40 45 22 18 15 3 0 5 24 46 36
30 38 27 10 12 23 32 44 47 21 34 6
35 29 6 47 1 17 23 14 11 2 44 34
9 40 22 18 25 42 0 45 5 3 15 24
1 29 21 6 47 17 4 23 31 12 27 35
25 40 22 5 15 0 36 18 14 45 46 24
3 24 46 18 45 13 40 36 20 25 0 16
13 26 46 18 24 3 45 36 16 0 42 40
5 25 15 22 40 0 14 36 19 18 45 46
29 6 23 44 47 27 34 10 11 35 32 38
3 24 46 18 45 20 40 25 0 22 36 13
1 41 17 29 43 35 4 47 6 9 27 42
26 35 39 13 16 42 36 11 34 44 8 0
22 0 25 15 40 5 36 14 18 46 45 24
18 46 24 45 25 3 40 0 36 22 15 5
19 5 15 22 33 25 14 40 31 0 36 45
16 2 8 33 7 11 37 13 36 24 45 46
3 24 45 18 46 20 40 25 22 0 15 36
19 5 22 25 15 40 0 20 14 36 45 18
16 7 2 42 32 8 30 11 12 38 3 37
13 46 24 18 3 45 26 36 16 0 40 25
6 29 47 23 27 44 10 34 11 32 17 21
13 26 16 39 24 3 46 18 45 43 34 20
5 15 22 25 14 40 0 36 18 19 45 46
6 29 23 44 11 34 47 27 10 35 32 39
47 21 6 29 23 30 12 27 17 10 32 38


42 2 35 0 46 3 5 8 6 43 25 26
0 2 35 46 5 42 3 36 6 25 40 8
30 38 40 34 17 13 47 12 1 8 3 45
19 39 4 27 32 11 28 45 25 7 37 15
16 37 24 31 21 38 7 39 11 34 26 1
21 7 11 4 39 19 32 23 10 1 47 37
2 42 46 24 0 23 35 10 20 40 5 18
43 34 26 41 29 12 9 11 4 1 21 17
27 25 19 39 6 4 45 3 37 32 8 28
0 5 46 2 35 36 42 3 6 40 31 8
7 11 21 4 39 23 19 32 10 1 24 34
24 16 23 10 21 7 47 22 1 17 14 11
7 23 10 11 21 24 1 32 4 39 19 47
16 17 24 29 43 9 46 23 10 12 2 5
25 6 27 3 45 35 0 36 42 5 37 19
2 46 42 0 16 35 5 24 20 40 3 23
7 11 4 21 39 32 19 23 10 1 28 24
40 30 2 46 0 5 35 13 42 3 36 8
6 35 5 0 36 3 25 46 2 42 31 40
42 18 2 3 0 35 41 46 5 14 8 33
34 12 43 20 1 29 41 18 17 44 5 10
27 19 39 4 32 45 11 28 25 37 21 7
33 41 18 47 38 16 44 14 13 23 24 22
7 11 23 21 10 4 32 1 39 24 19 28
18 38 45 13 1 40 19 39 4 33 21 11
11 4 39 19 7 32 21 1 10 23 28 27
34 1 43 11 23 21 7 10 4 32 26 9
43 34 26 33 41 9 1 12 8 20 5 46
2 46 0 35 42 5 3 36 6 8 40 20
6 25 35 3 0 5 36 42 46 2 27 8
16 24 29 22 47 46 31 17 36 44 2 43
2 42 46 35 8 5 0 43 26 41 9 3
10 11 7 23 32 1 4 21 24 39 19 28
41 26 47 34 13 43 33 10 18 24 17 23
7 11 21 23 4 10 32 39 1 19 24 47
39 19 7 4 32 11 21 47 14 13 27 37
42 2 35 0 3 46 5 40 6 8 36 25
29 12 6 25 36 5 35 0 3 46 31 2
10 23 1 7 11 32 24 28 4 21 34 39
27 19 39 4 32 28 25 11 45 12 22 29
2 46 0 35 42 5 3 36 40 6 8 20
35 0 42 2 3 5 46 6 36 25 40 8
27 25 6 37 45 19 39 36 3 31 35 0
16 22 24 29 47 14 17 15 26 21 23 7
42 3 28 2 35 0 40 46 8 45 25 32
35 0 42 2 3 46 5 6 36 8 25 40
43 34 12 46 5 2 29 35 9 0 26 8
35 0 5 46 36 2 6 3 42 25 31 40


25 46 35 41 20 29 31 9 34 40 8 1
38 28 27 6 5 14 4 42 43 22 17 18
36 32 10 17 4 23 18 22 30 0 21 7
40 8 34 9 31 29 45 46 41 15 35 24
40 8 34 9 31 45 15 29 41 46 24 28
22 19 18 1 17 0 23 10 36 25 20 37
40 9 34 8 45 31 29 42 41 46 24 13
20 46 41 29 25 31 35 9 34 8 40 33
22 36 17 23 10 32 18 4 30 37 0 19
21 45 24 15 4 12 7 47 32 36 17 30
19 18 0 17 22 10 30 36 23 33 1 7
36 23 10 17 32 4 21 30 22 18 7 0
9 40 29 41 46 34 8 31 35 25 20 27
40 34 8 9 31 29 41 46 45 35 15 25
11 12 16 14 7 2 21 0 3 36 10 15
2 28 27 14 26 38 5 6 39 36 32 0
46 41 35 31 29 25 20 9 34 40 8 1
22 19 18 1 25 20 17 35 0 36 37 10
21 7 4 36 15 10 17 23 30 24 47 12
2 6 39 26 28 27 5 14 11 38 43 16
33 0 7 19 30 18 47 10 17 15 4 20
15 8 40 34 9 45 33 31 7 21 24 47
32 36 22 23 37 17 10 18 4 21 24 30
29 41 46 35 25 31 20 9 34 40 8 33
17 22 10 18 36 23 4 30 0 32 14 19
36 23 10 4 21 17 32 7 30 24 18 0
36 17 22 10 18 4 23 30 0 32 21 7
40 8 34 9 31 29 46 41 33 15 45 35
32 37 22 24 36 23 17 4 21 10 45 18
40 9 8 34 31 29 41 46 35 45 25 20
40 34 9 8 31 29 41 46 35 25 20 33
9 40 34 8 31 29 41 46 35 25 20 28
15 21 7 45 24 12 47 4 30 10 36 0
39 2 6 28 16 26 44 5 30 43 36 32
21 24 45 15 12 7 32 4 36 23 47 10
36 17 23 10 32 4 18 21 22 30 0 7
5 13 43 42 6 16 11 0 47 38 33 4
45 24 15 21 40 12 8 34 9 37 39 16
3 6 13 16 11 39 30 4 14 44 37 45
36 21 10 4 17 7 23 30 32 0 18 47
45 24 21 15 37 12 40 8 34 9 32 39
19 18 0 17 10 22 30 23 36 7 1 4
38 28 27 6 14 13 8 40 34 3 9 31
36 17 10 22 23 32 18 4 0 7 30 21
43 6 5 39 42 2 47 38 30 28 21 44
12 26 4 14 39 17 21 10 36 7 23 22
3 42 23 30 10 21 38 22 37 32 15 17
40 34 8 9 31 29 41 46 35 25 20 45


44 45 7 2 38 15 47 8 41 29 46 42
31 33 25 41 46 8 15 29 5 0 17 11
8 33 41 46 15 11 4 29 44 42 7 31
11 20 46 9 28 4 33 41 8 29 15 31
32 24 22 43 11 2 14 25 41 12 33 0
13 33 14 41 26 8 2 18 9 10 31 44
8 33 29 41 46 15 31 11 4 44 42 0
24 41 14 18 2 36 42 47 32 33 10 7
25 43 24 27 22 2 34 30 33 19 15 13
16 5 31 0 18 25 21 14 2 26 3 12
20 28 9 42 4 10 37 12 17 33 32 34
13 20 31 40 9 24 46 28 16 0 37 29
13 24 34 29 1 26 21 30 43 2 31 20
33 40 8 22 35 14 17 9 32 41 46 15
8 41 44 15 33 46 4 7 29 47 42 11
13 37 24 2 21 23 27 18 40 25 43 39
31 39 12 28 0 27 36 32 46 24 20 26
10 9 13 20 15 43 28 11 34 33 2 38
17 1 21 6 30 23 22 5 4 13 29 15
1 30 6 38 7 5 36 2 42 45 47 0
6 14 2 30 16 0 38 23 40 13 43 17
1 7 47 42 41 29 8 44 30 46 38 4
14 22 2 32 40 24 18 37 28 25 7 20
8 41 33 15 46 4 7 47 11 44 42 1
1 47 4 42 30 7 29 21 41 5 6 46
28 20 9 43 17 37 35 10 30 4 13 2
31 8 46 0 41 1 7 44 15 47 33 26
45 14 18 7 10 44 40 37 32 38 4 42
18 1 29 13 30 8 26 6 39 5 41 2
8 15 41 44 33 46 7 26 1 29 4 30
18 24 41 2 29 33 37 47 31 0 4 8
14 18 22 32 10 37 2 24 38 45 25 33
14 46 7 5 45 47 18 27 0 44 41 37
13 2 26 31 29 10 34 24 27 9 3 18
47 44 41 45 42 7 15 8 4 38 46 33
41 4 47 46 42 1 33 8 36 15 9 0
32 12 0 31 24 46 29 14 19 40 2 27
20 28 9 37 32 12 18 26 19 13 24 35
8 33 41 15 11 46 44 4 42 30 29 7
44 8 41 15 7 38 46 47 33 42 4 1
1 30 6 47 21 5 4 23 36 42 29 41
8 15 44 46 7 41 4 33 11 47 42 29
41 47 33 8 4 7 42 46 15 26 36 1
14 18 44 45 6 22 17 10 40 37 7 3
14 2 6 37 18 10 3 40 13 0 23 12
17 6 5 30 23 1 21 20 35 11 28 13
8 41 33 15 46 44 11 4 29 7 26 30
28 9 20 26 39 12 42 22 37 24 17 32


22 26 11 5 21 1 24 15 19 12 2 3
40 8 39 42 0 36 23 7 16 9 18 31
6 13 3 26 5 11 2 21 12 15 47 43
17 5 21 26 14 11 1 12 6 28 22 47
39 42 8 34 40 0 18 46 16 7 36 23
22 24 26 30 1 20 11 28 5 15 19 21
12 21 32 19 1 5 47 41 44 11 27 6
43 3 17 28 33 11 47 32 0 24 9 1
3 6 9 15 2 5 21 12 13 38 11 43
31 45 35 7 15 2 24 22 13 26 5 38
0 18 23 8 39 27 29 10 16 46 36 30
33 25 39 42 8 0 37 46 10 18 7 16
22 20 28 1 11 19 30 5 26 21 12 32
39 8 42 7 0 16 40 18 10 23 46 36
11 26 21 19 5 12 22 13 6 1 28 47
17 14 34 28 4 47 43 11 2 22 30 32
37 17 14 33 11 28 38 32 42 41 39 9
7 35 31 43 15 22 13 24 40 5 2 45
39 8 16 42 0 18 23 7 46 40 10 36
22 24 26 20 11 30 1 5 15 28 2 47
46 7 35 42 24 40 15 39 18 25 2 10
20 22 30 18 0 1 28 10 24 27 11 26
30 20 1 22 26 28 18 11 47 24 46 5
24 30 20 22 46 18 26 1 35 28 0 42
8 9 36 39 42 16 40 23 7 10 29 25
6 3 11 5 2 21 47 13 12 43 15 26
17 13 26 4 15 2 22 38 11 34 24 3
8 39 23 16 0 36 29 18 42 27 10 7
8 39 16 23 36 42 41 29 0 18 7 40
46 35 7 24 42 18 20 40 15 39 30 22
13 26 11 22 2 15 5 6 3 21 12 47
26 21 11 12 5 22 1 43 47 19 6 28
6 13 3 2 15 5 11 26 21 12 38 43
6 21 12 3 5 13 11 26 19 32 2 47
41 36 29 16 44 23 9 32 8 38 43 45
3 38 2 25 9 13 15 43 40 6 17 24
19 28 30 18 26 46 27 22 1 20 44 21
1 5 21 26 22 11 28 12 19 47 30 20
5 26 11 22 21 1 12 6 47 19 3 2
8 39 23 16 36 29 0 41 42 40 9 27
42 7 39 8 40 16 9 46 36 0 23 35
19 1 12 21 27 28 32 5 11 30 26 44
18 46 39 0 8 10 7 42 23 30 40 16
0 18 39 10 46 30 8 27 20 23 42 29
30 1 28 20 27 22 19 18 0 26 11 21
17 14 4 34 28 22 11 1 38 26 5 47
43 31 22 45 5 26 35 21 47 6 13 34
35 9 7 42 15 40 38 25 2 24 3 37


18 43 0 29 13 7 14 39 44 16 34 25
34 17 37 42 4 46 38 2 26 0 45 19
37 26 30 47 12 19 25 4 38 20 1 36
37 34 38 17 4 19 20 21 1 42 41 2
46 33 32 37 3 35 42 34 28 31 2 36
3 46 42 22 11 23 28 5 32 9 12 10
11 27 24 35 40 32 31 3 33 5 23 22
45 6 44 18 14 13 43 39 29 0 7 8
11 5 22 27 23 24 32 40 3 35 28 10
39 30 44 9 17 45 0 47 36 6 8 10
37 34 20 3 46 1 42 15 17 30 38 7
3 46 28 22 33 12 32 9 18 30 31 7
40 23 27 35 32 11 33 31 24 5 3 10
26 32 25 1 11 14 33 27 6 23 40 8
18 13 45 44 14 6 29 43 0 7 8 24
19 38 37 34 17 41 20 1 36 7 21 24
14 6 44 45 7 0 43 25 18 39 29 8
34 37 38 19 17 4 20 42 1 46 21 41
1 26 36 37 20 32 17 16 38 7 19 15
37 34 20 38 19 17 33 1 41 46 35 2
4 17 38 23 34 42 21 19 46 37 40 13
9 6 35 3 27 14 43 0 18 29 33 41
11 23 3 40 5 22 31 10 39 9 33 35
3 27 24 11 20 32 31 5 33 35 15 41
24 38 19 35 41 27 20 37 4 13 17 1
19 38 17 20 21 24 4 2 37 27 41 34
24 7 13 23 40 27 11 12 29 18 10 20
11 27 3 32 24 35 30 31 22 5 33 28
23 11 5 22 3 40 28 32 42 46 10 12
41 9 46 21 23 5 40 47 42 11 29 22
10 23 46 9 22 47 42 41 40 3 29 5
2 12 47 10 20 17 38 21 3 11 13 23
26 2 32 4 6 23 15 45 17 36 9 7
37 33 36 34 35 1 2 3 26 9 32 25
6 18 45 43 13 44 14 0 7 8 39 25
27 3 11 33 24 35 31 22 32 28 5 39
14 11 45 43 29 18 25 6 3 13 22 32
18 43 0 28 29 13 14 45 17 24 20 44
21 42 38 4 19 17 23 34 37 13 40 20
11 3 27 22 32 33 5 28 31 12 35 24
23 46 11 22 42 28 3 32 5 40 10 9
24 11 16 27 39 12 22 3 32 2 35 20
41 26 6 8 24 38 45 19 21 29 20 0
45 6 18 13 44 14 28 7 8 43 41 10
28 2 30 41 25 22 3 47 20 8 24 9
22 31 11 1 3 41 10 28 7 38 20 19
11 23 22 3 32 5 28 40 46 42 9 10
34 42 4 37 17 38 46 19 21 20 15 7


28 3 33 36 19 6 10 17 1 0 21 9
22 3 42 43 9 11 44 31 2 37 34 38
0 40 8 30 9 43 32 21 15 23 24 3
45 2 46 32 19 14 40 1 22 42 41 27
34 40 1 0 22 33 3 31 6 15 12 23
23 33 13 24 5 7 15 32 21 34 0 9
28 7 14 25 38 13 20 24 17 19 11 27
30 39 32 37 19 36 38 25 5 16 14 2
34 15 6 24 3 10 22 5 40 31 4 1
14 7 20 10 2 45 35 13 27 11 40 28
38 37 30 32 6 1 25 19 14 28 11 18
9 29 17 37 5 18 8 19 44 13 28 33
38 37 2 6 28 47 18 42 10 29 25 16
24 23 7 13 33 15 45 0 32 25 6 21
34 40 1 31 0 22 3 33 44 15 42 39
37 38 30 11 18 47 43 2 16 44 19 32
7 13 23 14 24 20 11 17 25 35 27 46
4 23 0 33 31 3 15 13 34 36 22 7
2 45 19 14 30 9 38 25 27 17 41 37
46 39 16 26 47 20 41 13 4 42 35 7
34 40 0 1 33 22 24 23 15 3 6 31
37 43 18 47 23 30 2 29 38 39 7 46
36 28 25 20 27 41 31 7 35 47 29 38
24 40 12 34 6 25 23 17 11 33 47 3
33 34 31 15 23 1 24 22 0 40 21 6
19 5 21 30 8 36 17 39 27 37 18 28
34 33 23 40 15 24 22 6 0 5 1 8
30 0 39 43 37 20 8 18 13 40 47 12
17 3 33 1 31 0 12 24 11 45 19 39
7 13 14 20 39 43 46 4 16 47 32 10
7 13 4 44 31 23 35 0 28 14 15 20
4 44 13 7 31 46 20 28 14 35 0 27
12 24 11 14 17 10 25 20 7 6 46 28
9 29 25 42 2 18 17 44 1 33 19 5
9 42 45 29 46 14 23 35 6 44 7 25
20 7 44 35 14 13 4 36 27 10 28 25
3 24 34 33 0 15 36 40 11 12 38 16
31 26 34 44 0 1 12 40 8 42 39 3
37 18 38 2 47 4 39 13 7 43 46 15
39 43 30 37 38 5 10 47 28 8 23 18
24 34 6 40 11 12 22 38 16 37 42 30
31 3 36 0 34 1 42 45 38 20 4 22
45 27 20 41 36 38 28 35 14 43 26 30
39 43 37 30 38 47 26 18 5 4 8 32
9 17 19 29 27 5 8 21 28 10 18 4
4 44 31 35 5 10 1 13 9 45 26 28
34 40 43 37 39 31 29 47 0 18 30 12
31 1 15 33 3 0 32 35 26 23 4 22


23 35 1 36 29 4 34 25 39 17 11 30
11 25 14 33 30 42 37 28 34 44 8 6
0 27 17 44 23 11 34 26 4 39 41 30
21 19 20 10 38 24 13 45 7 32 47 12
34 37 43 25 16 26 32 36 30 44 8 41
44 14 18 34 22 2 7 27 42 30 5 21
12 19 9 20 7 21 38 3 10 42 32 27
31 14 1 35 30 40 8 4 25 6 34 11
16 26 29 3 43 23 31 7 37 9 20 21
37 34 1 25 35 4 30 33 11 22 28 8
2 44 18 8 34 36 14 27 43 11 5 23
31 14 3 7 29 12 39 38 10 19 42 8
0 46 4 35 23 29 17 1 26 34 11 30
16 26 46 2 0 22 9 7 37 40 8 36
2 39 4 44 36 18 1 35 25 46 45 37
10 38 12 19 13 3 47 21 20 7 45 32
35 4 11 34 1 30 14 28 25 27 8 5
21 19 10 20 38 13 12 45 7 24 47 9
46 26 17 41 0 29 18 37 23 25 22 15
31 6 24 43 46 20 21 9 17 42 7 30
28 14 44 22 15 18 4 35 34 5 6 8
46 26 0 23 29 16 9 5 17 12 37 36
27 11 35 4 30 14 25 34 42 8 38 1
37 22 1 32 35 34 45 4 33 47 28 15
44 8 41 34 26 29 39 18 0 36 2 5
16 1 29 46 15 6 35 26 23 37 3 17
46 26 41 17 25 11 37 35 36 4 16 34
15 1 2 28 18 6 46 31 25 23 3 42
25 11 1 30 34 35 37 28 8 14 4 33
37 22 23 26 32 6 43 33 46 1 25 11
26 46 16 23 40 37 6 35 1 15 29 9
39 34 36 4 44 29 23 18 2 15 28 35
21 19 47 45 38 10 13 20 24 27 7 9
40 8 14 44 34 18 2 30 25 5 11 36
11 30 27 25 42 3 14 7 38 8 28 5
10 3 12 38 7 42 19 20 21 24 15 45
33 25 34 1 30 11 28 14 47 4 8 35
1 35 25 34 11 30 4 28 37 8 14 33
10 24 33 3 42 38 21 7 47 19 45 20
1 35 14 18 31 4 34 0 23 40 15 29
7 3 38 10 24 42 20 19 9 12 27 21
20 24 7 19 42 38 21 3 10 27 33 30
21 10 19 24 20 2 38 18 7 42 13 45
4 35 1 15 44 34 28 37 12 32 13 22
25 30 1 34 35 11 28 4 8 37 14 16
33 37 22 47 45 25 32 11 28 34 30 1
34 44 8 36 18 14 2 30 25 35 11 1
37 32 22 1 45 35 15 23 13 26 28 46


44 31 27 43 4 33 18 22 8 15 24 9
1 16 0 37 5 46 42 3 34 35 28 10
3 37 28 34 42 45 46 5 14 11 30 19
32 6 38 21 2 14 11 29 13 41 39 7
14 11 28 3 39 41 45 34 7 37 2 32
31 43 4 27 44 22 36 33 15 9 18 8
1 0 37 42 46 3 5 34 28 30 45 16
28 14 2 13 3 39 11 32 7 12 37 41
26 0 5 42 37 30 34 46 19 3 45 28
13 27 33 18 8 43 44 31 4 22 24 32
42 1 46 34 37 3 5 0 30 28 45 19
3 39 41 28 14 45 34 11 46 19 42 30
7 2 8 32 39 13 21 33 11 6 38 29
13 27 43 33 4 18 31 44 8 22 20 36
42 34 5 46 45 30 3 37 41 28 19 0
21 6 38 33 8 2 44 47 27 9 7 36
45 41 34 30 42 3 19 46 37 5 28 14
45 30 42 34 41 46 3 19 37 5 28 14
25 34 12 42 37 3 0 30 5 45 41 26
9 15 36 23 31 4 43 35 16 22 1 27
13 18 8 33 24 38 32 29 44 27 6 2
43 31 4 36 15 27 44 22 35 9 18 33
27 43 44 31 4 18 33 22 8 15 13 24
31 43 27 4 22 36 44 33 23 15 18 8
35 25 20 4 34 31 43 28 23 11 36 3
44 15 31 27 43 4 18 33 22 36 8 24
10 1 17 0 9 16 39 47 30 26 42 12
44 43 27 31 33 15 9 22 18 4 12 24
45 30 41 19 42 46 34 5 3 37 28 11
13 2 33 8 32 18 27 22 7 29 24 38
43 31 27 44 22 4 33 36 18 8 15 13
7 21 2 12 39 14 6 19 28 37 3 11
13 8 33 18 27 32 24 2 44 38 43 29
5 42 34 46 37 3 30 45 0 1 28 41
23 26 15 0 17 16 1 40 9 47 36 30
42 37 46 30 34 5 0 3 19 45 28 26
42 34 46 37 3 30 5 0 45 19 28 41
33 8 13 18 27 44 21 24 31 38 32 22
12 21 47 6 45 41 40 30 19 38 7 32
13 32 2 8 38 33 18 21 6 24 7 29
31 43 27 44 4 33 36 22 18 15 8 9
1 16 0 35 26 17 10 30 46 42 5 19
15 31 43 44 4 27 9 18 36 22 24 33
39 11 2 32 41 14 13 3 20 29 45 6
27 43 4 31 44 18 22 33 8 13 24 36
21 33 8 44 27 31 9 24 13 43 18 15
25 20 23 38 12 19 21 34 11 4 6 26
27 43 44 31 4 18 33 22 8 15 13 24


39 22 15 25 36 6 42 8 38 11 37 45
23 46 7 2 8 19 32 4 41 42 15 36
29 27 14 5 4 42 16 47 2 37 8 9
43 12 31 44 28 18 20 21 17 40 26 47
17 26 18 20 40 28 31 44 21 35 12 29
11 45 17 18 20 28 26 7 46 31 1 13
17 40 26 28 20 18 31 12 35 24 44 21
2 37 13 9 46 30 47 16 25 29 41 27
35 40 26 17 24 29 20 15 28 6 18 10
4 8 38 22 25 41 45 42 39 15 36 11
9 47 30 43 16 27 0 2 5 46 3 32
13 38 34 2 1 3 25 10 47 9 14 6
9 47 16 5 7 14 30 27 46 32 2 38
17 18 28 31 20 40 12 26 43 10 45 44
18 20 28 31 43 12 40 17 21 44 10 26
17 35 40 26 10 31 18 24 22 20 28 6
45 36 4 41 42 5 19 34 8 11 37 33
13 23 2 10 25 34 43 38 45 19 35 14
17 40 18 26 20 31 28 35 44 21 12 45
23 46 18 20 31 45 26 40 35 17 21 28
46 9 43 47 32 24 30 2 12 19 44 0
31 18 21 20 44 28 12 26 35 40 17 43
31 40 18 28 43 17 12 13 20 44 23 21
25 24 23 2 10 15 36 22 21 29 26 28
45 10 35 15 11 18 6 17 23 34 40 14
23 21 7 44 12 30 1 31 18 28 13 20
9 0 47 3 2 27 46 5 30 36 34 19
8 25 4 42 41 11 32 37 19 38 39 34
43 10 31 18 20 28 17 40 21 44 12 35
44 30 12 21 31 18 20 28 43 16 17 9
23 25 3 38 8 24 15 36 39 11 32 22
17 31 18 20 40 44 12 28 35 26 21 43
17 35 20 26 18 31 44 28 12 24 21 40
46 27 47 9 38 16 43 23 7 24 25 3
21 28 44 20 35 30 31 18 12 13 40 26
27 2 9 29 38 34 25 37 47 8 42 36
36 29 45 34 40 39 33 17 15 37 41 31
31 12 28 20 21 18 44 26 43 40 17 30
27 5 9 19 4 41 42 2 16 33 36 3
17 40 20 28 18 26 31 12 35 45 21 44
30 43 46 47 9 12 14 3 44 1 31 7
9 47 43 30 46 16 27 12 32 44 5 3
22 6 15 29 39 17 38 24 26 45 35 40
43 46 30 44 12 3 21 47 25 31 14 35
21 47 28 18 26 44 23 7 14 13 12 43
7 47 38 14 26 3 24 27 16 1 30 9
32 8 38 29 25 42 47 41 36 9 2 37
46 9 16 5 47 32 0 33 41 43 30 19


33 0 6 43 31 10 18 23 39 40 37 2
5 13 35 22 3 38 17 11 12 32 46 34
44 29 30 46 14 28 25 42 3 34 7 20
31 43 6 23 18 40 10 27 0 33 37 39
4 33 0 37 39 43 23 18 10 6 27 14
39 10 33 37 0 23 43 2 6 40 27 18
38 11 13 17 22 35 5 32 25 45 34 3
2 15 47 3 24 12 35 5 13 16 40 17
40 31 23 10 15 37 6 43 2 18 27 0
5 13 35 22 38 11 32 17 3 12 34 45
43 18 23 6 10 0 31 37 33 40 27 39
2 15 12 34 3 24 40 47 10 31 39 16
38 17 35 22 3 13 5 11 45 34 32 25
43 10 23 0 6 18 33 31 37 40 39 27
13 35 22 5 38 11 17 32 3 47 34 12
5 36 13 26 22 35 38 32 17 11 3 12
43 33 0 18 6 23 10 39 37 31 27 40
15 2 31 40 47 12 10 23 27 37 6 24
31 6 23 40 10 0 2 43 18 15 33 37
5 35 3 13 22 11 17 38 12 34 45 32
2 33 10 0 6 23 15 31 40 18 39 43
38 32 22 17 5 13 11 35 45 3 46 36
43 39 33 27 4 0 37 18 10 8 23 6
15 2 12 39 40 31 10 37 6 23 27 0
10 23 37 39 43 40 0 33 18 27 6 31
31 40 6 15 23 10 2 43 18 37 0 27
38 13 22 11 17 32 36 25 35 5 30 34
17 45 11 14 38 47 30 44 34 25 3 22
2 15 33 10 31 0 7 39 6 3 23 40
39 37 33 10 0 23 43 4 18 27 6 40
2 15 31 10 40 23 6 37 27 0 39 43
33 6 18 0 43 23 31 10 40 37 39 41
5 13 35 12 47 3 24 22 15 2 11 17
31 43 10 23 6 18 40 0 37 27 33 39
2 15 12 35 47 40 31 3 24 5 9 7
2 15 10 39 31 40 23 27 37 6 7 0
36 28 30 32 26 38 46 44 22 14 17 5
2 15 33 10 39 0 31 6 23 37 40 27
30 36 32 28 26 38 46 25 22 17 44 20
23 10 37 43 18 0 39 6 40 33 27 31
20 9 16 26 22 13 35 6 4 12 0 32
27 31 10 39 37 43 23 40 6 0 18 15
10 37 23 39 0 33 27 40 43 6 2 31
32 38 22 17 30 36 45 11 13 46 5 34
31 2 15 40 10 23 6 37 27 43 39 0
31 6 2 40 10 23 0 33 15 18 43 37
38 17 22 32 11 45 13 3 35 34 5 46
33 10 43 0 39 23 18 37 6 27 31 40


29 2 4 7 25 44 17 16 28 1 22 24
32 45 5 42 11 25 31 23 28 20 24 27
16 19 30 37 39 46 26 21 35 7 36 24
30 19 37 21 36 7 15 8 46 26 40 16
43 41 18 47 11 9 29 20 5 27 0 32
21 37 26 36 46 22 13 30 40 12 0 1
20 0 45 39 32 47 27 35 3 43 24 9
25 41 11 40 42 5 29 43 47 18 20 12
9 18 13 27 12 23 40 0 47 41 1 44
43 41 20 47 18 0 11 29 40 9 39 5
41 25 40 42 11 44 32 22 29 47 5 12
41 47 11 43 18 29 5 32 20 25 27 9
38 31 28 5 33 4 16 23 1 15 44 12
5 11 47 25 41 43 20 18 27 32 45 29
37 19 21 36 15 30 26 16 46 33 34 1
40 0 18 13 41 9 43 29 22 30 21 26
23 28 2 34 36 44 1 12 15 8 19 7
40 30 0 21 37 46 26 22 19 13 36 39
32 45 11 5 31 42 25 23 47 20 27 24
31 38 28 16 24 45 23 15 33 35 42 17
47 27 43 11 20 5 9 18 45 32 29 25
27 45 47 5 11 38 32 28 43 20 31 9
0 18 9 43 41 40 47 29 20 27 13 39
21 26 37 36 30 19 34 1 4 33 46 15
41 18 0 47 43 40 11 9 20 29 5 25
0 9 18 43 40 13 41 39 29 47 27 20
21 26 37 30 36 33 19 4 40 15 1 34
43 47 41 18 11 20 0 9 29 27 5 32
28 23 15 4 38 6 31 27 33 7 8 19
32 45 23 42 31 44 11 20 24 47 39 27
15 36 33 19 37 26 21 16 1 30 46 8
43 5 18 41 47 11 9 29 27 25 0 40
16 19 31 24 4 30 15 38 46 37 17 35
11 5 25 47 32 20 45 42 41 43 44 27
43 41 20 47 0 18 39 29 11 9 5 27
5 25 41 18 40 44 11 1 12 10 43 47
26 37 21 30 46 13 36 19 35 40 0 1
27 47 11 43 18 5 20 9 45 32 29 41
31 16 38 15 19 24 33 42 14 28 8 44
47 43 41 11 18 20 5 29 27 25 9 32
5 11 47 25 27 44 45 38 12 20 18 41
45 31 11 38 32 42 5 47 20 44 23 25
44 8 23 15 16 33 42 38 34 19 14 1
22 12 9 34 21 0 2 46 44 26 3 17
18 13 9 0 43 27 41 29 20 47 3 40
10 46 32 30 3 14 40 39 15 37 6 19
19 37 36 15 30 21 46 33 26 16 34 1
44 42 25 5 31 38 45 11 32 10 34 23


24 45 31 12 26 34 23 16 18 9 22 46
27 39 4 43 1 28 35 6 21 0 10 13
29 39 42 32 4 0 35 27 45 25 12 40
39 12 35 26 45 22 34 4 6 27 9 42
13 28 21 1 0 27 39 6 43 44 14 8
7 8 17 43 14 11 2 25 29 15 5 36
43 39 6 20 14 4 22 27 0 8 21 36
39 4 21 43 37 27 0 28 25 29 6 14
35 6 12 26 42 15 34 45 17 41 22 4
1 27 28 39 4 13 21 0 25 35 43 10
13 32 36 28 1 47 44 11 21 0 5 14
21 13 11 37 28 0 32 14 43 39 1 36
37 32 11 36 3 46 38 5 33 23 0 13
32 46 5 36 11 37 21 16 33 0 13 23
9 31 24 34 42 18 22 26 19 2 40 30
46 21 37 39 16 24 31 0 30 5 33 45
32 13 44 11 28 38 0 14 1 21 33 37
28 39 27 21 13 0 32 1 37 43 14 36
23 44 30 2 24 4 7 9 47 34 41 8
37 21 11 0 32 36 39 4 43 27 31 28
6 35 12 27 26 45 39 4 42 15 22 34
15 6 35 43 18 26 20 4 22 29 42 34
43 37 21 28 11 13 0 39 36 32 1 14
28 1 36 3 29 15 27 35 47 39 6 43
28 32 1 39 27 0 13 25 36 21 4 37
6 4 15 35 26 42 43 18 34 12 29 41
28 1 39 13 27 14 43 36 44 21 4 8
11 7 1 32 44 13 28 33 36 17 30 47
45 34 26 18 12 41 31 42 24 9 22 6
34 9 12 26 45 19 22 42 15 23 41 24
12 6 35 34 42 26 18 45 15 41 27 9
3 36 15 43 1 28 35 27 29 6 22 14
26 12 34 45 42 18 35 22 41 6 15 9
13 28 1 21 32 43 0 27 11 37 14 39
21 32 28 39 13 37 0 36 14 1 11 27
22 23 9 3 26 12 31 34 45 35 18 41
42 26 18 34 22 45 9 24 41 35 31 30
1 28 32 44 13 36 47 27 14 0 3 39
15 9 34 22 18 3 26 40 19 42 41 24
31 24 16 9 30 33 19 2 18 46 34 23
39 27 6 4 28 1 0 25 13 43 8 10
34 26 18 9 22 42 41 19 45 12 24 31
35 10 1 40 15 27 28 7 17 3 36 42
28 13 21 32 37 1 39 0 11 27 36 43
9 34 26 22 12 42 18 19 31 24 45 41
28 1 39 27 13 43 21 0 4 6 14 32
30 42 26 22 9 34 18 2 31 41 7 45
9 31 24 34 19 18 42 26 16 23 30 41


21 44 27 47 8 0 40 11 22 36 31 13
29 10 45 20 34 12 3 41 5 38 28 13
22 24 32 31 0 7 11 19 9 35 14 46
12 10 29 34 20 5 45 38 41 25 1 28
22 24 32 0 31 7 11 9 19 14 35 42
10 12 29 5 20 38 34 45 25 41 1 3
9 0 40 27 22 24 32 11 31 46 7 42
12 25 5 34 10 1 29 16 45 20 38 41
34 12 20 10 29 5 28 45 3 38 41 1
20 10 12 34 5 45 29 1 25 38 3 41
5 34 10 20 12 29 38 25 41 3 45 1
37 13 15 34 12 28 5 44 41 29 4 10
10 45 29 12 25 5 34 38 1 20 41 43
46 11 30 7 32 47 2 19 35 0 24 23
24 22 32 31 7 11 0 19 9 14 35 42
12 10 34 29 45 5 1 20 38 25 41 28
12 34 5 10 20 29 38 41 45 25 28 37
29 10 34 12 45 41 5 38 20 28 25 13
0 24 22 32 31 11 7 19 9 35 14 17
22 32 24 7 31 11 0 19 9 35 14 46
31 32 22 7 24 11 0 19 14 35 9 42
22 24 32 0 31 7 11 19 9 14 35 46
5 29 34 10 12 38 41 28 13 20 45 25
12 10 34 45 29 25 20 5 1 38 41 43
22 24 0 32 31 7 11 9 19 35 14 46
34 10 12 29 5 20 41 38 3 45 13 28
29 5 34 10 12 41 38 20 45 25 28 13
45 25 38 1 12 16 10 29 5 34 4 20
0 22 32 31 24 9 11 7 17 40 19 8
22 32 24 31 7 0 11 19 9 14 35 42
22 24 32 0 31 7 11 19 9 35 14 17
22 24 32 31 7 11 0 19 9 14 35 42
25 45 10 12 1 29 28 5 41 20 38 34
14 35 19 11 7 8 31 32 24 0 42 16
22 24 31 32 7 0 11 19 9 14 35 26
22 0 24 32 31 7 11 9 19 35 14 46
25 13 29 45 16 38 5 10 41 28 12 1
10 25 38 12 5 29 20 45 1 43 41 16
31 22 7 32 24 19 11 0 14 9 15 42
46 27 44 0 24 32 22 42 31 19 35 17
35 19 23 31 32 7 11 0 22 24 18 36
29 5 34 41 28 13 10 3 12 38 20 37
22 0 24 32 31 7 11 9 19 35 14 17
22 24 32 31 7 0 11 9 19 14 35 15
10 25 20 29 45 38 1 12 5 43 41 34
12 25 16 5 10 34 29 38 1 20 45 41
44 23 18 3 10 29 25 34 12 5 41 38
31 7 24 22 32 19 11 14 0 35 9 42


0 17 19 23 37 27 11 12 45 28 20 32
16 5 9 15 35 8 14 40 41 3 45 47
10 21 22 2 8 5 33 6 31 46 13 15
14 26 44 18 15 36 7 40 5 24 9 0
40 32 23 46 26 2 16 25 8 15 35 17
41 12 0 18 17 28 27 24 4 7 32 19
25 22 46 21 5 2 10 6 26 33 8 18
10 21 22 2 8 15 6 25 33 31 13 46
14 45 10 2 33 8 34 6 46 21 25 31
17 0 20 27 23 19 39 37 29 9 12 32
28 0 20 37 27 36 19 12 45 29 24 17
23 40 37 45 17 19 1 0 32 27 24 35
27 0 37 28 17 12 19 45 20 36 24 7
28 45 33 36 5 27 10 29 34 0 2 15
0 17 37 19 27 23 20 12 28 32 29 39
28 36 45 37 27 29 5 2 12 33 0 44
16 9 40 46 47 13 3 21 6 8 35 26
15 40 6 44 22 13 10 21 16 35 25 26
0 37 19 27 17 28 20 12 36 23 45 29
37 27 28 0 45 12 36 20 19 29 17 7
0 37 19 28 27 17 36 29 20 45 12 23
12 29 36 28 26 43 38 15 24 34 44 5
17 0 19 37 23 20 27 32 29 12 36 39
0 28 37 27 19 20 36 12 17 29 45 7
38 28 13 10 2 18 33 15 5 24 26 35
17 19 0 27 41 12 45 20 28 24 7 37
9 40 46 30 32 3 17 20 16 39 47 23
12 0 37 28 20 27 17 36 7 29 19 9
32 41 46 25 9 3 26 8 16 40 47 13
36 28 0 37 29 20 19 27 12 24 44 1
21 10 22 8 2 16 46 47 25 13 3 4
28 27 0 37 12 29 36 45 24 19 20 34
17 0 23 37 19 39 20 32 9 27 11 40
17 32 23 9 40 19 39 0 37 7 20 26
7 2 10 33 28 27 3 6 24 15 8 21
23 16 40 15 26 32 13 8 47 22 17 2
1 37 24 28 3 0 39 17 38 30 25 27
10 21 22 8 46 2 13 47 25 6 5 33
0 37 36 19 29 20 45 28 12 17 23 39
37 36 29 0 12 28 20 27 30 44 4 14
28 0 37 19 27 20 45 36 17 7 4 24
10 21 5 22 15 26 8 33 35 2 6 44
38 40 47 10 21 37 36 16 3 6 33 43
36 0 37 28 19 29 45 27 20 17 23 12
32 9 17 40 23 25 46 41 26 31 11 7
40 23 17 32 29 19 9 26 39 0 14 36
12 3 44 38 29 26 6 25 11 46 1 47
28 37 27 0 12 36 45 20 19 29 24 11


27 3 5 8 21 47 43 10 24 4 35 1
6 47 7 22 13 33 35 12 43 42 10 40
11 39 9 41 23 12 13 34 30 38 40 15
23 34 39 9 11 12 36 2 13 45 38 19
38 15 17 27 47 42 6 35 4 13 46 22
20 0 39 44 14 34 28 9 45 26 16 35
8 21 5 38 1 27 41 36 37 16 2 28
9 12 11 6 39 13 22 34 0 23 33 30
9 35 37 28 34 11 18 6 20 39 46 15
30 38 24 35 25 40 15 13 19 2 20 18
3 5 27 8 21 43 47 36 16 33 1 10
27 8 5 3 21 47 43 16 10 4 24 1
28 41 11 37 6 38 25 1 4 27 21 15
3 27 21 47 5 8 43 4 10 35 36 1
3 27 21 43 8 47 24 1 5 28 36 4
9 34 11 39 30 20 13 12 45 23 19 15
34 2 23 39 32 36 9 19 38 0 24 42
5 36 8 31 21 3 27 2 10 7 32 24
10 35 27 44 5 47 3 16 30 8 14 43
5 8 21 27 10 16 3 24 2 36 1 32
27 24 5 21 8 32 16 3 18 38 2 43
27 3 8 5 21 43 16 36 24 1 47 10
28 40 37 26 15 29 11 25 20 42 1 45
6 11 22 9 12 25 13 40 39 20 41 7
40 33 20 34 43 38 19 45 11 31 6 28
9 11 34 39 14 41 0 37 6 28 23 16
27 3 8 21 5 47 43 16 4 1 36 10
3 27 8 21 47 43 5 4 16 36 44 10
9 39 11 34 23 12 0 13 19 30 40 14
27 3 21 47 8 43 5 4 10 16 7 35
9 12 39 11 34 23 13 0 30 40 19 2
27 4 16 21 3 37 8 17 31 29 47 46
3 36 27 5 24 10 21 2 43 33 8 31
9 11 39 12 6 34 22 23 0 13 30 40
9 34 0 36 14 23 44 39 2 12 30 19
2 8 3 5 17 21 27 36 38 33 43 24
9 12 11 6 39 22 0 34 20 14 23 13
4 21 27 47 3 8 16 24 1 43 10 22
2 38 39 34 36 41 11 23 32 9 28 19
2 3 24 8 5 21 10 36 32 1 27 38
9 11 22 39 12 41 34 6 13 20 44 14
8 5 27 16 47 1 21 37 43 3 10 32
6 11 40 9 14 22 12 20 41 13 39 47
3 43 47 27 13 10 36 12 30 7 22 33
14 9 26 39 18 41 11 30 6 12 34 0
44 14 0 22 20 9 40 30 25 10 19 4
41 37 39 25 6 9 40 11 13 38 19 23
8 27 21 47 3 4 5 16 43 37 1 31


47 45 10 8 14 36 5 17 35 44 27 12
28 44 2 42 23 16 6 5 1 20 3 47
22 37 28 4 24 38 7 15 30 43 31 16
37 46 28 24 16 22 27 11 6 43 4 7
14 45 36 35 18 47 32 10 19 3 21 25
35 14 19 36 45 32 47 18 3 10 21 39
6 22 16 24 23 4 27 43 7 46 8 28
19 35 39 14 3 38 37 32 1 45 11 21
6 22 24 4 16 23 28 27 43 46 7 30
6 22 4 16 23 24 5 43 28 7 2 27
35 14 45 19 36 47 39 3 10 32 20 21
14 45 36 35 18 21 19 20 32 47 39 44
6 22 24 4 16 23 28 43 7 27 46 2
14 35 19 36 18 32 47 45 3 39 10 21
24 16 27 22 46 37 30 6 28 7 43 23
14 35 36 45 20 18 32 47 19 3 10 21
6 4 23 22 5 16 24 28 7 43 2 25
35 19 14 36 39 32 3 45 18 47 38 21
4 24 6 16 22 28 43 7 23 27 46 30
6 4 24 23 22 16 43 28 27 46 7 5
35 14 19 36 45 3 32 47 10 39 18 21
22 4 28 6 24 16 43 23 34 12 9 2
6 16 24 22 27 4 23 43 46 7 8 2
27 8 6 16 23 46 5 2 7 24 43 30
35 14 45 19 36 39 3 47 10 25 38 17
14 35 36 19 45 18 32 47 10 3 21 37
22 37 13 45 15 47 46 7 20 11 17 25
14 35 36 45 19 47 18 32 3 10 39 21
24 6 16 4 27 22 7 34 43 23 30 28
35 14 39 47 45 36 19 25 3 32 10 20
35 14 32 45 19 37 39 12 30 36 18 21
23 6 8 16 24 27 46 43 2 22 5 4
4 24 6 22 28 7 34 16 23 43 5 9
6 4 16 23 24 22 43 27 28 2 5 34
39 7 2 33 16 28 18 8 4 6 5 9
14 20 35 10 19 15 45 3 26 18 12 33
46 1 41 24 15 19 2 6 18 9 26 16
7 27 4 5 10 22 2 16 6 44 15 1
8 27 23 46 7 30 16 24 6 2 22 15
6 22 4 24 16 23 28 43 27 7 46 2
20 31 7 30 14 8 0 40 36 15 47 32
19 39 35 3 12 5 32 34 47 40 38 4
45 14 36 8 10 47 35 18 17 32 5 25
19 37 35 39 34 22 15 32 21 1 30 3
22 6 4 24 28 23 16 43 7 5 34 2
6 22 4 24 16 28 43 23 7 27 46 34
27 28 46 11 15 45 8 30 6 17 7 23
24 6 16 22 4 43 23 27 28 7 46 30


39 31 28 4 3 25 1 5 0 19 2 18
23 45 37 18 16 3 17 46 34 42 33 36
47 41 42 20 33 14 8 23 44 10 34 22
42 41 47 14 29 23 10 20 11 44 27 33
4 3 5 18 37 25 31 39 1 16 0 28
39 4 31 3 25 5 28 0 37 1 18 45
42 47 14 29 41 21 44 11 23 20 24 33
42 47 41 14 29 23 20 10 11 27 44 30
42 29 47 14 44 41 23 20 30 11 16 8
24 27 47 29 42 30 41 14 44 17 22 11
47 42 14 29 41 11 23 15 22 9 19 20
29 42 47 14 23 20 41 17 16 44 11 30
42 29 47 41 14 20 30 23 11 27 44 10
42 29 47 41 14 23 20 11 30 10 27 35
29 14 47 44 42 16 8 13 41 22 20 12
31 4 3 39 5 0 28 25 37 18 1 45
42 29 14 47 44 23 41 11 30 38 34 20
42 41 29 47 14 30 23 20 11 35 10 27
39 31 4 25 3 28 5 0 1 18 2 37
2 28 39 25 30 19 1 0 13 7 31 9
42 47 14 29 41 23 20 11 10 44 27 35
47 42 14 29 41 23 20 44 11 10 33 27
42 47 14 29 41 23 20 44 10 27 11 30
1 39 3 4 2 31 25 28 5 27 0 37
4 3 39 31 25 5 28 0 1 37 18 2
39 4 3 25 31 5 28 1 0 2 18 37
31 5 3 37 0 4 28 39 18 25 45 26
3 39 4 31 5 28 25 0 1 18 37 9
3 39 31 4 5 25 1 26 0 28 37 2
42 29 47 41 14 20 23 30 11 10 40 21
31 39 4 28 5 25 3 0 18 1 37 2
42 47 14 29 41 23 20 44 11 27 10 30
20 9 6 7 34 33 24 16 27 40 0 38
47 42 14 29 41 23 20 44 10 11 27 33
25 3 31 4 39 5 28 0 9 37 2 1
4 3 31 5 39 25 37 0 28 18 1 26
42 47 41 29 14 23 20 44 35 24 15 27
45 20 32 41 42 43 19 47 14 33 23 29
42 47 29 14 41 23 20 11 30 10 44 27
2 4 5 39 25 31 3 1 36 46 6 37
31 3 19 39 4 1 25 5 2 0 28 18
39 31 4 28 3 25 5 0 1 37 2 18
41 47 42 14 29 11 23 10 7 44 24 20
29 14 42 30 41 47 13 40 27 11 32 20
42 47 41 29 14 23 11 20 27 30 35 10
45 38 39 3 4 5 25 31 18 26 24 2
47 29 14 44 42 23 41 33 16 20 30 27
42 41 29 47 14 30 20 23 10 11 27 44


8 37 22 27 19 44 46 13 41 38 4 42
0 35 11 29 30 17 40 12 7 1 24 33
35 11 29 0 30 40 47 17 1 7 25 24
0 11 35 17 29 12 30 40 24 7 1 2
0 35 11 29 30 17 40 7 12 1 33 24
35 11 29 0 30 47 40 17 1 7 25 32
35 11 0 29 30 17 40 7 1 47 24 32
11 35 0 30 40 29 17 12 1 7 24 9
4 22 12 45 15 17 38 31 10 33 43 21
29 35 47 11 0 7 30 6 25 43 5 18
13 46 19 44 27 37 41 8 34 42 4 38
35 30 11 29 0 1 24 40 17 47 9 39
35 0 11 29 30 40 47 17 1 7 12 25
37 13 44 46 19 41 36 18 43 8 27 6
41 22 19 37 8 26 44 38 46 42 28 45
11 35 0 30 17 40 12 29 7 1 33 39
38 27 46 19 36 8 16 28 37 13 34 47
35 11 0 29 30 17 40 7 12 1 24 47
35 11 0 29 30 17 40 12 1 7 24 47
40 12 22 47 37 38 26 36 0 19 1 45
13 46 19 44 8 4 38 27 41 37 42 22
0 40 11 35 12 29 17 33 30 1 20 16
6 29 7 23 18 47 3 35 11 25 30 34
11 35 0 30 17 29 40 12 7 1 33 24
35 11 29 30 0 47 17 1 32 40 7 25
11 0 35 17 30 40 29 12 33 1 2 7
38 19 46 44 8 41 37 13 42 22 36 45
38 8 22 19 4 36 12 41 45 37 10 42
46 13 19 38 44 27 41 8 36 34 37 4
35 47 11 29 30 40 1 25 0 12 24 32
0 11 35 29 17 30 40 33 24 7 12 1
19 46 13 8 44 41 37 42 22 36 38 27
22 20 28 38 21 42 36 8 12 4 31 19
19 46 8 13 38 44 41 37 36 27 42 22
35 11 29 0 30 17 40 47 1 7 25 24
19 8 46 22 44 13 38 4 41 37 42 27
35 11 29 0 30 40 17 1 47 7 25 12
46 19 38 44 13 26 41 37 45 27 34 8
46 13 19 44 27 8 41 38 37 36 42 34
22 12 0 17 40 10 4 33 11 38 45 43
35 11 0 17 29 40 30 16 12 24 31 9
35 47 30 29 7 26 11 25 18 0 40 32
13 19 46 44 8 41 38 37 27 42 36 22
42 43 36 19 8 22 20 46 12 44 38 5
11 0 35 30 29 17 12 40 7 32 1 24
46 13 34 44 19 8 37 41 45 27 4 38
11 35 0 29 30 17 40 12 1 7 9 25
13 46 19 44 8 41 38 27 37 36 42 4


13 17 43 44 34 14 2 32 31 21 38 37
15 30 35 33 47 11 1 10 25 22 45 26
15 35 30 33 11 47 1 25 22 10 45 27
23 27 25 35 11 22 30 15 47 33 18 36
15 35 30 33 10 11 47 1 25 22 45 26
15 30 35 33 47 11 1 10 25 22 46 26
47 27 25 21 15 35 32 28 1 23 11 30
44 17 43 14 40 31 21 46 13 9 32 8
23 25 22 39 29 34 38 6 42 31 37 2
30 15 35 33 47 46 1 27 41 11 10 25
35 15 30 33 47 11 25 1 22 27 10 45
30 35 15 25 47 33 27 11 1 22 28 23
30 15 35 33 47 11 25 27 1 26 22 20
17 44 43 13 14 21 31 32 34 2 3 12
30 15 35 33 47 11 1 25 22 10 45 27
35 30 15 33 47 11 25 1 22 27 10 45
25 24 8 26 5 0 30 35 20 6 12 15
35 15 10 11 33 30 45 47 1 25 22 26
46 14 3 17 43 13 29 40 44 41 7 45
23 25 27 11 22 35 47 30 5 33 15 39
35 30 15 33 47 25 11 27 22 23 1 10
10 26 47 15 20 35 18 25 22 39 21 9
17 44 43 14 13 32 3 34 21 2 12 31
35 30 15 33 47 25 11 1 27 22 10 23
15 30 35 33 47 11 1 25 22 10 45 24
35 30 15 33 47 25 11 22 27 1 23 10
35 30 15 25 47 11 33 1 27 10 24 22
17 43 14 44 13 34 31 2 21 32 3 37
35 15 30 33 25 47 11 27 22 1 23 28
30 35 15 47 33 11 1 25 10 22 4 5
34 17 31 43 32 2 14 42 12 44 37 39
14 43 17 46 9 31 44 13 41 21 3 32
17 13 44 43 31 34 14 32 21 3 2 37
35 15 23 25 30 27 47 33 11 22 1 5
18 30 47 36 46 33 35 15 25 26 27 39
40 28 1 32 44 17 37 0 14 13 3 34
30 35 15 33 47 25 27 22 11 1 20 23
35 15 30 33 47 11 25 1 22 10 27 20
46 21 44 40 18 9 14 17 43 38 45 32
13 17 44 43 14 21 32 31 34 2 3 38
20 45 18 19 12 23 13 9 35 7 16 47
15 35 30 33 47 11 1 25 22 10 27 45
15 33 30 35 47 11 45 1 46 10 41 7
35 15 30 33 47 11 25 1 22 27 10 45
12 23 38 13 17 43 42 39 44 31 32 37
15 35 30 33 47 11 1 25 22 10 27 45
30 15 35 33 47 27 25 11 1 46 41 24
44 14 4 21 9 38 33 5 20 28 46 29


15 21 25 28 47 35 0 46 24 26 40 11
37 18 27 23 14 42 9 8 19 39 1 33
25 28 15 38 21 35 16 0 22 47 24 34
25 24 47 35 15 21 0 28 32 46 16 6
9 17 23 19 40 41 6 35 43 34 37 7
18 37 27 23 42 1 9 14 33 12 8 39
15 28 21 25 47 0 46 24 35 40 6 26
37 18 27 23 9 42 14 1 8 33 12 31
27 18 8 37 5 42 1 23 14 20 12 44
18 37 27 38 23 14 33 1 31 42 19 8
28 15 47 2 25 21 24 17 11 35 0 46
15 21 28 25 47 24 0 35 46 26 11 40
37 18 27 23 14 9 1 33 42 8 12 39
17 26 22 24 35 46 28 15 25 11 47 29
35 17 37 7 19 9 43 29 42 12 23 8
40 28 11 4 31 22 38 43 34 1 13 12
28 40 11 43 0 2 21 26 4 15 31 8
18 27 37 23 1 14 42 33 44 32 45 8
35 17 25 9 47 15 36 24 21 10 12 28
15 21 28 25 47 46 0 11 40 24 26 22
37 18 23 27 9 1 42 33 19 8 12 14
37 18 23 27 9 42 8 33 1 14 12 19
15 21 25 28 47 35 0 24 46 26 40 11
9 40 27 11 31 12 2 43 37 23 18 1
15 21 25 28 47 35 0 46 24 40 26 17
37 18 23 9 27 8 42 19 14 39 1 12
0 46 29 3 35 20 4 14 18 38 27 15
28 15 25 21 34 0 47 24 26 16 46 38
37 18 23 42 27 8 32 33 12 14 1 9
37 9 18 23 27 19 31 22 33 42 1 32
40 28 11 15 21 9 43 34 22 19 31 26
44 47 0 35 26 32 38 40 8 36 15 20
15 21 28 25 47 35 0 46 24 20 11 40
15 28 25 47 21 35 0 24 40 22 46 34
35 15 21 25 17 28 47 7 9 40 41 6
35 15 21 17 9 28 0 47 25 19 41 16
18 35 14 17 41 5 42 12 10 9 31 37
15 21 0 28 25 47 35 40 26 6 46 19
15 21 28 25 47 0 35 26 11 46 24 40
15 21 25 28 47 35 0 26 24 46 17 40
15 25 21 24 28 47 35 0 46 6 26 3
15 21 28 25 47 0 35 46 24 40 11 26
15 25 21 28 47 35 0 24 46 26 22 7
25 15 24 28 47 21 46 20 35 32 0 29
15 21 28 25 47 0 35 24 46 26 40 6
15 21 35 47 25 11 46 3 28 34 0 24
15 21 28 25 47 0 35 40 46 26 11 24
15 21 28 25 47 35 0 40 46 26 24 11


12 27 37 25 46 13 36 22 35 3 0 42
41 4 30 3 11 39 9 29 17 40 13 22
41 5 36 34 43 35 13 16 12 26 2 42
7 38 24 18 34 2 11 9 10 0 22 5
12 37 19 13 4 47 45 46 42 8 25 17
23 18 47 39 31 38 12 16 11 27 10 41
43 40 13 42 12 21 32 16 20 46 37 31
43 13 40 20 16 21 12 42 46 35 32 8
39 7 24 2 10 3 28 47 44 29 9 34
43 13 40 16 42 12 26 21 37 20 8 31
16 12 43 13 29 20 17 40 35 5 42 1
12 13 16 44 37 35 27 30 19 46 23 10
43 16 13 40 20 12 21 46 42 37 8 32
7 38 24 39 18 34 10 9 2 33 0 23
7 2 38 18 24 39 9 34 10 11 0 3
4 29 22 30 38 1 45 26 6 7 44 32
43 40 5 21 16 42 20 26 13 37 6 17
43 13 40 20 16 42 21 12 46 32 37 35
1 8 7 14 26 18 0 15 34 9 4 39
7 24 38 34 18 10 2 39 9 0 11 3
28 38 24 3 2 7 6 5 33 14 22 10
43 40 13 16 42 21 36 8 46 26 31 35
39 17 23 19 46 4 0 11 30 29 32 15
7 24 18 38 2 11 29 0 34 22 10 9
7 38 24 18 11 9 2 34 10 39 28 3
13 43 40 42 16 12 35 27 37 46 30 20
11 24 26 5 20 4 16 15 7 17 34 27
5 16 6 38 18 44 14 41 33 31 4 27
43 12 13 40 20 21 36 31 19 32 33 37
43 13 40 16 42 21 20 12 46 27 6 35
40 43 3 16 13 21 42 20 14 44 6 28
5 27 11 16 20 13 46 47 6 4 44 2
7 38 11 24 34 18 2 3 9 5 10 27
43 13 40 42 16 21 20 12 1 32 37 35
43 42 40 32 3 20 25 33 13 21 31 37
14 9 31 41 45 22 10 30 13 42 43 6
7 24 38 18 34 2 10 11 9 39 0 3
16 46 20 13 12 5 40 43 27 21 19 17
7 38 24 18 34 11 2 39 10 9 0 22
43 40 13 16 21 42 12 46 20 32 37 35
35 8 43 42 20 15 14 36 13 17 19 21
43 40 13 16 42 12 21 20 46 32 37 31
7 10 14 38 11 28 6 24 33 39 18 2
3 7 11 34 24 15 2 26 38 18 10 36
7 11 24 38 5 10 34 2 18 9 29 0
42 43 35 31 13 32 46 8 33 12 21 30
7 38 11 18 24 34 16 9 44 22 5 29
7 34 24 39 10 2 38 18 9 22 0 23


11 22 17 15 10 39 18 8 9 21 43 12
2 17 32 21 33 24 20 3 37 9 41 19
7 35 47 11 5 21 32 8 17 22 31 27
7 5 32 34 28 1 18 42 14 24 25 43
7 5 20 35 38 32 46 36 42 2 41 16
43 1 45 28 42 14 10 22 24 30 46 47
21 4 16 3 0 32 31 19 24 10 41 33
16 24 3 19 20 32 25 37 14 4 18 33
40 18 0 13 4 6 33 39 37 9 1 30
22 15 39 11 27 21 40 17 31 8 10 46
17 44 11 47 0 32 21 34 38 16 13 42
7 27 41 35 33 36 34 5 47 37 24 12
7 5 21 22 11 8 37 31 44 15 41 35
24 16 32 19 3 20 7 41 25 47 38 37
39 33 45 15 47 6 12 40 22 34 21 8
40 18 45 1 6 14 20 28 42 5 25 38
15 17 13 34 39 11 37 33 44 6 22 45
1 45 43 18 14 42 28 9 40 20 24 38
46 45 16 38 19 30 0 47 3 1 28 20
22 11 10 39 15 21 26 27 43 17 40 31
22 39 21 27 15 11 2 33 23 31 36 12
24 37 16 32 33 19 34 40 4 0 41 3
21 28 35 33 16 31 42 26 37 23 29 10
1 5 43 42 18 28 45 7 24 9 20 14
40 43 0 1 28 47 9 22 18 30 17 13
16 32 3 20 19 24 38 41 25 47 2 18
1 43 40 45 9 14 30 28 0 18 26 39
15 26 25 11 46 9 17 39 6 1 14 36
46 2 30 36 1 27 19 23 26 16 3 29
7 47 32 10 15 6 44 35 11 5 34 17
15 39 22 28 23 8 6 9 27 12 44 33
32 19 3 16 20 10 24 38 25 0 8 41
3 16 19 38 42 20 0 18 1 24 40 26
11 17 22 26 42 35 40 21 32 38 0 10
22 46 27 2 7 43 15 29 31 12 1 23
33 37 40 16 34 32 24 12 41 20 19 42
39 21 11 25 0 13 10 44 41 33 17 22
16 3 38 19 0 41 20 4 23 32 10 43
1 14 11 42 43 45 18 17 5 38 28 35
32 16 20 17 38 42 0 47 14 3 34 35
30 0 29 40 28 38 46 2 4 27 3 1
0 40 30 4 13 39 45 33 25 26 18 16
19 20 32 16 3 18 47 24 38 42 7 14
3 16 47 19 38 24 0 20 46 41 14 2
42 38 20 16 32 19 0 24 47 13 11 25
36 43 7 32 25 11 26 44 22 20 15 21
21 4 0 33 39 30 13 41 3 31 16 10
32 16 19 34 3 24 20 41 37 38 26 14


38 39 40 14 10 9 13 15 44 5 32 30
45 33 23 2 41 8 11 19 21 6 16 28
40 39 14 10 38 9 15 13 44 5 32 22
38 40 39 10 14 9 13 15 44 5 32 30
33 2 45 23 8 41 11 19 21 6 16 7
38 39 10 40 14 9 13 15 44 5 32 22
2 45 33 23 8 41 19 11 21 6 16 7
14 40 10 39 38 9 13 15 5 44 32 22
39 38 13 14 10 40 9 15 44 5 32 30
4 41 23 33 8 2 19 45 11 21 12 34
40 14 38 39 10 9 13 15 44 5 32 30
29 17 36 32 46 40 3 14 9 39 43 24
45 33 2 23 8 21 19 41 11 6 7 16
38 39 40 14 10 9 13 15 44 5 32 30
8 19 33 45 23 41 21 7 2 11 27 28
39 38 14 40 10 9 13 15 44 5 32 30
2 33 23 8 45 41 19 11 21 6 16 7
40 38 14 39 10 9 13 15 44 5 32 30
7 13 9 40 39 10 14 38 17 15 30 29
29 9 40 17 14 39 46 38 15 13 10 24
41 8 2 45 33 23 11 19 21 6 16 7
2 45 33 23 8 41 19 11 21 6 16 7
2 33 45 23 8 41 11 19 21 6 16 7
38 39 14 10 40 9 13 15 44 5 32 30
41 45 33 2 23 8 19 11 21 6 16 7
26 46 0 30 6 40 36 34 31 5 43 1
33 2 45 23 41 8 11 19 21 6 16 7
38 39 14 40 10 9 13 15 44 5 32 30
39 38 10 40 44 14 15 9 32 13 5 31
2 45 33 23 8 41 11 19 21 6 16 7
39 14 38 10 40 13 9 15 44 5 32 30
33 2 45 8 23 11 41 19 21 6 16 7
14 38 39 40 10 9 13 15 5 44 32 30
9 13 3 38 14 40 10 15 39 32 44 5
38 40 39 14 10 9 13 15 44 5 32 30
2 45 33 23 8 41 19 11 21 6 16 7
12 26 37 28 22 1 31 36 44 35 32 4
2 23 19 33 45 11 21 8 41 16 6 7
2 45 33 8 23 41 19 11 21 6 16 7
2 8 23 33 45 41 11 19 21 6 16 7
45 33 2 8 19 23 41 11 21 6 16 7
38 39 14 10 40 9 13 15 44 5 32 30
40 39 38 14 9 13 10 15 44 5 29 30
6 1 46 0 41 31 20 23 33 2 29 26
33 45 2 41 23 8 19 11 21 6 16 7
38 39 14 40 10 9 13 15 44 5 32 30
27 4 28 37 21 45 33 19 2 23 8 32
39 14 38 40 10 9 13 15 44 5 32 30


31 43 11 0 8 25 37 6 41 29 14 40
31 11 43 0 8 37 25 6 29 41 14 17
39 18 30 15 22 46 1 32 16 5 47 19
18 39 30 15 22 46 1 32 16 5 19 47
18 39 30 22 15 46 1 32 16 5 19 47
29 0 8 31 37 25 11 43 6 41 40 14
18 30 39 22 15 46 1 32 16 5 19 47
18 30 39 15 22 46 1 32 16 5 19 3
31 43 11 0 8 25 37 6 29 41 14 17
43 31 11 8 0 25 37 6 41 29 40 14
31 11 43 37 25 0 8 6 29 14 41 17
39 30 18 15 22 46 1 32 16 5 47 19
37 11 25 0 31 6 43 17 8 35 42 29
39 18 30 15 22 46 1 32 16 5 47 19
31 8 43 0 25 11 37 6 29 41 14 40
18 30 39 22 15 46 1 32 16 5 19 47
31 11 0 8 43 37 25 6 29 41 14 17
43 11 25 37 31 0 6 8 14 17 29 41
25 37 11 43 0 8 31 6 29 40 17 42
39 30 18 15 22 46 1 32 16 5 47 45
18 30 39 22 15 46 32 1 16 5 19 3
11 43 31 8 0 25 37 6 41 29 14 17
30 18 39 15 22 46 1 32 16 5 19 47
31 11 43 8 0 25 37 6 29 41 14 17
29 25 6 43 11 37 0 31 8 40 2 7
0 8 11 25 31 6 43 37 29 41 42 14
30 18 39 22 15 46 1 32 16 5 47 19
23 13 29 24 45 2 38 0 37 34 25 11
22 39 15 30 18 46 32 1 5 16 47 7
18 30 39 22 15 46 1 32 16 5 47 19
31 43 0 11 37 25 8 6 29 41 17 14
39 18 30 15 46 22 1 32 16 5 19 47
31 11 43 0 37 8 25 6 29 14 41 42
0 8 31 11 25 6 37 43 29 41 14 42
31 43 37 0 25 11 8 6 29 41 14 42
24 45 13 1 26 32 15 39 22 46 18 5
11 31 43 0 37 25 8 6 29 41 14 17
30 18 39 22 15 46 32 1 16 5 3 47
43 31 8 11 25 0 37 6 29 41 14 17
18 30 39 15 22 46 1 32 16 5 47 19
6 11 25 0 31 37 43 8 17 35 41 14
24 23 32 15 18 47 26 30 13 39 22 5
8 25 6 0 43 31 11 37 41 29 40 17
34 24 28 45 2 21 13 32 15 5 1 46
46 39 18 15 30 22 1 32 16 5 19 47
43 0 8 25 31 11 37 6 29 41 14 17
39 18 30 15 22 1 16 32 46 19 5 47
18 30 39 15 22 46 1 32 16 5 19 24


21 14 46 32 37 38 0 7 39 36 23 35
19 41 29 17 2 24 8 11 12 30 43 3
19 17 29 2 41 8 24 11 12 30 3 43
17 41 19 29 2 8 11 24 12 3 30 43
21 46 14 32 38 37 0 7 39 23 36 35
41 19 29 17 2 8 24 11 12 3 30 43
39 5 35 16 47 37 15 14 21 7 18 44
21 46 14 37 32 38 0 7 39 36 23 35
46 21 14 32 37 38 0 7 39 36 23 35
41 29 19 17 2 8 24 11 12 3 30 43
17 41 29 19 2 8 11 24 12 30 3 43
21 46 14 32 37 38 0 7 39 36 23 35
21 46 14 37 32 38 0 7 39 36 23 35
17 19 41 2 29 8 24 11 12 30 3 43
41 17 19 29 2 8 11 24 12 3 30 43
46 14 21 32 38 37 0 7 39 36 23 35
27 43 15 41 11 2 30 19 8 17 24 22
17 19 41 2 29 8 11 24 12 3 30 43
1 16 15 47 13 12 26 18 30 28 23 31
46 21 37 14 32 38 0 7 39 36 23 35
21 46 37 14 32 38 0 7 39 36 23 35
21 14 46 37 32 38 0 7 39 36 23 35
19 41 17 29 8 2 11 24 12 30 43 3
3 10 43 5 40 8 42 22 6 29 16 33
7 37 46 32 38 21 14 0 39 35 45 36
15 31 6 20 5 25 16 45 26 23 18 27
36 7 26 23 14 38 46 21 37 45 32 42
46 21 14 32 37 38 0 7 39 36 23 35
46 21 14 32 38 37 0 7 39 36 23 35
29 17 19 41 2 24 8 11 12 30 3 43
41 17 29 2 19 8 24 11 12 3 30 43
12 11 2 24 17 41 1 8 19 29 25 26
21 46 14 32 37 38 0 7 39 36 23 35
21 46 14 32 37 38 0 7 39 36 23 35
41 19 17 2 29 8 11 24 12 3 30 43
41 17 29 2 19 8 24 11 12 3 30 43
27 22 2 13 15 19 31 29 41 11 17 24
21 46 32 14 38 37 0 7 39 23 36 35
29 17 41 19 2 24 8 11 12 30 3 43
32 14 38 21 46 35 6 37 0 7 39 4
29 41 19 17 2 8 24 11 12 30 3 43
46 21 14 32 38 37 0 7 39 36 23 35
24 2 13 8 11 3 19 29 41 4 17 25
46 21 14 37 32 38 0 7 39 36 23 35
17 19 41 29 2 8 11 24 12 3 30 43
41 17 29 19 2 8 24 11 12 3 30 43
21 46 14 32 38 37 0 7 39 36 23 35
17 41 19 29 2 8 11 24 12 30 3 43


47 21 26 15 38 34 33 27 19 25 0 11
21 47 26 15 38 25 34 19 33 0 11 27
47 15 38 21 26 25 33 34 27 11 19 0
38 47 21 26 15 27 34 25 33 19 0 11
21 26 47 15 38 19 34 33 27 0 25 11
1 0 29 25 38 26 30 21 47 33 11 15
5 8 42 39 18 44 20 22 23 13 10 16
21 26 47 15 38 34 27 33 19 0 25 11
47 38 21 26 15 34 27 25 33 19 11 0
5 8 42 18 44 39 20 22 23 13 16 10
47 38 21 15 26 25 34 27 33 11 0 19
5 42 8 18 39 44 20 22 23 13 10 16
27 38 47 15 21 34 11 26 33 19 25 0
5 18 42 8 39 44 20 22 23 13 10 16
27 29 36 34 38 35 37 47 15 33 21 45
6 16 36 31 43 40 1 23 22 20 13 35
21 26 47 15 38 25 34 19 0 33 27 11
5 42 39 8 18 44 20 22 23 13 10 16
21 47 26 15 38 34 19 27 33 25 0 11
5 8 39 42 18 44 20 22 23 13 10 16
47 21 26 15 38 34 0 19 25 27 33 11
38 26 21 47 15 27 33 34 19 0 25 11
23 39 18 8 5 42 20 13 44 22 9 40
38 27 47 21 26 34 15 33 19 0 25 11
31 4 35 16 17 14 7 12 11 19 15 43
21 26 47 15 38 25 34 33 19 11 0 27
5 8 39 42 18 44 20 22 23 13 10 16
47 21 26 38 15 34 27 25 33 19 0 11
5 8 42 18 39 44 20 22 23 13 10 16
32 16 17 35 14 31 46 1 6 19 23 2
18 5 42 39 44 8 22 20 23 13 10 16
30 29 40 33 14 15 38 37 26 34 21 25
40 41 8 5 39 42 18 44 12 45 6 22
30 38 34 33 26 21 47 25 27 15 0 19
5 39 8 42 18 44 20 22 23 13 10 16
5 42 18 8 39 44 20 22 23 13 10 16
47 38 15 21 26 25 34 11 33 27 19 0
18 5 42 44 39 8 1 20 22 23 13 40
45 9 14 40 8 39 24 42 18 5 20 23
5 42 39 8 18 44 20 22 23 13 10 16
5 8 39 18 42 44 20 22 23 13 10 16
38 47 27 34 21 15 33 26 11 25 19 0
39 5 8 42 18 44 20 22 23 13 10 16
25 24 38 15 47 11 26 21 33 34 0 19
18 5 42 8 44 39 20 22 23 13 10 16
14 29 13 9 28 3 41 46 10 24 1 30
47 26 21 38 15 25 34 33 19 27 11 0
3 41 28 13 17 8 10 12 5 42 46 18


1 8 20 42 30 22 2 11 19 24 47 40
8 30 1 20 2 42 36 35 15 3 39 37
35 37 16 26 3 15 45 23 39 30 36 42
35 8 1 16 2 30 37 26 36 3 15 39
44 22 31 21 46 10 28 12 38 17 20 40
44 17 28 31 46 21 12 38 22 24 34 4
37 40 12 17 28 27 21 46 38 31 35 16
16 35 26 3 30 36 15 39 37 2 23 0
2 29 26 45 16 0 35 23 47 41 36 13
40 27 42 1 37 5 11 8 20 10 28 14
2 19 1 8 11 36 35 30 5 47 16 39
44 22 31 1 5 21 4 46 20 10 13 38
16 26 45 0 29 35 23 37 17 12 28 41
28 17 44 41 0 24 7 34 26 45 23 10
40 37 3 15 39 27 36 42 16 35 28 23
12 17 28 37 40 46 21 31 38 27 45 16
0 3 39 15 36 26 23 16 41 35 45 29
23 17 26 16 0 29 37 45 35 28 34 12
1 8 2 19 22 42 5 20 11 4 30 47
1 22 2 19 8 4 5 36 20 30 44 39
44 28 17 12 40 31 46 21 22 24 13 4
41 0 44 17 29 24 9 28 26 7 34 45
2 19 36 47 41 39 29 15 4 3 1 5
31 21 46 5 38 44 22 33 1 12 34 14
37 27 40 35 1 38 12 21 46 31 30 42
41 2 19 29 0 9 16 26 45 38 32 34
44 28 22 40 5 10 4 15 39 27 13 3
37 40 27 16 35 26 28 12 17 45 23 42
37 40 27 35 16 42 12 26 1 30 9 28
37 42 40 8 27 30 1 20 35 11 5 24
44 41 28 17 0 24 7 22 13 43 31 34
37 16 26 17 35 28 45 40 0 27 23 12
22 44 2 41 19 1 5 4 36 24 14 33
16 26 35 9 2 29 45 0 32 41 8 37
40 42 27 20 31 21 1 28 46 12 22 38
0 41 39 36 3 15 23 29 24 45 44 26
37 40 35 3 15 30 39 27 36 16 42 26
44 22 31 21 46 28 10 38 4 12 24 20
37 40 27 42 1 12 35 30 38 19 21 8
0 45 29 23 16 17 26 41 28 3 39 15
27 42 40 1 37 8 20 30 31 21 46 38
44 17 28 31 41 46 12 21 38 0 22 34
1 2 22 8 19 5 47 38 31 32 11 21
41 44 36 2 39 22 15 3 4 19 34 7
16 2 9 26 35 19 29 32 41 8 30 38
0 17 16 26 28 45 29 23 37 35 41 3
40 37 27 42 28 12 20 17 35 9 21 31
44 17 28 24 4 31 12 21 22 46 40 34


1 42 46 15 32 30 26 14 0 28 12 43
6 4 35 3 33 44 24 8 2 21 41 28
35 10 37 16 47 9 40 4 5 3 33 25
47 36 17 26 7 31 46 42 22 3 24 39
9 15 18 38 31 17 0 22 19 34 6 26
1 35 40 13 33 47 32 28 15 44 30 38
14 16 23 29 12 45 8 39 2 41 30 0
37 47 25 3 10 22 14 34 16 24 26 9
1 46 30 43 14 31 12 0 15 44 28 26
19 38 18 7 13 22 31 17 15 6 26 34
25 31 0 15 18 38 9 17 44 7 19 35
27 30 24 45 8 2 3 41 4 46 29 39
17 36 7 19 38 18 22 6 26 32 34 0
39 34 16 27 24 3 41 2 40 32 45 4
46 27 34 26 30 31 14 43 32 23 42 7
45 8 2 12 4 28 29 27 41 30 20 21
44 3 47 1 14 5 21 24 15 25 26 40
15 9 31 47 45 27 4 8 0 13 29 2
30 14 12 46 43 44 8 28 20 45 24 2
27 33 8 45 9 4 2 10 5 37 43 15
8 2 43 45 28 12 29 46 30 14 41 4
5 19 31 7 34 22 6 18 38 11 17 36
25 24 40 39 3 10 45 20 22 34 27 33
34 16 26 5 22 0 32 3 47 24 31 39
8 45 2 4 28 12 29 27 41 30 21 43
17 19 18 38 26 39 36 6 7 42 31 13
23 6 16 35 32 37 18 40 11 33 43 0
44 5 3 47 1 14 15 21 24 25 26 9
29 41 12 2 45 4 28 30 8 27 20 21
19 18 38 31 22 17 26 13 34 9 15 7
4 12 29 2 45 8 28 41 27 16 30 20
45 8 43 2 12 29 41 28 27 14 21 4
38 18 19 9 15 17 31 6 26 22 13 36
5 31 32 25 6 34 10 38 16 18 35 26
18 13 38 17 9 0 15 19 31 42 22 39
16 4 5 41 35 37 40 29 10 9 33 11
19 17 38 18 36 7 6 26 22 32 31 13
12 20 30 2 8 28 5 4 7 33 29 41
8 45 4 2 12 29 28 41 30 27 21 43
29 12 41 20 28 8 45 2 4 16 27 30
18 38 17 19 36 22 6 9 7 13 26 31
16 37 22 6 47 34 5 4 10 36 9 31
12 23 30 28 41 2 29 8 45 20 4 43
12 8 2 28 45 30 29 4 20 41 27 14
19 18 38 17 22 7 31 6 36 26 34 13
37 16 4 1 12 29 2 30 8 11 14 47
31 5 26 44 43 13 30 14 38 47 17 42
46 42 6 14 0 24 47 1 26 3 32 44


12 37 1 45 23 11 32 44 33 46 21 30
20 11 13 26 47 1 0 30 7 8 29 36
6 36 19 25 2 26 0 3 27 38 41 42
12 37 45 46 13 38 11 1 32 21 40 34
40 12 45 32 2 46 39 13 38 11 44 29
12 45 1 37 25 13 38 46 40 32 44 3
37 1 12 33 45 10 44 31 23 21 38 46
12 37 32 14 46 38 1 21 23 0 44 27
35 30 42 4 17 39 3 2 20 27 47 23
39 17 9 2 18 20 40 5 30 4 26 7
12 37 14 33 32 45 1 23 43 29 21 44
12 37 1 45 46 21 32 44 38 11 13 40
33 1 37 31 22 10 7 12 45 14 16 30
27 19 36 13 46 14 42 38 35 3 15 4
12 40 46 2 38 21 1 17 26 32 45 39
31 44 12 23 30 1 37 32 45 7 46 21
14 10 0 1 37 31 15 12 38 22 41 6
1 37 12 45 31 44 46 21 32 38 33 10
45 12 37 44 23 1 46 32 21 38 7 27
34 0 35 11 20 36 6 44 2 16 8 13
5 9 18 39 20 41 22 2 24 36 28 17
13 37 12 21 0 38 6 33 1 32 44 16
37 12 1 43 10 45 11 8 33 23 14 34
12 37 45 1 46 32 21 38 44 23 43 27
1 37 12 31 10 33 14 45 22 46 15 38
24 19 10 28 5 33 29 22 18 7 15 4
23 40 7 44 26 30 3 46 45 12 21 39
1 37 31 33 12 10 22 45 14 23 15 44
13 8 12 11 45 41 37 32 1 46 47 26
12 1 37 45 3 38 44 46 13 32 21 8
35 42 30 14 37 12 44 27 1 4 34 19
31 22 33 14 10 37 28 1 23 42 15 7
44 35 16 20 7 17 2 21 3 46 47 11
26 17 39 30 20 9 3 2 28 7 44 36
40 2 39 17 29 20 11 16 43 9 13 26
37 1 12 45 33 10 23 14 31 30 32 46
17 39 9 2 18 26 5 20 40 19 41 28
18 9 5 20 39 17 2 36 41 26 28 34
22 10 31 14 15 33 1 37 24 27 42 19
37 1 12 10 45 33 38 15 14 13 0 8
17 9 2 39 42 20 19 41 18 4 27 3
17 2 39 9 40 20 26 28 36 19 44 3
22 5 9 33 18 14 24 10 31 28 20 15
22 9 31 17 5 28 20 39 41 33 26 36
2 47 38 8 32 21 25 19 12 27 13 46
2 17 39 0 9 36 40 20 25 6 42 41
12 1 40 45 11 38 46 37 32 8 13 36
37 1 12 10 33 31 45 27 46 38 21 14


6 0 35 2 23 19 3 12 32 45 36 10
39 28 4 11 30 37 29 13 16 46 1 43
26 5 11 42 16 23 37 4 36 25 24 28
11 46 14 16 28 3 17 27 26 4 40 15
1 25 10 37 2 15 44 20 45 35 26 7
11 36 16 4 29 38 42 27 21 43 17 45
45 25 23 7 35 1 36 2 37 32 44 47
8 29 34 28 44 25 12 33 22 41 27 4
21 34 29 28 17 8 11 35 38 9 6 5
2 23 10 25 38 43 15 16 39 6 22 46
37 23 45 1 5 26 44 47 25 2 16 43
42 47 35 11 17 34 36 18 21 5 27 6
11 34 14 44 21 26 46 5 25 29 6 24
21 12 34 44 17 13 6 27 2 40 22 35
2 45 16 3 23 33 39 0 30 18 6 19
37 1 25 44 28 4 23 8 7 31 26 47
29 11 36 38 21 27 0 19 17 4 6 34
16 27 25 43 10 2 6 9 42 36 17 15
44 25 37 8 33 4 28 1 40 14 7 12
28 4 1 37 29 25 8 44 11 7 47 31
6 0 38 16 3 19 2 43 27 23 36 5
6 35 3 38 21 27 2 0 16 10 45 36
9 41 10 27 6 22 35 12 32 17 21 29
23 4 43 19 1 37 36 42 47 32 16 12
5 23 45 3 12 14 35 44 33 40 13 25
1 37 28 8 4 25 39 7 46 43 32 10
10 45 32 7 12 25 1 36 16 2 20 23
44 8 12 21 33 1 25 34 41 40 32 37
0 41 12 6 34 35 20 21 19 46 38 17
37 44 23 1 24 33 25 39 41 22 8 12
21 24 39 20 6 11 38 2 5 34 46 15
21 27 6 38 17 35 34 0 10 47 29 42
44 37 25 28 1 47 5 8 24 22 4 34
27 22 3 0 6 17 35 43 10 9 34 42
12 29 41 8 26 32 20 19 44 31 13 17
47 17 34 0 22 35 27 5 11 36 46 42
4 7 36 37 19 25 40 11 1 28 33 23
12 34 44 8 21 41 20 33 32 0 22 24
4 37 1 25 8 28 40 7 13 44 23 47
25 40 13 12 44 30 37 14 1 2 3 45
10 45 7 16 35 1 14 9 4 11 26 27
21 11 28 29 4 8 24 37 35 1 47 46
5 44 3 19 0 34 47 24 25 33 37 20
19 43 0 22 33 27 32 38 5 46 3 41
1 37 10 25 44 8 28 31 15 24 39 23
6 16 2 10 32 27 45 0 35 36 38 42
2 39 6 45 21 12 20 44 7 38 33 32
7 13 14 40 30 9 3 33 5 25 36 18


24 13 34 27 17 20 28 15 7 46 12 44
40 6 45 5 36 2 32 43 22 47 38 1
24 13 27 20 17 34 28 31 46 12 7 15
22 5 40 36 45 4 6 32 16 25 2 42
6 1 40 18 5 45 36 43 39 8 32 47
45 5 40 32 36 2 4 22 6 16 39 11
24 13 7 27 34 20 12 17 46 28 15 44
30 15 14 20 46 11 10 41 24 17 13 34
13 24 27 28 18 15 12 17 7 20 34 44
8 26 9 16 29 5 3 36 18 4 30 22
44 7 25 8 17 39 18 24 35 27 28 43
45 5 40 22 2 6 32 36 4 30 16 39
12 20 13 24 28 27 34 17 7 15 46 31
1 10 22 30 31 28 18 14 11 27 40 39
5 45 2 6 36 32 40 4 30 39 16 11
17 28 34 27 13 20 44 24 15 46 41 0
10 11 14 23 36 25 5 42 30 45 39 2
33 2 32 40 45 5 6 36 22 39 29 4
36 45 5 40 43 6 2 42 32 4 38 30
26 16 3 18 29 38 8 32 11 9 40 36
40 6 45 36 32 5 43 22 26 18 3 29
9 26 3 23 46 18 21 14 15 42 43 34
23 42 30 25 11 10 14 0 1 31 19 39
2 5 32 45 36 40 16 6 11 4 30 47
4 2 16 3 29 39 45 21 5 22 37 32
26 16 38 2 11 3 32 25 35 29 4 47
34 24 13 27 20 15 17 28 7 46 44 37
3 23 42 35 43 29 21 9 26 1 16 40
33 7 12 44 28 20 34 24 27 31 13 17
26 15 18 46 9 23 3 24 40 27 13 41
26 3 31 7 15 18 35 41 27 28 34 29
18 28 15 12 34 13 27 3 24 17 41 29
19 12 20 24 11 41 13 16 7 26 15 46
8 17 34 7 27 38 37 13 20 44 24 15
4 16 2 30 29 22 32 11 39 9 37 45
24 27 13 28 34 17 20 12 7 15 46 44
29 3 33 18 35 10 31 28 32 8 44 7
13 34 24 27 17 12 20 7 28 46 35 18
46 18 17 27 1 13 28 10 21 25 24 34
13 27 28 24 34 17 20 12 15 46 7 44
40 4 32 2 5 22 36 33 45 6 39 29
24 13 20 34 27 17 12 46 28 7 15 19
45 29 5 6 32 10 18 25 40 47 39 2
13 34 27 24 17 20 28 15 12 7 46 44
29 45 5 22 32 3 4 6 18 39 30 2
17 24 13 27 34 20 46 23 7 28 44 21
24 13 27 17 20 34 15 46 28 12 44 23
12 28 13 20 1 27 17 24 34 31 15 7


31 46 11 29 47 16 19 14 26 40 22 7
29 46 31 11 47 16 14 19 26 40 7 22
39 20 18 2 47 37 16 11 46 14 29 31
13 33 35 34 44 10 28 36 32 1 6 25
40 19 42 25 31 11 43 29 0 22 18 41
45 42 37 12 27 18 15 20 2 10 8 22
33 34 24 32 6 3 13 1 36 44 17 35
46 29 31 11 47 16 14 19 26 40 7 22
35 5 36 26 10 4 15 1 13 44 43 33
44 35 8 1 13 17 33 34 9 10 37 32
31 29 11 46 16 47 14 19 26 40 22 7
31 29 46 11 16 19 47 14 26 7 40 25
19 31 46 29 11 47 16 40 2 7 41 43
2 39 42 37 18 20 0 3 27 25 38 45
46 29 11 31 47 19 16 26 40 7 2 0
17 37 8 1 35 24 13 9 36 23 33 3
18 27 2 47 46 38 42 11 40 39 29 14
46 29 31 11 47 16 14 19 40 26 22 7
33 35 24 3 36 34 32 13 6 1 10 44
47 46 11 29 31 16 2 14 40 39 19 18
33 32 34 6 44 3 13 10 0 24 28 35
25 31 19 47 29 46 16 28 11 41 18 26
15 11 46 47 29 31 14 40 16 17 8 5
24 32 3 12 33 6 8 17 23 34 37 10
23 3 17 38 28 24 32 8 34 33 6 35
38 45 27 42 30 39 10 23 22 18 7 14
12 15 19 31 46 11 5 47 29 22 40 10
26 29 0 31 11 14 46 16 47 25 39 45
29 46 11 31 47 0 14 16 19 39 7 21
37 17 8 23 24 3 6 20 12 32 2 39
44 33 34 32 10 24 6 13 1 35 36 9
4 41 30 44 9 43 23 7 26 31 13 36
33 34 13 32 44 6 3 36 24 23 17 1
18 2 37 17 8 3 20 39 13 24 32 6
45 11 22 31 19 43 29 46 1 16 30 7
31 11 29 46 47 16 19 14 26 40 22 7
30 27 45 22 38 10 44 23 16 42 7 39
26 31 29 46 16 11 47 14 19 0 4 25
39 20 2 37 23 18 17 47 28 4 38 40
20 39 45 47 37 22 27 2 7 18 34 11
44 13 1 35 17 8 15 10 36 37 30 34
45 22 30 7 27 16 42 29 38 14 46 11
34 33 32 24 6 44 13 3 10 1 35 28
16 31 29 11 14 46 26 47 19 22 45 40
31 16 19 11 46 29 14 40 47 5 22 26
46 31 11 29 47 19 16 14 26 40 15 2
8 17 15 37 5 12 40 11 1 46 47 45
11 45 16 29 5 22 47 46 31 14 7 15


39 44 37 9 30 14 1 45 23 25 31 29
18 43 36 41 26 11 12 8 19 38 35 46
36 19 41 18 21 11 43 40 4 8 34 12
11 4 36 41 8 0 18 17 6 46 40 22
12 26 36 5 38 0 18 43 8 21 40 17
30 5 1 37 31 45 38 9 29 44 19 33
18 36 41 11 26 8 40 43 12 17 4 21
1 30 29 42 37 44 16 2 14 25 27 45
16 14 29 42 33 37 44 30 9 39 23 6
11 41 4 36 18 40 43 22 8 19 12 17
18 36 26 8 5 40 41 38 12 17 0 43
36 41 18 11 43 40 8 4 26 19 17 12
44 9 16 14 30 37 29 1 39 25 23 45
41 36 18 4 15 40 17 8 11 19 6 35
30 31 16 25 29 44 23 1 37 9 2 14
41 18 4 11 36 17 43 8 40 35 19 46
36 41 18 19 26 12 11 4 24 43 10 46
18 36 41 11 17 4 8 6 40 12 19 35
18 36 41 40 11 4 8 0 17 12 19 6
4 22 41 2 15 11 25 27 17 40 36 28
47 19 8 38 7 4 34 40 17 15 41 0
36 18 43 41 40 8 4 11 12 28 34 24
35 26 46 33 19 9 15 31 24 18 41 34
18 36 41 40 11 17 4 8 43 12 19 13
39 45 10 9 14 24 32 33 37 23 44 3
41 11 36 4 18 8 40 22 43 17 0 26
11 6 36 4 41 0 18 8 40 17 22 12
41 18 11 36 4 43 8 17 40 6 46 12
1 37 29 44 30 16 42 23 14 27 9 2
43 18 10 31 11 41 24 36 39 26 3 12
18 36 41 11 43 17 8 26 40 12 3 4
41 21 36 15 11 17 18 4 8 26 43 12
36 21 11 8 18 19 41 40 43 4 12 13
18 36 8 38 43 26 5 17 41 11 40 12
5 17 18 41 31 9 3 15 39 26 44 35
4 41 11 36 22 19 43 24 18 40 35 15
11 4 41 22 17 15 21 32 28 36 46 27
36 18 41 11 43 40 4 19 12 8 35 7
36 41 11 18 4 8 35 19 40 26 43 12
36 11 18 38 41 43 17 22 8 40 4 26
47 13 3 7 4 19 32 10 18 41 11 46
29 42 16 30 14 1 45 37 25 44 39 23
36 43 18 41 11 8 40 12 26 4 22 19
36 18 41 43 11 40 12 26 19 24 8 4
1 44 37 30 27 29 2 15 42 45 14 16
38 19 5 37 39 33 45 1 16 44 34 14
16 14 29 42 37 23 44 9 30 25 39 1
27 40 8 15 22 4 2 1 7 41 36 31


