[[[115,  57, 143,  89, 132, 177, 133, 109,  15,  92, 169, 116, 183,  55, 101, 120, 190, 172,  51,  69,  32,  65,  26,  23, 119, 144,  18,  59,  11, 184, 102, 165,  17,  46, 171,  74,  33, 174,  88,   2,  68,  22,  30, 186,  76,  14,  19,  36,  87, 173],
  [ 98, 109, 154,  23, 106,  71, 196,  79,  49,  99, 194,  85,  95,  57,  76,  48, 160,  81,  69, 166,  93, 161,  56, 132, 123, 178,  17, 119,  75,  91,   6,  55,  89, 122, 133,  14,  97, 102, 165,  43, 195, 169,  78,   7,  38, 152, 147, 153,  51, 139],
  [120, 167,   5,  83, 108, 133,  17, 122,   9,   8, 143, 130,  32,  16, 117,  92,  20,  57,  44,   2,  18,  36,  65,  46, 101, 165,  69, 156,  52, 181, 115, 162,  73,  19, 157,   4,  88,  41,  60, 184, 144,  22, 183,  59, 126, 197, 174,  94,  13,  25],
  [120,   5, 122,  48,  21, 167,   9, 104,  42, 108,  20, 181, 117, 133, 118,  94,  92, 130,  90,  80,  16, 180,  49,  17, 126,   2,  73,  83,  32, 114, 182, 166,  52,  57, 101,  36, 157,  24,   4,  51,   8, 156,  18, 189,  46, 143,  65,  22, 107, 128],
  [ 48, 122, 106,   5, 120, 166, 167, 118,  21,  49,  83, 104, 119,  35,  63, 195, 133,  20,  94,  80,   9,  92,  16,  93,  17, 165, 178,  62, 128, 114, 108, 152, 130, 154,  71,  90, 196,  98, 121,  91, 123, 181,  77,  24, 161,  73, 151, 139,  76, 126],
  [118, 122, 126, 167, 120,   9, 111, 160, 106, 108, 121,  48,  37, 128,  91,  79, 152, 117, 181,   5,  73, 101,  84,  21,  17,  90,  20,  83,  49, 104, 166, 143,  76,  63,  99,  92, 161,  61,  36,  64,  94,   1,  77, 133, 139,  52,  57,  93,  25, 130],
  [  6,  79, 153,   7, 106,  34,  35, 191,  49,  93,  78,  48, 152, 142,  75, 186, 105, 154, 107, 103,  98,  38, 192, 161, 176, 178, 187,  62, 164, 128,  95,  63,  56,   0, 109, 151,   1,  91, 104, 118, 195, 175,  23, 150,  80, 194,  43, 139,  77,  64],
  [  7, 190,  85,  79, 186, 175, 188,  35, 115,   6,   1, 143, 154, 179, 109,  38, 150, 183, 103, 168, 137, 152, 153, 193,  34, 132,  23, 133, 138, 144, 112, 161, 191, 146, 147,  70, 141, 151, 102,  40, 155,  49, 176,  96, 136,  75, 124, 149,  51,  10],
  [108, 120, 167,   5,  21, 122, 117,   9, 104, 126,  16, 130,  94, 180,  48, 101,  42,   2,  80, 189,  83,  52, 119,  92, 139,  20,  13, 193, 114,  73,  24, 111,  32,   8,  17, 181, 133, 100,  26,  29,  36,  22, 123, 156,  90,  51,  84,  25,  61, 118],
  [108,  92, 120, 122,  21,  94,   5, 167, 139, 118, 180,  99,  48, 166,  83,  76, 121,  71, 119,  49, 117, 126, 123, 130, 101,  93,   8, 104, 193,   0,  26, 165, 106, 195, 154, 178,  42, 128, 107, 160,  61,  16,   9, 189,  73,  20,  98,  17,  63,  37],
  [ 48, 106, 122, 118,  49, 119,  83, 104, 166,  94,  21, 120, 151, 195, 161, 133,   5,  98,  63,   9,  77, 108,   0,  92,  91,  24,  71,  99,  79, 128, 114, 167, 139, 107, 164,  73, 163, 181,  76,  17, 152,  62, 150, 101, 193,  89,  96, 192, 154, 178],
  [  9, 120,  83, 122,  17,   8,  52,  69,  96, 139,   2, 104, 133,  79, 100,   5, 117, 181,  65,  18,  44,  51, 143,  36,  20,  46,  26, 197, 196, 156, 162,  42, 124,  32,  55,  22,  16,  45,  73, 157, 145, 134,   4, 130,  24,  60,  13,  57,  37, 126],
  [120, 122,  83,   5, 133,  48, 167,  21,   9,  17, 104,  92,  20, 166, 119, 126,  94, 117, 118,  49, 130,  89,  16, 108, 101,  32,  73,  91,   2,  36, 181,  52, 193, 161, 114,   8,  51,  13, 106,  71,  98,  96, 157, 165,  24, 121,  57,  65, 189,  61],
  [  5, 120,  48,  83, 122,  21, 118, 166,  42,  20,  17, 128,  16,  94, 108, 117, 167, 104,  49,   8,   9,  91,  61,  92, 189, 130,  93,  99, 133,  69,  73, 143, 154, 114, 139, 126, 162,   2, 101,  36,  77, 157, 161,  47, 159, 165,  26,  32,  46, 156],
  [133,  20, 181, 120,  57,  17,  73,  24,   9,  51,   5,  69, 130, 101, 139,  36, 193,  83,  32,  80,  13,  65, 122,  52, 114,  18,   4,   8, 123, 157,   2, 104, 159,  44,  16, 126,  55,  96,  61, 118,  46,  89, 100,  45,  50,  60,  84, 117, 134, 105],
  [122, 180, 120,  21, 104,   9,   5,  83,  71, 167,  94, 117, 108,  52,   2,  36,  80, 126, 179, 133,  26, 111,  42, 196,  25,  73,   0,  17,  48,  16, 182, 139,  90,   8,  29,  18, 181,  98,  39,  24,  13,  20, 100,  81,  32,  65, 188,  22, 157, 128],
  [  5,  20, 117,  17, 130,  61, 189, 166, 120, 162,   8, 108, 100,   9, 157,  16,  47,  83,  42, 159, 181, 182,  29,  19, 101,  24,  84, 114, 133, 122,  46,  73, 145, 178,  44,  65,  32,  68,  21,  13,  92, 110,  60,  80,  69,   2,  36,  41, 104, 126],
  [108,   5, 122, 118, 126,  20, 120,  48,  21, 181,  94, 166,   9, 167,  73, 104, 130,  61,  17,  84, 139, 101, 117,  80,  90, 111,  24, 189,  16,  42,  51,  36,  92,  77,  83,  91, 193, 180,  98,  25, 123,  52,  99, 182, 152,   4, 107, 121,   8, 163],
  [120, 122, 167,   5,  21,  16, 108,  83,  94,  48,  92, 117, 180,   9, 104, 165, 133,  17,  20,   2,  49,   8, 126, 130, 143, 195, 119,  32, 193,  24, 114, 189, 123, 182, 139,  36,  90,  42,  52,  29, 181, 157,  80,  63,  22,  57,  18, 101,  46,  65],
  [120, 167, 122,   9,   5, 126, 108, 117,  20,  17,  83,  21, 181,  16, 101, 130,  73,  52,  36, 133,  42,   2,  26,   8, 118,  32,  57,   4,  13,  94,  92,  44,  65, 193, 156, 157, 143, 104,  24, 111,  18, 121,  90, 114, 189, 182, 123,  46,  45,  19],
  [120,  26, 126,   9, 122,  42, 167,  52,  36,  57,  20, 111, 181,  17,  73,  16, 143, 123,  25, 193, 108, 101,  37,   2,  74,  55,  65, 133,  24,   8,  44,  46,  32, 130,  13,  45,  71,  27, 127, 197,   5,  18,  53,   4,  51, 159, 156, 125,  59,  58],
  [124,  52, 168,  15,  36, 113,  37, 132,  55, 181,  17, 141, 193, 143, 109,  59,  24,  46, 145,  42,   9, 169, 162, 140, 134,  25, 159,  26,  27,  99, 133,  44, 148, 123,  56, 158,  29,  53,  65, 111,  10,  20,  73, 125, 172,  30,  45,  39, 127,  84],
  [120, 167, 122,   5,  83, 108,  94,  48,   9,  21, 117,  16, 104, 118,  42,  17, 165,  49,  92, 126, 166, 114, 180,   2,   8, 130,  20, 143, 133, 181,  80,  90,  73,  32,  36, 189, 101,  26,   4,  52, 119, 156, 182, 121,  46, 157, 193, 128,  18,  22],
  [  5, 166, 189,  20, 100,  47,  36, 186, 136, 182,  61, 159,  33,  24,   2,  29,  70, 139, 175, 158,  19, 188, 157, 162, 130,   7, 149, 191,  53,  60,  72,  46, 137,  40, 135,  89,  99, 104, 171, 146, 174, 148,   3,  42, 185,  86,  41,   8, 134,  32],
  [118,  92, 120,  48, 166,   5, 167, 108,  76, 119, 121, 104,  61,  83, 122,  62,  49, 101, 106, 107, 178,  93,  94, 117,  78,  84, 130,  63,  21, 160, 189,  17,  20,  91, 152,  73,  77, 165, 115, 151, 143,  36, 126,  79, 164, 154, 128,   9, 177,  32],
  [122,  48, 118, 166,   9,   5,  83,  21, 128, 106, 104, 120,  20,  17,  79, 126, 195,  91,  49, 108,  94,  98, 163, 196, 180,  73, 161, 117, 139, 160,   8,  61, 178, 181,  76,  36, 152, 167,  37,  90, 121,  99, 151, 164,  25,  16,  93,  92, 188, 162],
  [139,  83, 133, 122,   9,  94,  17, 180, 166,  26,   5, 108, 120, 196,  52, 117,  69,  60,  44,  32,  16, 162,  51,  73,  48, 195,  20,  25,   8,   2,  18, 105,  98, 163,  42,  71,  46,  65, 157, 135,  36, 100,  24, 104,  66,  80, 149, 159, 126, 181],
  [122, 120, 167,  83,   9,  17, 106,   5,  48, 117, 104,  94, 118, 166, 126,  98, 193, 165,  20, 133,  21, 101, 163,   8,  16, 130, 160,  36, 114,  92,  76,  61, 121, 123, 181,   2,  96,  91, 111, 187, 178,  73,  69, 195,  65, 108, 154, 145,  84, 151],
  [ 91, 120, 122,   5,  20,  83,  17,   9,  21,   8,  92, 117,  36, 121,  24, 130, 188,  73, 154, 133,  94, 167, 189, 195, 104,  46,  13, 165, 166,  69, 162, 196, 123,  57, 159,  77,  18,  52,  16, 157,  44,  90,  48,  19, 129, 155,  47,  82, 143, 145],
  [122,   9, 120, 126, 167, 111,  17, 118,  83, 117,   5,  94, 128, 133, 180,  52,  20,  48,  37,  26,  73,  25,  21, 108,  36,  98, 160, 162,  91,  16, 181, 127,  79,  71, 195, 166,  57, 121, 104, 101,   1, 163,  44,  42,  61, 183, 161, 179, 165,  32],
  [  5,  21, 120, 122,  20, 117, 130, 166,  16,  94,  48, 189,  17, 167, 139, 118, 182, 108, 181,  24,  92, 114,   8, 193,   2,   9,  89,  61, 100,  19,  49,  52, 157, 162, 156,  42, 104,   4,  68,  77,  80,  47, 129, 101,  13,  73, 178,  83, 133, 180],
  [120,   5,   9, 122, 167,  48, 117, 118, 104,  17,  21,  20, 181, 166, 130,  83, 108,  92,  36,   8,  16,   2, 101, 126,  90, 133, 189,  73,  24,  94,  52,  61,  42,  80, 157, 139,  29, 114,  49,  71,   4,  32, 156,  84,  65,  57,  51,  18, 180, 123],
  [120, 167, 108,   5, 122,  94,  83,  16,  21, 117,  92, 133, 165,  20,  48,  17,   9, 130, 180, 143, 118,   8,  32,   2, 154,  49, 126, 101,  64, 189,  44, 119, 114,  65,  80,  18, 193,  13,  52,  91, 156, 166, 181, 182,  36,  57,  46,  73,   4,  69],
  [120, 167, 122, 117, 118,  21,  83,  94,   9,  92,   5, 108,  57, 121, 165,  16, 126, 143, 133,  48, 101,  17,  49,  91,  20,  73, 128, 104,  36, 130,  63,   2,  32,   8,  74,  52,  26, 181,  90,  42, 154,  65,  13, 156,  18, 114,  80,  46,  76, 193],
  [106, 192,  49,  62,  48, 119, 152, 118,  91,  77,  63,  78, 153,  89, 151, 154, 161,  76, 107, 191, 122,  23,  92, 165,  85, 187, 121, 176, 195,   6, 167,  21, 164, 116,   1,   7, 115, 160,  97, 103, 190, 143,  79, 128, 142, 193, 129,  35, 178,  93],
  [106, 152, 103,  23, 176,  62,  91,  49, 192, 165, 153, 154,  48, 160, 190,  77, 151,   6, 191,   7, 195,  76,  89, 116, 143, 178,  85, 164, 161,  92,  63,  56,  93, 150, 193, 168,  82, 132, 133, 119,  75,  34, 186, 121, 109, 115, 129,  79, 122,  74],
  [120, 122, 108,  83, 167,   9,   5,  21, 118, 126,  20,  17,  36, 143, 128,   8, 111,  16,  73,  94, 130,  52, 101,  91, 166, 180,  48, 189,  25, 165, 162, 104,  44, 117,  79, 127,  51, 181, 159,  32, 123,   2, 121,  13,  26, 161,  92,  37, 133,  64],
  [ 21, 108, 104, 122,   5,  48, 187, 119, 142, 106, 178, 117, 180, 118,  92, 121,  80, 167, 126, 120, 114, 130,   0,  83,  42,  77,  16,  94, 123,  61,   9, 101,  62, 189,  98, 192, 151, 107, 166,  75,  93,  81, 191,  43, 100,  84,  90,  91, 105,  49],
  [ 78,  85, 180, 143, 119,  63,  81,  49, 165, 190,  57, 120,  48,  51, 193, 138,  35, 111,  79,   7, 178, 124,  55, 133, 113,  70, 115, 108,   2, 109,  95,  96, 183, 126,  83,  76,  54, 122, 104, 179,  62, 148, 169,  26,  43, 168,  87,  94,  32,  21],
  [120,   5, 122,   9, 117, 167, 133,  17,  83,   8, 108,  94, 130,  92, 165,  16,  20,  21,   2,  48,  32,  57, 156,  60, 143, 101,  80, 166,  46, 162,  18,  49,  69,  51,   4, 145, 189, 154,  19, 114, 183,  90,  65,  73,  52,  96, 184, 180, 157,  44],
  [120, 122,  83,   9,  17, 167, 133,   5, 117,  48,  16, 181,  71,   8,  94, 154,  69, 166, 165,  20,  52, 195,  36,   4,   2, 118, 130,  91,  13,  73, 104,  18,  32, 114,  44,  57,  49,  24, 143, 126, 162,  65,  60,  51,  96, 156,  46, 197,  64, 145],
  [120, 167,   5, 122, 117,   9,  17,  20, 108,  83, 181, 130, 126,   8,  16,  21,  36, 133,  52,   2, 189, 118,   4,  94,  32, 162, 101,  42,  65, 100,  46, 114,  92,  44,  13,  29,  73, 182, 157, 197, 193,  19,  69, 166, 156, 111,  61,  18,  41,  24],
  [122, 106,  21, 123,   9, 126, 119,  98, 133,  20,  96,  17, 193, 163, 165,  83, 181,  24,  43, 101, 167,  94,  48,  57, 166,  55, 111,  73, 114, 154,  82, 195,  16, 196, 151,   2,  51,  81, 120,  36, 130, 160, 178,  65,  69,   8,   5, 150,  84,  99],
  [120,  83, 167,   9, 133, 122, 118, 143,  17,  79,  65,   5,  92,  69,   8, 128, 144, 126,  44,  57,  36, 108, 127,  32, 183, 190,  18, 130,  91, 115, 179,  20, 101, 145, 197,  46,  96,  73,   2,  59, 162, 111, 117, 156, 181, 193, 165,  99,  76,  48],
  [120, 167, 108,  21, 122,   5, 117, 143,  92, 180,  94,  42,  20, 126,  16, 130,  83,  17,   2,  26,   9, 101,  32, 165,   8, 133, 182,  36,  52, 189, 104,  22,  73, 156,  46,  18,  57, 157, 118,  48, 181, 100,  29,  80,  19,   4,  65, 114,  74,  76],
  [120, 122, 167,  83,   5,  21,   9,  20,  16, 108,  17, 104, 133, 117,   2,  48,  92,   8,  94, 143, 130,  36, 118, 165, 101, 119,  32, 193,  73, 114, 166,  52, 189,  65,  49, 126,  42,  13,  57,  51, 181, 115,  44,  91, 157,  46,  18, 156, 161,  29],
  [120, 122, 167,   5,  21, 108, 117,   9,  83, 126,  16,  26,  17, 180,  52,  42,  92, 130, 101,   2,  20,  94, 181,  73, 104,  32, 133,  36,   8, 118, 157,  29, 143,  44, 182, 189, 114,  22,  65,  18, 156,  13,  46,   4,  64, 119, 100, 166,  71,  24],
  [ 98,  71, 122, 111, 126,  26,   9,  57, 118,  73, 106, 181,  38, 142,  84, 104, 193,  55, 152,  61, 101,  85, 183, 167, 112,  36,  24,  79,  52,  17, 120,  64,  91,  23,  21,  74,   1, 113,   0, 151,  81,  13, 163, 187, 117,   4,  25,  96,  58, 195],
  [ 56,  23, 106, 103, 153,  75,  34, 176, 195, 192, 109,  93,  97,  95,  63,   6, 164, 116, 142,  10, 152,  78,  76,  62, 151, 191, 150,  85, 178, 169,  84,  70, 160, 190,  37,  81,  98, 132, 121,  99,  49,  11, 177, 168, 107, 173,   7, 165, 138, 123],
  [ 56,  23,  95, 169,  34, 173,  40, 110,  81, 103,  70,  10,  24, 109,  75,  50,  86,  87,  54, 132,   7, 102,   3, 171, 138,  15,  11,  31, 186, 172,  27, 105, 141,  30,  89, 129, 125,  43,  33,  97, 168,  67, 116, 190, 137,  82,  57,  37, 139,  35],
  [ 48, 122, 120,  49, 106,  21,  92, 167,   5,  94, 166, 165,  77,  62, 118, 152, 154, 161,  63,  83, 195, 119,  93, 121,  91,  76, 128, 151, 104, 178, 192,   6, 160, 164, 117,  35,  78, 133,  20, 143,  16, 190, 107, 163,  17,  61, 115, 153,  90, 114],
  [  5, 120, 122,  17,  83,   9,  61, 104,  36, 117,  20,  71,  94, 167, 133, 166,  73,   8, 162, 100,  21,  99, 189, 159, 180,  46,  69, 163,  24, 126,  25,  48,  26,  16, 123,  47, 101,  42,  92,  51, 157, 130,  57, 193,  13,  32, 149, 145, 195,  55],
  [120, 122, 167,  92,   9, 180, 108, 104, 193, 143,  83,   5,  21,  76, 126, 119,  94,  17, 123, 117,  48,  20, 101, 121, 165,  73, 195,  90,  36, 133,  24,  51, 130,  63, 106,  57,  26,   8,  52, 111,  49,  42,  71,  25,   2,  96, 181, 178, 166, 160],
  [ 21, 122,  20, 166,   5, 120, 118, 108,  48,  79,  61,   0,   9,  17,  36,  73, 104, 139, 128, 133,  83, 119,  91, 181,  90, 130,  94, 189,  92, 126, 101, 159, 107,  49,  52, 180,  76,   8,  77, 162, 167, 143, 183,  42,   2, 163,  96,  99, 160, 151],
  [120, 122,   5,  48,  83, 166,  92, 167, 117,  17,  49, 108,  21, 104,  94, 143,   8, 165, 133, 130,  20, 178, 119,   9, 180,  16, 118,  42,  93, 101,  76, 106,   2,  90, 114, 154,  63, 189, 144,  69,  73,  18, 128, 121,   4,  61,  91,  32, 162,  65],
  [120,   5,  20, 108,  83, 122,  17,  64, 162,  26, 189,  44, 126, 130,  52,  46, 133,   9,  73,  13, 182,   8,  51,  32, 157, 181, 117,  36, 159, 139, 166,  42,  69, 101,  18,   2,  19,  21, 193, 100, 156, 145,  53, 135,  61, 183,  60, 174,  80,  98],
  [104, 100,  52,  46, 180,   2,   9,  36, 120, 117,  22,  78, 122,  83,   5,  13,  26, 157,  86, 143,   0,  32,  21, 133,  47,  92,   8, 171,  29, 144,  44,  74, 158,  18, 184,  60, 175, 189,  87, 105,  25, 177,  39,  59,  43, 139, 128,  73, 174,  51],
  [  5,  48,  83, 120,  70, 152,  94, 108, 195, 163,   8, 117, 150, 122, 166, 104,   9,  35,  80,  17, 139,  69, 189, 133,  16,  34,  93,  51,  99, 179, 149,   6, 123, 182,  47, 162, 146,  20,  61, 180, 167, 140, 111,  98, 100,  54, 135, 145, 130,  44],
  [120,   5, 167, 166, 118, 117, 122,  20,  17,   9, 130,  48,  21, 108, 181, 133, 126, 162,  61,  83,   8, 114,  92,  94, 163, 121,  77,  76,  16, 101, 189,  73,  36, 160,   4, 165,  91, 157, 178,  96, 183,  32, 156, 159,  90,  19,  65, 127, 145, 154],
  [120, 167,  21,   5, 117, 108, 122,  92,  16, 130,  20, 101, 189, 104,   2,  17,  83, 119,  42,  48, 126,   9,  94, 180, 114,  29, 118, 100,  52, 166,  32, 157,   8,  80, 133, 187, 156,  26,  36, 121,  19,  22,  73,  61,  13,  41, 182,   4, 139, 181],
  [120, 122,  48,  21, 167,   5, 119,  83,  91,  49, 106,  92, 118,  20, 133,   9,  94, 166,  17, 154, 165, 104, 195,  16, 161,  77,  89,  63, 108,  71, 130, 114,  73,  57,  62, 117,   8, 121,  24,  35, 128, 101, 193, 143, 126,  32,  90,   2, 180,  51],
  [122, 106, 118, 111,  85, 152, 160,  98, 121, 151,  84,  79, 126, 161, 128,  91, 167,   9,  23,  97, 192,  77,  62,   1, 104, 164,  61,  71,  63, 142,  26,   0, 195,  73,  55, 163,  38, 107,  76, 124,  37, 101,  57,  48, 176, 196,  36,  49, 165,  21],
  [ 23,  56, 103, 186,   7, 109, 153,   6,  79,  38,  75,  95, 195, 116,  97,  10, 132, 150, 168, 146, 164, 176, 191,  70, 137, 147,   1, 190, 141, 163, 161,  99, 169,  85,  15, 149,  34,   3, 151, 152, 160,  66, 112,  71, 125, 124,  37, 142, 172, 139],
  [  7, 186,  95,   6, 190, 153,  70, 103, 116, 154,  56,  40, 125, 195,   3, 132,  34,  78, 165,  35,  86,  93,  15,  87, 144, 173, 150,  49,  62,  43, 172,  92,  75, 161,  54, 129,  99,  47,  21, 188, 147,  30,  81,  16, 146,  69, 171, 149, 178, 191],
  [ 17,  20,  61, 193,  98,   5, 150, 149,  47,  69, 163,  94, 146, 182,  24, 166, 123, 100, 188, 152, 191, 151, 154, 189, 136,  82, 162, 137,  55, 195, 175, 145, 140, 148,  21, 117, 161, 178,   8,  51, 135,  43, 133,  77,  13, 181,  68, 164, 104, 197],
  [120, 167, 122,   5, 117, 108,  21,  92,  20,  16,  76,  94, 165,  83, 130,   8, 180,  17, 189, 133,   9, 121,  48, 193, 143, 162, 126,  65, 182, 166,   2, 100, 114,  32, 178,  44, 128,  49,  13, 118, 157,  46,  42,  29, 139,  61, 119, 195, 154,  19],
  [120, 122, 143,  83,  48,  49, 118,  92, 167,   9,   5, 104, 121, 117, 165,  63,  17, 106, 133, 128, 119,  73,  91,  76, 108, 166,  90,  36,  94,  21, 195, 181, 180,  20, 101,   8,  57, 130, 160,  93,  18, 126,  32, 107,  96,   2, 115,  16, 123,  79],
  [120, 122,   5, 117, 167,   9,  21,  20,  16,  94,  17,  83,   8, 130, 108, 181, 133, 126, 104,  24,  48,  52, 193, 180,   2,  90, 189, 182, 114,  73,  13,  36,  92,  42, 156,  65, 101,  80, 162, 129, 157,  32,   4, 155,  44, 123, 118, 197, 100, 166],
  [120, 167,   9, 122,  83,   5, 181, 118,  17,  20, 108,  73,  36, 126,  21, 133, 117,  94, 130, 193,  52,  32,   8, 101,  13,  24,  92,   2, 104, 182,  16,  44, 139,  65,  26,  51, 157,  91,  57,  18,  46, 156,  80, 162,   4,  64,  29,  90,  59, 183],
  [ 51, 133,  57,   9,  13, 181,  20,  55,  65,  17,   5,  43, 111,  44,  24,  73,  32, 100, 126, 182, 122, 193,  67, 138,  18,  98,  69,  89,  45, 168,  16,   2,  64,  36, 117, 123, 120, 104, 101, 130,  81,  96, 185,  54, 157,  28, 134, 174, 175,  82],
  [  5, 122,  80,  61, 104,  17, 181,   9, 166, 162, 117, 163, 118, 178,  16, 139,  47,  20,  73, 157,  46,   8,  94, 188,  21,  36,   0,  13, 145,  52, 114, 130, 120,  37, 159,  25, 150,  83,   4, 155, 149,  45,  68, 126,  96,  64,  91, 177, 100,  42],
  [188, 122,  79, 112,  98,  85,   9, 142,  82, 111, 152,  21, 163, 155, 180, 161, 133, 141,  52, 124,  81,  51,   0,  24, 197, 150,  25, 183,  37,  66,  55,  80,  20,  10,  38,  17, 113,  57, 104,  96, 138,  13, 151,  73, 126,  18, 149, 196, 127, 139],
  [120, 167, 108,   5,  21, 118, 166,  20, 122, 130, 121, 101,  17,  48, 117,  92,  61, 189, 126, 181, 114,  76,   8,  90, 119,  83,   9,  91, 160,  89,   2,  77,  16, 133,  42,  73,  36,   4, 182, 115, 143, 183,  32,  29, 162,  19, 156,  84, 157, 159],
  [120, 167, 108,  21, 122,  83,   5, 143, 165,  20,   9, 117,  16, 121,  94,   8, 126,   2, 180, 130,  92, 189,  48, 101,  32,  17, 118, 128, 115, 133,  36, 183,  49,  74,  42,  90,  46,  57,  63, 104,  76, 111,  44, 179, 156,  73,  29,  25, 162,  52],
  [  9, 126, 108, 117,  52,   5,  71,  80,  36, 120,  26, 139, 181,  29,  73, 167,  83,  25, 157, 162, 156,  24,  99, 104,  17,  46,  42,  53, 133,  41, 130,  32,  20,  59, 140,   8,  60, 100, 189,  27,   2, 101, 159, 125,  64, 158,  13,  37, 145,  22],
  [152, 166, 168,  77,  48, 195, 191,  24, 175, 104,  38, 181, 103,  99,  79, 150,  84,  82,  61,  17,  20, 146, 179, 163, 141,  85,  96,  23, 106, 151,   9,  89,   5,  34, 133, 109, 164, 122,  98, 123, 196, 137,  36, 153, 149,  71, 193, 139,  70,  51],
  [ 56,  23,   7, 142,   6, 109, 194,  85, 153, 176,  37, 139,  75, 191, 146, 164,  10, 151,  95, 140, 150, 103,   0,  38,  34, 147,  99, 137,  78, 154, 163,  66,  70, 149,   1,  97, 161, 178,  93, 124,  35,  98, 113,  81, 111, 152,  26, 196,  86, 110],
  [ 23, 118, 160, 152, 103, 106, 116,  85,  93, 176,  76, 121, 128, 109, 154, 153, 107,  56,  63,  97, 164, 192, 165,  49,   1,   0, 190,  62,  78,  79, 177,  21, 151, 178,   6,  74,  95,  77,  99, 143,  48, 191,  57, 161,  84,  91, 142, 168, 187, 186],
  [ 95, 132,  56, 109, 186, 190, 169,  15,  23, 103, 116, 172,  40, 113, 125,  35,  63, 143,  78, 154,  86,   3,   6,  50,  34,  49, 144,  37,  66,  71, 153, 176, 173, 102,  87, 147, 171, 124,  53, 105, 195,  80, 137,  26, 194,  59, 139, 110,   7,  93],
  [180,  98,  77, 151, 108, 195, 107,  91,  48, 164,  62, 110, 161, 191, 128, 193, 112,  93, 127,   5, 150,  79, 111,  75,  38, 142, 160,  94,  56, 168,  97, 192, 166, 109,  92, 155, 119, 118, 106, 189, 121, 163,   9,  37,  61, 122,   7,  25, 194,  49],
  [106,  48, 122, 119, 154, 151, 161, 166,  49, 152,  77,  62,  98,  35, 118,  21, 191, 195, 192, 165, 153, 164,  79,  89, 150,  91, 178,  93, 163, 114,  82, 196,  76,  63,   7, 133,  83,  99,  23,  71,   6,  94,  96, 107,  43, 102, 103, 176, 160,  69],
  [166,   5, 162,  17,  69,  79,  83,   8, 163, 133,  20, 150, 179,  61, 137, 149,  51, 189, 120,  70, 134, 159,  48, 130,   9, 182, 148,  46, 127,  96, 197, 146, 136, 122,  65,  19, 135, 147, 145, 152, 124, 144,  32,  44, 181, 155, 168, 115,  67,   6],
  [  9, 167, 106, 120,  48, 122, 118, 133,  57,  20,  17,  36,  83, 101,  84,   5, 121, 143,  73,  71, 196, 123,  49, 130, 128,   2, 104, 166, 181,   4,  90,  24, 115,   8, 114, 119,  42,  51,  69, 165,  96,  63,  55, 126,  32, 159,  16,  65,  85, 108],
  [  5, 166,  80,  35,  16, 120, 195, 139, 130, 108,  48, 110, 114, 133, 167, 178, 155, 150, 162, 180,  17,  20, 119, 163,  89,  53,  64,   9,  43, 154,  77, 149,  25,   8, 126, 194, 123, 189,  21,  98, 122, 125, 181,  13, 151,  41,  19,   4,  54,  60],
  [151,  98,  61,  77, 163, 152, 166, 164, 142, 160, 150,  84, 191,  75, 106,  38, 195, 178, 126, 118, 122, 187, 104, 111, 146, 121,  99,  82,   5, 149,  91, 117,   0, 139,  47, 162,  48,  17,  96, 181, 193,   9,  24,  21,   1,  79, 123,  85, 161, 112],
  [ 79,  48, 150, 166, 164, 195,  35, 151, 163, 139,  71,  21,   6, 191,  34,  62, 178, 106,  93,  95,  38,  49, 180, 122,   5, 119, 152, 146,  98,   7,  61, 153,  77, 128, 149, 161,  70,  76, 168,  99, 103, 137, 104, 147, 154,  94,  20,  47,  63, 162],
  [120, 167, 122,   9,  83, 117,  16,   5,  17, 181,   2, 130, 133,  52,   8,  32, 108, 143,  57, 126, 101,  36, 114,  44,  20,   4,  65,  13,  42,  73,  22,  29,  18,  26,  92, 156,  46,  90,  41, 157, 104, 193, 165, 123,  24,  64, 115,  45,  96, 119],
  [120,   5,  17,  83, 117,  20, 167,  69, 133,   8, 122, 130,   9, 166,  94, 162, 143, 189, 118,   2,  32,   4,  16,  44,  46, 156, 114,  36, 157,  73,  19, 115,  18, 188,  59,  92,  65, 101, 154, 182, 197,  60, 181, 145, 159,  48, 183,  88, 144, 134],
  [120, 167, 122,   5,  21, 108,  83, 117,  16,  20,   9,  94, 130, 118,  17,  92,   2,   8, 126, 189,  32, 101, 133, 182,  48, 114, 143, 181,  36,  73,  52,  42,  44, 104, 156,  13, 157,  90,  29, 180,  65, 165,   4, 121,  18,  91,  19,  49,  46,  64],
  [109, 139,  52,  71,  38, 113,  72,  37,  53, 124, 168, 132,  59, 141,  85,  79,  26,  15, 118, 143,  42, 181,  36,  73, 169, 158,  54, 108,  18, 120,  80,  46,  86, 126,  24, 156,   9,  90,  51, 186,  44,  27, 185,  28,  55,  66, 111,  23,  20, 107],
  [ 21, 122, 120, 121, 167, 118, 108,  92, 160, 117,  76,   5, 128,  91,  48, 143,  16,  49, 165,  93,  94, 130, 119, 187,  77,  20, 106,  83, 189,  90, 126, 101,  62,   0,   8, 166,  63, 178, 114, 154,  17, 104,   9, 161,  29,  61,  42, 180, 107,  47],
  [ 81, 196,  71, 169, 173,  80,  52,  95,  54,  86,  66,  24, 125,  38,  82,  11,  87, 139, 104, 140, 105, 186, 141,  28,  40,  10,  50,  27, 181,  29,  64,  26,  42, 171, 111,  12,  58,   2, 129, 126,  22, 158, 138, 180, 112,   9,  85,  34,  51,  43],
  [ 71,  80,  26, 113, 139, 109,  66,  64,  52, 111, 196, 169,  38, 125,  10,  15, 126,  95, 181,  23,  85,  54,  24,  28,  81, 141,  50, 140,  99,  37, 105, 168,  53,  27,  12, 124, 173,  59,  58,   1, 112,  56, 186,  86,  40,  82,  42,  11,  87,  18],
  [ 56,   7, 194, 176, 154,  23,  98, 151, 106, 195, 103,  70, 191,  34, 164, 110, 160, 187,  97,  95, 150,  75,  37, 192,   6, 140,  62, 138,  64, 146, 112,  79, 163, 177, 147, 186,  69,  10, 109, 137,  93,   3, 153,  38, 149,  35, 193,  81,  43, 161],
  [ 98,  79,  84, 196,  38,  81, 137, 195, 112,  55, 146, 150, 140, 103, 152, 191, 138,  10,  85, 106,  23,  56,  43, 110, 193, 151,  24, 111, 123, 163,  82,   7, 149, 147, 176, 164,  70,  95,   9, 188,  75,  99,  50,  34, 141, 181,  51, 169, 154, 185],
  [139,  24,   5,  61, 166, 150, 181, 195, 163, 110,  37, 117,  84, 178, 104, 162, 123,   9,  17, 164,  56, 160,  34, 137,  47,  48, 105,  99,  82,   8,  96,  98, 149,  20,  80,   3, 191,  43,  70, 122, 146,  75, 151, 130,  38, 157, 133, 189,  73,  25],
  [122,  48, 120, 195,  94, 161,  49, 167, 106,  51, 152, 165, 108,  83, 133,   9,  35, 119, 118, 111, 193, 104, 123,  77,   5,  63, 129, 166, 139, 196,  71, 143,  90, 154,  99,  21, 128,  16,  92, 192, 180, 181,  13,  98, 151,  91, 153,  80,  93,  20],
  [ 79,   7, 186, 191,   6, 150, 139, 153,  75, 142, 146,  21,   0,  34,  35, 128,  38, 164, 107, 180,  61, 175, 149,  66, 188, 189,  47, 152,   1, 161, 137, 163,  92,  78,   5, 108, 100, 166,  70,   3, 132, 151, 147,  86, 162, 136, 104, 190,  71,  53],
  [ 75,  85, 152, 191, 150, 151,  77,   7, 142, 175, 146,  34,  99, 164, 103, 178,  61, 163, 166,  38, 153, 149, 176, 137, 185,  84,  79,  47, 188,  91,  70,  35,   6,  55, 186,  10,  23, 161,  82,  51,  20,  62,  69, 159, 155, 136,  98, 162,  93, 183],
  [104,   9, 133,  98, 152, 195, 106,  79, 150,  99, 196, 151, 122,  96, 163,  83, 123,  48, 111,  17,  82, 146, 164,  20,  55, 105, 128,  70, 137, 188,   5, 175,  84, 112,  85, 149, 166,  43,  81, 124, 145,  38,  34,  73, 181, 160,  37, 180, 161,  24],
  [120, 167, 126,   9, 118,  91,  83, 122,  73,  26, 101, 111,  64,  57,  17, 108,  71, 117,  36, 104, 183, 196,  32, 143, 181, 119,  20,  52,  21, 121,  44,  18,  42,   2, 115, 106,  63,  74,  48, 187, 113,  16,   5,  25,  13, 133, 157,  98,  59, 130],
  [108, 120,   5,   9,  20,  83,  80,  51, 167, 189, 123, 111, 104, 133,  36,  32,  52,  13,  60,  17, 181,  64,  28, 126,  44,  94,  84,   8, 159,   2,  73, 130,  16,  25, 122,   4,  29,  18, 101, 100,  46,  57, 175,  48, 139, 145, 196,  19,  74,  41],
  [120,   5,  83,  20, 133,  21,  48, 167,  16, 166,  94,   8, 189, 130,   2,  92, 115, 108, 143,  35, 114, 100, 182,  32, 154,  49, 129,  17, 188,  19, 119, 190,  60, 117,  89, 174,  41,  69,  44, 156,  88, 122,  77,  13, 165,  65, 158, 161,  46,  51],
  [187,  89,  21, 119,  23, 191, 106,   0,  42,  81, 114,  56,  48,  95,  98, 121,  38, 107, 192, 118,  26,  49, 126,  24,  78,   1, 125,  71, 153,  76, 122,  34, 196,  43, 166,   7,  82,  90, 181,  16, 103, 102,  96,  77,  11,  97,  27, 167,  74,  39],
  [118, 143,  91, 166, 165, 106,  62, 122,  77, 160, 120, 121, 154,  76,  92, 176,  83, 161,  93,  49,  79, 152, 128, 178,  48, 151,  17,   6, 195,  69, 167, 163,  21, 162, 119, 115, 164,  63,  78, 188,   8,   5, 183,  61, 117, 192,  26, 190, 187, 127],
  [120, 167, 143,  63, 119, 165, 122,  62,  92,  49, 190,  48,  78, 108,  83, 115,  21, 106,  94, 192, 118,  57,  76, 154, 128,  71, 195, 133, 180, 107, 179,  91,  93,  32, 101, 104,  16, 144, 161, 121, 132,  69,   2,  18, 116,  17,  97,   5,  65,  51],
  [186,   7, 191, 103,  75, 152, 142, 116,  34,  93, 153,  85,  35,  77, 175, 176,  62, 192, 190, 151, 107, 128,   6, 150, 164,  91, 194, 109, 146, 161,  56, 178, 188,  48,  47,  78,  70, 154, 132, 129,  49, 185, 195, 189,  97,  99,  87,  51,  23,  92],
  [113, 109,  95,  56,  23,  10, 111,  85, 169, 168, 124, 112,  98, 141,  79,  15,  55,  66,  97, 138, 186, 132, 125, 116, 110, 140,  38, 103, 147,  11, 137,  37, 173, 146,  50,  71, 183, 196,  54,   7, 177, 172, 176,  70,   3, 194, 123,  27, 127, 153],
  [195,  37, 111,  79, 106,   1,  97,  78, 109, 133, 124, 196,  63,  99,  71,  98,   9,   6, 123, 165,  85, 105, 153, 169, 161, 139, 147, 119,  83,  93, 168, 138, 180, 194,  10,  38, 113, 163, 122, 193, 104,  25,  96,  52,  28, 150,  81,  56,  66, 137],
  [104,  78,  81,  80,  35,  34,   6, 196,  54,  79,  63,  86, 105, 142, 139,   7,  87, 153, 180,  71, 169, 173,  43,  85,   0, 186,  57, 123, 107,  49, 190,  70,  75,  40,  66, 138,  48, 119,  22,  95, 192,   2, 171,  18, 128,  37,  51, 131,  50,  42],
  [122, 178, 106,  48,  76,  93,   6,  49, 118,  79,  94,  62, 151, 165, 160, 161, 164,  83, 128, 154,  98,  63,  78, 192, 195, 163, 166, 104,  91,  37,   0, 152, 176, 120,  21, 180, 111, 150, 187,  92,  85, 153, 108, 143, 121, 119, 126,  99, 107, 177],
  [ 98, 195, 150, 163, 166,   7, 151,  70, 147,  35,   6,  16,  43, 149,  34, 106, 146, 178,  96,  75, 137, 154, 164,  38,  48,  81, 119, 139, 122,   3, 114, 133,  99, 136, 148,  69, 161, 155,  17,  10, 188, 194, 126, 138,  66, 102,  14, 123, 196,  79],
  [ 79, 122, 161,  48,  83,  98, 151, 195, 150, 163, 106,   6,  94, 154, 164,  49, 133, 193, 139, 178, 152, 166, 165, 153,  38,  93,  96, 104,   7, 111, 112, 128,   9,  35, 180,  77, 181, 147,  99,  17, 137,  76,  51,   0, 188, 149, 168,  62,  85, 138],
  [106,  48, 195, 119,  81,  98,  35, 122,  34,  21, 196, 104, 133,  24, 105, 139,  63,  49,  82, 123,  96,  43,  71, 150,  75,  80, 114,  16, 187, 193, 180, 178,  78,   9,   6, 153, 163, 138, 151, 164,  57, 166, 142,  89,  94, 165, 154, 181,  38, 191],
  [ 48, 166,  77,   5, 167, 120,  20, 118, 121,  76, 122, 160, 106,  91,  92,  93, 165,  61, 151, 178,  21, 154,  17, 130, 108, 119, 117,  62,  94,  49, 189, 152,   8,  16, 133,  83,  90, 195, 161, 128, 114, 164, 101,  47, 143, 162,  63, 115, 163,  89],
  [120,  64, 108,  16, 189,   5, 100,  52,  44, 139,  53,  41,  15,  13, 117,  46, 182, 186,   8,  83,  80,  32,  22, 167, 130,  19, 144, 129,  47,   2, 174,  20, 157,  60,  29, 128, 125, 197, 162, 135,  88,  94, 156,  37,  21, 158, 131, 184,  59, 188],
  [125,  26,  14, 110, 140,  22,  64, 172,  66,  86,  40,  52, 171, 182,  58,  33, 173,  39,  15,   3,  29, 197, 100, 158,  38, 180,  41,  54,  68,  81,   2,  10, 157, 181, 113, 187,  43,  95, 131, 184, 170,  11,  13,  28,  89, 156, 139,  30,  44, 135],
  [126, 167,  74,  26, 122,  21, 111,  63,  98,  78, 180, 104, 187, 196,  62, 192, 160, 121,  42, 119,   9, 106,  71, 120,  57, 108, 113,  81,  94,  97,  76, 117, 177, 123,  95, 195,  80, 178,  84, 101,  25,  37, 107,  14, 164,  16,  73, 140,  11,   0],
  [151,  62, 164,  93,  77, 119, 192, 106, 178, 191, 166, 160, 121, 108,  48,  61,  84,  76, 150, 142,  63, 194, 107,  75, 152,  34,   7,  35, 153, 176, 110,  98,  78,  74, 177,  43,  21,  47, 167, 118, 105, 138,  85,   6, 165,  56, 189, 175, 154,   5],
  [186, 190, 128, 116,  93, 132, 143, 108,  49, 107,  91, 165,  48, 161, 153,  94,  85, 152,  79,  35, 118,  63, 120,  83,  92, 195, 129, 154,   6, 168,  78,  62,  15, 175, 192,  97,  99, 109,  51, 103, 169,   1, 121,  47, 167, 189,  77, 176, 139, 150],
  [ 80, 126, 139, 111, 108,  54,  37,  16, 169,  52, 123,  81, 138,  26,  64, 180,  28, 110, 113, 167,  66,   9,  71,  13,  22, 125,  57, 140,  27, 196,  15, 129,  53,  44, 120,  95,  24,  11,  43, 135, 148,  87,   2, 133, 127,  67,  86,  25, 193, 173],
  [ 56, 194, 139,  10, 110,  75, 146,  37,  38, 113,  66,  15, 111, 140, 109,  80,  84, 138, 125,  52,  98, 137,   3, 169,  64,  86, 112, 142, 123,  72, 186,  12, 126,  27,  81,  14,  82,  95,  11,  53,  24,   0, 191,  47, 173, 149, 196, 124, 100,  26],
  [ 79,  99, 124,  37, 113,  46, 183,  55, 162,  25, 137, 111,  36,  26,  15, 180, 148, 145, 159, 168, 134,  44,  66,  52, 149, 141,  18,  65, 177,   9, 112, 163, 135, 179,  17, 143, 169, 100,  73, 132,  10,  51,  85, 109, 136,  54, 197, 127, 188,  38],
  [122,  83,  79, 120, 104,  48,  92, 118, 128, 143, 196, 108,  71,  49,  17,  69,  93,   5, 139,  21,   9,  99, 106,   0, 166,  37, 195,   8,  51, 117, 165,  98, 152,  63,  26,  94,  91, 187, 180,  76,  18, 160,  80,  36, 126, 133, 111,   6,  57,  20],
  [122, 106,  48, 196, 105, 104, 119,  71, 139,  24,  21,  98,   9,  82,  79,  52,  96, 123, 133,  49,   0,  43,  51, 193, 181,  81, 195, 126,  83,  63,  57, 111,  35,  80,   2, 108,  38, 114,  37, 180,  73,  26,  13, 150, 165,  16, 118,  18, 138, 142],
  [106, 104,  48, 122, 196,  63, 119,  49, 105, 178,   6,  79,  57,   0,  24,   9,  73,  35, 165,  78, 181,  80, 168, 163,  96, 133, 107, 143, 192, 180, 177,  83, 164,  42, 120,  21,  36,  76, 128, 150,  81,   2, 195, 151,  18,  98,  43, 123, 102,  34],
  [ 98, 139, 150, 123, 104,   9,  38, 111, 163, 146, 180, 193,  80,  24,  82, 195, 196, 178,  61,  83,  96,  66,  52, 137,  99, 126,   5, 140,  94,  17, 149, 122, 164,  75, 166, 191,  21,  13,  37,  51,  55,  84,  34, 112, 151, 105, 145,  43,  25, 133],
  [139,  98, 104,  48, 122, 166,  79,   5,   9, 196, 193,  24,  80, 150,   0, 108, 195, 151,  21,  94, 106,  61, 181, 180,  83,  20, 163,  71,  99, 123,  38, 111,  35, 142, 164, 105, 152,  81, 126,  73,  84, 191,  51,  37,  17,  82,  96, 133, 118,  75],
  [113,  95,  26, 180, 126,  56,  14, 143, 172,  22, 108,  74,  42,  15, 177, 120, 140, 160,  39, 183, 117, 144,   3, 101,  68,  29, 156,  10, 182, 124,  44, 132,  37,  19,  86,  12,  58,  59,  46,  41, 130,  65,  32, 111, 197,   8, 162,  11,  33,  88],
  [167,   5, 120, 130,  20, 114, 189,  21,  16,  29,   8, 117, 166,  17,  84,   2, 108, 110,  61,  19,  48, 187,  47, 100,  83,  39,  65, 193,  41, 119, 182, 104,  92, 101,  68,  13,  43, 122, 162, 156, 179,  33,  22,  42,  24,  89,   4,  27, 138, 133],
  [167, 120, 108, 126, 122, 121,   5,   9, 111,  20, 118, 117, 101,  16,  74, 165,  90, 130,  17,  92,  21,  76, 181,  94,  36,  42,  84,  73, 133,  83,  57, 143, 123,   8, 160,  32,  37,  51, 189,  13,   4, 193,  52, 177,  48,   2,  61, 156, 183,  26],
  [120, 167,   5, 108,  16,  83, 114,  20, 130,   8, 122,  32, 133,   9, 118,  17,   2, 165, 129, 189,  13,  41,   4,  44,  21,  36, 117, 181,  19, 155,  48,  90, 101,  46, 115,  60,  65, 156, 197,  29,  57, 182,  42,  94, 157, 174, 143, 123, 119,  80],
  [ 26,  52,  80, 139,  71, 169,  22,  15,   2,  81, 100,  40, 108,  54, 125,  18, 105,  64,  42,  87,  44,  66,  86,  32, 172,  60,  16, 196,  28,  59,  24, 180, 158, 186,  53, 184,  41,  39, 104, 171,  45, 170,  29,  46,  83, 156,  13, 173,  65, 174],
  [120,  71,  92,  21,  26,  57,  89,  42, 139,  94,  81,  54, 118, 101, 167, 108,  49, 143,  24, 119,  53,  73, 102, 130, 156,  99, 107,  18,  22, 190, 122, 126,  16,  78,  80, 132, 193,  32,  11, 129, 157, 144,  68, 133, 184, 172,  86,  63,  41,   0],
  [120,   5, 122, 167,  21,   9,  94, 108,  83, 104,  20, 117,  17, 118, 130, 181,  48,  16,  73,  36, 133, 193, 101,   2,   8,  42, 166,  24,  92, 114, 126, 189, 123,  32,  52,   4,  61, 180,  80,  13,  57,  65, 157,  18,  90, 156,  51, 159,  25, 139],
  [120, 122,   5, 167,   9,  21,  83,  17, 133, 104,  48,  20,  94, 117,  16,   2,   8,  73, 181, 130,  36, 193, 108,  24,  92,  57, 143, 101, 165, 166, 123,  52, 118,   4, 126,  42, 114,  32,  65,  49,  51,  18,  13, 180, 119,  96,  25,  71,  69, 157],
  [122, 120,   5,  21,   9, 104, 133,  17,  83,  48, 167,  20, 193,  24,  94,  73,  36, 118,  92, 181,   2, 130, 101,  57, 166,  49, 117,   8, 123, 143,  52, 106, 119,  61,  42,  65,  51,   4,  16,  71,  18,  32, 128,  96, 108, 139, 180,  13, 114,  55],
  [122,   5,  48, 166, 106, 104, 120,  98, 118,  17,  21,   9,  61, 193,  91,  73,  83, 133,  92,  24, 119,  77, 181,  94, 151,  20,  49, 161, 117,  36,  79, 101, 152, 130, 195,  71, 163, 142, 167,   8,  76,   0, 154,  57,   4,  84,  55, 128,  96, 114],
  [122, 195,  48,  92,   5,  94,  21, 154, 106, 166, 178,  98, 152,  49, 150, 151, 193, 104, 120,  77,  17,  62,   6, 161, 119, 165, 133, 164,  35,  24,  83, 163,  43,   7,  91, 117,  61, 188, 123, 142,  47, 180,  76,  71,  93,  20, 191,  69,  89, 189],
  [ 79, 106, 160, 152, 107, 142,  98, 151, 122,  85,  61, 191,  76,  55, 193, 161,  84,  21,  51, 143,   1,  91,  92,  62, 164,  77, 128, 118, 119,  48, 111,  38, 192,  23,   0, 168, 150,  20,  57,  43,  75, 176, 101, 104,   6, 153, 126,  78,  49,  94],
  [154, 178, 163, 166, 151, 164,  48, 106,  21, 150, 122,  98,  94, 195, 160, 118,  62,  93, 161,  77, 165,  61,   5,   6,  76, 126, 117, 152, 149,  91, 176, 191, 162,  16,  49, 194, 119,   9, 167, 147,  82,  17, 121, 114, 139, 180,  47,  75, 187, 146],
  [122, 120,   5,  48, 104,  21, 167,   9,  16,  17, 117, 166, 119,  42,  83, 181, 114, 126, 130,  24, 118, 180,  49,  36,  90, 108,   8, 196, 106,  73,   2,  96, 101,  92, 178, 123, 143,  52,  25,  20, 165, 157, 121,  61, 133,  26, 139,  94,  57,  18],
  [106, 152, 118,  91, 160,  62,  48,  79,  93, 166,  76,  49, 161, 107, 164,   6, 151, 192, 178, 153,  78, 154, 122,  63, 121,  21,  77,  23, 103, 176, 165,  98, 187, 191,   1,  35, 163, 128,  85,  75, 119,  95, 196,   0, 150,  64,  92, 116,  61,  34],
  [120,  26, 169,  16, 140, 180,  22,  15, 125,  54,  44,  42,   2,  39,  32,  41, 133, 126,   9, 108,  67, 172,  60,  28,  33,  95,   3,  65, 135, 144, 113,  40,  46,  53,  59, 184,  29,  66,  52, 100,  70, 148, 174,  45, 134,  88,  64,  14,  25, 170],
  [ 80,  21, 108,   5, 139, 120, 189, 117,  48, 129, 104, 130, 181,  52, 100,  20,  24,  92,  35,   8, 122,   9,  94, 187, 167,  90, 114, 156,  16,  13,   2,   4, 180,  28, 133,  51,  83,  44, 105,  19,  60, 110,  69, 182,  82,  64, 185,  22, 166,  96],
  [120, 122,  21, 167,   5,   9, 104,  83,  94, 108,  92,  48,  20, 117,  17, 193, 133,  36,  16,   2, 180, 118,  73, 143, 130, 126,   8,  42,  49, 101,  52, 123, 119,  24,  90, 181, 189,  32, 139,  26,  57, 165, 114, 157, 128,  71, 166, 121,  65, 156],
  [122, 106,  79, 152, 166,  17,  98, 104, 118,  48,  38,   9,  77, 133,  73,  96, 181, 193, 151,  61, 163,  24,  49,  91,  55, 188, 161,  23,  21,  36,  83, 142,   0,  71, 143,  57,  85,  84,   5,  20, 183,  82,   4, 195,  89, 119, 112, 101, 164, 124],
  [122,   5,  48, 166,  21, 133, 104,  17, 193, 106, 119,  24, 151, 123,  20,  43, 120,  94,  49, 178,  61,  98,   9, 195, 163,  83, 150, 154,  79,   8,   2, 161, 152, 188, 130,  73, 164,  96, 181,   6, 165,  92,  55,  51, 180,  36, 114,  77,  89,  65],
  [122, 120,   5,   9,  17,  83, 133, 104,  21, 193,  20,  94, 167,  24, 181,  73,   8,  36, 130,  48,  16,   2, 123, 166, 117,  42,  52,  57, 139, 101, 118, 143,  65, 165,  51,  61,  92,  96,  18, 126,  25, 108, 162, 180,   4, 114,  32, 128, 163,  55],
  [122,   9,  17,  98,  79,  24, 152, 104, 181,  73,  55,  21, 193, 133, 163,  20,  61,  36, 106, 166,   5,  38, 188, 161,  57,  94, 123,  51,  82,  84,  96, 151, 142,  48,  85,  83, 159,   0,  52,  71,   4, 118,  25, 183, 150,  18, 101, 112,  77,   2],
  [ 79, 152, 106, 122,  98,  23,  85,   6, 151,  38, 161, 142, 195,  55, 153, 164, 160, 176, 150, 163, 104, 193, 128,  84,  49, 178,  48, 191,   0,   9,  75,  61, 188, 124,  71,  17, 103,  82,  77,  91, 123, 192, 166, 154,  51,  24,  43, 109,   7, 133],
  [152, 106, 153, 103, 191,  85, 151,   6, 176, 195,  79,  23,  93, 164,  75,  98, 142, 150, 178,   7, 154, 161, 128,  38,  48, 192,  56,  62,  77,  99,  35,  34,  82, 146,  49, 163, 160, 196, 166,  81, 186, 137,  84,  91,  55,   0, 188, 107, 149, 109],
  [ 85,  98, 163,  23,   6, 195, 151, 109, 176, 106,  97, 111,  56, 122,  95, 137,  10, 164, 177, 165, 147,  99, 124,  55,  70,  57, 150,  93,  25, 141, 133, 149,  84,  37, 103, 148, 183, 152, 123,  71,  63,  50,  76,   9, 178, 138, 125, 181,  26, 153],
  [106, 153,  79,  23,   6,   7, 103, 176, 191, 192,  78, 152,  85, 186,  56,  98,  95, 195, 151, 109,  63,  93, 142,  49,  34,  81, 190, 196, 154,  38, 128,  62, 105,   1, 161, 102,  35, 124, 112,  97, 116, 164, 150, 168, 107,  71,  70,  75, 188, 143],
  [  7,  81, 191,  35,  34,  98,  24, 169, 142, 175, 139,  43, 138,  80,  79,  10, 186, 188, 112, 103,  40, 146,  95, 150, 110, 137, 173, 196,  87, 140,  72,  70, 129, 182,  85, 154,  50, 194, 185,  82, 171,  55,   3, 104, 125,  67, 105, 136,  38,  51],
  [122,  48,  83, 104,   5, 106, 166, 120, 193,   9,  20, 118,  21,  17,  84, 119, 181,  98, 126, 133, 108, 130,  73, 167, 114,  24,  79,  96, 139,   8,  16, 196,   2,  36,  61,  49, 101, 111,  90,  42, 151,  99,  52,  76,  65,  35, 163,  63,  51,  13],
  [120, 167, 122,   5, 117,  21, 108,  16,   9,  20,  94, 130, 126,  92,  42,  83, 121,  17,   8,  90,   2, 101, 189, 104, 114, 123, 133,  36, 181, 165,  52,  73, 193,  74,  13,  29, 156,  32, 180, 182,   4, 157,  48,  76,  65, 143,  24,  46,  22,  57],
  [120, 167, 108,  21, 122,   5, 118,  83, 117,  94,   9, 126,  92,  20, 101, 143,  16, 104,   2,  32, 130,  52,  42,  26,  64, 189,  73,  36, 180,  17,  48,  80, 165,   8,  90,  74, 121,  49, 181, 156, 179, 111, 182, 133,  29,  46,  44, 157, 114,  18],
  [120, 167, 108,   5,  21, 122, 117,  20,  83,  17, 130,   9, 143,  92,   2,   8, 118, 101,  16, 189,  42,  94,  36, 166,  32, 126,  73,  29,  48,  26, 133, 121, 114,  52, 156, 180,  19,  90,   4, 157,  65, 162,  46,  44, 100, 182, 104, 159,  18, 181],
  [120, 122, 167,   9,   5,  83, 108,  20,  17, 126, 143, 118,  36,  21, 117,   8, 101, 130,  73, 111, 166, 133,  94, 181, 162,  16,   2, 189,  32,  91,  44, 183,  52, 121, 159, 128,  42, 165, 180,  26,  25,  51, 127, 193,  65,  46,   4,  92,  48, 179],
  [140,  52, 126, 139,  80,  38, 194,  25,  42,  84,  37,  24,  26, 181,   9, 100,  29, 162, 125, 123,  10, 111,   3, 110,  58,  55,  27,  53,  36,  61,  72, 157,  98,  73, 159,  14,  99,  81,  13,  64,  66,  46, 180, 112, 137,  17,  15,  44, 104,  22],
  [ 79,   7,   6,  95, 186, 140,  23, 179,  78, 180,  85, 169, 191,  39, 112,  81, 188, 115,  98,  55, 137, 105,  10, 143,  38,   3,  40,  86,  43, 102,  70, 196, 175, 109, 153,  42, 104,   2,  87, 131,  83, 144, 119,  30,  66, 128,  54, 171, 132, 158],
  [122,  21, 120, 167,   9, 126,  94,   5,  48, 104, 118,  17, 193,  73, 181,  98,  20,  16, 111, 108, 117, 106, 180,  83,  42, 101, 166,  61,  36, 161, 160, 133, 123, 195,  26, 121,  49, 165,  25, 119, 163,  24,  76, 128,   2, 130,  52,  57,  90,  84],
  [122,  79,  98,   6, 151, 104, 195, 106, 163,  85, 150, 152,  38, 142,  23, 161, 123, 164, 178,   0, 193,  84,  24,  55, 139,  37, 196,  81,  99, 153,   9,  61, 128, 166, 188,  48,  75,  43, 160,  82, 149, 137,  49,  25,  51,  73,  10, 111, 124, 146],
  [106,  23,  79, 153, 151, 152, 191,  98, 142,   6,  85,  75, 164, 103,  38,  56, 150, 176,   7, 195,  93, 161, 178, 109, 160, 192,   0, 163,  10, 146,  84,  77,  62,   1,  99,  34,  97, 124, 128,  82, 196, 137,  78,  55,  37,  48,  49,  61, 139,  81],
  [110, 195, 123, 180,  24,  43, 139,  98,   3,  70,  80, 140,  81, 150, 169, 193,  54,  95,   7, 146, 137, 125, 138, 149,  39, 148,  16, 100, 104,  40, 135,  22, 163, 147,  56,  13,  37, 136, 194,  47, 182, 122,  10,   5,  27,  53,   0,  66,  86,  11],
  [ 85, 106,  23,  84, 152,  82,  98, 142, 191, 122, 196, 151,  55, 111, 123,  48, 192,  75,  24,  77,  91,  51, 103, 107, 193,  79, 153,   9, 160,  38, 118,  90,  61,   0, 178, 181, 104, 164, 124, 161, 105,  81, 109, 128, 121,  97,  57,  74, 129,  36],
  [195,  98,  37,  80, 139, 150, 194,  81,  56,  95, 110, 164, 163, 123, 196, 151,  35,  34, 106,  99, 111, 178, 140, 146,  24,  71, 147,  70,  93,   6,  38, 137, 138, 112,  84,  10, 153, 149, 126, 180, 193,  54,   0,  23,  43,  79,   7, 104, 168,  75],
  [  9, 128, 188, 122, 180,  21,   5,  16,  52,  46, 155, 136, 197,  25,   2,  94,  36,  79, 157, 181, 133,  32, 135,  13, 126, 177, 137,  44,  47, 148, 182, 162,  26, 161, 159, 139, 149,  37,  17, 100, 117,  22, 134,  57,  20,   6,  68, 120, 158,  45],
  [120,   5, 122, 104, 167, 117,  21,  92, 108,  94,  83, 180, 100,   9,  16, 130,  48,  29,   2, 189, 101,  20, 119,  17,  80,  32,  24,  36,   8, 114, 133,  22, 193, 157,  42,  61,  73, 144,  46, 123,  13,  52,  43,  39, 126,  65,  68,  57,  41, 166],
  [120, 167, 122,   5,  21, 108, 117,  83,  20,   9,  92, 130,  17,  16, 118,  94,   2,   8,  48, 143, 101, 133, 189,  42,  32, 126, 104,  36,  73,  52, 114, 166, 182, 181, 156, 157,  90, 180, 121,  44,  49,   4,  65,  29,  18, 165,  19,  46,  13,  26],
  [120, 167, 122,   5, 117, 118,  83,  21,  92,  17, 108,   9, 130,  48,  20,  16,  94,  91,   8, 133, 101, 114,   2, 143,  73,  49, 181,  32,  36, 166, 121, 189, 104, 126,  90,   4, 156, 165, 157, 182,  57,  13, 154, 119,  52,  65,  44,  42, 115,  64],
  [120,   9,  52,  32,   5,   2,  83, 181,  17, 133,  26,  44,  36,  24, 117, 100,  18, 108,  59,  46,  71,  41,  92, 157,  60,  20, 167,  51,   4,  94, 101,  65,  19, 130,  64, 184,  89,  68,  29,  57, 174, 158, 139,  22,  73,  69,  45,   8,  13, 189],
  [120,   5, 167,  83, 122,  17, 117,   9, 133, 181, 130,  20,   8,   2,  48,  16, 114,  36,  24, 118,   4, 104, 143,  73,  65,  32,  90, 182, 189, 101, 157,  92,  52, 156,  44,  29, 193,  42, 166,  18,  13, 197,  59,  89,  46,  19, 115,  41, 100,  49],
  [120, 167,   5, 122, 108,  83, 117,  21,  16,  20,   9, 130,  17,   2, 133,   8,  32,  92, 118,  94, 189,  52, 126, 101, 182, 143,  36,  44, 114, 156,  65, 181,  73,  13,  42, 157,  48,  29, 104,  46,  19,  18,  22, 180,  41,  90,   4, 165, 193,  64],
  [120, 143, 122, 133,  57, 167,   9, 115,  17,  71,  83, 118, 181,  65,  20,  73, 183, 197,  36,  44,   2, 101,  32,  89,  91, 114, 102,   4, 126,  96,  69,  26,  16,  18,   8, 165, 130,  13, 156, 127,  52,  59, 106,  45,  55,  90, 134, 131, 158, 184],
  [191,  56,  77, 166, 103, 176, 152,  75, 154,  61, 151,  21, 142, 164, 160, 194,  47,  34,   7,  93, 187,  91, 178, 150, 106,  23, 118,   0, 117, 189,  98, 186, 146, 153, 185, 163,   6,  82, 149,  35,  48, 162,  20, 107, 175, 188, 137, 121, 110, 161],
  [122, 120,   9,   5, 104, 117, 123, 167,  98, 195, 100,  83, 193,  24, 111,  17,  52,   8,  61,  36, 133,  22, 189,  13, 181, 179, 180,  16, 125,  42, 157, 187, 126, 182,  25,  46, 108,  44,  47,  37,  65, 110,  43,   0, 197,  39, 140,  71,   2, 139],
  [195,   6, 106, 153, 151, 142,   7,  34, 164,  23, 150,  93,  98, 152,  56,  63,  35, 176,  79, 103, 192,  75, 109,  78, 161, 191,  85,  48, 104, 178, 105,  38,  37, 163, 139,  49,  97, 193, 168,  81, 196, 123,  62, 146,  24,  10,  70,  99,  77, 129],
  [120, 122, 180, 108,  52,  80,   9, 167,  16,  21,   5, 117, 133,  94,  25, 139, 126,  83,  48,  37, 104,  49,   2,  71, 165,   8,  26, 195,  17, 181,  42,  24, 193, 156, 114,  90,  60,  29, 196,  32, 130,  20, 166,  96, 154,  18,  22,  36, 155,  13],
  [ 79,   9,  37, 122, 128,  26,   6, 195,  99,  83, 133, 163, 188, 137, 161, 196,  69, 124,  17, 111,  66,  71,  38, 143, 147, 145, 153,  46,  94,  55, 132, 104,  52, 139, 149, 152,  25,  98,  57,  93, 102, 154,  59, 176, 148, 160, 126,  18, 155, 144],
  [122, 167, 193,  57, 123, 165, 120,  84,  16, 178,  21, 160,   9,  94, 126,  76,   5,  20,  74,   8,   2, 177, 121,  24,  17, 117, 163,  51, 131,  36, 152,  81,  55, 104,  61, 111, 130,  48, 138,  65, 148,  13, 180,  82,  27, 106,  92,  42, 143, 101],
  [122,  16, 126, 167,  21, 120, 114,  42, 181,  14, 166,  26,   5, 139,   2, 163,  80,  95, 182,  22, 177,  96, 148,  17, 178,  52, 162, 104,   0, 125, 130, 156,  54,  70, 157, 118,  20,  33,  94,  61,  65, 117,  11, 149,  76, 101, 180, 136,  48, 111],
  [120, 167, 122,  83,   5, 108,  16,  94,  48,  49, 133, 126, 180, 195,  64, 161,  21, 104,   9, 165, 118, 193, 139, 119,  90, 128,  52, 166,  26,  92,  91,  17,  80,  32,  99,  13,   8,  25,  37,  71, 130, 114, 121, 143, 111, 181,   2, 115, 154,  73],
  [120, 167,   5, 122, 108,  21, 117,  83,   9,  16,  20, 130,  94,  92,  17,   2, 118,   8, 126, 133, 101,  32, 189,  48, 104,  36,  52,  73, 143,  42, 181, 114, 182, 156,  44, 157,  13,  29,  65, 180,  90,  18,  46,   4,  19, 100,  80, 165,  57,  26],
  [120, 167,  21, 118, 122,  20,  48, 101,  92,   5,  91,  17, 121,  89, 143, 130, 115, 108, 119,  74, 133,   9,  76,  49,  83, 117,  90,  73, 182, 181, 166, 114, 126, 106,  42,   2,  36,  94,  77,  57, 193, 107,   4,  16, 152,  32, 104,  61,   8,  51],
  [ 44,  64,  65, 115,  89, 197,  32, 120, 125, 183, 133, 181, 143, 182, 113,  17,  13,  26,  96, 114,   2, 112,  15, 158,  41,  59,  14, 179, 102,  18, 130,  69, 174, 156,  57,  58, 157,   4,  67, 127,  83, 184,  29,  88,  68,  39,  52, 101,  45, 134],
  [152,  92, 186,  34, 116,  74, 175,  75, 103, 132,  47,  51,  77, 142, 187,  89, 195, 191,  57, 153, 138,  91,  87, 190, 193,  15,  24,   7,  69, 185, 173, 172, 117, 107,  40,  48,  63,  35, 171, 133, 100,  82, 129,  70, 165, 176, 168, 105,  61,  85],
  [ 21,   5, 120, 108,  20, 130, 166, 167, 114,  17, 182,   8, 189, 181, 162,  16, 118,  19, 183, 156,   2,  90, 101, 159,   9, 126,  32, 122, 197,  29,  61,  96,   4, 115,  73,  13,  77, 117, 133,  42, 157,  14,  41,  89,  68,  44, 119,  83,  36, 145],
  [126, 167, 111, 120, 122,   9,  26, 121, 181, 160, 113, 183, 193,  57,  98, 118,  17, 101, 108,   1, 127,  74,  84,  76, 133,  21,  71,  36,  52, 124,  55,  73,  20,  96, 143,  37,  90,  91, 165,  25,  97, 177, 117, 163, 106, 112, 123,  64, 179,   4],
  [110, 133,  95,  24,  34, 181,  35,  81,  40, 140, 139,  43,  80, 125,  70,  54,   3,  16,  56, 169, 182, 173, 180, 138,  67, 137,  98, 136, 197,  33, 114, 171,  39, 129,  66, 135, 147,  68,   2,  27, 148,  10,  50, 102,  13,  30, 195,  22, 155,  14],
  [ 85, 152, 118, 106,  23, 176, 103,  77,  91,  79,  62, 109, 153, 191,   1, 192, 115, 151,  49, 116, 175,  93, 143, 166, 124,  48, 107, 183,  84,  55,  78,  98, 190,  97, 161, 128, 154, 121,  63, 160, 111, 164, 142,  76, 102,   6, 185, 186,  38,  75],
  [  7, 186,  56,   6, 103,  23,  34, 191, 153,  75,  70,  79, 109,  95,  35, 154,   3,  38, 150, 176, 195, 146, 137,  10, 178, 164, 151,  99, 132, 194, 106,  85, 141, 147, 185, 190,  69,  93, 166, 188, 102, 173, 175, 161, 149,  15,   1, 116,  66, 152],
  [ 13,  84,  98, 139, 104,  80,   9,   5, 111, 126, 138, 193, 137,  51,  99,  81,  57,  37,  85,  24, 123,  54, 146,  52, 180,  70,  64,  44,  47,  16,  83, 100, 181, 162, 112, 136,  28,  55,  29, 150,  17, 163, 149, 133,  96, 148,  46,  26,  22, 145],
  [106,  85, 151,  98, 150,  75, 164, 142, 152, 178,  10, 195, 153, 138,  79,   6,  23, 191,  81,  82,  43, 196, 163, 111,  62, 123,  84,   7, 119,  48,  63, 192,  34, 193, 146, 112, 176, 104, 105,  55,  57,  35,  24, 154, 161, 177,  61, 137,  38,   0],
  [191, 152,  75,  21, 142,  79, 150,  61,  82,  34, 153,  89, 166,  38, 103,   7, 146,   6, 175, 164,  47, 107,  98,  77,  48,  43, 137, 186, 139,  85, 149, 151,  23,  10,  84, 185, 178,  72, 188,  24,  51, 160,   0,  35, 104, 163, 122,   5,  55, 196],
  [ 83, 120,  17, 115, 133,  36,   2,   5,  65,  96,  32, 101,   8, 143, 166,  69, 104,  73,   4, 179,  39, 183, 130,  18,  60, 122, 144,  20, 159,  44, 100,  55, 193, 112, 134, 157, 197, 162, 188, 124, 174,  45, 119,  68, 105, 135,  51,  88,  92, 184],
  [120,  48, 122,   5,  17, 167, 119, 133, 106, 166,  16,  83,   9, 114,  20, 181,  21, 154, 165, 130, 118, 126,  76,  94,  73,   8, 195, 101,   4, 117,  98, 193,  49, 108,  57, 178,   2, 104,  92,  13,  24, 163,  69,  63,  91, 115,  32, 121,  96,  61]],

