[[[121, 172,  22,  24, 173, 165,  18, 131, 145, 141, 106,  92,  31,  16, 185,  40, 163, 117, 132, 125, 196,  29, 146, 193,   2, 178,  14, 189, 186, 171, 190,   3, 194, 174, 184, 179, 161, 180,  21, 191, 195,  44,   6, 177,  37, 192, 175,  19,  23,   4],
  [ 38,  68,  83,  53,  40,  33, 101, 100, 158,  64,  34,   9, 109, 110,  87,  97,  96, 127,  51,  50, 154, 169,  39,  31, 112, 145,  65,  48,  82, 167, 182, 120, 102, 150, 105, 115,  99, 183,  35, 140,  75, 146,  98, 113,  81,  60, 156, 149,  85,  49],
  [153, 124, 151, 108, 136,  94, 163, 162, 165, 164, 134,  92, 135,  22, 118, 133, 184,  37,  74, 197,  65,  98,  73,  26, 103, 137, 185, 166, 109,  80, 123, 171,  18, 175,  36,  13,  63,   0, 186, 172,  61, 117,  60,  59,  14,   2, 131, 181, 132, 106],
  [153, 151, 124, 164, 118, 136, 165, 108, 133,  94, 162,  98, 163,  37,  26, 197, 166,  92,  22,  18, 135,  73, 184,  14, 117, 172, 185, 171,  11,   2,  74,  65, 134,  59, 186, 175,  13,  58,  61,  36, 142, 173, 138, 196, 103,   7,   6,  69, 132, 195],
  [153, 124, 165, 164, 136, 162, 163, 151, 197, 118, 117,  26, 184, 166, 172,  73, 185,  92, 186,  94,  22,  98, 173, 135,   2,  18, 133,  59, 175, 196,  11, 171, 132,   7,  37, 108, 181,   6,  10,  74, 191, 194, 177, 178,   4, 195, 179, 192,  58,  14],
  [164, 108, 133, 151, 153,  92, 118,  37, 124, 136,  94, 165, 166, 184, 162, 135,  18, 197,  98, 134,  26, 163,  22, 103,  36, 172,  95, 122,  73, 119,  63, 152, 185,  14,  80, 107, 106,  74, 181, 111, 175,  30, 138, 186,  11,  61,  28, 171,   2, 109],
  [153, 124, 164,  22,  94, 151, 136, 165, 162,  92, 118, 163, 108,  65, 134, 184,  37, 121,  98, 135, 197, 103,  18, 185,  11, 149, 166,  61, 109, 117, 172, 175, 133,  73,  74,  13, 119, 168, 186, 147,  14,  80, 132, 173, 195, 111, 106, 152, 138, 181],
  [153, 124, 164, 136, 118,  94, 151, 162, 165, 163,  37, 133,  92, 166,  22, 108, 184, 197, 135, 134,  26,  73, 121, 185,  98,  18, 172, 181, 175, 171,  61, 186, 117, 152,  58,  11, 173,  14,  65, 103,   2,  74,   6,  59,   7, 195, 196, 132, 194, 109],
  [ 22, 134, 164,  94, 136, 103, 153,  92,  91, 109, 111,  63, 124, 151, 133, 119,  95, 152,  51,  90, 105, 165, 120, 118,  64, 162,  76,  96,  81, 106,  67,  77,  65,  66, 184, 122,  98,  80,  54, 163, 166, 107,  50, 123,  23,  82, 173, 172, 181, 197],
  [ 92, 164, 136, 119, 110, 109, 120, 165, 153, 172,  94,  22,  11, 118,  67, 162, 122,  91,  66, 124,  63, 161, 185, 111,  90, 181,  65,  10,  18,  81, 134, 166, 149, 184, 186, 160,  76, 133, 173, 108,  24,  95,  37, 167,  51,  23,  98, 107, 132,  89],
  [164, 153, 151,  92, 136, 165, 118, 124, 162, 133,  37,  98, 166, 163, 108,  18, 172, 184, 197,  94,  73,  36, 135,  26, 185,  22,  14,  74, 181, 138,  11, 175,   2, 173, 186, 109, 196, 157,  69, 171, 122,  58, 119, 194, 131, 117, 142,  61,  59,   7],
  [ 94, 136,  92,  98, 151, 133,  54, 153, 162,  26,  60, 118, 109, 134, 124, 108, 165, 111, 103, 164, 152, 183, 181, 170, 119,  74, 163,  14,  59, 122,  43,  73,  95, 166, 144,  55,  37,  22, 147,  67, 150,  96,  45,  90, 173,  36, 172, 141, 171, 154],
  [ 94, 151, 153,  92, 136,  98, 133, 118, 165,  26,  44,  54,  60, 124, 173, 172,  13,  73,  55, 181, 164, 163, 108,   0, 166, 122, 162,  36, 109, 111, 147,  37, 126, 197,  72, 117,  30, 150, 103,  45, 128,  18,  31, 119,  59,  14,  48,  74, 184, 160],
  [153, 151, 124,  22, 164, 118, 134,  60,  92, 163,  13, 136,  94,  54, 103, 165, 128,  37, 197,  45,  98,  26, 162,  55,  59, 184, 135, 141, 108, 130,  61,  36, 171, 172,  14, 147,  11, 166, 123, 133, 137,  73, 185,  72,  65, 117, 168, 109, 181,  56],
  [ 94, 108, 136,  92, 133,  98,  60, 151, 153, 118,  95, 103,  30,  48, 134, 111,  54, 123,  37, 119,  74, 124, 150,  26,  45, 109, 165,  13, 120, 122,  96, 141, 152, 126, 135,  67,   0,  76, 166,  36,  31, 107,  47, 162,  80,  90, 147, 163,  77, 137],
  [118, 153,  92, 151,  94, 136,  60,  37, 133, 164,  98, 108, 172, 124, 165,  74,  13, 162,  36,  26,  45, 163, 166, 197,  22,  73,  55,  54,  11, 135,  14, 184,  30, 181, 103, 111, 134,   0, 109, 141,  72, 138,  69, 142, 137,  95, 185, 182, 152,  47],
  [ 92, 153, 108,  94, 124, 133, 151, 163, 165, 135, 162, 136, 118, 184, 119, 134, 103,  95, 164,  98, 166,  74, 106, 122, 197,  22,  37,  18,  26,  73, 185, 137,  36,  65,  13,  11, 171,  63, 123, 138, 172, 175, 173, 152,  90,  80, 147, 117, 186, 111],
  [ 92, 136, 153, 151, 164, 134,  94, 108,  22, 133, 103, 119,  98, 118, 135, 124, 165, 109,  65,  91, 111, 162,  11,  54, 172,  26,  63, 166,  90, 197,  76, 122, 184,  64, 147,  37,  24, 163, 105, 123,  36,  13, 173,  77,  60,  80,  67, 120, 137, 185],
  [ 92,  94,  24, 120, 109, 126, 119,  98, 108,  35,  78, 111, 165,  67, 172,  76,  77,  48, 144, 134,  49,  66, 124,  90,  63,  89,  96,  81,  22, 136,  95,  51, 138,  37,  31, 123, 142, 162, 139, 153, 122, 133,  52,  19,  91, 173, 149,  50, 163, 147],
  [103, 134,  94, 162, 133, 124, 153,  65, 163,  22, 151, 165, 136, 118, 152, 108,  92, 164, 111,  26, 109, 173,  60, 184, 170, 121,  98, 119, 166,  63, 135,  73, 117, 197, 161,  90,  43,  36,  74, 123, 137, 171,  95,  58,  37, 142, 186,  42, 147,  14],
  [ 92, 153, 151, 164, 118, 133,  98,  94, 108,  36, 124, 165, 136,  22,  37, 184,  11, 119, 172, 197, 166, 162, 135, 163,  60,  13, 134,  14,  44, 185, 159,  73, 181,  95,  28, 122, 131,  59, 103,  74,  26,  54,  18,  65,  69,  25,   2, 170, 138, 109],
  [ 94,  92, 151, 124, 108, 136, 153, 119,  95, 111, 133,  74, 165,  23,  90, 118,  11, 162,  98, 122, 170, 164,  30, 166,  96,  76,  43, 134,  42,  18,  36, 163,  32, 184,  66,  60, 147,  28, 103, 149,  22,  63,  77,  26,  71,  67,  13,  81,  65,  37],
  [121, 108,  48,  79, 126,  80,  61,  88,  78,  95, 130,   1,  89, 102, 137,   9,  77,  94,  63,  24, 100, 112, 116,  23,  93,  92,  21,  29,   8, 158,  76, 109, 106, 146, 147,  83, 104,  75, 107,  53,  52, 141,   0, 168,  67, 152,  39,  19, 135, 119],
  [121,   1, 168,  22,  78, 147, 130,  61,  46, 125, 116, 123, 157, 176,  21, 173,  56,  91, 120, 181, 153, 184, 158, 155, 164, 102, 132, 185, 178, 163,  38, 195, 174,  33, 103,  13, 109, 186,  84, 175, 189,  27, 196, 117, 192, 179,  57, 180, 104,  59],
  [159,  36, 138, 157, 149,  43,  40, 161,  27,  21, 151, 197, 168,  85,  17,  11, 117,  19, 116, 174, 185, 188, 177, 186, 176, 178, 195, 146, 190,  34, 179, 193, 194, 133,   4, 187,  18,   2, 164,   5,  57,   7,  10, 189, 196, 191,  69, 180, 192, 143],
  [123,  92,  50,  98,  64, 147, 108, 109,  94, 119, 122,  78,  24, 137, 136, 159,  79, 105, 150,  90, 153,  36,  68,  72,  96, 173, 151,  31,  60,  76,  77,  19,  52,  63,  34,  54,  49, 120, 165,  26, 103,  91, 167, 131, 133,  82,  51,  95,  10,  48],
  [153, 124, 151,  92,  94, 108, 163, 165,  37, 137, 135,  74,  13,  98, 134, 136, 123, 141,  36,  63, 131, 119, 103,  48,  65, 118, 164,  55,  76,  45, 162,  18,  22, 197,  69, 172,  72,  95,  90,   0,  73,  46,  60,  26,  80, 128, 150, 117, 184,  71],
  [ 92, 136,  94, 151, 153, 164,  98, 134,  22, 133, 118, 108, 124, 119, 109,  65, 103, 111, 165,  37, 135,  26, 172, 122,  63,  90,  60,  95, 162, 166,  54,  36,  67, 184, 163,  76, 197, 181,  14,  91,  11, 147,  51,  73, 173,  44,  81, 152,  77,  23],
  [136, 151, 164,  37,  22,  65, 109, 153, 111,  92,  94, 134, 119,  36, 122, 118, 103, 133,  98,  51,  81,  67,  30, 108, 168,  95,  89,  66, 110,  90, 139,  11,  76, 197, 105,  18, 166, 135, 141, 181,  77,  60,  54, 167, 157,  80,  61,  96, 172,  44],
  [153,  92, 136,  94, 133, 124, 151,  22,  26, 164,  98,  54, 184, 119, 172, 165, 162,  14, 122,  11,  42, 108, 149, 117, 163, 166,  18, 109, 118, 185, 123, 171,  13,  24,  59,  44,  73, 182, 142, 170, 196, 154, 197,  10,  41, 147,   2,  65, 113,  58],
  [ 92, 119,  24, 109,  77,  81,  90, 120,  50,  51, 122,  76,  67,  94,  68,  97, 136,  53,  96,  49, 105,  95, 111,  62,  82,  66,  98,  91,  63,  52, 151,  54,  89, 134, 110,  93, 102,  31,  30,  34, 170,  38, 108, 123,  33,  78,  64,  35, 140, 126],
  [ 95,  62, 119,  24,  94,  90, 122,  67,  77, 133,  93,  81, 111,  47, 110, 105,  92,  89, 107,  30, 136,  49,  96,  23,  76, 108,  82, 152,  50,  53,  31,  52,  66, 103,  83,  64, 140, 109,  97,  68,  45,  44, 100,  51,  63, 139,  91,  48, 120,  60],
  [ 45,  31,  60, 145,  71,  44,  57,  54,  47,  85,  50, 125,  56,  98, 113, 183,  97,  55, 120, 129,  42,  72,  96, 100,  48,  92, 161, 144,  39,  35, 170,  64,  26,  86, 123,  59,  36, 154,  99, 172, 165, 173, 126, 159, 167, 163, 143, 114,  19,  33],
  [159, 145,  24,   0,  47,  68,  23,  50,  45, 119, 108,  95,  19, 131,  48, 110,  72,  90,  60,  92,  93, 122, 135,  97, 137, 150,  31,  77, 167,  53,  62,  66,  39, 173,  63,  64, 161,  30,  49,  32,  34, 120,  44,   1,  67, 123, 182,  37,  13,   8],
  [159,  50,  68,  53, 119,  31,  49,  89,  62,  34,  81,  90, 122,  64,  97,  51, 110, 167,  76, 105, 120,  95,  47,  77,  92,  67, 111,  93,  96,  24,  38,  82,  65, 109, 100,  36,  23,  45,  52,   0,  83,  43,  66, 145,  30,  99,  94, 102, 151, 108],
  [ 24, 110, 119,  93, 108,  89,  50,  49,  77,  95, 120,  94,  92,  68,  53,  30,  76,  66, 105,  90,  52,  81,  80,  23,  67,  62,  51, 135, 107,   0, 111, 112,  34,  78, 148, 123,  63,  82,  47,  96,  79,  64,  88,  65, 104,  35, 146,  45,  38,  19],
  [ 92, 136,  94, 119, 109, 134,  63, 120, 153,  76, 164, 111,  90,  67,  66, 103,  91,  50,  22,  95, 165,  51, 122, 106,  81,  65,  23, 105,  98,  64, 124, 108,  77, 173,  82, 162, 123, 172,  24,  52, 135, 181, 151, 118, 126,  96, 167,  93, 184,  78],
  [ 92,  94,  24, 119,  98,  50, 126,  54, 136, 122, 109,  76, 120,  51,  44,  68,  45,  67,  35,  78,  81, 102,  77,  26,  53, 108,  23,  31,  79, 134,  52,  82, 110,  60, 125,  63, 173,  89,  30,   1,  96,  93, 111,  85,  32, 154, 172,  11, 114, 150],
  [ 40,  39,  83,  33,  88, 148,  29,  43,  68, 159, 145,  79, 146,  86,  27,   9,   8,  89,  21,  35,  34,   1,  19,  20,  62,  24, 193,  32,  25,  17, 101,  10, 112,  87,   5, 100, 161,  53,  72, 167,  38, 143, 110,  30, 131, 113, 174, 141,  15, 130],
  [ 31, 145, 172, 133, 164,  44,  45, 153, 136,  60,  24,  36,  54,  92, 166, 197,  47,  42, 165,  30, 167,  74, 118,  95,  23, 184,  37, 125,  26, 182, 160,  19,  22,  35, 131, 120,  13, 181,  73,   9,  32,  96,  69, 183, 185,  55, 106,  98,  97, 129],
  [ 37, 110,  30,  18,  36,  89, 164, 161,   9, 136,  88, 139, 118, 186,  11, 108,  31,  19,  10,  65, 166,   7, 133, 194, 150, 177, 167, 180, 141,   4, 197, 172, 191,  43, 187, 162, 138, 188, 179,  53,  16,   5,  79, 178, 190, 174, 193, 151, 135, 122],
  [ 31,  60,  47,  36,  37,  45, 118, 182,  34, 125, 145, 151, 150, 183, 133, 172, 161,  69,  54,  30,  19, 181,  44, 110, 162, 160,   8, 164, 139,  48,  75, 166, 138,  72,  98,  32,  85, 197,  13,  12,   0,  35,  88,  56, 153,  59,  55, 143, 135,  14],
  [ 31,  45, 135,  36, 131, 161,  92,  60,  19, 153,  37,  72, 165,   0, 163,  98, 150, 108,  11, 172, 141, 117, 149, 124, 118, 162,  18,  55,  69,  24, 151,  13, 146,  43,   7,  50,  65, 137, 143, 197, 185,  73,   6,  94,  74,  16, 142, 186, 144, 123],
  [ 24,  35, 120,  92,  50, 119, 110,  83,  33,  78,  94,  96,  54,  45,  68,  93,  77, 109, 113,  51,  89,  64, 167,  90,  82,  38,   1,  44,  53,  19, 182,  36,  47,  52,  98,  81,  62,  31, 108, 148, 126,  32,  29,  67,  30,  39, 123, 144, 145,  79],
  [ 47, 145,  48,  34,  45,  31,  35,  33,  60,  39,  19,  24, 110,  40,  54, 183,  50, 144,  36,  72, 160, 141, 100, 169, 182,  69,  56,  68,  83,  98,  85, 150,  32,  51, 131, 167,  99,  29,  59, 181, 148, 172,   9,  30, 128,  57, 129,  55,  49,  71],
  [ 47,  45,  31, 123,  54, 145,  50,  48,  94, 100,   0,  60,  36,  71,  72,  33,  44,  34, 112, 141, 169,  53,  35, 115,  39, 150, 153, 105,  13,  55,  96, 137,  30,  97,  51, 129, 103, 120,  92,  95,  85,  24, 136, 113,  57, 128,  99,   9,  83,  98],
  [ 50, 120, 123,  45, 112,  31,  94,  92,  47,  64,  78, 103, 145,   0,  76,  24, 126,  51,  71,  60,  65, 100,  63,  96, 121, 111, 119,  68,  77, 134, 105, 147,  52,  54, 153,  34,  19,  67,  35,  90, 109,  98, 102,  81, 115,  38, 137,  48,  55,  91],
  [ 45,  83,  50,  47,  31,  54,  34,  60, 145,  39, 100,  86,  64,  33,  68,  57,  85,   0,  71,  65,  38, 159,  72,  51, 169,  40, 154, 129,  53,  24,  35,  44, 113,  56,  55, 125, 101, 141,   1, 115, 114, 128,  97,  48, 183,  49,  99,  78, 148,  20],
  [ 34,   9, 145,  33,  97,  68,  49,  39,  31, 167,  47,  53,  19,  35,  40,  86, 169,  83,  79, 159,  71, 150,   8, 148,  50,  88,  48,  24, 110,  29,  38,  36,  20, 100, 131,   1, 146,  45,  87,  30,  85,  62, 141, 112, 139, 160,  44,  75, 138,  89],
  [ 62,  49, 110,  68,  53,  38,  33,  97,  83,  24,  93,  81,  66,  34, 101, 119,  96,  82,  90, 159,  67,  50,  39,  77,  89, 100,  64,  51, 120,  95, 140, 102, 105,  52,  76, 122,  47, 148,  23, 145,  91,  99,  92,   9, 111,  86,  35,  75, 154,  88],
  [159, 100,  68,  83, 112,  38,  64,  39, 145,  50, 105, 167,  34,  89,  43,  33,  62,  52, 115,  65,  53,  40, 104,   1,  47, 103, 168,  82,  20, 106, 147,  57, 116, 134,  97, 101, 155,  93, 119,  90, 123,  91,  95,   5, 143, 113, 137,  71,  56,  87],
  [ 83,  39,  40, 148,  88,  65,  21,  79,  68, 159, 146,  27, 145,  38,  86,  34, 143, 141,   8,   0,  75, 116,  33,  62,  29, 125, 100,  19,   9,  89,  30, 139, 168,  20, 140,  10,   5, 110,  72,   1, 149,  17,  53, 117, 128,  85,  25, 174, 169, 101],
  [100,  83,  39, 145, 127,  34,  33,  68, 101,  38,  40,   1,  47, 159,  62, 112,  86, 148, 146,   8,  56, 130, 116,  57,  75, 157,  49,  87,  50,  71, 129,  29,  48,  84, 113, 169,  53, 155,  99, 158,  46,  24, 115,  97, 104, 154,  64, 140,   9,  85],
  [110,  35,  33,  34, 140,  62,  31,  38, 139, 148, 125,  49, 120,  83,  39, 161,  68,  24, 159,  88, 145,  44,  85,  21,  89, 160,  97,   1, 146, 102,  43,  27,  51, 167, 172,  40,  19,  99, 181,  10,  50, 156,  82,   5,  45,  57,  29,  67,  75,  30],
  [ 47,  45,  31, 100,  83,  48,  33, 145,  34,  39,  60, 159, 141,  85, 101,  54,  53,  86, 169, 113, 129,  35, 110,   0, 150,  49,  99,  71,  44,  89,  97,  30, 114, 115,  68,  40,  36, 183, 127,  88, 154,   9,  50,  98,  72, 139,  55,  57,  62,  64],
  [ 45,  54,  47,  94,  60, 136, 151,  31,  98, 153, 103,  44, 133,   0,  48, 118, 141,  36, 134,  92,  55,  13, 183,  72,  37,  26,  30, 108, 128, 135,  51,  71, 164, 123, 129, 115, 113, 100, 197, 111,  50,  74, 137, 144, 124, 125,  73, 166,  22, 181],
  [ 71,  47,  45,  60,  31,  44,  36,  48,  54,  35,  96,  34, 102,  51, 150, 100,  97, 110,  55, 115,  98, 136, 129,  50, 125,  57,   0,  53, 183,   9, 153, 169,  94, 145, 101, 118,  39,  65,  33, 111, 155,  37, 114, 141,  74, 143, 133,  12,  85,  42],
  [ 47,  53,  31,  50,  62,  45,  49,  35, 110,  97,  30,  89,  36,  34,  33,  51,  90,   0,  65,   9,  60,  93, 112,  81, 159, 105,  66, 100, 133, 119,  95, 122,  44, 145,  67, 111, 167,  43,  48,  96,  77, 108,  94,  88,  71,  83,  24, 102, 141,  52],
  [ 60, 151,  36, 150,  37,  92,  45, 153, 118,  18, 135, 165, 197,  72, 141,  13, 172, 131,  30, 166, 124,  26,  73,  74,  55, 108,  98,  69, 163,  94,  31,  19, 136, 185,  11,  54,  14, 181, 161, 164,  12,  35,   4, 175,   7,   6,  44, 162, 138, 183],
  [153, 136, 118, 124,  94, 151,  92, 135,  98, 134,  60, 108,  36, 164,  74, 133, 165, 163,  37, 162, 137, 197,  13,  48,  73, 181,  65,  22,   0,  26, 172, 103, 166,  54, 184,  45, 150, 147, 171,   6, 128,  28,  18, 119,  72,  55, 175, 131,  59,  95],
  [136,  94,  54, 134, 164, 133, 118, 153, 103,  22, 152, 151,  60,  44, 125,  55,  45,  98,  26, 181, 197, 135, 124,  92,  73, 162, 128,  58,  14, 172,  51, 166, 163, 165, 111,  65,  13, 183, 161,  12, 173,  47,  25,  37,  36,   0,  59, 155, 171, 107],
  [183,  26,  98,  54,  60, 144, 151,  45,  48,  44,  55,  42, 153,  14,  71,  31,  18, 129, 165, 117, 154, 124,  22, 171,  56,  74, 128, 149,  59, 141,  41,  99, 162, 163, 169, 114,  35,  13,  46,  72, 113, 142, 143,  58, 197, 125,  73,  28, 160,  69],
  [ 39,  33,  40,  83, 145,  68,  34, 148,  75,  38,  62, 159, 140,  88,   8,  86, 102, 116, 101,  21,  31,   1,  24,  49, 146,  27,  85,  47,  29,  56, 127,  79, 100,  57, 169, 157,  50,  20,  84, 125, 110, 158,  87,  15, 182, 114,  70,  19,   9,  32],
  [ 39,  33, 127, 100,  83, 101,  34,  87, 130, 169,   1,  57,  40,  56,  46, 115, 116,  71, 104,  38,  86,  21, 129,  68, 145,  47,   8, 168, 112,  27,  35,  85, 155,   5,  20,  15,  99,  84, 113, 158,   9,  88, 154, 114,  48, 143,  29, 159,  61, 102],
  [159, 130, 145,  39,  43, 100, 137,  72, 116, 161, 141,  86,  47,  13,  83,  56, 155, 143,  29,  84,   8, 168,  20, 117, 115,  27,  57, 144,  99,  45,   5,  58, 112, 182,  48,  40,  55,  69,  88, 193,  25,  85, 183, 128,  61, 146, 135,  15, 142, 131],
  [143, 150,  61, 183, 141, 124,  60, 163,  55,  56, 130,   0, 145,  71, 127, 171,  14,  28,  74,  58,  12, 170, 168, 115,  15,  73,  48, 169,   6, 128, 114,  45, 156, 182, 117,   8,  39, 144,  72, 121, 162,  59,   3, 147, 184,  29, 137,  13, 129, 165],
  [ 39,  83,  38, 102,   1,  33,  68, 110,  34, 140, 101, 127,  62,  40,  75, 148,  21,  49,  53, 121,  79, 158,  87,  56,  88, 104,  78,  27,  82, 114,  86, 116,  52, 100, 169, 154, 125,   9, 105,   8,  70, 168,  81,  20,  97, 147,  93,  84,  85, 155],
  [ 39,  83,  33,  38, 101, 100, 102,  68, 145,  34,  40, 110,  47,  62,   1, 116, 140, 104,  56, 127, 169,  88,  75,  57, 129,  35,  49,  48,  31,  87,  71, 125, 158, 148, 155, 114,  85,  45,  51,  53,  21,  50,  82,   8,  86, 115,  29,  99,  97, 113],
  [159,  33,  43, 167,  34,  83,  68, 161, 145,  31,  38,  97,  27,  40,  39,   5,  36,  57, 146,  35,  62,  88,   1,  64,  44, 148, 113,  85, 110,  86,  19, 156,   9, 174,  20, 143, 149, 139,  21, 193, 188,  18, 176, 177, 178, 180, 187, 194, 195, 186],
  [136, 153,  94, 151, 118, 164, 124, 133,  22,  98,  37, 162, 134,  92, 103, 165, 163, 111,  65,  60,  54, 119, 197,  45,  55,  18, 172,  73,  26, 166, 109,  36, 135,  74,  13, 108,  44, 181, 122,  71, 152,   0,  66, 128, 184,  61, 171,  14,  58,  59],
  [ 98,  92,  48, 151,  60, 183,  54, 136, 165,  94,  44,  26,  37, 164, 118,  47, 150,  55, 172,  74,  45, 153, 133, 141, 162,  18,  73,  31,  36,  32, 108, 135,  14, 126, 124, 145, 163,  72, 197, 181, 131,  13, 171,   0, 134, 144, 129, 122,  69,  95],
  [ 50,  47,  94, 111,  45,  31, 120,  51, 100,  60,  53,  34,  71, 119,  35,  49, 103, 112,  65,  95,  81,  89,  90,  96, 105,  67,  36,  97, 134,  77, 151,  64,  52,  76, 110,  54, 136, 102,  66, 107,  93,  48,  62, 109,  30,   0, 115,  33,  92, 104],
  [ 92,  94, 151, 153, 108,  36, 123,  45, 119, 109, 136, 165,  98, 118, 163,  65, 124, 103, 164, 135,  37,  73,  54, 162, 122,  60,  50, 150, 172, 111,  31, 133, 134, 126,  72, 161,  18, 120, 137, 115,  63,  55,  74, 173, 131,  76,  11,  22, 143, 197],
  [136,  94, 164, 108, 151,  92, 153, 124, 118,  37, 133, 134, 165, 135,  22, 162,  18,  65,  98, 103, 119,  74, 166, 163, 109, 197, 184, 111,  73, 181, 152, 172, 106,  63, 185, 122,  36,  66,  61, 175,  11,  26,  80,  95, 141,  14, 186, 173,   2, 194],
  [153,  94, 108, 165, 124, 164,  92, 151, 162, 136, 118, 163,  22, 184, 135, 109, 173, 185, 134, 197, 133, 166, 186, 196,  36,  98, 175,  73, 172, 195,  18, 121,  74, 149, 119, 177, 138, 179, 194, 117, 191, 123, 171,   2, 178, 187, 132,  26, 192,  16],
  [ 51,  92, 136,  94, 110, 134, 119, 111,  81,  67,  76,  50,  95,  77,  96,  66, 109, 105,  63,  90,  91, 120,  24,  64,  22, 103,  93, 164,  98,  54,  82,  52,  23, 122,  89,  49,  38,  68,  62,  53, 102,  65, 107, 123,  60,  30, 106, 153, 152,  80],
  [ 83,  39,  38,  68,  33, 100,  34,  40, 101, 145,   1, 159,  62,  87, 116, 127, 104,  88, 112, 102,  57,  47,  53,  97, 115, 169,  82,  48,  49, 140,  56, 105, 110,  21,  86, 168, 146, 113,  50,  52, 130,   9,  43,  20,  27,  99,  93, 155, 148,  71],
  [ 39,  33,  83,  68,  38,  87,  53,  34, 100,  97,  88,  49,  62, 101,   9,   1,  40, 102, 110, 140,  35, 169, 159, 145,  79, 104, 127,  89,  86,  21, 116,  71, 112,  82, 115,  57,  85,  93,  52,   8,  20, 113, 158, 148, 114,  29,  81, 141,  99,  47],
  [ 80, 106, 105,  95, 137, 112,  66,  90,  22, 159, 134, 152, 104,  76,  91,  77, 147,  93,  74,  23, 123,  63, 168,  81,  46, 138, 111,  82,  87, 109,  65, 127,  64, 124, 103, 130,  52, 163, 120,  53, 100, 119,  51, 157,  62, 155, 151,  38,  68,  78],
  [ 64, 136,  11,  24, 164, 157,  92,  22, 161, 135, 153, 172, 134,  98,  10, 151,  54,  44, 103, 140,  51,  65, 166, 118,  25,  70, 197,  28,  14, 196, 165, 184, 162, 119, 133, 185, 154, 148,  13, 149,  30, 142, 125, 173, 117, 108, 182,   2,  91,  18],
  [ 83, 101,  39, 102,  33,  38,  40, 140,  88,  68,  87,  34, 100,  21, 110, 148,  62, 116, 146, 114, 157, 127, 169, 145,  85,  99,  57,  35, 113,  43, 104,  75,   1, 154, 159, 115,  25,  27,  79,  49, 130, 155,  29,  89,  84, 126,  56,  61,  53,  71],
  [ 39,  83,  38,  33,  68, 102, 110, 101,  62, 100,   1,  88,  40,  34,  49, 140, 145, 116,  53, 104,  82, 127,  87,  97,  48,  75,  93, 169,  47,  52,  35, 148,  57,  56, 158,   9,  81, 115, 112, 114, 159,  66,  21,   8,  50,  29,  89,  79,  67,  96],
  [ 39,  33,  40, 145,  34,  87,  83, 127,   8, 100,   9, 146,   1,  29, 148,  68, 159, 101,  27,  57,  56, 116,  88,  21,  38,  86, 130,  43, 169,   5,  35, 112,  46,  20, 193, 157,  47,  75,  15,  19,  85,  84, 143, 156,  71, 104, 138,  31, 158,  48],
  [145, 159,  36,  19,  45,  31, 161, 167,  50,  34,  47,  86,  30,  32,  40,  43, 131,   8,  72,  88,  35,  24,  83,  33,  57, 141,  11,  68,  64,  29, 143,  65,  85,  13, 138,   9,  39,  20,  97, 149, 108,  27,  60,  69,   5,  62, 151,  79, 197,  44],
  [ 45,  31, 136,  60, 151,  36,  44,  37,  54,  92, 118,  98, 141, 153,  47,  55,  72, 172,  35,  26,  94,  18, 164,  11,  30, 161,  22,  71, 160,  34, 150, 119, 154,  65, 197, 162, 113, 133, 165,  13,  42,  69,  10,  99, 139,  14, 143, 166,  19, 183],
  [ 24,  31,  45, 136,  60,  98,  92,  96,  50,  47, 119,  64, 150,  54,  36, 120,  90, 123,  49, 110, 159, 145,  51, 172,  65,  34,  30,  44, 133, 182,  19,  72,  35,  94, 153, 139, 109,  42,  53,  97, 125,  71, 160,  55, 108,  48, 111,  95,  74,  66],
  [ 92,  24,  50, 119, 145,  45,  94, 167,  34,  36,  31, 120,  86, 108, 131,  23,  77,  90,  60,  96,  72, 106, 123,  95, 112,  35, 100,  19, 137,  97,  76, 149,  47,  11,   9, 159,  42,  51,  64,  53,  93,  68,  30, 105,  55, 109,  65, 165,  20,  81],
  [164, 133, 136, 122,  92,  18,  37,  36, 153, 118,  94, 108,  65, 109, 119,  22,  98, 162, 110, 172, 107, 165,  74, 151, 143, 111,  67,  63, 124,  44, 167,  23, 197,  90, 103, 181, 120, 135,  89,  73, 166, 152,  31,  11,  66, 186, 134,  95, 185, 163],
  [110, 136, 161,  64,  24,  30,  92, 133, 139, 119,  11,  10,  49, 164, 140,  31,  67, 107, 173, 172,  62,  51, 125,  89,  60,  79,  98, 111, 166, 148, 181, 122, 118, 160,  54,  44,  65,  94, 108,  75, 103,  50,  81, 135,  19, 134,  52, 152,  36,  93],
  [110,  38,  68,  83, 140,  62,  24,  50, 159,  33,  51,  64, 102,  89, 119,  82,  53,  49,  88,  67, 139, 161, 148,  93, 125,  35,  75,  81,  34, 120, 136,  39,  52,  85, 113,  97, 101,  79, 116,  99,  44, 111,  54, 157, 105, 168,  45,  30, 109,  66],
  [104, 127,  39, 145, 168, 130,  46,  57, 102,  33, 116,  56,   1,  38,  47, 101, 115, 100,  34, 110,  83,  88,  61,  48,  66, 155, 112,  75,  62,  40,  71,  68,   8,  43, 140, 169, 157,  87,  27, 181, 121, 176, 106, 113,  21,  49, 146,  84, 159, 114],
  [104,  40, 130, 127,  39,  88,   8,  83, 112,  80,  87, 106,   9, 100, 168,  61,   1,  27,  75, 121,  34, 105,  79,  62,  32,  46,  53, 169,  21,   0,  52, 101,   5, 145, 155, 141,  48,  20, 147, 146,  68,  84,  93,  66,  41, 152, 193, 116, 176,  49],
  [159, 116,  43,  40,  33,  21,  83,  36,  87,  85,  65,  34,  57, 168, 109, 151,  97, 113, 169, 149, 105, 115,  38, 154, 176,  31,  68,  99,   5, 138, 161, 174,  20,  18,  88, 117, 100,  27,  82, 150,  12, 123, 145,  39,   9,  11,  22,   2, 188,  41],
  [ 38,  83,  33,  39,  68,   1,  34,  62, 140, 148, 101,  40, 159, 102,  21,  86,  82, 110,  87,  49, 116,  79,  27,  85, 157, 100,  52, 154,  56,  78, 105, 158,  57,  53,  91,  75,  20,  50, 169, 145, 127,  88, 155,  35, 125,  70, 120,  24,  81, 114],
  [159, 116, 100,  39,   8,  79,  88, 169, 141,  87, 158,  34,  48,   9,  68, 150,  86, 102,  40, 168,  75,  84, 130, 101,  85,  60,   5,  43,  32,  27,  72,  20,  83,  71,  53,  61, 145,  15, 112,  19,  33, 115, 138, 131, 155,  49, 176,  17,  29,  97],
  [ 39,  38,   1, 102,  83,  57,  33,  68,  56, 145,  34, 104,  71, 155,  40, 110, 101,  50, 140,  62, 125,  52,  91,  82, 116, 100,  21,  51, 114, 127,  31, 169, 105, 109, 123, 147, 159,  97,  49,  47,  85,  54,  96,  64, 170, 121,  67,  78, 130,  81],
  [ 33,  83,  68,  39,  40,  38,  35, 110,  49, 120,   1, 145,  62,  97,  31,  53, 100, 146,  34,  89, 167,  24,   9,  88, 148,  82,  87,  93,  50,  48,  29,  52, 101,  91, 140, 112,  81,  99, 127,  21, 102,  19,  67,  57,  79,  51, 105, 104, 169,  47],
  [110,  49,  62,  38,  33,  97,  34,  50,  68, 120,  31,  83,  89,  53,  51,  35,  66, 102,  93,  67,  81,  47,  82,  39, 145, 119,  90,  95, 167, 159, 122, 105,  48,  24, 107,  52,   9, 100,  88, 111,  96, 104,  77,  64, 109, 139,  76, 140, 101,  75],
  [ 45,  34,  60,  31,  36, 159,  48,  24, 100,  47,  50,   0,  54, 141, 160,  99,  53, 161, 137,  64, 110, 167,  72,  85,  19,  33,  68,  98,  44, 123,  55, 150,  86,  83, 154, 135, 143,  71, 151,  65, 131,  69, 169, 112,  35, 145,  49, 113, 153, 129],
  [ 31,  50,  47,  45,  34, 159,  36, 145,  35,  24,   0,  44,  60,  33,  30,  49,  68, 161,  64,  72, 110,  53,  86, 167,  48,  19, 123,  85, 108,  97, 100, 112,  79,  54,   9, 119,  71,  83, 120,  39,  88, 131,  57,   8, 122, 182,  92, 125,  99, 151],
  [ 47,  34,  35,  31, 100,  50, 145,  39,  33,  83,  45,  68,  97, 159,  71,  53,  49, 169, 110,  54, 112,  64,  48, 113, 101,  62,  85,  38,  89,  36,  24,  99,  30,   9,  96, 114,  57,  40,  51,  88,  44, 105, 129, 167,  60,  86,  93, 123,  56, 154],
  [ 34, 110,  50,  97,  31,  53,  35,  89,  49, 145,  45, 100,  68,  47, 120,   9,  36, 169,  33,  39, 119, 159,  71,  30,  88, 150,  96,  66,  90,  48, 167,  62,  83,  93,  99,  85, 141, 112, 102,  81,  67,  40, 122,  72,  19, 139, 105,  77,  38,  60],
  [110,  53,  39,  49,   9,  34,  35,  33, 102,  88,  68, 100,  89, 101,  71,  83,  38,  97,  48,  75,  87, 112,  47,  79,  62, 169, 158, 140,  93,  96,  66, 114,  30, 139,  99, 115,   0, 127, 148, 145, 141, 126,  81, 159,   8,  31,  40,  45, 150,  44],
  [ 47, 100,  39, 130,  56,  45, 101,  71, 145,  83, 169, 115,  48, 155, 127, 141, 129, 128,  55, 183,  57,  54,   0,  86, 114, 143,  60,  46,   1, 112,  13, 116,  85,  72,  15, 158, 113,  33,  61, 168,  34, 154, 104, 147,  84, 171,  99,  26,  32, 125],
  [ 49,  75,  47, 127, 104, 100, 145,  77, 102, 101,  96,  81,  95, 107,  93,  80,  62,  66,  39,  67, 120,   0,  91,  31, 111, 110, 126,  76,  53,  34,  23,  52, 147,  71,  63,  30, 122,  90, 112,  50,  51,  38,  48,  78,  83, 105,  97,   9, 169,   1],
  [ 83,  40, 145,  62,  68,  39,  53, 100,   9,  88, 159, 104,  38,  87,  79,  49, 127,  33,   8,  34,  75, 106, 101, 112, 116,   1,  93,  97,  89, 141,  47, 148, 102,  80,  86,  48, 169, 130, 146,  32,  52,  46,  95,  84,  43,  82,  27, 105,  57,  25],
  [ 21, 121, 186, 176, 161,  19, 125, 185,  35, 178, 146, 177, 195, 174, 194, 179,   5, 192, 190, 193, 180, 188, 191, 149, 172, 187,   7,   4,  27,  37, 132, 118, 143, 175, 189,  16,  10, 197, 166,   3,  18, 117, 181,   8,  11, 173, 162,   2,  88, 157],
  [140,  39,  83, 101, 127,   1, 158, 148,  62, 100, 157, 154,  33,  75, 114, 155, 169,  86,  84,  38,  56,  78,  41,  70, 129, 128,  34, 102,  68,  40, 130, 183,  87, 147, 121,  71,  21, 116,  27, 170, 168,  79, 104,  85, 141,  15, 113,  61,  49,  25],
  [ 92,  91, 109, 123, 147, 151, 170,  96, 153, 105,  97,  94, 122,  78,  98, 120,  50, 157, 159, 154,  90,  76,  71,  42,  51,  68,  95, 126,  38, 136,  22,  85,  54, 169,  82,  77,  36,  63,  81, 165,  64,  14, 106, 158,  60,  24, 119,  34, 102, 101],
  [ 39,  87,  40,  88,   9, 169, 116,  29,  83,  33,  21,   8,  48, 130,  27, 100, 101, 148, 146,  56, 113,  79,   5,  61, 159,  41, 145, 156,  43, 168, 150,  68,  85,  15,  97,  25,  19,  86,  20,   1, 143, 141,  34,  17, 193, 158,   4, 127,  18,   3],
  [110,  51,  49,  35,  66,  47, 107, 102,  94, 120,  75, 111,  31,  52,  81,  89,  33,  67,  30,  93,  62, 104,   0,  50,  53,  77,  78,  54, 140, 105,  96, 103, 139,  39, 114, 134,  38,  88, 101,  44, 127,  32, 181, 119,   1,  45, 136,  83,  82,  76],
  [ 39,  83,  33, 101, 100, 169,  34, 145,  40,  47, 102,  38,  71,  68,  35,  56, 129,  88, 127, 116,  48,  53,  45, 114,  31,  86,  87,   1,   9, 158, 104,  85,  57, 140, 115,  97, 141,  62,  75, 110,  99, 155, 183, 154, 112,   8,  20, 113,  49,  21],
  [ 35,  34,  33,  45,  39,  36,  97,  71,  47,  31,  83, 100,  30,  86,  85,  20, 159, 110,   9,  53, 112, 145,  49, 148, 169, 167,  50, 113,  68, 143,  89,  44,  19, 139,  24,  56,  99, 141, 128,   1, 154,  43,  13,  21,  55,   8,  62,  72,  11, 120],
  [159,  45,  47,  35,  31,  24,  39,  33,  49, 100,  34, 145,  43,  85,  60,  36,  89,  53,  30,  50,  62,  97,  71,  86, 110,  54,  68, 129, 101, 139,  44, 113,  99,  83,  72, 169,   9, 141,  48,  56, 154, 114,  38,  20, 167,  64, 161, 148,  55, 128],
  [ 24,  35,  34,  53,  33,  49,  47,  31,  50, 100,  68,  45,  39,  83, 120, 145,  62,  97,  30, 112,  89,  96,   9,  93,  48, 119, 110,  38,  92,  77,  95,  36,  51, 159,  81,  86,  60,  71, 105,  99, 167,  90, 101,  85, 141, 126, 169, 148,  76,  79],
  [ 47,  33,  35, 145,  34,  39,  49,  31, 159,  88,  45,  97, 110,  50,   9,  71, 100,  53,  83,  36,  85,  68,  30,   8, 169,  89,  48,  79,  75,  62, 112,  86,  60, 150,  19,  43, 113, 141,  40,  24,  57, 101, 102,  32,  29, 148, 161, 114, 139,  99],
  [ 48,  47,  71,   9,  36,   0,  34,  97,  72,  74,  60,  39, 141,  45, 100,  44, 169, 159, 150, 130, 145,  46,  99,  37,  13, 151,   8,  43,  31,  57,  53, 131, 115,  30, 129, 118,  55, 138,  15, 126,  87,  69,  88, 122, 113,  49,  19,  73,  12, 114],
  [124, 163, 165, 153, 162, 184, 151, 183,  74, 197, 117, 164,  98, 135, 185,  26,  69, 118,  73, 166,  14, 171,  60,   2, 142,  42,  13,  28, 132, 172, 144,  18, 175,  59,  58, 186,   6, 108, 138, 137, 133,  61,   7, 188,  72,  55, 196, 189,  22, 195],
  [ 94, 136,  92, 134, 111,  54, 109,  98,  67,  51,  63, 119, 103, 153, 102,  95,  76,  81, 108, 106, 123,  77,  91, 118,  96,  60,   0,  23, 107, 122,  66, 164, 133, 151, 137,  90,  50,  80, 135,  22,  52,  26,  78, 152,  65,  30, 105, 125,  93, 181],
  [ 39,  33,  34,  83, 101, 100,  40,  56,  87,  68,  38,  21, 116, 159,  57, 140,  35, 145, 154,  85,  27, 110,  31, 102, 148,  99, 169, 155,  29, 127,  20, 125,  43,   5, 129,  88,  86, 143,   9, 113,  70, 158,   8, 156, 115,  62,  15,  97, 157,   1],
  [159,  43, 102, 101,  53,  38,   9, 115,  68,  87, 116,  97,  62, 158, 104,  83,  39,  88,  66, 100, 155, 112,  49,  93,  33, 130, 106,  95,  82,  71,  52, 113,  89,  86,  23, 141,   8,  81,  21, 168,  48,  80,  90,  20, 169, 140,  99, 110,  25, 114],
  [163, 124,  94, 121, 165, 153,  92,  74,  61, 151, 184,  22, 171, 123, 130,  73,  18, 108,  46, 117, 170, 162,  42, 137,   6,  91,  63, 126, 166, 106,  26, 147,  80, 185,  14, 175, 142,  13, 186, 197, 135,   2,  16, 118,  78, 134,  95, 192,   3, 152],
  [ 68, 110,  38,  83,  62,  82,  33,  39,   1,  53, 102,  49,  89,  51,  52,  81,  93,  24, 101,  77,  66, 119,  67,  90,  91, 105, 140,  50, 109,  97,  40,  23,  34,  76, 122, 120, 100,  35, 148,  95, 159,  87, 167, 145, 107,  96,  63, 106,  88,  48],
  [ 43,  18,  83,  87, 151, 130,  25, 167, 197,   5, 117, 159,   1, 193, 141,  36,  20,   9,  27,   6,  65, 138, 186,  40, 113, 174,  46, 143,  33, 154,  22,  17,  32, 195,  74,  86,  39, 155,  37,  21,  89, 176,  80, 190, 171, 146, 188, 196, 157, 115],
  [ 94, 118,   0,  60,  71, 115, 124,  37,  61, 151, 103, 134,  74, 130,  48, 104, 111, 163, 153, 137, 102, 112,  65,  45, 135, 152, 150, 123,  36, 181, 197, 155,  43, 136, 164, 166, 108, 162,  12, 133,  46,  13, 141,  66,  72,  58,  73, 128,  55, 175],
  [183,  94,  54,  98,  26, 153, 147,  60,  48, 124, 171,   0, 137, 144, 165,  13, 134,  55,  14, 163,  74,  73, 128,  24,  42, 123, 136,  92, 152, 117,  22, 184, 151,  44,  78, 133, 141,  41, 170, 197,  28, 125,  45,  72,  32, 129, 135,   2,  61, 182],
  [ 34, 159,  33,  68,  31,  39,   9,  83, 100,  50,  97,  53,  35,  36,  20,  40,  86,  45,  71, 169,  24,  47,  85, 167,  49, 123, 112,  57, 154,  72,  38,  99, 150, 113,  79,   8, 141, 148,  48,  19, 101, 145,  64,  88,  96,  29, 105,  52,  87, 149],
  [110,  35,  50,  45, 120,  51,  89,  31,  53,  96, 102,  49,  24,  94, 119,  81,  83,  67,  68,  92,  39, 100,  47,  34, 111,  71,  60, 112,  65,  77,  97,  93, 109,  95,  76,  54,  38,  62,  90,  52,  66,  33, 105, 101,  30, 123, 126, 136, 114,  64],
  [ 47,  60,  31,  45,  71,  54,  35, 151,  48,  97,  36, 150, 169,  98,   9,  85, 129,  30, 123, 108,  34, 133,  49, 153,  56,  53, 141,  55, 183, 100,  96,  94, 118,  26,  13,  72, 128,  92, 113, 145,  74,  42, 147, 139,  37,  95, 136,   8, 182, 154],
  [ 47,  34,  45,  35,  31,  48, 110,  50,  71, 145,  33,  54,  60,  39, 100,  85,  36,  68,  49, 102,  24,  44,  83,  97, 141,  98, 126, 159,  53, 139,  30, 150, 169,  19, 113,  99,  37,  51, 125,  56,  55,  38,  92, 114,  64,  86, 123,  62, 112, 160],
  [ 92,  50, 120, 109,  34, 122, 123,  94,  35, 119,  76,  97, 151,  96,  31,  90,  77, 126,  45, 167,  91,  51,  71,  81,  36,  53,  95, 105, 111, 112,  80,  67,  49,  47,  68, 153,  99,  54,  66,  63, 115,  78,  52, 100,  22, 134,  98,  33,  85, 136],
  [153, 165, 164, 151, 162, 163, 124,  22, 173, 118, 184, 117,  18,  36,  98,  73, 133, 185, 197, 172,   2, 186, 132,  26,  92,  58, 109, 149,  59,  37, 138,  65, 196, 195,  94, 178, 194, 188,  14,  43, 103, 166, 177, 176, 171, 161, 179,  46,   6, 175],
  [124, 153, 163, 151, 118, 108, 165, 133, 162, 164, 197, 184, 166,  74,  18,  61,  73, 135,  26,  94, 171,  37, 117, 185, 175, 186,   6, 121, 130,   2,  14, 136,  13,  58,   4, 195,   7,  98, 188, 138, 194, 187,  46, 152, 173,  92,  22, 192, 196, 177],
  [136,  60, 147, 134,  54, 103,  98,  26,  63, 164,  92, 172, 128, 173,  91,  55, 124, 135, 183, 157, 125,  13,  45, 152, 118,  24, 181,  61, 160,   0,  50, 111, 184, 153, 154, 137, 182,  51, 151,  67, 120,  76,  78,  72, 144,  56, 166,  14,  69, 129],
  [ 39, 130, 116,  83, 168,  61,  86, 169, 158,  56, 141,  40, 127,  85,  21,   1, 100, 147, 101,  46,   8, 115, 159,  27,  33,  84, 145,   9,  88,  72,  68, 121,  87,  79,  20, 114, 143,   5, 155,  48, 129,  70,  15, 157,  29,  38,  13, 128, 125, 113],
  [153, 151, 136,  54, 164,  98,  26,  22, 173, 123,  59, 103, 147, 118,  61, 184, 168,  92, 130,  55,  13, 197,  25, 165, 134, 124, 157,  58, 126, 133, 128,  73, 117,   2, 163, 172,  14, 144, 181, 154,  85,  11, 171, 196, 162, 166, 129,  94,  56, 125],
  [141,  48, 130,  61,  25,  88,  39,  32,  29,  79, 183, 128,  56,  83, 129,  84, 169,  70,   0,  27, 114, 101,  54, 171, 144,  15,  13, 158,  37,  41,  55,  86, 135,  17,  47,  40, 139,  59, 154, 155,  99,  26,  12, 125, 145,  20,  87,  45,  85, 150],
  [153, 165, 173, 117, 151, 149, 163, 147, 159, 184,  59, 162,  22,  13, 197,  73,   2, 185, 132, 144,  72, 123,  43,  46, 124,  36, 131,  57,   1, 196,  98, 178,  54, 172, 168,  55,  26, 186,   6, 195, 188, 189, 192,  69, 164,  14, 174, 179,  11, 177],
  [ 94,  92, 119, 108, 124, 136, 134, 133, 153, 109, 118,  90, 151, 165, 111,  76, 103,  23,  63,  66, 163,  95,  91, 162,  80, 122,  65,  22,  74,  96,  77,  67,  98,  42, 106,  81, 152,  26, 184,  52, 126, 173, 120, 166, 135,  73, 171, 164, 147, 123],
  [ 92,  98,  54,  24, 151,  44, 136,  26,  30,  94,  60,  41, 133, 153,  14,  55, 170,  45,  25, 154, 172, 108, 144, 141,  32, 140,  11,  85,  10, 128, 119, 183,  42, 110, 114,  28, 147, 139, 150, 166, 157,  49,  31, 122,  59, 129,  99,  69, 126, 182],
  [ 47,  45,  31,  71,  60,  35, 100,  48,  39, 145,  34, 155,   0, 129,  55,   8,  32,  30,  49,  44, 183, 141,  36,  56,  33,  97,   9, 159,  54, 101, 127,  72, 133,  53, 112,  85, 102,  26,  74,  75, 113,  95,  46, 130,  43,  13,  57,  86,  96, 169],
  [ 31,  98,  60,  37,  36, 172,  54, 153,  45, 151,  44, 165,  92, 136, 182, 150,  24,  33, 160,  19, 164,  14,  69,  34,  59, 131,  35,  72,  26, 109,  55, 163, 144,  97, 125, 197, 132,  18, 162, 185,  50,  48,  85, 141, 183, 123, 118,  73, 149,  12],
  [153, 151,  94,  92,  98,  26,  54, 124,  36, 165, 163,  14,  42, 136, 197, 162,  45,  60,  73,  31, 123,  18,  55, 108, 133, 166, 183,  72, 141, 118, 150,  13, 117,  69,  37, 142, 164, 172, 184, 171,  58,  11,  28,  44,  59, 144, 185,  74,  22,  71],
  [ 60, 151, 153,  94,  31,  47,  54,  36,  45,  98,  48,  71,  51,  65, 136,  55, 183, 105, 149,  34, 128,  22, 134, 160,  50, 120,  64, 147,  30, 197,  26, 154, 111, 182,  14, 133, 139, 103,  35,  24, 172, 108, 100,  78,  49,  74, 169, 164,  92,  96],
  [150,  47,  45,  60,  48,  72,  36, 159,  69, 153,  34,  71, 163, 181, 151,  31, 123, 131, 160,   0,  19,  55,  13, 145,  98,  12, 130, 137, 124,  74,  73, 197, 135, 182, 162, 143,  54,  59, 141,   8, 165, 175,  37,  97,  44, 169, 172, 184, 189,  26],
  [ 65, 103,  64, 136,  50, 134, 105,  78, 152, 111,  94, 107, 121, 133,  47, 119, 108,  52,  76,  80, 123,  67, 168,  66,  93,  90,  62, 120,  77, 164, 135,  89,  22,  91,  81,   0,  63,  75, 104, 173, 124,  82, 112,  51,  95, 159, 118, 145, 153, 161],
  [153, 164,  61, 184, 165,  18,  98, 185, 150, 173, 196, 186,   2,  73, 151, 117, 174, 138,  92, 124, 187, 175,  42,   4, 188,  37, 194, 132, 178, 191, 163, 177, 162, 121,  36, 179,  11, 172, 197,   7, 136,   9, 131,  14, 189, 190, 118, 171, 141,  10],
  [ 65, 134, 153,  22, 124,  51,  60, 151, 135, 118, 157, 103, 137, 136, 168, 164, 106, 163, 155,  43, 109, 162, 125,  94, 116,  13,  98, 159, 149, 147,  28,  59, 197, 152,  45,  72, 128, 184,  11,   0, 112,  74,  55, 123,  64, 111,   2, 171, 158,  54],
  [164, 118,  37, 165, 162, 153, 166,  11, 124, 151, 136,  18,  92, 185, 184, 163, 197,  61, 172, 133, 108, 186, 117, 161, 175, 138, 135,  10, 177, 187,   7, 194, 188,  73,  22, 191, 196,  74, 195, 179,  14,  98, 192, 157, 132,   2, 190, 178, 180,  65],
  [ 37, 108, 118, 136, 164,  94,  92,  74,  65, 119, 135, 133, 153, 162, 152, 124,  18, 151,  89, 109, 163,  61,  95, 106,  36, 111,  66, 166, 134,  80, 122,   0,  22,  23, 137,  73, 197,  67, 175, 165,  11, 186,  63,   9, 185,   7, 139,  81, 138, 150],
  [136, 164, 139,  31,  10, 161,  22,  11, 110, 125,  24, 151, 172, 153,  44,  18,  36, 149, 109,  92,  37,  54,  60, 166, 148, 118, 186, 181, 197,  65, 196,  16, 154,  26, 117, 173,   7,  45, 162,  19,  30,   2,  98,  51, 160, 177, 194, 165, 191, 132],
  [ 97,  53,  92,  48,  89, 150, 119,   9,  94,  98, 141,  96, 122,  66, 126,  76,  90, 109,  67,  49,  95,  23,  32,  45, 108,  50, 100,  63, 169,  74,  60, 112,  81,  51,  77, 111,  71,  31, 115,  93,  47, 151,  68, 102, 113, 145,  36,  79, 120,  35],
  [183, 121, 147,  56, 169,  78,  26,  60, 127,  54, 170, 101,  14, 144, 182,  98, 158, 114,  40, 154,   1,  39,  41,  72, 150,  84,  85, 115, 171,  15,  86,  57, 130,  71, 128,  47,  70, 145,  61,  55, 116,  32, 143,  12, 125, 151, 100, 124, 163, 137],
  [ 94, 134,  92, 136, 135, 108, 118, 151, 137,  74, 153, 119,  60,  13,  24, 161,  48,  22,  95, 123, 133, 165,  89, 141, 126,  73, 197,  80, 162, 163, 103, 166, 111, 164, 152,  37,   6,  36,  51, 181, 172, 139,  43,   0, 106, 131,  25, 128, 124,  11],
  [ 47,  31,  45,  54,  60, 183,  35,  36, 145,  51,  98,  48, 110, 161, 160, 133,  55, 139,  37,  44,  57, 164, 182,  71, 181,  59, 162,  28, 129, 125, 150, 144, 197, 128,  64,  99, 143,  34,  18, 136,  56,  19,  65, 167,  89,  30, 151,  74,  69,   0],
  [ 47,  71,  45,  35, 145,  48, 150,  60,  97,  85, 100,  34,  31,   9,  98,  36, 169,  30,  56,  44,  49, 170, 129,  54,  75,  57,   8,  74,  55, 143,  13, 183, 113,  72, 127,  39, 141, 128, 114, 182, 139, 110,  88,  96,  33, 115,  69, 158,  15,  95],
  [ 94,  92, 136, 134, 119,  51, 120, 151, 109, 111, 153,  65, 108,  50,  45,  24, 103,  67,  89,  22,  36,  98, 110,  60,  54,  81, 122, 164, 135,  35,  76,  90,  95, 118,  77,  31,  64,  37, 126,  66, 105, 133, 123, 107,   0,  49,  30,  63, 137,  93],
  [ 92,  94, 136, 151, 153, 109,  98,  24, 108,  60,  22, 120,  36, 118, 122, 134, 105,  26, 119,  96, 141,  95,  77,  45,  51,  37,  76,  81,  50, 133,  31,  54,  30, 111, 147,  90, 164,  44,  67,  14,  53,  55, 172,   9,  72,  63,  48,  91,  49,   0],
  [ 35,  31,  45,  36,  92,  24,   9,  30,  60,  79,  19, 150,  34,  97, 108,  49, 119, 161,  85,  18, 145,  72,  47,  50, 113,  44, 159,  98,  86,  94,  54, 100, 120, 172,  11,  53, 141,  37,  33,  89, 151,  88,  20, 109, 131, 167, 122, 143,  10,  13],
  [119, 122,  90,  66,  97,  92,  91,  23,  95,  96,  81,  67,  76, 106, 109, 111, 159,  62, 120,  63,  82,  22,  94, 105,  68,  53,  43,  93,  77,  50, 136, 133,  51,  52,  44, 167, 110,  57, 172,  64, 118, 164,  24, 151, 153, 134,  33,  38, 103,  36],
  [124, 164,  98, 133, 118, 136, 162, 183, 152, 153, 135, 197,  37,  26, 166, 103,  58, 151,  61, 184,   0,  28, 163, 181, 142,  14, 165, 144,  22,  47, 171,  12,  18,  55,  69,  42,  60, 139,  73, 134, 182,  74,   6,  13, 129, 160, 172,  65,  44, 128],
  [ 26, 133,  94, 153, 136, 124,  14, 163, 108, 151, 162, 184,  22, 197, 165, 134, 183, 117,  92, 152, 164, 166, 171, 135,  58,  98,  73, 118, 142,   6,  42, 103,  28,  54, 170,   2, 173,  18,  55,  13, 185,  10,  44,  41, 144, 172, 128, 121,  11,  69],
  [124, 150, 163,  48,  98,  26,  60,  61, 137, 183, 171,  74,  73, 165,  12,  94,  37,  92, 153, 181,   0, 135, 121,  58, 162, 130,   4, 108,   2, 118, 164, 141,  14, 184,  28,   6, 142,  55,  72, 144,  45, 136, 173, 197, 151, 134, 175,  15,  69,  18],
  [124, 163, 153, 130,  94, 165, 108, 151,  46, 184,  74, 197, 162, 123,   0, 171,  73, 117, 137,  26, 135, 121,  61,   6,  18, 103, 133, 134,  98, 185, 118,   2,  48, 175,  58,  13,  92,  28, 183, 150,  36, 166,   4, 115, 164,  22, 186, 173,  42, 189],
  [  0, 118,  26, 161,  60,  61, 135,  58, 130, 183, 173, 141, 128, 121, 103, 163, 152, 136, 166, 115, 124, 171,  55,  45, 129, 126,  98, 133,  44, 162, 197,  94, 125,  73,  59, 160,  13, 108, 153, 155,  54, 144,  46, 134, 117, 139, 164, 114,  25,  14],
  [124, 163, 153, 165, 121, 162, 197,  26,  74, 184,  94, 117, 151, 171,  73, 164,  22, 185, 183,  61,  42, 130,   2, 186, 118,  14,  18, 103, 133,   6, 147, 175, 166, 188,   4,   0,  12,  65, 108,  46, 137,  58, 195, 142,  37,   7, 132, 189, 194,  13],
  [ 94,  92, 136, 134,  98, 111, 151,  63,  54, 153, 103, 108,  95,  91, 119,  76, 124,  77,  96, 109,  51,  67,  80, 123,  66,  81,  90, 126, 118, 164, 105,  22,  42, 133, 106,  26, 122, 165,  23, 152, 163,   0, 141, 170, 137,  48,  50, 184,  41, 171],
  [164, 181, 118, 162, 136, 153, 161,  22, 110, 103, 106, 134,  43,  37, 168, 172, 124, 176, 197, 185, 135, 107, 152, 184, 165, 175,  66, 195, 166, 186, 133, 173,  18, 194, 163, 179, 119, 180, 177, 111, 188,  91,   7, 187, 191, 167,  36, 190, 192, 178],
  [ 24,  45,  60,  47,  54, 141,  25, 125, 134,  48,  43,  44,  50,  51,  55,  30,   0, 110,  36, 108,  62,   1,  22, 137, 135, 113, 151, 103,  11,  89, 128, 100, 155,  56, 120, 139, 136, 126,  98, 157,  37,  13,  85, 152, 133, 102, 105,  92, 111,  65],
  [110,  47,  49,  45,  89,  35,  31, 119,  50,  62,  51,   0,  53,  30, 111,  67, 107,  93,  54,  60, 159,  65, 145,  64,  44,  34,  97,  81, 139, 161,  48,  66, 100,  95,  92, 113, 122,  24,  77, 108, 133,  94,  36, 120, 103, 136,  90,  79,  83,  76],
  [ 60,  45,  36,  35,  71, 151,  74, 150, 160,  13,  55,   9, 197, 141,  30, 153, 169,  85, 133,  72,  37,  47,  31, 128, 118,  14, 159,  54,  26,  73,  59,  18,  65,  20,   8,   0,  69, 183, 136, 149, 155, 139,  43, 125,  11,  19, 166, 124, 108, 112],
  [ 74,  37, 118,  48, 150,  60,  36,  18, 141,   9, 151, 143, 153, 108, 130, 183,  13, 197,  73,  44, 163, 162,  45, 166,  28,  12,   8,  26,  14,  98,   4,  31, 133, 139,   0,  61, 131,  72, 165, 138, 124,   6,  30,  43, 171,  85,  56,  71,  69, 128],
  [124, 118, 153, 136,  94, 133, 165, 164, 163,  37, 162, 151,  22, 171, 166, 184, 197,  73,  18,  14,  98,  74, 152,  61,  26,  92, 108, 181,  58, 185, 150, 134,  59, 121,   2, 186,   4, 175, 183, 172, 128,   6, 142, 170,  13,  12, 194,   3, 195,  42],
  [124, 153, 164, 163,  22, 162, 151, 165, 134, 103, 136, 197, 184, 121,  61, 106, 118, 130, 185,  46,  94,   2,  73, 171, 133, 166,  63, 181,  14, 117,  26,  65,  91, 175, 183, 123,  12, 137,  18, 135, 109,  59, 152,  80, 108, 132,   6,  74,  58, 173],
  [124, 153, 164, 165, 162, 136, 118, 151, 163, 184,  92,  94, 108, 133, 135, 166,  22, 197,  98, 185,  73, 173,  18, 134, 172,  37,  26,  74, 175, 117,   2, 186, 103,  61, 171, 181,  65,  11, 121,  58,  14,  59, 132,   6, 195,  13,   7, 152, 194, 196],
  [124, 153, 151, 164, 165, 163, 118, 162,  94, 136, 184,  26,  92,  22, 197, 166,  98, 133, 108,  73, 171, 135,  58, 117, 185,   2, 173, 134, 103,  18,  61, 175, 121,  37,  14, 172,  13, 186,  59, 181,  42, 142,  11,  74,   6,  28, 132, 196,   7, 195],
  [124, 153, 164, 118, 151, 163, 165, 162,  94,  74, 136, 184,  61, 166, 197, 133,  18,  92,  73, 171,  26,  22, 108,  98, 135, 152,  58, 181, 134, 121,  37, 185,  14, 175,   2, 117, 172,   6,  42, 186, 142,  13,  28,  65, 103, 173,  59,   0,   7,  69],
  [124, 153, 164, 151,  94, 136, 165, 118,  92, 162, 163, 133, 108, 184,  98, 166,  22,  26, 134, 197, 135,  37,  73, 103, 185, 171, 173,  18,  74,  14, 172, 117,  65, 121, 152,   2,  58, 186,  61,  11, 175, 181,  59,  42, 109, 142,  13, 132, 196,   7],
  [124, 153, 164,  94, 136, 151, 165, 118,  92, 162, 163, 133, 108, 184,  22, 134, 166, 197, 135,  65, 103,  37,  26,  98, 121,  73, 185,  18, 152,  74, 175, 171, 173, 186, 117,   2,  61,  14,  11, 172, 109, 181,  58, 106,   6,  63, 195,   7, 119, 196],
  [124, 153, 164,  94, 136, 151, 118,  92, 165, 108, 163, 162, 133, 184,  22, 166, 134,  98, 197, 135,  37,  26,  65, 121,  73, 103, 185,  18, 171, 173, 152,  61,  74, 117, 175,   2,  14, 172, 186,  11,  58, 109, 181,   6,  59,  63,  13, 119,   7, 196],
  [153, 124, 151, 164, 136, 118,  94,  92, 133, 165, 108, 163, 162,  98, 184, 166,  26, 197,  22,  37, 134, 135,  73,  14,  18, 171, 185, 117,  65, 173, 172,  11, 103,   2,  61, 121,  58,  74, 186, 175, 152,  59, 181, 142,  13,   6, 196,  42, 132,  10],
  [124, 153, 162, 118,  61, 163, 136, 181, 164, 171, 152, 165, 166, 128,  58,  54,  59, 184, 172,  26,  18,  37,  73, 170,  74, 197, 121,  44, 155, 182, 183, 151,  94, 133,  71,  14,  98,  13, 134, 175, 103,  55, 160, 142,   0,  42,  22, 132, 185, 114],
  [ 45, 153, 133,  60,  54, 151,  26,  13, 124, 197,  94,  47, 103,  65,   0, 128,  55, 108,  98, 118,  72, 183,  36,  71,  58, 166, 129, 155, 136, 135,  44,  74, 171, 162, 182,  28,  59, 134,  73, 163,  14,  56, 181, 144, 130,  30, 142,  69,  35, 164],
  [ 37, 151, 133,  45, 164,  47, 197,  60, 150,  36,  98,  55, 141,  26,  54,  13,  74, 136, 165,  73,  14, 153, 124, 172,  69,  48, 118, 160,  72,  32, 181,  12, 135, 182, 183,  19, 128,  59,  18, 138,  28,  30, 171,  44, 162, 166,  61,   6, 117, 185],
  [124, 153, 118, 151,  94, 163, 164, 136,  22, 162, 165,  61, 197, 134, 133,  74, 166,  37, 171,  65,  73, 123, 130, 117, 103,  13,  58, 184,  26,  42,  92, 175,   0, 135, 121, 108,  80,  60,  59, 185,  98,  55,  18,  46, 152,   6, 186,  71, 137, 128],
  [124, 153, 163, 118, 151, 165, 162,  94, 108, 184, 164,  92,  74, 136, 133,  61, 171,  26,  73, 121,  98, 166,  37, 197, 135,  18,  22, 185,  14, 117, 152, 175,   2, 186, 134,  13, 173,  58,   6,  59, 172, 103,   4,  42, 142,   7, 181, 130,  11, 147],
  [ 94, 124,  92, 153, 108, 118, 165, 151, 163, 164, 133, 136, 162, 184, 134, 152,  22, 121, 166,  74, 135,  98,  26,  18,  37,  73, 106, 171, 197,  63, 103, 109,  14, 185,  65,  61, 119, 173,   2,  80,  11, 186, 175, 137, 111,  42, 172,  95, 117,   6],
  [153, 124, 164, 151, 136,  92,  94, 118, 165, 163, 162,  22, 184, 133, 108,  98, 166, 134,  26, 135, 197, 103, 173, 172,  73,  37, 185, 121,  11, 171, 181,   2, 117,  14, 175,  58, 186,  59, 152,  13,  18,  61, 109,  74,  65,   6, 132, 196, 142, 147],
  [ 94, 153, 108,  92, 124, 118, 151, 164, 165,  22, 162, 136, 163, 133, 121,  37, 184, 166, 134, 135, 109,  18, 197,  65,  73, 185, 103,  26, 186, 173,  98, 152, 172, 119,  74,  11, 175,   2, 122, 117,  63, 171,  80,  14, 181, 111, 106, 194,  36,   7],
  [151, 108, 133, 153, 164, 136, 124,  94, 118,  92, 162, 165, 163,  37, 166, 135,  65, 197,  98, 184,  18,  26, 134,  22, 103,  73,  11, 119,  74, 185, 173, 186, 152,  61, 117, 175, 181,  36, 172,   2,  14, 171, 109, 122,  80, 111,   7,  58,   6,  13],
  [124, 153, 164, 136,  94, 151,  92, 118, 108, 165, 163, 133, 162, 184,  98,  22, 166,  26, 135,  37, 134, 197, 121,  18, 103,  73, 185,  65, 171, 173,  61,  11, 172, 117,  14,   2, 175, 186,  74, 152,  58, 109, 119,  63,   6,  13,  59, 181, 142, 196],
  [153, 124,  94, 164, 151, 136,  92, 165, 118, 108, 163, 133, 162, 184,  22, 134, 166,  26,  98, 197, 135,  37,  73, 103, 121,  65, 185,  18, 173, 171, 152,  74, 117,  14, 172,   2, 175, 186, 109,  61,  11, 181,  58, 119,  63,  59,   6,  13, 132, 196],
  [153, 124, 164, 151, 136, 118,  94, 165, 133, 162, 163,  22, 108,  92, 184, 166, 197,  98, 134,  26,  73,  37,  14, 152,  18,  61,  65, 185, 171, 135,  74, 103, 121,  11, 117,   2, 172, 175, 147, 186, 173,  59, 109, 181,  58,  13,  42, 196, 170,   6],
  [124, 153, 108,  94, 164,  92, 151, 165, 136, 133, 162, 163, 118, 184, 134, 121,  22, 103, 166, 135,  65, 197,  26,  98, 152, 185,  37,  63, 173,  18,  73, 117,  11, 119,  80, 186, 171, 175, 109, 106,   2,  14,  74, 111, 172,  61,  91,  42, 122,  58],
  [124, 153, 164,  94, 136,  92, 118, 151, 165, 108, 163, 162, 133,  22, 134, 184, 166, 135, 121,  98,  37, 197, 103,  65,  26, 185,  73, 173,  18, 152, 109, 172, 181,  61, 171, 186,  74, 175,  11,   2, 117,  14,  63, 119,  58, 111, 132,   6,  59, 195],
  [124, 153,  94, 136,  92, 151, 118, 164, 165, 108, 163, 133, 162,  26, 184,  98, 166, 134, 135,  22, 197,  73, 171, 103,  14,  37, 121, 185,  61, 173,  11,  58, 117,  18, 172,  74,  13,   2, 152, 175,  59, 181, 142,  42, 186,  65,   6,  28, 109, 119],
  [ 94, 108,  92, 151, 133, 153, 136, 164, 118, 124,  98, 134,  22, 165,  26, 166, 119, 103,  91, 197, 163, 184, 122, 162,  80, 135, 111,  65,  63,  95,  11, 152,  73,  14, 109,  74,  76,  36,  37, 171,  13,  30,  90,  28,  58, 107, 147,  54,  25, 117],
  [124, 153, 151,  92,  98, 118,  94, 165, 134, 164, 163, 184, 136,  22,  26, 162, 108,  74, 103,  60, 171,  61,  14, 183,  48, 152, 135, 141,  73, 166, 173, 197, 147, 172,  46, 133,  13,  55, 128,  54, 137, 111, 170,  37,   2,   0, 181,  65, 144, 121]],

