[[[104, 177,   5,  65, 176,  91, 188, 174,  79, 107,  84,  62,  89,  40,  12,  77,  29,  75,  97,  11,  95,  46,  31,  80,  99,  94, 103, 109,  61,  66,  76,  83,  70,  90,  93, 108,  44,   3,  73,  49,  20,  72,  48,  28,  13,  85, 116,  58,  98,  74],
  [ 38,  53,  41,  30,  27,  16, 112, 100,  57, 162,  26, 176, 181, 115, 166, 114, 183,  29, 125, 129, 170,  71,  70, 118, 111, 113,  32,  72,   6,  69, 144, 157,  56, 155,  43, 159,   3, 169, 146,  68, 137, 187,  64, 138, 123,   5,  34, 184, 173, 141],
  [ 50,  38, 157,  47, 163,  41, 149, 181, 112, 102, 196, 168, 173, 125,  27, 113,  72, 158,   0,  30, 166, 140, 172, 169,  24, 126,  10, 129,  64, 105, 144,   5, 128,  11, 124, 119, 186, 195, 171, 189, 183, 101, 138,  88, 142,  53, 152,  69, 127, 153],
  [ 10,   4,  25, 113,  42,  88,   0,  98, 161,  43,   6,  39,   2, 187,  27, 175,  13,  84,  59, 188, 174, 112, 190, 185,  47, 133,  45, 166, 173,  99, 186,  24,   5,  15, 101,  33,  65,  20,  85, 184, 114, 164, 157, 100, 127,  18, 195, 189,  19,  41],
  [163,  65, 160,  48,  10, 190,  56,   3,  24,  67,  61,  19,  51,  18,  66,  93, 107,  39, 136,  54,  25, 102, 176,  73,  78,   4,  98,  22,  37,  83,  50,  23,  94,  87,  14,  62,  43,  88,  92, 189,  36, 104,  49,  59,   2,  52,  40,  45, 161,  29],
  [164, 133,  38, 189,  39, 181,  36,  50,  14,  42, 165,  96,  23,  10, 163,  22,  37, 119,  51, 118,   4,  24,  67, 179, 168, 161, 186,  47,  92,  82,   1, 145,   0, 136, 120, 173, 134,  19, 178, 147, 148,  66, 123,  25, 150, 180, 160, 135, 167, 169],
  [163,  36, 164,  67,  23, 119, 133, 136,  22, 189, 131, 120,  52, 192,  50, 134, 105,  39, 137,  37,  49, 160, 179,  38, 118, 191, 178,  10, 148,  42,  51, 159, 135,   4, 165,   7, 161,   8, 151, 123,  92,  61, 150, 146, 144,  82,   9,  78,  66,  81],
  [170, 183, 115, 124, 158, 195, 125, 111, 128, 194, 159, 157, 139, 153,  41, 155, 165, 126, 156,  69, 140, 129, 196, 169, 152, 141, 100, 154, 127, 182,  26, 197, 142, 138, 114, 171,  24, 130, 168,  53, 180, 147, 149, 166,   8, 113, 143, 172, 148, 184],
  [177, 111, 197, 125, 100, 112, 117, 170, 159, 130,  53, 162, 118,  21, 158, 115, 116, 124, 121, 140, 128, 126, 182, 153, 194, 129, 114, 113, 127, 154, 152, 155, 139, 122,  60,  26, 196, 184, 110, 145,   8,  28, 141, 193, 195, 138,  31,  34, 157, 132],
  [112, 111, 177, 197, 125, 100, 170,  53, 159, 118, 162, 115, 130, 182, 140, 116, 121, 122, 124, 128, 117, 126, 158, 194, 114, 127, 110, 154, 129, 152, 155,  21, 139, 113, 153, 196,   8, 138, 195, 141,  60,  34, 193, 184,  26,  28, 102, 166, 183, 145],
  [ 50,  38,  36, 163, 160,  49, 145, 159,  35, 147, 164, 148, 150,   8,  82,   7, 131, 181,  21, 189, 118, 136, 134, 144,   9,  64,  23,  22, 192,  37, 149, 133, 191, 178, 177,  30, 169,  71, 132, 170, 135, 179, 152,  14, 153,  27, 129, 146, 176, 173],
  [163, 160, 161,  50, 190,  39,   5,  64,  19,  30,  56, 176,  98,  96,  16,  59,  92,  43,  58,  73,  18,  72,  27,  85,  74,  57,  54,   4,  87,  42,  10,  78,  65, 164, 181,  29,  51,  49,  99,  22, 107,  38,  32,  36,  44,  84,  17,   3, 136,  23],
  [163, 161,  42,   4,  39,  92,  10,  98,  18, 160,  65,  78, 188,  22,  49,  73,  99,  20, 190,  87,  88,  61,  64, 107,   1,  19,  15,  17,  59,  74, 164,  85, 174,   2,  44,  54,  94,  24,  50, 131,  75,  96, 104,  35, 133,  45,  68,  63,  23,  46],
  [163,  10,  39,  67,   4,  18, 190,  14,  92, 164,  78, 119, 160,  52,  65,  36,   3,  19,  49,  23,  38,  66, 161,  59,  54,  50,  12,  61,  42,  98,  43,  87,  22,  48,  74,  94,  96,  73, 136,  51,  90, 120,  24,  17,  63, 188, 165, 108,  82,  62],
  [163, 161, 190,  42,  18,  39,  92,  78,  19,   4,  49,  10, 107,  98,  73, 160,  61, 188,  59, 191,  65,  67, 123,  87,  15,  22,  54,  74,  45,  23,  52,  13,  88,  63,  75,  90, 131,  85,  35, 174,  55,  40,  48,  43,  20,  86,  33,  58,  94,  62],
  [163,  10, 160, 161,   4,  39, 131,  50, 190,  42,  49,  78,  67,  18, 137,  19,  36, 136,  92,  52,  22, 191,  51, 123,  23,  98,  14,  48,  73,  61,  65,  87,  74, 164,  54, 187,  63, 107, 189,  29,  15,  45,  90,  37,  75,  24,  94, 186, 188,   0],
  [163,  49, 160,  39,  67,  36,  78,  18, 191, 161,  64,  29,   7,  22,  92,  19, 131,  42, 189,  23,  61,  35, 190,  83,   4, 107,  74,  50,  94,  73,  10,  27, 136,  87,  37,  38,  65,  54,  98, 164,  12,  81,   3,  20,  58,  62,  52,  79,  85, 104],
  [ 10,  39,  42, 163,   4,  24, 160,  65, 174,  18, 190,  19,  25,  48,  61, 161, 188,  98,  92, 107,  15,  59,  14, 187,  73,  67,  78,  87, 189,  75,  88,  94, 186,  40,   0,  54,  49,  22,  93,  90,  43,  20,  84,  63,  62,  45,  23,  13,  17,  33],
  [163,  10,   4,  65,  39,  18,  48,  24,  42,  61, 160,  67, 174, 190,  98,  19, 161, 188,  78,  88,  73,  15,  59,  25,  94,  45, 107,  49,  75,  74,  17,  54,  20,  93,  63,  87,  62,   2,  14,  66,  52,  43,  22,  85,  90,  50, 109,  81, 164,   0],
  [163,  10,  67,  39, 160,   4, 161,  65,  61,  48,  42,  18, 190,  22,  24,  78, 174,  36,  23,  19, 189,  88, 136, 164, 188,  66, 120,  52, 133,  94,  37,  98, 109,  25,  93,  81, 131,  75, 107, 175,  62,  73,  59,  15,  49, 119, 191,  87,   2,  51],
  [163,  10, 174,  48,  24, 160,   4,  67,  39,  65,  42,  61, 120, 190, 161,  18, 165,   0,  14, 119,  25,  52, 189,  94,  66, 188,  19,  22,  93, 136, 107, 137,  78,  43,  62,  50,  75,  15,  90,   3,  41,  36,  23,  98,  81,  12, 151,  51,  88, 164],
  [ 38,  41, 158,  56,  26, 117,  47, 196, 119, 105, 125,  69,   1, 177, 124, 170,  35, 113,  53, 121, 111, 100, 181, 145, 101,  82,   7, 154, 197,  30, 126, 129, 118, 194, 123,  52, 180, 133, 167, 130, 192, 185,  28, 179, 157, 115, 169,  95, 151, 143],
  [125, 194, 116, 170, 139, 124, 196, 126, 155, 158, 128, 140, 154, 130, 157, 115, 129, 197, 127, 112, 118, 183, 141,  56, 195, 166, 156, 114, 152, 193, 149, 143, 111, 138, 142,   8, 182, 147, 113, 153,  53, 171, 169, 106, 132, 172, 100, 102, 181,   9],
  [116, 125, 162, 170, 197, 155, 139, 124, 140, 194, 102, 177, 118, 158,  56, 128,  53, 115, 130, 154, 111, 126, 112, 132, 193, 196, 183, 159, 182, 129, 143,   8, 152, 156, 138, 114, 127, 157, 181, 141, 149, 153, 147, 100, 144,  41,   9, 106, 142, 166],
  [150, 164, 118, 110, 159, 146, 179, 193, 129, 126,   8, 160, 136, 130, 147, 145, 138, 134, 152, 128, 148,  23,   9,  22, 197, 171, 123, 125, 183, 112, 192, 115, 127, 106, 153, 111, 114, 137,  36, 140,  53, 189, 155, 194, 124, 133, 170, 141, 181, 178],
  [189, 177,  49,  82,  29,  14, 164,  30, 176,  38, 179,  27,  92,   5,  90,  71,  70, 102, 118,  79, 107, 165,  39,  98, 145, 181, 104,  83,  59,  96,  77,  87,  36,  13, 186, 190,  65,  74,  75, 150, 187,  54, 134, 178,  66,  85,  58,  12,  97,  11],
  [ 27, 174, 188,  11,  42,  55, 102, 121, 133,  34,  38, 113, 177, 165,  59,  47,  65,  84,  13, 112,   5,  10,  88, 187,  75, 107, 100, 122,  53,   4,  24, 190,  98,  79, 175,  32,  95,  99,  89, 189,  90,  71, 104, 125,  73, 117,  92,  74,  87,  91],
  [163,  36,  67, 164, 160, 119, 134,  22,  23,  50,  51, 136, 120, 133,  37,   7,  52, 192, 149, 148,  66, 135,  49,  64, 150, 178,  39,   8, 165,  61,  82,   9, 147, 132, 191,  81, 145,  65, 162, 109, 144,  38,   3, 172, 107,  74,  35, 118, 189, 188],
  [  4, 190,  42,  92, 163,  39, 107,  19,  90,  61,  63,  98,  73,  65,  78,  10,  59, 104, 174,  54,  43,  75,  48,  87,  18,  85,  52,  17,  47, 187, 161, 108,  58,  62,  94,  76,  88,  80,  84,  74,  33,  77,  67,  91,  79,  89,  44,  40,  15,  86],
  [163,  67, 133, 160,  61,  36,  42,  22,  52,  78, 161,  39, 191,  51,  10,   4, 119,  48, 137,  18,  66, 131, 165, 120, 136, 164,  81,  23,  49,  37, 188, 134, 151,   7,  94, 109,  19,  75,  62,  65, 105,  93,  35, 189, 123, 107, 174, 190,  74,  29],
  [163,  61,  67,  52, 189, 133, 188,  48, 161,  42, 109, 164,  65,  81,  66, 160, 119, 175,  22, 190, 174,   4,  75,  94,  36,  49,  62, 136, 137,  39, 123, 104,  23, 107,  18,  10,  37,  51, 120, 108, 165,  24, 103, 131,  78,  82,  89,  80,  79,  90],
  [ 42,  92,  39, 161, 163,  18,   4,  78, 190,  10,  49,  19,  67, 137,  96,  61, 123,  98, 131,  94,  87, 108, 188, 107,  29,  22,  73,  74,  75, 160,  23,  52,  63,  15,  65,  59,  81,  90,  80,  62, 104, 175, 189,  79,  85,  58,  97,  54,  89,  77],
  [163, 160,  67,  23,  22,  36, 164, 119,  51, 120,  37, 136,  50,  39,  42, 133, 161,  61,  52,  92,  10,  65, 165,  78,  48, 137,  24, 190,   4,  96, 135, 151,  66, 150,  18, 134,  82, 148, 192,  94,  49,  62,   0,  81, 189, 172, 107, 188, 179,  75],
  [163, 190, 160,  67,  61,  42,  65,  78,  39, 161,  92,  48,  18,  49, 107,  51,   4,  52,  19, 136,  62,  66, 108,  10,  23,  94,  22,  36,  75,  81,  63,  73, 104,  98,  90,   3,  76, 188,  29,  87,  74,  96, 109,  24, 174,  89,  54, 164,  80,  37],
  [163,  67, 137, 160,  92, 161,  36,  39,  49,  22,  78,  51,  52,  50,  96,  23,  66,  82,  61, 164,  42,  37,  94, 136, 108,   4,  18,  10,  35, 190, 131,  81, 120,  62,  64,  19, 119,  48,  12, 109, 104,  74,  65,  76,  90, 189,  29,  75,  63,  87],
  [ 41,  26,  69, 111,   7, 165, 180,   3, 158,  52,  14,  50,  64, 183, 137,  35, 105,  38,   1, 119, 177,  70,  67, 170, 169, 123,  30, 135, 186,   2, 101,  60, 191, 162, 153,  95, 108,  66, 185, 148, 115, 167,  17,  12,  82,  53,  93, 175, 184, 124],
  [196, 116, 111, 170, 100, 125, 197, 194, 182, 128, 158, 140, 177, 121, 112, 117, 162, 130, 115, 126, 124, 118,  53, 127, 110, 139, 155, 153,  56,  69, 114, 145, 159, 152,  60, 184, 101, 129, 113, 171, 156, 141,   2, 154,   8, 157, 102, 132, 138,  72],
  [116, 112, 162, 177, 182, 197, 110, 102, 121, 111, 125,   2,  46, 140,  72, 117,  53, 100,  28, 128, 194, 118,  34,  60, 196, 130, 170, 159,  31, 155, 122,  83,   5, 139, 152, 124, 154, 115, 127, 114, 113, 126, 193, 132,  11, 158,  30,  71,  91,  99],
  [163,  22,  50, 160, 161,  67,  23, 133,  36,  35,  52,  78, 192, 134,  37, 164,  64, 136, 178,  51, 120, 148, 149,  96,  18,  61, 188, 135,  49,  94, 190, 146,  81,  65, 119, 150,  48, 105,  74,   9,  21, 147, 145, 123, 165,  83,   4,   8, 132,   7],
  [163, 160,  19,  39,   3,  10,  65,  18,  40,  49,  24, 161, 107,  73,  51, 191,  36,  54,  45,  48,  50,  42, 186,  14,  15,  98,  78,   5,   4,  64,  99,  83,  72,  71,  67, 164,  74,  29,  16,  20,  25,  61,  87,  59,  27,   7, 162,  97,  85,  12],
  [163,   4, 161,   0,  10,  27,  42,  39, 107,  49,  43,  65, 190,  11,  98, 174,  87,  78,  18,  73,  30,  32,  48,   5,  54,  75,  19, 104,  88,  74,  20,  63,  59,  12,  92,  90,  55,  58,  61,  85,  17, 188,  84, 191,  67,  94,  44,  99, 187,  89],
  [ 55,   0,  27,  50, 161,  99,  24,  49,  69,  40, 163,  64,  11, 159,  38, 188, 131, 186,  87,  73,  39,  10,  42,  71,  84, 107,  13,   2, 191,  25,  98,  34,  54,  45, 187,  88,  20,  46,  74,  72,  15,  18,  85, 174,  16,   5,  68,   4,  86,  65],
  [163,  22,  23, 136, 131,  67, 160,  10, 190,  36,  56,  52,  61, 120, 164,  78, 119, 161,  48,  65, 133, 137, 150,  51, 135,   7,  37,   4,  96,   3,  39,  66,  42,  18, 191, 167,  19,  92, 178, 134, 189,  24, 192,  35, 148, 185, 172, 149, 151,  55],
  [163, 160,  22,  67,  61,  52,  23,  42, 119, 161,   4,  48, 190,  51,  36,  10,  65, 188, 136,  37, 133,  49,  39,  78, 189,  24, 164,  66,  18,  75, 120,  94,  62, 191,  81,  98, 174, 107, 109,  92,  19, 137,  74,  25, 104, 131, 165,  63,  89,  68],
  [163,  39,  10,  42,  18,  19,   4, 161, 190,  65,  92,  78,  67, 107,  61, 160,  87,  98,  49,  14,  94, 174,  15,  48,  73,  90,  74, 104,  59, 188,  62,  66,  63,  54, 108,  29,  12,  75,  97,  80,  24,  17,  93,  25,  85,  58,  76, 137,  88,  51],
  [ 10,  39, 161,  42,  18,   4,  92, 190, 163,  19,  14,  59,  78,  87, 187,  98,  54,  25,  49,  38,  13, 137,  15,  97, 188,  73,  90, 174, 191,  43,  58,  27,  32,  12,  17,  33, 185,  44,  67,  63,  88, 186,  74,  85,   3, 123, 131,  40,  86, 104],
  [163,  42,  10,   4,  18,  61,  39,  65, 160, 107,  48,  78, 174, 161, 190,  19,  67,  98,  92,  94,  73,  63,  93,  75,  22,  62,  87,  43,  52,  74, 108, 104,  17,  90,  59, 188,  85,  88, 119,  24,  54,  25,  15,   3, 137,  20,  80,  51,  81,  58],
  [163,  52,  67,  48,  61, 174, 119, 136,  66,  65,   4,  51, 104, 161,  81, 160,  36,  42,  90, 109, 131,  62,  75, 108,  47, 137,  49,  76,  94, 190,  89, 191, 120,  50,  80,  63,  39,  95, 103, 107,  74, 188,  37, 165,  22, 164,  88, 162,  92, 135],
  [ 61, 163,  48,   4,  52,  78, 175, 109,  93, 107,  67,  63,  89,  81,  42,  75,  66,  91, 161,  94,  62, 119,  39, 108,  88,  80,  65, 188,  76,  51, 174,  79,  98,  19,   1,  73,  17,  45,  18,   3, 103,  77,   6, 160, 104,  92,  95,  85,  20, 190],
  [163,   3, 190,  39,  18,  61,  19,  63,   4,  92,  97,  14, 108,  93,  49, 187,  45,  73,  78,  54,  62,   1,  51,  52,  10,  98,  80,  76, 107,  67,  90, 160,  42,  48, 104,  70,  58,  94,  25,  85,  12, 185,  66,  87,  32,  86,  16, 174,  17,  74],
  [111, 100, 124, 125, 194, 116,  26,  41,  53, 196, 155, 170, 183, 106, 158, 130,   0,  30,  11, 128, 115, 102, 159,  56, 129, 193, 112, 182, 152, 126, 140, 121, 138, 153, 168, 154, 117, 114, 162, 146, 127, 132, 181, 157, 101,  47,  69, 139, 179, 184],
  [ 72,   2,  46,  34,  84,  27,  40, 112,  99, 175, 102,  91,   6,  47, 182,  60,  88,  20,  59,  86,  13,  58,  55, 110,  45,  33,  85,  21,  11,  28, 122,  93,  15,  79, 107, 174,  18, 121,  73,   5,  16,  56,   0,  64,  31,   4,  57,  43,  98,  19],
  [163,   1,  93, 162,   3,   2, 188, 175,  39,  41,   4,  51,  66,  52,   5,  61,  67,  48,  65,  31,  91,  45,  70,  12,  63,  76,  95, 109,  24,  80,  57, 107,  18,  54, 108,  81,  16,  64,  17,  19,  88, 119,  89, 174,   6,  20, 103,  78, 116, 165],
  [ 92,  49,  35,  78,  64,  29, 163, 123, 161, 104, 137,  97,  94,  82,  45,  19,  83, 108,  96,  52,  61,  18,  85,  80,  81, 131,  73, 190,  87,  89, 109,  74,  79,  54,  77, 191,  63,  39,  76,  86,  44,  67,  58,  12,   7,  21,  17,  62, 175, 103],
  [163,  10,  39,  36, 160,  42,  67,  18,   4,  14,  19,  37,  23,  51, 164,  50, 161, 190,  92, 165,  22, 189,  65,  24, 136,  78,  49,  61, 133, 191,  29,  12,  66, 131,  87, 120, 186, 137,  48,   7, 107, 119, 174,  25,  98,  38,   3,  96, 172,  74],
  [ 36,  82, 164, 163,  51, 165, 136, 179, 120, 150, 189,  39,  38,  12,  66,  37, 133, 176,  67,  65,  23,  96, 148,  10,   3, 160, 132,   9,  14,  22, 153,  61, 180, 145, 119,  48, 135, 151, 131, 134,  49,   5, 159, 137,  94, 192,   8, 108, 172, 147],
  [133, 122, 118, 189, 110, 112, 166,  22,  23,  53, 121, 125, 159, 136, 164, 105, 126,  38,  68, 178, 130,  37,  36, 192, 134, 120, 179,  47, 129, 149, 197, 124,   8, 127,   0, 131, 141, 113, 128, 195, 194, 144, 165, 170, 106, 119, 152, 150, 115,   9],
  [163,  42,  78,  39,  67,  22,  92, 161,  36,  23,  10,  18, 107, 164,  61,  49, 160, 133,   4,  65,  19, 119, 131, 136,   0,  51, 189,  96,  94,  29, 123,  52, 190,  87,  98,  75,  74,  66,  73,  48,  81, 137,  37,  50, 191,  82,  62, 120, 108,  35],
  [163,  67,  61,  48,  65,  42, 160, 119,  39,  66,  18, 174, 107,  75,   4,  78,  62,  52, 190,  94,  19,  10,  90, 104,  49,  92, 188,  81,  51, 161,  74, 109, 108,  98,  63,  76,  24,  73, 189,  22,  89,  36, 120,  87, 165,  23, 136,  80,   3,  77],
  [163,  10,   4,  39,  42,  67, 160, 190,  65,  18, 161, 189,  61,  23,  51, 174,  19,  48,  24,  36,  14,  52, 133, 136,  78,  22,  37,  98,  49, 188, 120, 187, 119,  90, 137,  92,  66,  25,  75, 164, 165,  62,  59,  87, 107,  73,  94,  54, 186, 180],
  [163,  39, 161,  78,  10,   4, 137,  42, 190,  92,  18,  49, 131, 123,  87,  67, 191, 107,  61,   0,  19,  94,  82,  36,  73,  63,  98, 108,  52,  22, 160,  68,  85,  65,  74,  54,  17,  90,  75,  14,  48,  12,  81,  45,  44, 133, 119,  29, 188, 104],
  [163,   4,  61,  51,  39,  78,   3,  42,  48,  63,  93, 190, 107,  52,  65, 161,  66,  19,  18, 108,  67,  62,  80, 175,  76,   1, 188,  89,  92,  91, 174,  98,  73,  94, 109,  75,  97,  17,  45,  12,  81,  49,  74,  79,  54, 160,  31,  77, 104, 103],
  [163,  61,   4, 190,  42,  48,  78,  67,  39,  52,  63,  18,  92, 108, 161,  65, 175, 160, 107,  62,  93,  51,  19,  94,   1,  66, 174,  81,   3,  75,  80,  76,  89, 109, 188,  49,  98,  73, 104,  91,  77, 119,  90,  79,  10,  17,  74,  45,  97, 137],
  [163, 190,   4,  39,  61,  18,  65,  42, 161, 107,  78,  19,  92,  48,  67, 160,  10,  63, 174,  62,  94,  93, 108,  98,  52,  73,  75,  49, 188,   3,  76,  90,  80,  66,  81,  51,  87,  89, 175, 104,  74,  15,  54,  59,  17,  43,  12,   1,  88,  85],
  [174,  67,  41, 188, 119, 163,  25,  48,   3, 151, 109,  52,  24, 120,  26,  66,   2,  47, 165,  39, 191, 104,   0,   7,  18,  15,  50,  61,  65,   4,  81,  14, 133, 189, 186, 105, 180, 185,  69,  62,  94,  95,  76, 175,  90,  36, 172,  93,  88,  63],
  [163, 160,  61,  48, 190,   4, 161,  51,  67,  65,  52,  78,  42,  75,  39,  94,  10,  49,  62,  66, 136,  22, 109, 107,  18, 189, 137,  81,  98,  89,  19,  93,  92, 104, 164, 108,  63,  76,  23,  77,  73,  96,  37,  36, 174,  79,  88, 188,  91,  74],
  [163,  61,  52,  48, 107, 188,  67, 175,   3, 108, 174,  51,  63,  91, 109,  42,  62, 160,  65,  80,  78,  81,  89,  93,  92, 119, 190,  76,  66,  75,  95,  18,   4, 161,  79, 104, 103,  94,  19,   1,  97,  49,  77,  73,  31,  17,  98, 136,  90, 165],
  [162, 163,  93,   3,  51,  52,  48,   1, 116,  61,  66, 188, 175,  67, 174, 109,   2, 180, 119,  70,   4,  41, 103,  31,  24,  91, 165,  25,  65, 164,  95,  45,   5,  80,  63,  81, 160, 108, 140,  76,  39,  26,  89, 184, 185,  57, 187,  12,  62,  97],
  [161, 163,  92,  39, 190,  49,  78, 123,  64,  35,  10,   4,  45,  19,  87,  73,  18, 137,  85,  54, 131,  98,  97,  42,  13, 164,  94,  12,  86,  32,  63,  44,  17,  71,  74,  15,  29,  14,  83,  20, 186,   2,  46,   1,  88,  59,   6, 108,  96,  33],
  [159,   8, 192, 146, 131, 118, 148, 147,  36, 155,  50, 171, 125,  21,   9, 129, 115,  23, 126, 105, 166,  22, 152, 136, 128, 153, 144, 141, 162, 135, 168, 112, 134, 170, 123, 150, 182,  38, 154, 142, 173, 140, 149, 114, 130, 137,  35, 110,   0, 157],
  [163, 161,  92,  19,  39,  18,  78,  42,  49, 190,   4,  73,  98,  45,  50,  59,  10,  64,  61,  85, 107,  87,  88,   0,  58, 123, 104,  15,  43,  55,  67,  90,  44,  74, 164,  94,  40,  63,  20,  86,  54,  33,  75,  14,  32,  27,  77, 108,  62,  79],
  [163,  10,  39,  18,   4,  49,  67,  92,  42,  19, 161,  78, 190,  52, 160,  14,  98,  61,  74,  15, 191,  94,  87, 123,  73,  54, 104, 189, 131,  50,  58,  90,  63, 164, 119,  62,  65,  12, 188, 137,  59,  17,  48,  81,  66, 108,  75,  13, 187,  20],
  [163,  67, 160,  10,  42, 161,  48,  61,  22, 188,  52,  18, 131,   4,  39, 133, 174,  78,  65, 119,  81, 109, 120, 136, 123,  36, 164,  75,  23, 190, 191, 175, 189, 137,  19,  94,  62,  66,   0,  49,  24, 107,  88,  15, 165,  74,  89,  47, 108,  92],
  [163,  10,  39,  67,   4, 161,  42, 160,  18,  61, 190,  48,  78,  65,  19,  92,  52,  49,  24, 174,  14,  66,  98,  94,  51,  36, 107, 137,  62, 136, 164, 120,  22, 119, 189,  75,  50,  81,  73,  63,  23,  12,  37, 188,  87, 109, 108,  93,  90,  25],
  [163,  67, 119,  36,  42,  39,  24,   4,  52, 120, 133, 137,  23, 188, 161,  51,  22,  10, 174, 160,  48, 164,  61, 136, 165,  37,  65,  78, 109,  66,  18,  49, 189, 190, 131,  82, 123,  94,  19,  81,  92, 191,  50,  96,  62,  75, 151, 104,  90,  14],
  [163,  61, 190,   4,  42,  92,  48,  67, 160,  39,  52,  78,  63,  51, 108,  18, 107,  19,  62,  65,   3,  94,  66,  80,  93, 161,  76,  81,  89, 175, 174,  75,  49,   1, 109,  98, 119,  73,  10, 104,  90,  97,  77,  91, 136,  74,  17,  79, 188,  12],
  [163,  61,   4,  39,  48,  67, 190,  78,  18,  42,  65, 161, 107,  52, 160,  63,  19, 188, 108,  93,  66,  62, 109,  94,  92,  49, 174,  81,  51,   3,  75,  80,  76, 175,  10,  73, 104,  89,  98,  17,  45,  97,  74,  12,  54,  87,  79,  77,  90,  91],
  [163,  61, 190,   4,  78,  42,  67,  92,  18,  39,  52, 161,  48,  63, 108,  19,  65, 107,  62,  94,  49, 160, 174,  66,  76,  80,  51,  75, 104,  81,   3, 188, 109,  73,  89,  98, 175,  90,  10,  93,  74,  77,  17,  79,  97, 137,  87,  15,  58,  54],
  [163,   4,   2,  65,  39, 174,  10,  61,  18, 188,  67,   3,  19,  48,  25, 161,  93,  14, 190, 187,  66,  94,  12,  42,  88, 185, 186,  54,  52,  24,  73,  45,  78,  98,  20,  63,  41,  62,  17,  76, 109,  81,  13,  75,  90, 107,  87,  85,  15,  51],
  [163,  61, 190,   4,  67,  52,  39,  48,  42, 161,  18, 160,  78,  65,  19,  92,  63,  66,  62, 108, 174,  51, 107,   3,  94,  10,  49,  98,  81,  76,  75,  73, 104, 109,  93,  80,  74,  90, 136, 175,  89,  17, 188, 119,  15,  54,  97,   1,  87,  22],
  [163,  61,  67, 190,   4,  52, 161,  48,  42,  39, 160,  78,  65,  18,  92,  66,  63,  51,  19,   3, 108,  62, 174, 107,  94, 188,  81,  10, 109,  49, 175,  93,  75, 136,  98,  76, 119,  80,  22,  73,  89, 104, 137,  74,  90,  88, 164,  17,   1,  97],
  [163,  61,  52,  48,  67,  51,   4, 108, 190, 174,  66,  65,  63,   3,  93,  62, 175,  78,  42,  39, 160, 109,  80, 107, 188,  81, 119,  89,  76,   1,  94,  18,  75, 136,  92, 161,  19,  95, 103, 104,  49,  97,  91,  73, 165, 164, 137,  90,  79,  77],
  [104, 174, 121,  91,  48,   1,  75,  31,  62,  90,  89, 107,  42,  63,  49, 103,  84,  73,  47,  77,  80,  19,  61,  99,  28,  79, 108,  98,  15,  95,  76,  34,  18,  97,  74,  59,  93,  92, 109,  17,  33,  45,  65,  96,  58,  29,  72,  85,  86,  46],
  [163,  67,  61,  48, 119, 160,  52, 137, 165,  42, 120, 133,  10,  22,  18,  66,  96,   4,  81,  94,  78,  62, 151,  75,  65,  49,  51, 161, 123,  39, 174, 188, 104, 109,  93,   1,  90, 108, 107,  89,  92,  63,  19, 136,  36,  50,  23,  76, 164,  74],
  [163, 160, 161, 190,  22, 136,  10,  61,  39,  42,  67,  78,  48,   4,  23,  36, 133,  65, 164,  51,  18,  52, 120, 119, 189, 137,  94,  37,  98,  75,  43,  92,  49,  19, 123,  62,   0, 151,  96,  66,  87,  74,  73, 131,  88, 107,  81,  63,  50,  90],
  [163,  10,  67,  39,  42,   4,  61,  18, 190, 189,  65,  49,  66,  48,  92,  19,  78, 160,  94,  98, 107,  52,  75,  62,  24, 161, 119, 174,  87, 188,  90, 104,  36,  29,  74,  81,  23, 133,  22, 164, 131,  14, 109, 108,  59,  73,  38, 136,  96, 120],
  [163,  10,  39, 161,  42,  36,   4, 164, 160,  18,  67,  78,  22,  23,  19, 190, 136,  14,  92,  50,  37,  12,  51,   0,  49,  87,  98, 133,  65, 137, 189,  43,  38,  61, 120, 191, 131,  59, 107, 119,  29,  94,  24,  48,  73,  54,  52,  66,  74,   3],
  [163, 160,  39,  10,  18, 161, 190,  42,  67,  78,  49,  61,  19,   4,  92,  65,  22,  98,  23,  48, 131,  52,  94,  36,  73, 107,  87, 136,  74,  62, 188,  51, 189,  15,  66,  54,  75,  63, 104, 108,  29,  50,  90,  81,  93, 137,  59,  45,  24,  14],
  [163,  67,  52,  49,  61, 161, 160,  48,  65, 190, 109,  39, 104,   4,  78,  81,  66, 131,  94,  42, 188, 189,  75,  62,  18,  22, 108,  92,  36,  24, 174, 107,  89,  90,  23,  19, 119,  10,  50,  63, 136, 191,  76,  74,  98, 137,  80,  51,  73,  77],
  [163,  61,   4, 190,  67,  52,  42,  39,  92,  48,  78, 160,  18,  63, 108, 161,  62,  51,  66,  65,  94,  19,   1,  49, 174,   3,  81, 175, 107, 109,  76,  80, 188,  75, 137, 119,  89,  98, 104,  93,  90,  73,  97,  10,  74,  77,  17,  96, 136,  79],
  [ 61, 163, 190,  42, 107,  92,  18,   4,  48,  63,  78, 108,  65,  62,  39,  67,  19,  94,  52,  75, 174,  80,  93, 160,  81, 175,  49,  73,  89,  90,  76,  98, 161, 104,  77, 188,  79, 109,  66,  91,  51,   3,  10,  97,  87,  74,  45, 103,  58,  88],
  [163,  61,  48,  67,  65, 160,  42, 119, 190,   4,  66,  39,  78, 107,  51,  10,  92,  62,  18,  52,  93, 108,  94,  19,  63, 120, 174,   3,  81, 136,  75, 109,  76,  90,  24,  98,  80, 175, 151,  89,  14,  73, 165, 137,  37,  29,  12, 188,  74,  96],
  [163,  51,  10, 160,  42,  39,  67, 161,  36, 136,  65, 190,  24,  37,  23,  22,  18,   4, 164, 165,  61,  96, 188,  48,  78, 174, 137, 120,  49,  92,  14,  66, 133,  19,  94,  52,  75,  62, 107,  93,  87,  29, 151,  50, 108,  98,  74,  63,  90, 175],
  [163, 161, 160,  61,  78,  42,  52,  67,  18, 107, 164,  51,   4, 190,  49,  39,  65, 136,  48,  81,  19,  66, 108,  94,  75,  36, 109, 103,  62,  92,  88,  93,  22,  98, 188,  63, 175,  80,  89,  50,  73,  74,  37, 131,  45,  87,  76,  79,  77,  35],
  [163,  61,   4,  42,  48, 174, 190,  67,  39,  18,  65,  78,  63, 188,  19,  52, 107,  92,  62, 108, 161,  66,   3,  94, 104,  93, 109,  75,  80,  76,  49,  89,  98,  73,  81, 160,  97,  90,  17, 175,  51,  79,  15,  10,  91,  74,   1,  54,  77,  87],
  [163,  52,   4,  67,  61,  39,  78, 190,  42, 108, 161,  92,  63,  48, 175,  18,  66, 137,  94,  81,  80,   3, 119, 188, 109,  62,   1,  19,  51,  76,  65, 174,  93,  89,  49, 160, 107,  17,  75, 104,  74,  98,  12,  97,  73,  95,  91,  90, 136, 103],
  [ 38, 177,  56,   7,  23,  92,  69,  52,  21, 119, 178,  35, 187,  13,  47, 137,  27, 133, 145, 185,   3,  59, 123,  58,   1,  54,  19,  67, 167,  18, 113,  16, 134, 165, 191, 190, 117, 188,  97,  32, 151,  70,  80,  33,  90,  76, 175,  64, 121,  91],
  [161,  39,  42, 163,  10,  92,  78,   4, 137,  18, 190,  49,  19,  96,  67,  87, 123, 191,  22,  61,  64,  35,  59,  23,  98,  94, 131, 188, 108,  73,  12,  14,  15,  54,  29,  63,  74,  13,  32,  90,  44, 160,  85,   0, 165, 175,  58,  43,  52,  36],
  [163, 160,  10, 190,  67,  18,  39,  19,  42,  92,  61,  78,  65,   4,  51,  48,  49, 161,  23, 107, 189,  52,  90,  94, 136,  62,  66,  22,  98,  14,  36, 108,  73,  24,  87,  63,  29, 104,  96,  37, 119,  81,  75,   3,  54,  74, 137,  59,  76, 164],
  [163,  10, 160,  39, 190,  42,  67, 161,  18,   4,  78,  61,  65,  48,  22,  92,  19, 136,  52,  50,  36,  49,  23,  98, 137,  94, 131,  87,  75,  51, 107,  88,  90,  62, 119, 164,  74,  43,  73,  14, 189, 120,  63,  24,  37, 108,  66,  96,  59, 133],
  [159, 179,  36,  38, 150,  23, 118, 192,  50,   8, 131, 189,  22,  82, 136, 148, 164, 146, 105,   9, 137, 119, 133, 134, 123, 178, 135, 147, 145,   0, 144, 129, 120, 163, 125,  21,  37, 126,  55, 193, 191,  67,  49, 170,  27, 132,  92,  29, 124, 165],
  [159,  38, 118, 131, 179, 126, 125, 111,  53, 129, 124,   8, 170, 189, 153, 134,   9, 146,  36, 112,  27, 136, 113, 148, 192, 147, 128, 150, 133, 135, 130, 101, 197, 183, 176, 195, 169, 152,  23,  68, 106, 138, 115, 194, 155, 165,  55, 157, 141, 100],
  [136, 163, 160,  36, 164, 133, 189,  51,  22, 120,  67,  52, 192,  23,  61,  37, 131, 122, 137, 134, 119, 179, 161,  42, 146,  49,  96, 118,   8, 105, 144,  75, 178,  81,  78,  29, 190, 109,   9, 123, 149,  94,  50,  66, 151,  39, 110,  62,  48, 135],
  [163,  67,  52,  61,  92, 160, 190,   1, 119,  48,  51,  42,  78, 108,  39,   4,   3,  18, 161,  66,  63,  49,  62, 136,  81,  65, 107, 137, 109,  19, 175,  94, 188,  80, 164,  22,  76,  89, 104, 120,  90, 174, 123,  75,  23,  93,  98, 165, 131,  73],
  [163, 190,  39,   4,  42,  61,  92, 160,  18,  78,  48,  10, 161,  19,  63,  65,   3,  67, 174, 107, 108,   1,  49,  98,  62, 188,  97,  93,  73,  94,  51,  66,  76,  75,  80, 104,  52,  54,  89, 175,  59,  15,  17, 109,  90,  81,  24,  74,  87,  45],
  [125, 100, 177, 116, 111, 158, 124, 115, 170, 126, 162, 129, 118, 159, 139, 113, 130, 140,  53,  26, 194, 197, 121,  69, 153, 128, 196,   8, 101, 155, 114, 112, 152, 179, 154, 106, 138, 193, 157,  41, 141,  38,  56, 135, 105, 195, 146, 117, 150,   9],
  [122, 112, 121,  91,  46,  28, 162, 110, 197,   6, 118,  34, 177,  53, 182, 116,  27, 175, 100,  31,  43, 140, 125,  32, 117,  72, 113, 166,  57, 103, 123,  89, 193, 130,   5, 159,  68, 114, 146,  93, 127, 115, 137,  79,  21,  63,  99,  75,  85,   1],
  [163,  61, 160, 161,  65,  78,  48,  42,   4,  10, 190,  18,  51, 107,  67,  39,  94,  52,  75,  62,  19, 136,  66,  98,  49,  92,  22,  63,  93,  73, 109,  24, 108,  81, 164, 104,  17,  89,  88,  43,  87,  76, 174,  20,  74,  90,   3,  36,  12,  77],
  [163,   4,  61,  39,  42,  78, 190,  67,  18,  52, 161,  63, 188,  19, 107, 175, 108,  66,  92,  49,  93,  80,   3,  48,  62,  94,  98, 109, 174,  81,  65,  76,  75,  89,  97,  45,  73,  51,  10,  79,   1,  74,  90, 104,  54,  77, 103,  87, 137,  17],
  [163,  48,  61,   3,  63,  52, 108, 190,   1,   4, 174,  62,  67,  92,  78,  80, 175,  93,  66,  39,  76, 104, 107,  89,  91,  65,  42,  97, 109, 119, 188,  17,  18,  51, 160,  19,  81,  75,  94,  73,  49,  95,  90,  31, 161,  98,  77,  54, 103,  79],
  [197, 118, 179, 177, 170, 130, 181, 129, 150, 111,  82, 112,  53, 127, 193, 126, 159, 138, 114, 110, 125,  26, 153, 155, 182,  96,  30, 124,  21,  28, 140, 100, 195, 164, 162, 141, 168, 128, 115, 154, 158, 184, 113, 152, 143, 145, 146, 183, 196,   8],
  [ 38, 159, 123,  53, 179, 118, 111, 137,  11,  21, 121,  55,  27, 122, 117, 177,  82, 129, 100, 197,  47, 131,  49, 130, 112, 125, 189,  92, 150, 113, 192,  34, 104,  26, 126,  71, 146, 170,  96,  23,  90,  68,  29,  97, 187,  30, 176,  32,   8, 145],
  [159, 118, 179, 125,   8,  38, 146, 192, 134, 105, 150, 131, 126, 129, 193, 148,   9, 170, 112, 137,  50,  82, 135,  23,  22, 144,  36, 133,  53, 123, 106, 145, 147, 197, 136, 152, 130, 124, 115, 119, 132, 178, 141, 166, 153, 111, 171, 101, 110, 154],
  [ 38, 118, 159,  21, 133, 177, 134,  23,  96, 129, 125, 113, 178, 179, 126, 131, 144,   8, 105,  36, 145,  35,  22, 197, 192, 112,   9,  27, 137,  82,  29, 181, 164, 119, 130, 153, 123, 148, 150, 170, 191, 117,  55, 124,   7,  53, 147, 135, 141, 136],
  [125, 118, 159, 170, 197, 126, 112, 129, 111, 177, 124,   8, 128, 130,  38, 181, 145, 194, 115,  53, 179, 152, 154, 127, 117, 196, 113,  21, 147, 153, 140, 155, 178, 150, 133, 158, 138, 134,   9, 100, 110, 139, 114, 193, 144, 146, 121, 157, 141, 192],
  [125,  38, 177, 159, 118, 112, 111, 170, 181, 197, 126, 113,  53, 129, 100,  27, 130, 117, 124,  56, 145,  21, 128, 158, 121,   8, 179, 115,  30, 102, 194, 154,  55, 101, 127, 152, 138, 155, 153, 196, 150, 140, 144, 114, 162, 146, 178, 168, 139, 157],
  [136,  22, 164, 133,  23, 131, 160, 122, 144,  36, 149, 110, 178, 192, 134, 161,   8, 163,  37, 105, 120, 118, 189, 159, 112, 146,  27,  21, 137, 126, 147,  10, 191,   9, 142,  42,   0, 150, 145, 119, 129, 148,  78, 194, 127, 173, 123,  67, 125,  29],
  [165, 174, 188, 108,  39, 137,   3,  14,  42,  12,   1,  90,  80,  63,  67,  52,  66,  96,  51,  70,   4, 104,  76, 119,  62,  92, 120,  97,  95,  32,  48,  26,  89,  49, 190,  17,  79, 187,  11, 103,  41, 107,  75,  94,  77,  87, 175,  65,  82, 177],
  [122,  96, 118,  21, 159, 131, 123, 134,  29,  49,  35,  82, 192, 178, 117, 103,  95, 121, 179,   8, 108,  92,  80, 133, 164, 177,  83,  81, 104, 137, 165,  89,  52,  79,  64,  97, 105,  38, 146,  77, 109,   9,   7, 191,  68,  91, 175,  34, 110,  94],
  [116,  53, 162, 177, 121, 100, 125, 113, 112, 102,  26, 197, 122, 139, 111, 193, 155, 130,  56, 140, 106,  70, 194, 124, 184, 170, 129, 118, 138, 196, 114,  28, 115, 101,  41,  47, 128, 158, 141, 126, 143,  51,  31, 142, 183, 156, 154, 144, 166, 182],
  [116, 125, 121, 112, 140, 110, 196, 118, 177, 162, 100, 193, 117, 130,  56, 197,  53, 111, 182, 106, 139, 126, 122,  28, 166, 114, 113, 129,   1, 194, 115, 138, 124, 128, 152, 158, 170, 127, 155, 146,   8, 179, 150, 184,  31, 142, 154, 178, 183, 195],
  [131,  39,  96, 120,  29,  92,  49, 163, 137,  36,  12,  67, 165, 190,  97, 108, 134,  10,  52,  83, 119, 136, 164,  23,  87,  42,  66,   4, 192,  68, 191, 104, 160,  63,  32,  11, 159,  78,  82, 179, 153,  80,  54,  95,  94, 135,   1,  62,  24,  17],
  [ 29,  96,  92,  51,  83,  82, 108,  49, 107,  95,  62,  79, 177,  80,  78,  89,  76, 104,  19,  66, 176, 162,  97, 136, 103,  77,  81,  70,  94,  75,   3,  61,  90,  67,  91, 164,  64, 160,  63,  73, 109,  68,  46, 134,  74,  12,  58,  16,  71,  87],
  [177,  56, 150, 158, 106, 179, 135, 111,  69, 119, 165, 193,  26, 170, 124, 138,   1, 167, 180, 153, 129,  38,   9, 137, 183, 117, 130,  28, 100, 169, 125, 148, 132,   7,   3, 151, 146, 192,  52, 178, 101, 105, 184, 139, 113, 154, 196,  23, 176,   8],
  [159, 125, 112, 118, 197, 111, 177, 129, 130, 126, 179,  38, 121, 170,  21, 124,   8, 117,  53, 128, 150, 152, 194, 181, 145, 113, 100, 140, 115, 154, 138, 110, 127, 193, 155, 153, 146,   9, 147, 178, 196, 134,  27, 144, 192, 114, 105, 106, 158, 116],
  [159, 125, 118, 197, 126,   8, 112, 129, 130, 133, 179, 150, 124, 170, 134,  38, 145, 192, 128, 111, 194, 147, 146,   9, 152, 105,  53, 178, 144, 113, 121, 154, 115, 148, 127, 153,  21, 141, 138, 140, 155, 131, 193, 122, 149, 139, 106,  22, 181, 110],
  [125, 118, 159, 197, 112, 126, 111, 129, 170, 130, 179,  38, 124,   8, 177, 115,  53, 152, 128, 181, 154, 145, 140, 113, 194,  21, 127, 153, 158, 155, 117, 150, 146, 147, 100,   9, 138, 196, 178, 193, 114, 139, 141, 121, 192, 148, 134, 105, 110, 144],
  [125, 118, 170, 197, 112, 159, 126, 111, 129, 130, 124,  38, 181, 177, 128, 158, 194, 113, 115, 145,   8, 152,  53, 179, 100, 150, 154, 155, 140, 153, 127, 138, 196, 147, 139,   9, 157, 114, 193, 144, 182,  21, 141, 146, 117, 183, 134, 178, 143, 106],
  [125, 118, 159, 170, 126, 111, 197, 129, 112,  38, 130, 181, 124, 177, 128, 145, 194, 113,   8, 152, 115, 127, 179, 158,  53, 154, 150, 153, 155, 100,  21, 138, 196, 178, 140, 117,   9, 147, 114, 146, 139, 144, 193, 105, 157, 141, 168, 148, 182, 183],
  [125, 118, 159, 177, 170, 197, 112, 126, 111,  38, 129, 130, 181, 124,  21, 145,   8, 158, 115, 128, 113, 100, 152,  53, 194, 154, 117, 140, 179, 127, 155, 178, 153,   9,  56, 147, 114, 150, 138, 196, 146, 139, 134, 144, 162, 182, 166, 193, 141, 157],
  [125, 118, 159, 197, 170, 129, 112, 111, 126, 177, 130, 124, 115, 181, 113, 158, 128,   8, 140, 152, 179, 154, 127, 145, 138, 178,  53, 194, 100, 153, 117, 155,  38, 105,  21, 114, 193, 183, 139, 150, 121, 141, 134, 144, 166,   9, 147, 146, 143, 195],
  [  8, 159, 170, 147, 179, 148, 153,  36, 165,   9, 134, 132, 126, 146, 150, 197, 118, 183, 139, 115, 141, 152, 193, 135, 155, 149, 178, 124, 125, 195, 192, 154, 133, 171, 129, 145, 128,  50, 156, 164, 140, 138, 111, 120, 172,  37, 169, 162, 158, 143],
  [100, 117,  28, 121, 125, 112, 162, 116, 111, 110,  53, 177,  31, 140, 182,  46,   1,  56, 194, 115, 122,   5, 170, 106,  91, 193, 124, 197, 118, 130,  68,  72,  26, 102,  30, 146,  69, 179,  34,  60, 159, 196, 114, 158, 183, 128, 139, 155, 152,  99],
  [159,   8,  38, 197, 134, 162, 116, 118, 125, 192, 145, 153, 132, 136,   9, 149, 147, 150, 140, 194, 170,  96, 144, 177, 126, 193, 135, 129, 128, 141, 152, 169, 130, 178, 139, 106, 124, 112, 158,  51, 138, 157, 142, 148, 131, 165, 115, 143, 102, 155],
  [159, 125, 170, 197, 111,   8, 193, 153, 124, 130, 118, 126, 155, 179,   9, 129, 158, 162, 106, 132, 194, 145, 128, 154, 116, 140, 152, 141, 139, 115, 147, 138, 150, 177,  53, 183, 146, 195, 135, 169, 127, 148, 114, 157, 144, 112, 192, 196,  26, 142],
  [125, 115, 170, 159, 197, 111, 126, 100, 140, 124, 194, 158, 130, 182, 155, 112, 128, 162, 139, 154, 129, 127, 116, 114, 152, 196,  53, 118, 183, 177, 156, 153, 195, 141, 142, 193,   8, 138, 157, 146,  69,  26, 113, 179, 132,  41, 166, 181, 143, 110],
  [110, 182, 162,  47, 117,  21, 118, 122, 166, 164, 178, 177, 140,   2, 112,  64,  72,   6, 175,  83, 152, 121, 102, 115, 196, 109, 127, 114,  46,  82,  88,  81,  60, 116,  91, 125,  35, 155, 132, 103, 130, 149, 139, 170,  95,  89, 154,  93, 197,  57],
  [177,  56, 118,  69, 125, 113, 162, 116,  53,  38,  31, 100, 111, 102, 176, 196, 139, 197, 121,  16,  60, 178, 117,  93, 158, 122,   8,  95,  70, 112, 170,   5, 124,  97, 129, 126, 101, 115,  30, 106,   9, 130,  91, 188, 165,   1,  71,  41,  45, 159],
  [125, 112, 111, 197, 100, 177,  38, 118, 130, 159, 126, 170, 129, 113, 181, 124, 128, 194, 158,  56, 117,  53, 145, 115,  27,  21, 127, 121, 154, 155, 152, 114, 196, 140,   8, 138, 102, 116, 182, 144, 153, 157,  34, 139,  69, 183,  30, 150, 101, 179],
  [125, 197, 118, 112, 126, 159, 170, 111, 130, 129, 124, 194, 177, 128, 181,  38, 145,  53, 113, 127, 196,   8, 154, 115, 179, 152, 117, 100, 155, 140, 121, 110,  21, 158, 138, 153, 114, 147, 150, 182, 139,   9, 193, 178, 157, 141, 116, 144, 146, 106],
  [125, 159, 112, 126, 118, 197, 170, 111, 129, 130, 124, 194, 128,  38, 181, 145, 113, 115, 100, 158, 127, 177,   8, 196, 140, 155, 152, 154,  53, 138, 114, 153,  21, 157, 150, 139, 182, 147, 117, 141, 121, 144, 178,   9,  56, 179, 110, 146, 105, 195],
  [125, 118, 112, 170, 159, 126, 197, 111, 130, 129, 177,  38, 181, 124, 100,  53, 194, 128, 115, 145, 113, 196, 158, 127, 140,  56,   8, 152, 154, 117, 155, 138, 153, 114, 182, 139, 178, 179, 162,  21, 147, 157, 141, 110,  27, 144, 101, 146, 121, 166],
  [125, 118, 112, 159, 126, 197, 170, 111, 124, 130, 129, 194, 128, 196,   8, 145, 181, 177, 115, 152,  53, 155, 140,  38, 127, 113, 158, 100, 154, 147, 182, 153, 139, 138, 114, 150, 117, 121, 179,   9, 157,  21, 178, 141,  56, 116, 110, 162, 102, 193],
  [125, 112, 170, 126, 118, 197, 130, 128, 194, 129, 124, 159, 113, 196, 111, 127, 140, 115, 100, 181, 158, 145, 177,  53, 154, 182,  38, 155, 152, 114,  56, 139, 138, 153, 110, 157,   8, 117, 116, 102, 141, 121, 147, 142, 195, 178, 101, 150, 143,  21],
  [125, 118, 112, 196, 126, 194, 197, 124, 170, 128, 127, 129, 110, 130, 145,  56, 111,   8, 182, 152, 140, 181, 115, 133, 154, 117, 147, 177, 159, 178, 113, 139, 155, 158, 138, 134, 149, 150, 100, 106, 142, 179, 157, 143,  21, 153, 105,   9,  53, 193],
  [125, 197, 111, 112, 170, 159, 177, 158, 140, 130, 124, 129, 153, 126, 115, 128,  38, 116, 181, 118, 100, 154, 196, 155, 152, 139, 194, 162, 145, 182,  56, 195, 102, 138, 127,   8,  21, 157, 147, 113, 114, 183, 141, 149, 132, 142, 184,  27,  53,   9],
  [125, 159, 111, 197, 118, 177, 170, 112, 115, 130,  53, 126, 124, 162, 128, 100, 182, 129, 152, 155, 154, 140, 194, 158, 117, 153, 127, 114, 196,   8, 139,  21, 113, 181, 121, 179, 110, 122, 145, 138,  26, 193, 157, 183,   9, 166, 141, 178, 116, 195],
  [125, 112, 111, 197, 100, 130, 159, 170, 182, 126, 115, 158, 128, 124, 129, 113, 194, 118, 127, 140, 177,  21, 152, 114, 181,  38,  53, 155, 196, 154, 157, 153, 145, 195, 117, 139,  69, 183, 166, 138, 110, 141, 121,   8,  56, 171, 184, 116, 147,  27],
  [125, 112, 197, 170, 118, 111, 159, 124, 126, 130, 194, 128, 129, 115,  53, 127, 100, 155, 140, 196, 158, 152, 182, 113, 154, 114, 116, 139, 153, 157,   8, 145, 181, 138, 177, 195, 141,  38, 121, 122, 147, 166, 183, 110, 144, 142, 193, 171, 156, 143],
  [125, 112, 196, 197, 111, 170, 140, 130, 126, 194, 182, 158, 124, 128, 118, 116, 100, 115, 155, 127, 110,  56, 139, 129, 152, 154, 177,  53, 114, 113, 157, 181,   8, 145, 166, 171, 153, 159, 106, 138, 193, 147, 183, 162, 195, 117, 142, 143, 141, 121],
  [125, 118, 197, 130, 126, 112, 129, 122, 194, 170, 140,   8, 124, 115, 128, 159, 155, 193, 127, 116, 145,  53, 114, 111, 154, 152, 162, 179, 138, 141, 196, 121, 158, 139, 166,   9, 146, 110, 147, 142, 106, 100, 144, 149, 195, 182, 177, 132, 153, 157],
  [122, 177, 118, 116, 100, 121,  53, 117, 125, 170, 130, 111, 124, 112, 102, 184, 197, 194,  26, 113,  31,  56,   5, 128, 196, 193, 114, 162, 158, 129, 155, 126, 139, 153, 106,  70, 138,  34, 195, 140, 179, 132, 182, 101, 115, 127,   1, 141, 183, 165],
  [125, 118, 112, 126, 197, 159, 129, 170, 111, 130, 181,  38, 124, 115, 177, 128, 113, 194, 152, 196, 100,   8, 158, 127,  53, 140, 154, 145, 155, 179, 138, 114,  21, 182, 178, 147, 150, 139, 146, 153, 157,   9, 144, 117, 121, 141, 166, 133, 195, 193],
  [125, 170, 111, 197, 112, 126, 130, 129, 118, 181, 177, 159, 124, 128,  38, 145, 127, 117, 115, 100, 179,  21, 158, 113, 196, 152, 154, 153, 194, 114, 140, 138, 155, 182,  53, 110,   8, 168, 150, 147, 178, 183, 146, 139, 193, 141,  26, 157, 171, 166],
  [125, 112, 197, 170, 111, 159, 129, 130, 126,  53, 177, 118, 181, 113,  38, 124, 158, 128, 100, 115, 140, 152, 155, 194, 127, 114, 153, 138, 145, 157, 154, 182, 196, 116, 162, 139, 144,  56,  27,  21,   8, 183, 150, 184, 193, 117, 102, 166, 179, 147],
  [125, 118, 197, 170, 126, 112, 159, 129, 130, 124, 128, 145,  38,   8, 194, 111, 181, 152, 196, 115, 147, 158, 127, 140, 154, 150, 153, 155,  53,   9, 157, 138, 177, 179, 193, 192, 149, 114, 139, 113, 110, 182, 146, 178, 134,  21, 141, 195, 144, 100],
  [125, 112, 170, 181, 111, 126, 159,  38, 197, 129, 100, 128, 130, 124, 118, 113, 115, 194, 127, 158, 152, 177, 140, 196, 155, 114,  53, 154, 138, 145,  27, 150,  21, 168, 157,  56, 153, 110, 182, 117, 101, 183, 171,   8, 139, 147, 144,  30,  69, 179],
  [125, 118, 112, 126, 159, 170, 111, 197, 129, 124, 194,  38, 181, 130, 113, 128, 115, 177, 127, 100, 152,  53, 196, 145,   8, 155, 158, 179, 140, 153, 114, 154, 138, 117, 133, 182, 150, 139, 157, 147, 178,  21, 105, 102,   9, 144, 110, 168, 101, 121],
  [125, 170, 111, 124, 130, 126, 118, 129, 112, 159, 128, 177, 181, 145, 117,  38,   8, 197, 115, 194, 155, 154, 158, 140, 100, 152, 110, 127, 144, 153, 193, 150, 138,  53,   9, 179, 121, 113, 166, 196, 114, 168, 106, 146, 139, 147, 183, 182, 192,  47],
  [125, 112, 113, 100, 128, 194, 159, 126, 111, 197, 130, 129, 124, 115,  38, 155, 127, 114, 157, 170, 144, 118, 182, 158, 152, 171, 139, 195, 166, 140, 196, 141, 101, 154, 153, 183,  21, 181, 184, 168, 173, 138, 145, 102, 142, 134, 169, 131, 147, 110],
  [162,   0, 110, 149, 160, 136, 146, 166, 147, 196,  22,  51,   6,  37, 132, 163,  56,  50, 164,   8, 172, 193,   9, 182, 181, 155,  35,  72, 118, 140, 171, 161, 144, 142,  43, 148,  83, 114,  78, 135, 143,  23, 112,  30, 157, 168, 152, 156, 154,  36],
  [ 50,  56, 163,  69, 172, 150, 160, 181, 196,   0,  37, 183, 171,  30,  41,  24, 148, 135, 132,  22, 170,  36, 158, 168, 189, 151, 186,   2, 193, 147,  23, 139, 106, 149,  65, 102, 110,  47, 166, 157, 146,  10, 156,  40,  51, 143,  67,  72,  48, 145],
  [ 72,  27,  34,  58,  84,  86,  13,  47,  33,  40,  19,  18,  59,  91,  99,  60,  85,  15,  28,  46,  73,   6,  92,  98,  45,  97,  64,  54,  71, 175,  79,  55,  20,  44,  88,  87, 104,  16, 107,  77,  43,   5,  21,  74,  80,  29,  31,  30,  17, 117],
  [196,  56,  41,   0, 194, 182, 158, 183, 170, 155, 156, 116, 115, 100, 184, 157, 140, 139, 114, 168, 181, 101, 185, 128,  69,   2, 171, 127, 125,  25, 172, 124,  26, 102, 111, 152, 186, 195, 142, 126, 166, 180, 162, 153, 138, 154,   5, 130,  40, 169],
  [ 56, 116, 177, 106,  28,   3,  40, 102, 110, 193, 158,  47, 184,  72, 130,  70,  51, 194, 150, 138, 135, 117,  91, 145, 113,  84, 119,  48,  23, 124, 174, 121, 139, 151,  65,  30, 140, 100, 181, 160,   7,   5, 178, 132, 125,   9,  31, 128, 111, 154],
  [100,  26, 113, 112, 125, 101, 114, 111, 130, 129,  53, 126, 194, 128, 184, 138, 170, 124, 185, 127, 115, 116, 121, 196, 155, 140, 167, 197, 141, 139, 181, 158,   6,  41, 153, 166,  56, 157, 156, 168, 187,  38, 142, 182, 186, 183, 152, 171, 154,  11],
  [125, 177, 170, 111, 124, 197, 113, 112, 102, 117, 194, 100,  53,  26, 126, 129, 118, 196, 130,  38, 116, 128, 155, 121, 181, 127, 101, 153, 158, 106,  82, 152, 159,  56, 179, 154, 139, 184, 114, 138, 193,  11, 115, 150, 145, 157, 182, 185,  28, 168],
  [125, 170, 159, 118, 126, 112, 111, 129, 124, 197, 130, 194, 128,  53, 181, 152, 115,   8, 177, 196, 140, 154,  56, 138, 155, 145, 127, 100, 150, 158, 113, 147, 139, 110, 193,   9, 179, 114,  38, 153, 106, 146, 116, 182, 157, 183, 144, 148, 143, 142],
  [125, 124, 126, 118, 197, 170, 129, 194, 111, 159, 130, 112, 150,  53, 128, 145,   8, 193, 181, 152, 138, 106, 196, 179, 155, 127, 157, 140, 158, 153,   9, 154, 147,  56, 139,  38, 113, 149, 115, 105, 114, 142, 144, 146, 143, 110, 183, 116, 102, 132],
  [177, 125, 118, 112, 181,  27,  21,  38,  56, 197,  30, 126, 170, 111, 100, 130, 129, 159, 145, 113, 117, 182, 196, 152, 128, 115,  53, 158, 124,  47, 194, 155, 162, 102, 127,   8,  69,  72, 154, 114, 140, 144,  34, 146, 147, 138,  28, 178, 183, 179],
  [159, 125, 112,  38, 170, 111, 118, 126, 197, 129, 130, 124, 100, 128, 115,  21, 117, 152, 194, 181, 177, 153,  55, 113, 127, 110,  53, 179, 182, 145, 140, 158, 196, 155, 121,  27, 154,   8, 114, 138,  71, 168, 123, 162,  26, 139, 147,  34, 192, 146],
  [118, 125, 112, 126, 159, 170, 129,  38, 130, 124,  53, 111, 197, 128, 194, 100, 127, 196, 115, 181,   8, 145, 152, 155, 113, 114,  21, 122, 121, 140, 182, 133, 117, 154, 179, 166, 158, 153, 177, 105, 138, 178, 157, 147, 146, 144, 168, 195, 141, 139],
  [112, 125, 197, 111, 126, 129, 130, 128, 100, 196, 170, 159, 113, 181, 124, 127, 118, 194,  27, 182, 140, 115, 155, 152,  38,  53, 138, 114,  56, 158, 145, 157, 154, 116, 195, 153, 110, 177, 139, 147, 183, 171, 168,  21, 142, 150, 184, 121, 117,   8],
  [125, 112, 126, 118, 111, 196,  38, 129, 197, 124, 130, 128, 181, 170, 113, 159, 145, 117, 121, 194, 127, 100, 152,  53,  21, 102, 155, 133,  11, 177, 154, 115,  27, 140, 138, 110, 182,   8, 179, 168, 153, 150, 147,  56, 114, 144, 158, 139, 157,  47],
  [163, 190, 160,   4, 161,  39,  61,  42,  48,  65,  10,   3,  92,  98,  78,   5,  68,  49,  54, 136,  19,  73,  51,  63,  97,  17,   6,  52, 164,  75,  43,  22, 108,  16,  66, 176, 107, 187,  96,  57,  62,   1,  59,  12,  24,  87,  89,  88,  18,  99],
  [108,   3,  63,  78, 190,  61,  92,  32,  80, 188, 163, 175,  52,  31,  17,  93,  89,  48,  95,  76, 107,   4,  18,  39,  66,  42,  73,  91,  49,  65,   1,  62,  97,  54,  75,  74,  94,  98, 103,  59,  77,  79,  81, 165,  67, 161,   2,  90,  20,  64],
  [ 42,  61,  78, 107, 163, 161, 160,  67, 133,  48, 175,  92,  75,  94,  65,  18, 188,   4,  81, 190, 174, 109,  96,  62,  39, 189,  49,  51, 123,  22,  79,  89, 108,   0,  10,  19,  63,  98,  80,  77,  73,  29,  52, 104,  66,  93, 164,  68, 137,  76],
  [ 91,  92, 104,  80,  79,  63, 108,  58,  90, 175,  76, 107,  77,  89, 103,  95,  62,  97,  18,  47, 121, 188, 177,  33,  34,  42,  84,  81,  19,  52,  17,  59,  61,  78,  44,  75,  31,  96,  74,  49,  32,  86, 123,  98,  94,  73,  85, 191, 174,  21],
  [177, 111, 121, 117, 100,  53,  26, 116, 162,  28, 158, 197, 130, 118, 113,  56,  31,  96, 125, 124, 112, 159,   1, 140,  41,  38, 170, 196, 153, 129, 184, 138, 179, 106, 126, 193, 115,   8,  21, 154,  91, 128,  60,  64,   5, 139,  95, 165, 178, 132],
  [177, 118, 112, 122, 197, 130, 100,  53,  38, 125, 121, 117, 170, 129, 111, 179, 113, 162, 159,  27, 116, 114, 126, 145, 158, 178,  21, 193,   8, 115, 140, 146, 124, 110,  96, 152,  47, 138, 182, 144, 128, 127,  28, 153,  16, 181, 176,  70,   9,  56],
  [125, 112, 118, 197, 181, 113, 126, 177,  38, 194, 124, 100, 170, 159, 111, 129, 196, 128, 115, 117,  21, 130, 127, 133,  27, 102, 155,  53, 152, 154,  56, 158, 101, 121, 168, 183, 157,  82,  34, 114, 145, 179,  55, 144, 182, 138,  11, 153,  71, 195],
  [ 38, 125, 112, 118, 159,  27, 181, 129,  53, 102, 170, 144, 126, 197, 133, 194,  56, 130,   8, 113, 145, 124, 149, 128, 150, 100, 138, 155, 115, 162, 196, 140, 147, 154,  30, 177, 157,  11, 116, 127, 111,  47, 158, 152,  21, 148,   9, 121, 192, 114],
  [125, 170, 159, 118, 126, 129,  38,   8, 124, 130, 112, 152, 115, 192, 128, 145, 155, 146, 158, 140, 150, 154, 181, 194, 148, 147, 153,   9, 111, 157, 127, 196, 197, 105, 166, 114, 179, 139, 144, 193, 182, 138, 141, 135, 134, 110,  50, 106, 171, 168],
  [125, 118, 170, 111,  38, 126, 124, 112, 128, 197, 181, 129, 194, 130, 100, 113, 155, 127, 177, 159, 158, 152,  53, 145, 114, 117, 196, 115, 183, 153, 157, 138, 121, 182,  27, 154, 144,  21,   8, 168, 102, 195, 169, 101,  69, 147, 139, 140,   9,  26],
  [159,  38, 125, 118, 126, 129, 112, 124, 181, 170, 194,   8, 144, 128, 145, 197, 131, 113,  27, 130, 152, 147, 111, 155,  53, 150, 133, 127,  36,  23, 153, 157, 115, 149,   9, 102, 189, 178,  22, 138, 148, 168,  55, 192, 154,  21, 196, 177, 164, 110],
  [133,  38, 118, 125, 181, 170, 126, 129, 124, 159, 164, 179, 145, 128, 194, 134, 144, 150, 113, 138,  36, 112, 157, 197, 130, 127, 168, 183,   8, 152, 178, 148, 189, 115, 147, 158, 153, 143,  23,  53, 155, 139, 142, 141, 196, 114, 195, 154, 149,   9],
  [ 38,  55,  27, 131, 133,  10, 159, 181, 118, 189, 123,  50, 125, 164, 113,  42, 102,  11, 126,  49, 112, 129,  71,  87,  34, 134,  22,  36,   0, 191,  35,  23,  47, 190, 187, 163, 101, 168,  39,  30,  74,  92, 105,  98,  21, 124,  25, 194, 145,   4],
  [163,  27,  39,  38,  49,  42, 189,  10,  92, 190, 160, 161, 131,  87,  19, 191,  23,  13,  18,  73,  29,  55,  22,   4,  98,  78, 107,  36,  14,  54,  11,  74,  71, 187,   7, 104, 164,  85,  16,  65,  50,  58,   5,  67, 136,  82,  59, 176,  40, 133],
  [  3, 163, 137,  66,  56,  48,  61, 108, 119,  93, 176,  10, 190,  12,  51,  63,  52,  92,  39,  67,  14,   4,  78,  76,  43,  41,  62,  80,  90,   1,  32,  18,  54,  91,  97,  17, 107, 136, 187,  94,  96,  57, 175, 160,  19,   5,  89,  25,  81, 191],
  [165, 177, 164,  96, 118,  49, 109, 133,  51,  67, 103, 178, 134,  82, 120,  95,  61,  66, 162, 122,  81, 108, 119,  52, 179, 117,  62, 132, 151,  89, 193,   8, 104,  79, 192,  75,  80, 175, 188, 121, 189,  29, 174,   9,  76, 106, 135, 136,  31,  77],
  [163,  96,  51,  78,  67,  49, 190, 160, 136, 108,  61,  29,  92,  10,  18,  52,  42,  19,  66,  39,  50,  74, 107,  94,  62, 164,  93,  63,  76, 189,  36,  80,  73,   3,  81, 191, 103,  14,  89,  98,  90,  75,   4, 176,  65,  54,  77,  45,  97,  87],
  [  3,  25,  14,  26, 186,  10, 180, 187,  24,  40, 174,  17,  97, 185,  82,  70,  12,  48,  41,   2, 163,  65,  54,  19,  39, 184, 162,  45,  31, 176,  15,  86, 104, 116,  73,  87,   4, 183,  63,  74,  18, 107,  69,  20,  66,  71,  13,   5, 101, 108],
  [125, 111, 170, 100, 118, 158, 140, 130, 196, 162, 115, 124,  53, 116, 126, 129, 139, 193, 177,  56, 112, 155, 128, 182, 152, 153, 114, 197, 154, 159,   8, 194, 146,  26, 138, 127, 132, 195, 183, 179, 106, 166, 141,   9, 142, 157, 184, 156, 122, 147],
  [112, 100, 125, 197, 122, 177, 118,  21, 182, 196, 111, 110, 127, 115,  27, 140, 114, 126, 113, 130, 121, 117, 194, 129,  34, 128,  56,  72,  46, 162,  28,  30, 178, 154,  53, 155, 124, 152,  71, 184,   6, 116, 195, 170, 138, 142, 123, 145, 166,  31],
  [118, 159, 125, 112,  38, 177, 197,  21, 181, 126,  53, 129, 111, 170, 113, 130,  27, 100, 179, 133, 115,   8, 178, 124, 117, 122, 145, 127, 194,  30, 128, 154, 121, 105, 152, 155, 162,  47, 182, 114, 140, 146, 196,  35, 166, 147,  34, 134, 144, 138],
  [125, 159, 118, 170, 126, 112,  38, 129, 111,   8, 130, 181, 197, 145, 115, 124, 194, 154, 128, 105, 146,  53, 152, 155, 150,   9, 158, 147, 179, 177, 140, 148, 144, 113, 138, 133, 127, 192, 114, 141, 100, 153, 196,  56, 157, 178, 171, 193, 139, 169],
  [159, 125, 118, 126, 197, 112, 129, 130, 170, 124,   8, 128, 152, 115, 194, 140, 145, 111, 155, 146, 144, 192, 127, 147,  21, 178, 179, 154, 153, 150, 157, 158, 114, 138, 182, 149, 148,   9, 196, 113,  53, 105,  38, 142, 166, 134, 181, 195, 139, 164],
  [177,  21, 159, 117,  38, 111,  64, 197, 113, 125, 112, 145, 118,  53, 100, 130, 162, 170, 181, 158,  56,  35, 129,  82,  27, 126, 176,  60,  71,  30, 121,  28,  72,   5,   8, 101, 153, 128, 124, 178, 115, 140, 144, 184,  55, 154,  40,   7, 102, 152]],

