 [[ 24, 141,  94, 182, 177, 163, 181, 159,  73, 130, 128, 166, 143, 193,  62, 149, 165, 161, 150, 179, 134, 133,   9, 162, 108, 160, 147, 174, 194, 148,  77, 109, 175,  10, 192, 119,  48, 152,  72,  96, 144, 151,  95, 156,  38, 153, 118, 110, 138, 185],
  [ 10, 184, 101,  90,  81,  68,  97,  55, 141, 126, 100,  69,  73,  88,  31,  72,  24,  56,  40, 196,  58,  45,  13,  98,  11,  54,  28,  14,  27,  41, 145,  12,  26,  15,   4,   3,   2,  29, 127,  16,  17,  18,  42,  32, 179, 113, 112,  43,  25,  30],
  [114, 102, 103, 145,  45, 125, 126,  92,  46,  93,  81, 100, 141, 142, 178, 167, 144,  20,  23,  24,  21,  44,  56,  57,  34,  22, 104, 193, 158,  55, 124, 164, 146,  69,  35, 106, 172, 110, 185, 192, 115, 119, 134,  59, 156,  53,  36, 197,  37, 143],
  [114, 102, 103, 145,  45, 125, 126,  92,  93,  46,  81, 100, 141, 142, 144, 178, 167,  20,  23,  24,  21,  44,  56,  57,  34,  22, 104, 193, 158,  55, 124, 164, 146,  35,  69, 106, 172, 192, 110, 185, 115, 119,  59, 134, 197, 156,  36,  37, 143,  53],
  [114, 102, 103, 145,  45, 125, 126,  92,  93,  46,  81, 141, 100, 142, 178, 144, 167,  20,  23,  24,  21,  34,  22,  44, 193, 104,  56,  57, 158,  55, 124, 164, 146,  69,  35, 106, 172, 185, 192, 110, 119, 115,  59, 134, 143, 156,  36,  53,  37, 140],
  [114, 103, 102, 126, 145, 125,  45,  92,  93, 142, 178, 167,  20,  81,  23, 144,  34,  21, 141,  22, 100,  46, 158,  24, 193, 104, 124, 172, 110, 164, 106,  35,  69,  59, 192, 119,  36,  53, 143,  37, 115,  44, 134,  38, 140,   8, 156, 185, 155, 118],
  [182,  84,  85,  52,  48,  83, 131,  62,  51,  66, 180,  65,  99,  82, 159,  63,  73,  72,  86,   5,  25, 189,  18,  19,   4,   3,  26,  29,  12,  17,  28,  42, 186,  27,  16, 113,  15,  41,   2,  11,  13,  14, 157,  61,  64,  79,   0, 168, 183, 112],
  [182,  84,  85,  52,  48,  83, 131,  82,  51, 159, 180,  73,  62,  65,  66,  99,  63, 186,  86,  72, 189, 157, 183, 168,  61,  64,  77,   0,   5, 187,  25,  19,  18, 170,  91,   4, 113,   3,  17,  26,  29,  42,  28,  12,  16,  41,  27,  79,  15,   2],
  [182,  84,  85,  52,  48,  83, 131,  82, 180, 159,  73,  51,  62,  99,  65,  66,  72, 189, 186,  86,  61,  63, 157, 183, 168,   5,  25,  18,   4, 113,   3,  17,  26,  19,  29,  12,  28,  16,  42,  41,  64,  27,  77,  15,   2,  13,  11, 187,  14,   0],
  [182,  52,  84,  85,  48,  83, 131,  82, 159,  73, 180,  51, 189,  72,  61, 168, 183,  62, 186, 157, 128, 187,  65,  99,  66, 190,  91, 170,  86, 150,  63, 130, 165,  67,  77,  94,  95,   0, 195, 188,  50,  64,  71,  25, 176,  76,   5,  18, 113,  17],
  [102,  24, 141, 193, 145, 166, 181, 177, 146,  77, 125,  20, 114, 128, 163,  23,  95,  94, 185, 192, 162, 124, 119, 144, 161,  21, 158, 140, 107, 115, 156, 118,  22,  59,   9, 116, 137,  38, 134,  93, 104, 121, 149, 172,  69, 153,   1, 117,  37, 164],
  [114, 102, 103, 145,  45, 125, 126,  92,  93,  46,  81, 100, 141, 142, 178, 144, 167,  20,  23,  24,  21,  34,  22,  44, 193, 104,  57,  56, 158,  55, 124, 164, 146,  69,  35, 106, 172, 192, 110, 185, 119, 115,  59, 134, 156,  53,  36, 143,  37, 140],
  [114, 102, 103, 145,  45, 125, 126,  92,  93,  46,  81, 141, 100, 142, 178, 144, 167,  20,  23,  24,  21,  34,  22,  44, 104, 193,  56,  57, 158,  55, 124, 164,  69, 146,  35, 106, 172, 110, 192, 185, 119, 115,  59, 134,  36, 143, 156,  53,  37, 140],
  [114, 102, 103, 145,  45, 125, 126,  92,  93,  46, 141,  81, 100, 142, 144, 178, 167,  20,  23,  24,  21,  34,  22,  44, 104,  56,  57, 193, 158,  55, 124, 164, 146,  35, 106,  69, 185, 110, 172, 192, 115, 119,  59, 134, 143,  36, 156,  37, 140,  38],
  [114, 102, 103, 145,  45, 125, 126,  92,  93,  46,  81, 141, 100, 142, 178, 144, 167,  20,  23,  24,  21,  34,  22,  44,  57,  56, 104, 193, 158,  55, 124, 164,  69, 146,  35, 106, 110, 172, 192, 185, 115, 119,  59, 134,  36, 156,  53, 143,  37, 140],
  [114, 102, 103, 145,  45, 125, 126,  92,  93,  46, 141,  81, 100, 142, 178, 144, 167,  20,  23,  24,  21,  34,  22, 104, 193,  44,  56,  57, 158, 124,  55, 164,  69, 146,  35, 106, 110, 185, 172, 192, 119, 115,  59, 134, 156, 143,  36,  53,  37, 140],
  [114, 102, 103, 145,  45, 125, 126,  92,  93,  46,  81, 100, 141, 144, 142, 178, 167,  20,  23,  24,  21,  34,  22,  44,  56,  57, 104, 193, 158,  55, 164, 124, 146,  35, 106, 110,  69, 172, 192, 185, 119, 115, 156, 134,  59, 143,  36,  53, 197,  37],
  [114, 102, 103, 145,  45, 125, 126,  92,  93,  81,  46, 100, 141, 142, 167, 144, 178,  20,  23,  24,  21,  44,  56,  57,  34,  22, 104, 193, 158,  55, 164, 124, 146,  69,  35, 106, 110, 172, 185, 192, 115, 119, 134,  59, 156,  53, 143,  36, 197,  37],
  [114, 102, 103,  45, 145, 125, 126,  92,  46,  81,  93, 100, 141, 144, 142, 178, 167,  20,  23,  24,  44,  57,  56,  21,  34,  22,  55, 104, 193, 158, 124, 164,  69, 146,  35, 106, 110, 185, 192, 172, 115, 119,  59,  53, 134, 156, 197, 143,  36, 101],
  [114, 103, 102, 125, 126,  45, 145, 167,  92,  93, 178, 142, 197,  34,  81,  20, 144, 100,  23, 158,  21,  22, 172, 185, 193,  46, 104, 115,  59,  35,  36, 101, 106, 192,  37, 107, 134, 164,  44,  38, 110, 155, 124,   8,  90, 119, 121, 140, 154, 141],
  [182,  84,  85,  66,  52,  83,  48, 131,  62,  99,  63,  65,  82,  86,  19, 159,  51,   5, 180,  18,   4,   3,  25,  17,  26,  28,  29,  12,  16, 113,  41,  42,  27,  15,   2,  11,  13,  14,  73,  33,  72,  64, 183, 157,  61, 189, 186,  91,  43, 112],
  [182,  84,  85,  83,  66,  99,  52,  48, 131,  19,  62,  86,  82,   5,  18,   3,   4,  25,  17,  26,  28,  29,  12,  27,  63,  16,  15,  42,  41,   2,  13, 113,  11,  14,  65,  33, 180,  51, 159,  73,  43, 170, 186,  72,  98,  32,  61, 183,  64,  30],
  [182,  84,  85,  66,  83,  52,  48, 131,  99,  62,  82,  63,  65,  86,  19,   5,  51, 180,  18,   4,   3,  25,  17,  26,  28,  29,  12, 113,  16,  42,  15,  27,  41,   2,  11,  13, 159,  14,  33,  73, 186,  64,  72, 170, 183,  43,  61, 157, 189,  98],
  [182,  84,  85,  48,  52,  83, 131,  66,  82,  62,  99,  65, 180,  51, 159,  63,  86,  73,  19, 186,   5,  61, 183,  72,  18,  25, 157,   4,  17,   3,  26, 113,  28, 189,  29,  12,  16,  77,  42,  41,  15,  27, 170,   2,  11,  13,  14,  64,  91, 168],
  [182,  61,  94,  10, 159, 196,  68,  67,  91,  77,  73,   1,  85,  48,  83,  72,  95, 131, 179,  97,  70,  84,  88, 157, 194,  82,  52, 177, 128, 112, 181,  24,  69, 141, 130, 163, 183, 166,  71,  17,  11, 146, 168,   4,  28,  14,  12,  15,  76,   3],
  [114, 102, 103,  45, 145, 125, 126,  92,  46,  81, 100,  93, 142, 144, 178,  20,  57, 167, 141,  44,  56,  23,  21,  55,  22,  34, 104, 158, 164, 193, 146, 197,  24, 124, 192,  53, 172, 185,  35, 115, 106, 156, 119, 110,  36, 134,  37, 143, 140, 155],
  [102, 114, 103, 145,  45, 125, 126,  92,  93,  46, 141,  81, 100, 144, 178, 142,  20, 167,  23,  24,  21,  34,  22,  44,  56,  57, 104, 193, 158,  55, 124, 164,  69,  35, 146, 106, 110, 192, 172, 185, 119, 115,  59, 134, 156, 143,  53,  36,  37, 140],
  [114, 102, 103, 145,  45, 125, 126,  92,  46,  93,  81, 100, 141, 142, 178, 144, 167,  20,  23,  24,  21,  44,  56,  57,  34,  22, 104, 193, 158,  55, 164, 124, 146,  35,  69, 106, 110, 172, 185, 192, 119, 115, 134,  59,  53, 156, 143,  36,  37, 140],
  [114, 102, 103, 145,  45, 125, 126,  92,  46,  93,  81, 100, 141, 142, 178, 144, 167,  20,  23,  24,  21,  44,  56,  57,  34,  22, 104, 193, 158,  55, 124, 164, 146,  35,  69, 106, 110, 172, 192, 185, 119, 115,  53,  59, 134, 143, 156,  36,  37, 140],
  [114, 102, 103, 145,  45, 125, 126,  92,  93,  46,  81, 100, 141, 144, 142, 178, 167,  20,  23,  24,  21,  44,  56,  57,  34,  22, 104, 193, 158,  55, 124, 164, 146,  35, 106,  69, 110, 172, 192, 115, 185, 119,  59, 156, 134,  36, 143,  53,  37, 197],
  [114, 103, 102, 145,  45, 125, 126,  92,  81,  93, 144, 142, 100,  46, 178,  20, 167, 141,  23,  21,  34, 197,  57,  22,  44,  56, 158, 104,  24,  69, 185, 146, 164,  88, 193, 172, 101, 124,  55,  59, 106, 115, 192, 156, 110,  35, 107,  53, 119,  36],
  [ 45, 114, 102, 103,  81, 100, 145, 125,  44,  56,  46,  57,  92, 197,   1, 144, 142,  93, 167,  55, 178,  20,  88, 126,  69, 141,  23,  21,  22,  47,  34, 101, 185, 164, 158,  90, 146, 172, 171,  87,  53, 104, 115,  59, 193, 107, 192, 124, 156,  24],
  [102, 114, 103, 145, 125,  45, 126,  92,  93,  46, 142, 144,  20, 178, 141, 100,  23,  81,  21,  24,  22, 104,  34, 158, 167, 193, 185,  88, 124,  69, 146, 164, 192, 172, 106,  59, 115, 119, 110,  57,  44, 156,  35, 197, 134,  36,  37, 143,   8,  38],
  [126,  45, 103, 197, 114, 167,  81,  92,  93, 100, 184, 142,  44, 125, 101, 102, 145, 178,  34,  90,  57, 144,  46,  89, 158,  20, 110, 171,  56, 172,  21,  23,  22, 164, 104, 115, 106, 185,  35, 134,  36,  37,  59, 136, 124,  38, 155, 154,   8, 192],
  [182,  84,  85,  83,  66,  99,  52,  86,  82,  19,   5,  48,  18,  25,   3,   4,  17,  29,  63,  65,  26, 113,  28,  12,  42,  16,  15,  41,  27,   2,  11,  13,  14, 131,  62,  33,  98,  43,  51, 180,  32,  73, 127,  64, 186, 159,  30,  72,  40, 112],
  [182,  84,  85,  66,  83,  62,  48,  52,  65,  99,  63,  86, 131,  19,  82,  18,   5,  25,   3,   4,  17,  29,  28,  26, 113,  42,  15,  12,  27,  16,  41,   2,  14,  11,  13, 159,  51,  64, 112, 180,  73,  78,  72,  43,  61, 186,   0,  79, 157,  98],
  [182,  84,  85,  66,  83,  52,  48,  99,  65,  86,  63,  62, 131,  82,  19,   5, 180,  25,  18,   3,   4, 113, 159,  17,  29,  26,  28,  42,  16,  12,  41,  15,  27,  51,   2,  11,  13,  14,  73,  33,  64, 186,  43,  79, 112,  72, 170,  98, 183, 189],
  [182,  84,  85,  66,  83,  52,  48,  99, 131,  65,  86,  63,  82,  62,  19, 180, 159,   5,  18,  25,  73,   3,   4,  51,  17, 113,  29,  26,  28,  42,  16,  12,  41,  15,  27,   2,  11,  13,  14,  64,  33, 186,  72, 189, 183,  79, 157, 112,  43,  61],
  [182,  84,  85,  83,  52,  48,  66,  82, 131,  99,  65,  86, 159, 180,  19,  62,  63,   5,  51,  18,  25,   4,   3,  17,  73, 113,  29,  42,  26,  28,  16,  12,  41,  15,  27,   2,  13,  11,  14, 186,  64, 183, 112,  77,  33,  43, 189, 157,  79,  72],
  [102, 145,   1, 114, 185, 142, 144, 103, 125,  88,  69, 197, 146,  45,  92,  93, 167,  20,  23, 178,  68,   9, 100,  21,   8,  59, 193,  24, 158, 172, 156, 192,  81, 166, 107,   7,  94,  22,  90, 128,  60,  34, 134, 119,  53, 195, 115, 106, 177,  38],
  [102, 114, 103, 145, 125,  45, 126, 142,  92,  93,  46,  81, 144,  20, 178, 141, 100,  23,  21,  22,  34, 167, 158, 104, 193,  24,  88, 124, 164,  44, 146,  57,  69, 185, 192, 172, 115, 106, 119,  56, 110,  53,   1,  59, 156,  35,  55,  36, 197,  37],
  [114, 102, 103,  45, 145, 125, 126,  92,  46,  81,  93, 100, 141, 144, 142, 178,  20, 167,  23,  24,  44,  57,  21,  56,  34,  22, 104,  55, 193, 158, 124, 164, 146,  35,  69, 106, 110, 172, 192, 115, 119, 185,  59, 156, 134,  36,  53,  37, 143, 197],
  [114, 103, 102,  45, 145, 125, 126,  92,  81,  46,  93, 100, 141, 142, 167, 144, 178,  20,  24,  23,  44,  56,  57,  21,  34,  22,  55, 104, 158, 193,  69, 124, 164, 146,  35, 106, 172, 110, 192, 115,  59, 119, 185,  53, 197, 134, 156,  36, 101,  37],
  [114, 103, 102,  45, 145, 125, 126,  81,  92,  46, 100,  93, 142, 167, 144, 178, 141,  20,  56,  44,  57,  23,  34,  21,  22,  55, 197,  24, 158, 104, 193,  69, 101, 164, 146, 185, 124,  88, 172, 106, 115, 192,  35,  59, 110,  53,  90, 134, 119,  36],
  [  1,  88,  45, 197,  90, 100,  81,  69,  68, 114, 142, 102, 103, 145, 144, 101,  92,  93,  53,  44, 178,  57, 171,  20,  67, 196,  87,  56, 167,  60,  59, 185, 172, 125,  23,  21,  34,  47, 170,   8,  22,  70, 156,   6, 110, 179, 164,   7, 158,  58],
  [  1,  88,  68, 196,  69,  67, 171,  90,  53, 103,  60,  58,  59, 100,  47,  61,  70, 172, 144, 114, 101, 197,  71,  20, 142, 179, 178,  21,   6, 102,  81, 111,  22, 125,  45, 110, 164,  23,  87, 131,  92,  34,  91, 156,   8, 191,   7,  93, 185,  94],
  [131,  84,  85,  19, 182,   5,  33,  99,  62,  18,   3,   4,  12,  26,  15,  42,  27,  28,  14,  16,  17,  29,   2,  11,  41,  13, 111,  43, 113,  77,  25,  51, 183,   1,  76,  30,  87,  82,  32,  67,  40,  66, 186,  47,  31,  91, 185,  52, 180,  48],
  [126,  72,  68, 167,  61,   1,  70,  67,   0, 110,  24,  48, 130,  69, 166,  71,  73, 188,  95, 189,  90, 163,  52, 181,  59, 129,  58, 128, 180,  60, 194, 185, 165, 171,  88,  38, 108, 172, 193, 173, 184,   9,   8,   7, 149, 116, 156, 179, 177, 158],
  [182,  85,  73,  84,  82,  48,  52, 180, 131,  86,  83, 159,  51,  99, 186, 189, 170,  65,   5,  33,  25,  19,  42,  64,  80,  50,   4,  17,   3,  16,  13,  18,  77,   2,  15,  41, 113,  12,  29, 195,  11,  26,  28,  14,  27,  91,  43,  76, 187,  49],
  [197, 164, 190, 195, 170, 173, 183, 115, 172, 136, 171, 151,  35, 109, 146, 156, 169,  36, 139, 155, 192,  94, 152, 119,  37, 186, 168, 154, 107, 135, 137, 133, 153, 150, 108, 118, 123, 158, 116, 175, 144, 122, 176, 105,   6, 138, 121, 189, 161, 132],
  [197, 170,  94, 186, 192, 173, 180, 164, 114, 108, 104, 115, 172, 158,  36, 142,  35, 195,  37, 155, 119, 152, 136, 156, 122, 154, 135, 133, 123, 176, 169, 116, 137, 138,  20, 139, 121, 161, 190, 175,  38, 168, 120, 153, 118, 182, 140, 151,   6, 105],
  [114, 197, 142, 173, 156, 178, 135, 119, 188,  36,  34, 170, 192,  37, 151, 133, 164, 155,  50, 137,  89, 154, 139, 118, 172, 123, 174, 136, 175,  35, 116, 169,  94,  38, 147, 158, 138, 152, 115, 122,  22, 180, 121, 120, 153,  20, 129, 148,  21, 161],
  [173,  35, 192, 133, 143, 119, 174, 152, 124, 109, 159, 123,  37, 136,  38,  36, 175, 140, 115, 188,  34, 120, 118, 155, 149, 138, 190, 116, 135, 154, 161, 153, 148, 137, 121, 169, 181, 122, 130, 134, 165,  94, 147, 151, 129, 104, 139, 105, 177, 128],
  [182,  52,  48, 131,  51,  85, 180,  72,  84, 186,  83,  73, 157, 185, 128,  77, 159,  67,  62, 183,   0,  91,  95,  82, 195, 168, 108,  86, 170,  80,   9,  65, 150, 163,  49, 147, 177,   7, 189, 187, 166, 130,   8,  94, 165,  70, 149,  79, 167,  63],
  [  1, 111,  55,  88, 141,  24,  68,  69,  46,  56,  67,  45,  70,  97, 100,  54,  31,  39, 102,  30,  43,  19,  81,  14,  32,  15,  11,  42,  13,  10,   3,  27,   2,  17,   4,  40,  28,  16,  12,  29,  26,  18,  41, 125, 101,   5, 127,  95,  25,  57],
  [  1, 102,  69,  81,  45,  88, 145, 114, 100, 103, 125,  90,  68,  92,  56, 142, 144,  53,  55,  44, 197, 185, 167,  20,  93,  57, 196,  46, 178, 141,  23, 179, 146,  47,  67, 171,  21,  24,  59, 101,  22, 172,   8,  60, 158,   9, 193, 107,  94,  95],
  [  1,  45, 197, 114, 103, 100,  81,  90, 142, 102,  88, 167, 145,  44, 125, 178, 171, 144,  69,  93,  92,  57,  20, 172,  56, 185,  23,  21,  68,  34,  22,  47, 158, 146,  87, 164,  46,  59,  53, 170, 107, 115, 196, 110,  60,  67, 156, 192, 126, 101],
  [  1,  90, 197, 171, 100,  69,  68,  67, 167,  88,  45,  81, 185, 111, 178, 142,  53,  92, 101, 103,  44,  93,  59,  70, 170, 144, 114,  60, 172, 196,  87,  71, 102, 110, 125,  20, 145,   8,  47, 126,  56,  58,  23, 179, 164,   7, 107,  21, 156,   6],
  [182,  52,  84,  85,  51,  83,  62,  48,  65,  82,  63,  64,  66, 131,   0, 186,  79, 180,  86,  77,  73,  99,  76,  80,   5,  72, 159,  19,  42, 113,  25, 112,   4,   3,  26,  17,  29,  15,  18,  27,  16,  28,  41,  13,  12,  14,  11,   2,  74,  95],
  [182,  84,  85,  83,  66,  52,  99,  62,  65,  63,   5,  19,  18,   4,   3,  25,  26,  17,  29,  27,  28, 113,  42,  15,  12,  82,  41,  86,  16,  14,  13,   2,  11,  48,   0,  51, 112, 131,  64,  43,  73,  98,  32, 127,  30,  79,  40, 180,  80, 159],
  [182,  84,  85,  83,  99,   5,  66,  19,  65,  18,  52,   4,   3,  25,  26,  29,  27,  15,  42,  12,  17, 113,  41,  86,  28,  16,  13,  14,  11,   2,  62,  63,  82, 131,  43,  48,  51, 112,  32,  30,  98, 127,  64,  40,  33,   0,  79,  73, 180,  75],
  [112,  79,  75,  65,  63,  64,  66, 182,  39,  30,  80, 127,  40,  76,  31,  25,  86, 113,  32,  98,  55,   5,  41,  15,  42,  16,  18,  27,  26,  19,  29,   4,  43,  17,  11,  13,   3,  28,  14,  12,   2,  97,  10,  78,  87,  99,  62,  44,   0,  56],
  [170,  94, 146,  48,  76,   1, 195,   6, 180, 192, 114,  91, 161, 158,  77, 107, 133,   9, 144, 176, 122, 150, 164, 108, 185, 147, 186, 138, 153, 160, 157, 132, 137, 183, 172, 134, 151,  20, 142, 135, 169, 182,   8,  70, 148, 155, 154, 120, 175,  34],
  [172, 192, 115, 107, 144, 140, 169, 185,  37,  36, 155, 173,  20, 122,  35, 164, 114, 190, 137, 153, 139, 123, 154, 158, 136,  38, 118, 152, 105, 117,  22, 124, 132, 138, 121, 116, 191, 119,  21, 109,  34, 181, 146, 183, 151, 175, 178, 176, 120, 104],
  [172, 114, 192, 144, 115,  20, 169,  36,  37, 197, 155, 173,  35, 170, 164, 140, 107,  34,  21,  22, 137, 178, 139, 154, 122, 118, 121, 124, 191, 190, 158,  38, 117, 123, 153, 119, 185, 152, 181, 136, 132, 138,  94, 105, 151,  23, 116, 120, 175, 109],
  [172, 114, 144, 115, 192,  35, 169,  36, 107,  37, 155, 173, 190, 140,  20, 178, 170, 191, 164, 118, 139, 122,  34, 181, 185, 137, 123,  22, 124, 154, 105, 153,  21, 136, 121, 152, 117, 183, 138, 158, 132, 151, 176, 189, 109, 146, 119,  38, 187, 135],
  [181,  35, 172, 115, 114, 109, 192, 124, 104, 173,  36,  37,  70,  20, 193, 144,  21, 102,  22, 169, 140,  23,  67,  60, 155,  34, 105, 190, 118,  38,  59, 158, 191, 178, 139, 103, 154, 152, 123, 137, 122, 185, 125, 121, 143, 117, 120, 153, 119, 106],
  [182,  83,  84,  73, 112,   0,  62,  99,  65,  10,  85,  25,   3,   4,  27, 113,  26,  15,  28,  13,  12,  29,  41,  17,  42,  18,  63,  16,  11,  14,  86,   2,  66,   5,  79,  40, 127,  98,  32,  43,  52,  78, 184,  30,  64,  72,  51,  19,  82,  97],
  [182,  52,  84,  85,  83,   0,  82,  51,  48,  65, 186,  73,  62,  72,  64, 180,  86, 112,  66,  99,  63,  97, 159,  76,  25,  74, 113, 127,   3,  29,  61,  26,  17,   4,  18,  42,  28,  41,  27,  16,  77,  15,  94,  13,   5,  12,  11,  14,  79,   2],
  [182,  52,  51,  84,  85,  65,  83,  64,  62,  79,   0,  48,  63, 186,  82, 131,  76, 180,  77,  66,  86,  75,  80, 167,  73, 195,  72,   5, 159,  74,  96,  99,  78, 112, 128,  25, 170, 113,  42,  19,   3,  26,   4,  29,  49,  16,  17,  95,  13,  27],
  [182,  84,  85,  83,  52,  62,  65,   0,  99,   3,   4,  73, 112,  25,  18,  42,  15,  26,  12,  29,  27,  17,  13,  28,  41, 113,  16,  14,  11,   2,   5,  63,  86,  82,  48,  66,  43,  19,  51,  79,  32,  40,  30,  76, 127,  64,  98, 159,  72, 184],
  [182,  84,  85,  52,  65,  51,  83,  62,  66,  63,  99,   0,  79,   5,  25,   3,  64,   4,  42,  18,  19,  29,  26,  86,  15,  27, 113,  12,  28,  17,  16,  13,  14,  41,  11,  82,   2,  76,  48, 112,  43, 180,  73,  30, 127,  40,  32,  98, 131,  80],
  [ 73, 182,  94, 108,  48, 128, 177, 165, 184, 159,  70, 190, 150, 173, 133, 149, 192,   0, 134, 116, 166, 152, 188, 153,  72, 193, 181, 161, 123, 119, 180, 148, 136, 120, 122,  52, 129, 174, 162, 138, 156, 140, 189,  61,  37,  38, 137, 155, 117, 147],
  [182, 159,  96,   0, 184, 194, 141,  94, 160, 112, 165, 149,  24, 150,  76, 143, 181,  72, 177, 108, 166, 173, 162,  10, 193, 133, 152,  73, 188, 120, 119, 126, 104, 190, 123, 161, 174, 140, 116, 175, 134, 128, 163, 136,  61, 153, 192, 124, 156, 148],
  [197, 167,  45,  92,  81, 145, 114, 100, 102,  80,   1,  89,  56,  33, 146, 170,  44,  75,  57, 195, 186, 142,  49,  93, 144, 164, 178,  20,  94,  88,  51, 103, 156, 158,  87,  53,  95,  34,  47,  79, 131,  74,   9,  23,  82, 171,  77,   6, 134,  22],
  [197, 114,  88, 103, 171, 144, 101, 172, 170,  34, 178,  69,  60,  21,  20,  59, 164, 191,  22, 100,  71,  70,  45, 196, 115,  58,  67, 102,   6, 190, 142,  36, 107, 125, 169,  37,  68, 192,  35,  93,  87, 155, 105,  23,  81, 158, 154, 139, 109,  46],
  [131, 170, 197, 195, 180,  48, 171, 183,  51,  52, 186, 168, 146, 157, 132, 187, 164,  77, 144, 147, 182, 107, 160,  85,   6, 151, 176, 150, 175, 159, 161,  79, 172,  82, 169, 136,  91, 139, 148,  65, 153, 134, 135, 189, 156, 117,  94, 142, 122,  66],
  [ 48, 131, 182, 189, 168, 159, 180, 187, 170, 157, 183, 190, 150, 195,  52,  91, 188, 176, 132, 117, 147, 128, 185, 160, 136, 165, 152, 172,  71, 169,  85, 148, 173, 139, 149, 109, 123, 153, 118, 107, 135, 151, 133, 137,   6, 191, 129, 175, 116, 162],
  [172, 190,  70, 182, 115, 168, 183,  35, 169, 192,  67, 187, 181, 173, 170,  37, 155, 140, 164,  36, 118, 107, 185, 122, 139, 191, 176, 123, 150, 158, 153, 104, 154, 189,  48, 105, 136, 135, 137, 117, 152, 108, 121,  71, 132, 138, 151,  20, 124, 146],
  [ 48, 189, 190, 172, 168, 187, 173,  67, 183, 169,  71, 109, 115, 181, 117,  70, 107, 176, 139,  36,  37, 150, 131, 118, 185, 192, 155, 132, 105, 136, 152, 188, 123, 191, 137, 140, 159, 182, 153, 154, 122,  60,  35, 135, 151, 129, 148, 157, 147, 116],
  [ 48,  67,  68,  70, 189, 181, 173, 172,  71, 190, 128, 176, 118,  37,  38, 159,  36, 135, 188, 116, 150, 169, 152, 187, 117, 153, 137, 130, 119, 133, 138, 155, 168, 192, 148, 123,  94, 136, 122, 139, 154, 129, 165, 140, 132, 110,  35,  60, 107, 143],
  [  1, 167,  90, 142,  68,  52,  69,  88,  50,  67, 197,  70,  82,  45, 186,  95,  49,  53, 171, 179, 110, 126,  51, 128, 156, 180,  61,  97,  94,   9,  92,  44, 100,  74,  71,  93, 196,  64, 172,  83,  60, 158,  24,  59, 129, 170, 135,   8,   7,  54],
  [114, 102, 103,  34,  20, 178, 192, 164,  22,  21,  36, 115, 158,  23,  94,  37, 155, 154, 121, 175, 172,  35, 156, 119, 169, 137,  38, 139, 118, 177, 122, 109, 120, 173, 152, 151, 144, 116, 124, 140, 161, 153, 138, 136, 174, 107, 123, 106, 125, 193],
  [141, 102,  46, 125, 145, 103, 114, 126,  24, 104, 193,  45,  20, 143,  35, 144,  23,  55, 124,  92,  93, 181, 133, 158,  22,  21,  57, 106, 119, 160, 184, 166,  34, 164,  81, 120, 101, 115, 118, 162, 192, 161, 140, 175, 178, 134, 138,  54, 135, 177],
  [ 45, 126,  46, 103, 114,  57, 102, 145,  92, 141,  81, 125,  44,  56, 100,  55, 184,  93,  89, 101,  75,  24, 144, 104, 178,  34,  20,  23,  87,  35,  22,  47,  21, 167,  31, 164, 158,  79, 124, 143, 142, 106,  54, 133, 193, 119, 115, 110, 156, 134],
  [ 57,  56,  45,  44,  81,  75,  46,  55, 184, 100,  31,  89, 101,  33,  87,  47,  30, 141,  40,  92, 126,  79, 103,  19,  43,  32, 114,   5,  39,  76, 145,  98,  42, 125,  25,  78,  14,  13,  41,  15,  11, 102, 113,  80,   2,  16,   3,  27,  29,   4],
  [114, 103, 145,  45, 126, 102,  81,  92, 100,  46,  88, 125,  93, 101, 142, 178, 141,  57, 144,  69,  44,  34,  23,  20,  24,  21, 104,  56,  22,  53, 158, 184, 197,  59,  68,  90, 143, 110,  35, 106, 124,   8, 119, 193, 164, 172, 167,  55, 192,  38],
  [ 81,  33,  19,  56,  44,   5,  31,  99,   1,  57,  87,  47,  41,  18,   3,  27,  45,   2,  26,  28,  15,  11,  12,   4,  14,  16,  13,  42,  29, 100,  43,  17,  32, 113,  40,  98,  25,  30,  86, 127,  55,  39, 111,  88,  89,  74,  49,  75,  51,  84],
  [ 19,   5,  51,   0,  84,  86,  99,   3,  63,  29,  42,  26,  66,   4,  28,  15,  27,  13,  41,  14,  16,  12,  17,  43,  11,  18,   2, 127,  25,  65, 113,  30,  40,  98,  32,  52, 167,  74,  64,  33,  79, 182,  82,  31,  49,  75,  39,  83,  80, 112],
  [197, 185, 170,  71, 172, 131, 180, 178,  68,  70,  60,  88,  67, 189, 139, 109, 195, 191, 142,  36, 169,  59,  34, 115, 117, 190,  69,  37,   7,   8,  48, 132, 107, 151, 155, 192, 116, 108, 171, 188, 121, 154, 118, 173,   1, 187, 114, 137, 129,   6],
  [180, 134, 136, 149, 116, 128, 108, 178, 129, 195, 148, 165, 132, 197, 139, 147, 192, 153, 173, 156, 172, 117, 121, 138, 107, 169, 137, 154, 161, 175, 151, 152,  37, 122, 120, 185, 162, 135,  36, 123, 155, 119, 140,  93, 150, 142, 146, 177, 143, 118],
  [ 52, 182,  48,  51,  84, 131,  85, 180,  82, 186, 159, 157,  49,  62,  50,  73,  63,  65,  83,  66,  64, 195, 189,  79, 168,  77, 187, 170,  96,  95, 183,  80,  86,  78,  76, 165, 150,  91,  72,  99,  94, 160, 128, 130,   0,  19, 146,  67, 176,   5],
  [ 48, 182,  52, 131,  67,  73, 180, 128,  72, 189, 157, 159, 168,  85, 183, 187,  94, 130,  70,   1, 150,  91, 190, 195,  71, 185,  95, 186,  84,  82, 172, 107, 165, 108, 117, 177, 147, 132,  68, 176, 148,   9,  60, 146, 129,  51,  61, 149,   7, 139],
  [182,  48, 159,  52,  84,  85,  62, 131,  72, 157,  83, 189,  61, 168, 183,  73,  67,  91, 180, 187, 190, 130,  71, 150,  82, 128,  70, 165, 196,  66,  77,  94,  95, 176, 160, 109, 149, 132, 177, 163, 188, 112, 129, 148, 152, 147,  63,  51, 117,  60],
  [182, 159,  61,  85,  48,  73,  72, 189,  84,  52, 131,  83, 187, 188, 128, 190, 180, 130, 157, 150, 165, 168, 183,  71,  82, 108, 149,  91, 173, 176, 181,  67,  70,  94, 129, 117, 109, 148, 143, 123, 152, 194,  62,  96, 160, 105, 196, 116, 162, 147],
  [182,  48,  52,  85,  62,  84, 159, 131,  51,  82, 183,  73,  83, 157, 168, 189, 180,  63,  91, 187,  72,  50,  77, 128,  65,  61,  67, 130, 190, 150,  86,  66,  95, 165,  76, 176, 186, 170,  94,  79, 188, 147,  64, 160, 152,  71, 149, 195,  99,  90],
  [182,  48,  67,  70,  73,  72,  71,  85, 159,  61, 189, 187, 190, 131, 168, 157,  52, 128,  60,  84,  68, 183, 150, 185, 130,  91, 177, 165, 105, 180,  83, 188, 181, 191, 117, 107,  59, 129, 176, 172,  58, 109, 173,   6,   7, 152, 108, 169,  95, 116],
  [102,  46, 141, 125, 114, 103, 145,  45,  88,  20, 144,  23,  92,  24,  93,  22,  21,  55, 104,  94, 177, 193,  53,  81, 164,  57, 100, 181,  54, 178, 156, 192, 146,  56, 124,   1, 158, 142, 110, 166, 196, 115,  34, 172,  60,  35, 140, 107,  77,  59],
  [102, 114, 103, 145, 125, 126,  45,  93,  92, 144,  46,  20, 141, 178,  23, 142,  21, 104,  22,  34,  24, 193, 124, 158, 100, 110, 192,  81, 164, 185, 156, 172,  35, 115, 143, 119, 106,  59,  37, 181, 140,  36, 146,  38, 134, 118, 155, 137,  53, 121],
  [103, 114, 102,  45, 126, 145, 125,  92,  81,  46,  93, 141, 100, 178, 142, 144,  44,  24,  20,  23,  57, 167,  34,  56,  21,  22, 104, 158,  55, 193, 124,  35, 164, 110, 106, 119,  69, 192,  59, 115, 172, 143,  36,  53,  37, 156, 134,  38, 140, 155],
  [  1, 167,  81,  90,  53,  95,  51, 171,  49,  92,  72,  97,  80,  99, 100,  74,  79,  52,  28, 163,   3,  29,  27,  41,  13,  15,  26,  12,  11,  14,   4,   2,  18,  16,  56,  68,  17,  45,  42, 127,   5,  43, 145,   0, 113, 131,  98,   9,  65,  31],
  [ 84, 182,  52,  83,  85,  51,  86,   0,  99,  48,  66,  72,  73,  62,   5,  63,  19,  65,   3,  25,   4,  29,  15,  26,  28,  18,  42,  12,  17,   2,  27,  13,  41,  14,  11, 113,  16,  82, 167, 186, 180, 127,  98,  32,  78,  43,  64,  33,  40,  30],
  [182,  84,  85,  52,  83, 131,  66,  48,  51,  86,  99,  82,  65,  63,  19,   5, 170,  33,   1, 180, 186,  62,  18,   3,  17,   4,  26,  29,  28,  16,  41,  12,  15,  25,  27, 113,  42,   2,  13,  14,  11,  73,  64,  80,  61,  72,  74,  77,  43, 183],
  [182,  84,  85,  83, 131,  52,  66,  82,  99,  48,  19,   5,  86, 186,  62,  51,  18,   3,   4,  63,  26,  17,  29,  12,  65,  28, 113,  15,  41,  16,  27,  42,   2, 180,  14,  11,  13,  25, 170,  33,  72,  77, 183, 111, 159,  43,  98,  64,  80,  61],
  [182,  84,  85,  83,  48,  62,  52, 131,  72,  73,  99,  61,  66, 159, 112,  18,   3,   4,  26,  28,  17,  27,  29,  12,  15,  25,  41,  42, 113,  16,   2,  14,  13,  11, 180,   5,  19, 189, 157,  82,  65,  86,   0,  91,  63,  67,  51, 183, 187,  43],
  [182,  84,  85,  52,  48,  83,  66,  99, 131,  65,  62,  63,  82, 159,  73,  86, 180,  19,   5,  18,   4,  25,   3,  17, 113,  26,  29,  42,  12,  16,  28,  15,  41,  27,   2,  14,  13,  11, 189,  51,  72, 157,  79,  64,  33, 112,  91, 186, 183,  43],
  [182,  84,  85,  83,  52,  48,  99,  66,  82,  62, 131,  86,  51,  65,  19,   5,  73,  63,  18,  25,   3,   4,  17,  26,  29,  42, 159, 180,  28,  12, 113,  27,  16,  15,  41,   2,  13,  11,  14, 186,  72,  43,  61,  64, 112,  98, 189,  32,   0,  33],
  [182,  84,  85,  48,  52,  83, 131,  73, 159,  66,  99,  62, 180,  65, 189,  63,  82,  72,  86,  61,  51,  25,  18,   5,  19,   4,   3,  17,  26,  29,  28,  12, 113,  27,  16,  41,  15,  42,   2,  11,  13,  91,  14, 157, 183, 168, 112, 186, 187,  33],
  [182,  84,  85,  48,  66,  83, 159,  62,  52,  99,  72,  65,  86,  73, 112, 189, 180,  63,  61,  82,  25, 183,  18, 157, 131, 113,   4,   3,  17,  29,  26,  28,  42,  41,  12,  16,  91,  15,  27,  11,   2,  14,  13,  19, 168,   5,   0, 190, 187,  98],
  [182,  84,  85,  66,  83,  99,  65,  52,  19,  62,  48,  63,  86, 131,   5,  82,  51,  18,   4,   3,  25,  42,  17,  26, 113,  29,  16,  28,  41,  12,  15,  27,  14,   2,  13,  11,  79, 159, 180,  33,  43,  64,  76,  32,  77,  30,  98, 186,  73, 112],
  [182,  48, 159,  85, 131,  52, 183, 157,  62,  84,  72,  73,  61, 168, 189,  77,  91,  66, 190, 187,  76, 180,  83, 150, 128,  94,  82,  67, 130, 165, 177,  63, 176, 108, 152, 109, 160,  65, 181, 149, 191, 117, 148, 147,  70, 129, 132,  95, 188, 162],
  [170,  51,  65,   1,  64,  77, 195,  79, 186,  80, 180, 131, 197,  92, 146, 144,  63,  87,  85, 167,  90, 185, 156,  86,  94, 171,  49,  66,  78, 111,  45,  52,  48, 168, 145, 128,  84, 166,  76,  93, 147, 107,  75,   9, 161,  89,  82,   6,  73, 179],
  [141, 102, 125,  24,  46, 145, 114,  88, 103, 196,  55, 144,  20,  69, 181,  67, 193, 104,  45,  70,  68,  23,  94,  54,  60,  22,  21, 185, 166,  59, 177,  56, 124,   6,  58, 115, 179,  92,  35, 146, 192,  76,  57, 158,  77,  39, 107,  81, 100, 172],
  [114, 102, 103, 145,  45, 125, 126,  92,  46,  93, 144,  81, 141, 100, 178, 142,  20,  23,  21,  57,  22,  34, 104,  44,  56, 167, 158,  24, 164, 193, 124,  35, 197,  55, 146, 172, 115, 192, 106, 119, 156, 185, 110,  36,  69,  59,  37, 134, 140, 155],
  [182,  84,  85,  66,  83,  99,  52, 131,  19,   5,  48,  86,  65,  63,  82,  33,  18,   3,   4,  26,  29,  12,  28,  17, 113,  41,  15,  16,  27,   2,  25, 180,  42,  11,  14,  13,  62, 186,  51,  64,  72,  43,  98, 127, 170,  61,  32,  75,  80, 183],
  [182,  84,  85,  66,  83,  99,  48,  65,  52,  62,  86,  63,  19,   5, 131,  25,  18,   4,   3, 113,  17,  29,  26,  28,  12,  15,  41,  42,  27,  16,   2,  14,  11,  13, 180,  82, 159,  73,  33,  64, 112,  51,  43,  98,  79,  32,  78, 189,  72,  61],
  [182,  84,  85,  48,  83,  52,  66,  82, 131,  99, 159,  86, 180,  65,  62,  63,  73,  19,   5,  25,  18, 113,   4,   3,  17,  29,  26,  42,  16,  28,  41,  12,  27,  15,  51,   2, 183,  11,  14,  13, 189, 170,  72, 186, 168, 157,  33,  61,  76,  91],
  [182,  84,  85,  48,  83,  66,  52, 131,  99, 159,  82,  62,  73,  65,  86,  63, 180,  19,   5,  25,  18,   4,   3, 113,  17,  26,  29,  42,  16,  28,  12,  27,  15,  41,   2,  51,  11,  14,  13, 189, 183,  72, 170,  91,  76, 157, 186,  33,  43, 112],
  [182,  84,  85,  48,  83,  52,  66, 131,  62,  99,  82, 159,  65,  86,  63, 180,  73,  19,  51,   5,  25,  18,   4,   3,  17, 113,  26,  29,  42,  28,  16,  12,  27,  41,  15,   2,  61,  11,  14,  13,  72, 189, 183, 186, 157, 170, 168,  76,  64,  91],
  [182,  84,  85,  48,  52,  83, 131, 159,  66,  62,  73,  82, 180,  99,  72,  61, 189,  63,  86,  65,  51, 183, 157, 168, 187,  91,  18,  25,   4,  19,  17,   3, 186,   5, 113,  26,  29,  28,  12,  16,  42,  27,  41,  15,   2,  11,  13,  14, 170,   0],
  [182,  84,  85,  48,  83,  52,  66,  99,  82,  62, 131,  86, 159,  63,  19,  65,  73,  25,  18,   5, 180,   4,   3,  17, 113,  29,  26,  42,  28,  16,  12,  27,  41,  15,   2,  11,  13,  14,  72,  61,  51, 189, 183, 157, 112,  43,  33, 186,  98, 170],
  [182,  84,  85,  48,  83,  52,  66,  99,  62, 131, 159,  86,  82,  73,  19,  63,  25,  18,   5,   4,   3,  17,  29,  26,  42,  28,  12,  16,  65,  27,   2,  15, 113, 180,  41,  72,  11,  14,  13, 189,  61,  51,  33, 183, 157,  91,  43, 112, 186,  98],
  [182,  84,  85,  48,  52,  83,  66, 131,  99,  62,  82, 159,  86,  65,  63, 180,  73,  19,  51,   5,  25,  18,   4,   3,  17, 113,  29,  26,  42,  28,  16,  12,  41,  27,  15,   2,  11,  13, 189,  14,  72, 157, 183,  61, 186,  91, 170, 168,  33,  64],
  [182,  84,  85,  48,  83,  52,  66,  62, 159,  99,  73, 131,  82,  86,  72, 180,  63,  61,  65, 189,  25,  18,  19,   4,   3,  17,   5,  26,  29, 113,  28,  42,  16,  27,  12,  41,  15,   2,  51,  11,  14,  13, 183, 157,  91, 168, 112, 187,   0, 186],
  [182,  84,  85,  83,  66,  99,  48,  52, 131,  19,   5,  18,   4,   3,  86,  17,  25,  26,  42,  29,  82,  28,  12,  62,  15,  16,  27, 113,  41,   2,  14,  13,  11,  65,  63,  33, 159,  51,  43, 180,  73, 170,  32,  76,  30,  98, 186,  72, 183,  40],
  [182,  84,  85,  83,  48,  52,  99, 131,  73,  19,   1,   5,  18,   3,   4,  17,  28,  26,  12,  27,  15,  29,  86,   2,  16,  42,  13,  41,  14,  11,  61,  25,  82,  72, 113,  51,  66,  62,  43, 180,  67,  33, 186,  32,  98,  63, 127, 189, 159,  65],
  [182,  94, 177, 181,  61, 159, 128,  67, 190, 130, 150, 183, 109, 193, 168, 192, 161, 149, 131, 175,  70, 196, 163, 162,  73, 156, 118, 148, 152, 132, 117, 134, 165,  77, 153,  72, 107,  60, 115, 108, 173, 185, 172, 171, 169, 137, 164, 139, 129, 151],
  [102, 114, 145, 103,  45, 125, 126, 141,  92,  93,  46, 144, 100,  24,  20,  81, 178,  23, 142,  21, 104,  22,  88,  34,  69, 193,  53,  57, 158,  44, 124,  55, 143, 110, 185,  59,  56, 164, 106,  35, 192, 119, 181, 156, 146, 172, 101, 115,   8,  38],
  [182,  48, 159,  84,  52,  85, 180,  66, 131,  73, 189, 157, 183, 168,  61,  83,  82,  62, 187, 190,  63,  65, 150,  91,  72,  51, 165, 130,  77,  94, 188, 160,  79, 128,   0,  96, 112, 186, 176,  76,  95, 149, 108, 147, 152, 194, 170, 148, 129,  64],
  [182,  84,  85,  48,  83,  66, 159,  52, 131,  99,  73,  65,  63,  82,  62,  86, 112, 180,  25,  19, 189,  18,   5, 113,   4,   3,  17,  29,  26,  16,  27,  28,  41,  42,  12,  15, 183,  11,  14,   2,  13,  91,  72,  61,  77, 157, 168,  76,  79,  64],
  [182,  84,  85,  66,  82, 112,  99,  83,  63,  25,  19,  65, 113,  17,   5,  42,  18,  86,   4,   3,  11,  29,  27,  16,  12,  14,   2,  15,  28,  26,  41,  13,  62,  32,  10,  43,  48,  64,  98,  30, 159,  52,  40,  76,  51,  79, 127,  77,  80,  39],
  [ 48,  52, 182, 159,  85,  73,  84, 131, 189,  50,  51,  82, 180, 168,  83, 187, 150, 157,  49, 183, 190, 130, 165,   0, 188, 160,  72,  66, 195, 186,  63, 133,  62, 128,  86, 147, 151, 148, 176, 136, 153,  80,  91, 135,  96, 152, 149,  65, 129, 123],
  [182,  84,  85,  48,  83,  52,  73,  66,  82, 159,  99,  62,  86, 131, 180,  65,  63,  51, 189,  72,  25,  61, 113,  18,  17,   4,   3,   5,  26,  29,  42,  28,  16,  41,  12,  27,   2,  15,  11,  13,  14, 157,  19, 186, 112,  64, 170, 168,  78, 183],
  [182,  84,  85,  48,  52,  83, 159, 131,  82,  73,  62, 180, 189,  66,  99,  72,  51,  65,  63, 157,  61, 183,  86, 168, 187,  91, 186,  25,  18,   4,  17,  77,   3,  26, 113,   5,  29,  28,  12,  42,  16,  27,  41,   2,  15,  13, 190,  11,   0,  14],
  [182,  84,  85,  48,  83,  52, 159, 131,  73,  66,  99,  62,  82,  72, 189, 180,  86,  91,  63,  18,  25, 183,  61,   4,  65,  17,   3,  26,  29,  28, 113,  12,  42,  16,  27,  15,   2,  41,  11, 157,  14,  13,  19,   5, 168, 187,  51,  67,   0, 190],
  [182,  84,  85,  48,  52,  83,  66, 159,  82, 131, 180,  99,  62,  73,  63,  65,  86, 189,  72, 183, 157,  51,  61, 168,  25,  18,  19, 186,   4,  17,   3, 113,   5,  29,  26,  28,  16,  42,  12,  27,  41,   2,  15,  11,  91,  14,  13, 170, 187, 190],
  [182,  84,  85,  48,  83,  66,  52, 159,  99,  73,  62, 131,  82,  63,  86,  65, 180, 189,  25,  18,  72, 113,   4,  17,   3,  19,  26,  29,   5,  28,  16,  12,  42,  27,  41,   2,  15,  11,  14,  13,  61,  51, 157, 183, 112,  91, 168, 187,   0, 186],
  [182,  84,  85,  48,  83,  66,  52, 131, 159,  99,  62,  82,  86,  73,  63, 180,  65,  19,  25,  18,   5, 189,  72,   4,   3,  17, 113,  26,  29,  28,  42,  51,  16,  12,  27, 183,  41,  15,   2,  11,  13,  14,  61, 157,  91, 168, 170,  33, 186, 187],
  [182,  84,  85,  48,  83,  52,  66, 159,  82,  99,  62, 131,  73,  86,  72, 180,  63,  61, 189,  65,  25,  18,   4,  17,   3, 113,  26,  29,  28,  12,  42,  16,  27,  19,  41,   5,   2,  15,  11,  13,  14,  51, 157, 183,  91, 168, 112, 187,   0, 186],
  [182,  84,  85,  48,  83,  66,  52,  99,  62,  86,  65,  63, 159, 131,  82, 180,  73,  19,  25,   5,  18,   4,   3, 113,  17,  29,  26,  28,  42,  16,  12,  41,  27,  15,   2,  11,  51,  13,  14, 189,  72, 183, 112,  61,  64,  33, 157,  91, 186,  43],
  [182,  84,  85,  66,  83,  48,  99,  62,  52, 131,  19,  86,   5,  82,  25,  18,   4,   3,  65,  17,  26,  29,  42,  28, 113,  12,  16,  15,  27, 159,  41,   2,  11,  14,  13,  63, 180,  33,  51,  43,  73, 183,  76, 170,  32,  91, 186,  72, 157,  30],
  [182,   1,  85,  84,  83,  61, 131,  48,  52,  73,  51,  72,  77,  95,  67,  82,  19,  99,  76,   5,  74,  94,  68,  62,  17, 186,   3,   4,  28,  12,  27,  15,  26,  86,  29,  14,  42,  11,   2,  18,  13,  16,  41,  25,  88,  91, 159, 113,  80, 157],
  [182,  85,  84,  48, 180,  83,  52,  73,  72, 131, 170, 189, 159, 186, 183,  61,  82, 168,  86,  99,  91,  51, 190, 157, 187,  62,  71,  33,  67, 188, 128, 197, 150,  65,  70,  66, 195, 108,  77,  63, 130,   1,   5,  18, 171,  90,   3,   4,  25,  19],
  [182,  85,  84,  83,  48,  52,  82,  73, 159, 131,  66,  86,  65,  99,  62,  63,  72,  25, 113,  51,  18, 183,  17,   5,   4,   3, 180, 170,  29,  16,  26,  42,  28,  41,  12,  27,  15,  13,   2,  19,  14,  11, 186, 189,  77,  76, 112,  61, 157, 168],
  [ 84, 182,  85,  48,  52, 131,  83, 189, 180, 170,  73,  82, 159,  66,  61, 171,  72, 183, 186, 168, 190, 157,  99, 187,  62,  67,   0,  63,  71,  51,  65,  91, 128,  70, 197, 165, 195, 130,  18,  25, 113,  17,  26,   4,  29,  12,  28, 150,   3,  16],
  [ 48,  73,  52, 182, 131,  72,  67,  83,  68, 189,  84,  61,  70, 128,   1,  82, 159,  85, 130,  90,  71, 196, 157,  95, 187,  94, 180, 168, 190, 165, 163,  60, 179, 186, 129, 181,  53,  91,   9, 185, 177, 150, 117, 149,   7, 171, 148, 108,  51, 195],
  [182,  48,  84,  85,  52, 159, 189,  72, 131,  73,  83, 180,  61, 187, 190, 168,  91, 183, 188, 157,  62,  71, 130, 150, 128,  82, 165,  67, 170, 171,  99, 176,  70, 129, 109,  65, 149,  51, 152,  94, 105, 148,  66, 173, 191, 108,  50, 160,  63, 147],
  [182,  85,  84,  48,  52,  83, 159,  62,  73, 131,  82, 189,  66,  72, 180,  99, 183, 157,  63,  65,  86,  61, 187,  91, 168,  51,  67,  25, 190,  18,   4,  17,   3, 113,  42,  26,  29,  28,  16,  12, 186,  27,   2,  41,  19,  15,  71,  13,  76,  11],
  [182,  84,  85,  48,  52,  83, 159, 131,  73,  62,  82,  66, 189, 180,  72,  99, 183,  61,  63, 157,  86,  91,  65, 168, 187,  25,  18, 190,  51,   4,  17,   3, 113,  26,  42,  19,  29,  28,  16,  12,  67,  27,   5,   2,  41,  15,  11,   0,  13,  14],
  [182,  85,  84,  48,  83,  52, 159,  73,  82, 131,  66,  62,  99, 189, 180,  61,  72,  86,  63, 183,  65, 157, 168, 187,  91,  25,  18, 113,  51,   4,  17,   3,  26,  29, 190,  16,  42,  28,  27,  12,  41,   2,  11,  15,  76,   5,  13,  14,  19, 112],
  [182,  84,  85,  48,  83,  52, 159,  73,  62,  82,  66, 189,  99,  72, 131,  86, 180,  63,  65,  25,  61, 157,  18,   4, 113,   0,  17,   3,  26,  29,  42,  28,  12,   2,  16,  27,  15,  41,  11,  13,  14,  91,  51, 187, 183, 112, 168,   5,  19, 190],
  [182,  84,  85,  48,  83,  52, 159, 131,  66,  82,  73,  62,  99, 180,  86,  63,  72, 189,  51,  65,  61, 183,  25,  18,  19,   5,   4, 157,  17, 113,   3, 170,  26,  29,  28, 168,  16,  12,  42,  27,  41,   2,  15, 186,  11,  13,  14,  91, 187,  33],
  [182,  84,  85,  48,  83,  52,  66, 131, 159,  73,  82,  99,  86,  62, 180,  63,  65, 189,  72,  61, 183,  25,  18,  19, 113,   4,   5,  17,   3, 157,  26,  29,  51,  16,  28,  42,  12,  41,  27,   2,  15,  11,  14,  91,  13, 168, 187, 112, 170, 190],
  [182,  84,  85,  48,  83,  52,  66, 159,  73,  99,  62, 131,  82,  86,  63,  72, 180,  61, 189,  65,  25,  18,   4,  19,   3,  17,  26,  29, 113,  28,   5,  42,  16,  12,  27,  41,   2,  15,  11,  13,  14, 183,  91, 157,  51, 187, 112, 168,  33,  43],
  [182,  84,  85,  83,  66,  48,  52,  99,  86,  82, 131,  63,  62,  65, 159,  19,  73,  25,   5,  18, 180,   4,   3,  17, 113,  29,  26,  28,  42,  16,  12,  27,  41,  15,   2,  11,  13,  14,  72,  51, 189,  61,  33, 112,  43, 157, 183,  98,  64, 186],
  [182,  84,  85,  48,  83,  52,  66,  99, 131,  82,  86,  62, 159,  63,  65, 180,  19,  73,   5,  51,  25,  18,   4,   3,  17, 113,  29,  26,  28,  42,  16,  12,  41,  27,  15,   2,  11,  13,  14,  72, 189, 183, 186,  33, 157,  61, 170,  64,  91,  43],
  [182,  48,  85,  84, 159,  61, 189, 131,  52,  73,  83,  72,  82, 187, 183, 190, 168, 157, 180,  62,  67, 130,  70, 128,  91,  71, 150, 196,  66, 165, 188, 111,  68, 181, 176, 109,  77, 129,  95, 112, 117, 108, 173,  63, 152,  60,  99, 147, 149, 170],
  [182,  85,  84,  48,  86,  66,  83,  62,  63,  76,  65,  99,  82, 159,  52,  73,  19,  78,  25, 113,  42,  17,  18,   4,   5,  64,   3,  16,  51,  75,   2,  26,  41,  12,  11,  29,  28,  15,  27,  14,  13,  91,  33, 157, 180, 131,  77, 183,  43,  32],
  [182,  84,  85,  83,  48,  66,  99,  52,  82,  86, 131,  62, 159,  73,  18,  25,   4,   5,  17, 113,   3,  19, 180,  12,  28,  26,  29,  41,  16,  42,  15,  27,   2,  11,  61,  65,  13,  14,  63,  72, 189,  51, 183,  33, 186,  98,  91,  43, 112, 157],
  [182,  48,  52,  85,  84,  51, 180,  82, 131, 159,  83, 170, 186, 168, 189,  73, 157,  62, 183,  76,  65, 187,  63,  77,  50, 128,  66, 195, 190, 165, 150,  64,   0,  49,  91,  79, 188, 176, 130,  72,  67,  96, 147, 160,  95, 152, 129, 108,  86, 148],
  [182,  85,  48,  84,  83,  73, 159,  52,  72, 189,  61,  67, 131,  70, 187,  82, 157, 168, 190,  71,  62, 183,  91, 180, 130, 128, 150,  99, 188, 165,  51, 170,  86,   0,  96,  77,  66, 186, 196,  25, 109, 176,  60,  63, 129,  18,  17,  76,   4, 113],
  [182,  84,  85,  48,  52, 159,  83,  62, 131,  73,  72,  66, 189,  82,  61,  99, 157, 183, 180,  63,  91,  65, 168, 187,  51,  25, 112, 190,  86,  18,   4,   3,  17,   0,  26,  29, 113,  28,  12,  27,  16,  42,   2,  11,  15,  41,  14,  13,  67,   5],
  [182,  84,  85,  48,  52,  83, 159, 131,  82,  73,  62,  99,  66, 180,  72,  86, 189,  61,  65,  51,  63, 183, 157, 187,  25, 168,  18,  91, 170,   4,  19,  17,   5,   3, 113,  42,  26,  29,  16,  28,  12,  27,  41,   2, 186,  15,  13,  11,  14,  76],
  [182,  48,  73,  85, 159,  61,  72,  52,  84,  67, 131,  91, 157,  70,  83, 189, 187, 130, 168, 183,  94,  95,  71,  68, 190,  82, 194, 128,  62, 150,  76, 181, 165,  77, 196, 176, 180, 177,  60,  58,  51, 188, 160, 166, 108, 148, 129,   9, 117,  96],
  [182,  84,  85,  48, 131,  52,  83,  62,  66, 159,  99,  63,  82, 180, 189,  65,  61,  72, 157, 183,  73,  51,  91, 168,  18,   4,  86,   3,  25,  12,  17,  26,  28,  29,  27,  16,   2,  19,   5,  41, 113,  42,  15,  11,  14, 187,  13, 170,  67, 190],
  [182,  85,  84,  48,  83,  52, 159,  73,  82,  66, 189, 180,  99, 131,  62,  61,  72,  86, 183,  63,  65, 157,  25, 168,  18, 187, 113,   4,  17,  91,   3,  42,   0,  29,  26,  16,  28,  27,  12,   2,  41, 190,  11,  15,  19,  14,  13,   5,  76, 112],
  [182,  85,  84,  48, 131,  82,  52,  83, 159,  99,  66,  19,  65,  77,  91,  17,  73,  18,   4, 183,  25,  42,   5,   3,  16,  29,  28,  12,  26,  15,   2,  27,  13,  41,  11,  14, 113,  63, 157,  62,  86,  76, 168,  51,  43, 187, 180, 189, 112,  67],
  [190, 109, 173, 181, 189, 128,  71, 192,  94, 143, 130,  61, 172, 118, 150,  37, 188, 196, 119, 149, 108, 159,  36,  60, 139, 151, 123, 129, 152, 148, 115, 117, 116, 169, 120,  73, 121,  68, 137,  35, 162,  38, 136, 155,  72, 154,  70, 177, 124, 135],
  [182,  84,  85,  66,  48,  83,  52,  63,  65,  99,  62,  82,  51,  86,  25,  19,  42,  18,   4,   5,   3,  17, 113,  16,  29,  26,   2,  27,  28,  12,  41,  11,  14,  15,  13, 159, 131, 180,  43,  64,  78, 112,   0,  79,  73,  32,  98,  33,  30, 157],
  [182,  84,  85,  66,  48,  83,  52,  99,  86,  62,  63, 131,  65,  82,  19, 159, 180,  25,   5,  73,  18,   4,   3, 113,  17,  29,  26,  28,  42,  16,  12,  27,  41,  15,   2,  11,  14,  13,  51,  33,  72, 189, 170, 183, 157,  43,  91,  64,  61, 186],
  [ 75,  79,  63,  66,  87,  80,  65,  33, 197,  57,  89, 131,  45,  47, 170,  19, 100,  44,  64, 183,  77,  56,  92,   5,  99, 184,  86,  31,  82, 164,  62, 171, 144, 195,  85, 180,  84,  30, 113,  78,  51,  41,  43,  18,  16, 112,  46,  26,  15,  29],
  [ 73, 182, 189,  48,  61,  72, 159,  70,  71, 190,  85,  67, 131, 188, 130, 181, 187,  68,  83, 128, 180, 157, 150,  52,  84, 168, 165, 196, 109,  60, 173, 129,  91, 108, 149,  58, 176, 117, 143, 152, 148, 147, 123, 116, 183, 133, 162, 153,  94, 151],
  [182,  84,  85,  66,  83,  99,  48,  86,  52,  62,  19, 131,   5,  63,  18,  25,   3,   4,  65,  26,  29,  28,  17,  42,  12,  15,  27,  16,  41,   2,  11, 113,  13,  14,  82,  73, 159, 180,  72,  33,  51,  43, 112,  98,  32,   0,  61,  91, 189,  30],
  [182,  84,  85,  66,  48,  83,  52,  62, 131, 159,  99,  63,  82,  86,  65,  73,  19, 180,  72,   5,  18,  25,   4,   3,  17, 183,  29,  26,  42,  28,  16,  27,  15, 113,  12,  41,   2, 157,  14,  11,  13,  51,  61, 189,  91, 168, 112,  77,  33, 187],
  [182,  85,  84,  48,  52,  83,  61, 159,  73, 131,  72,  82, 180, 189,  66, 157, 183, 187,  99,  67,  62, 168,  70, 190,  71,  86, 186, 170,  91,  19,  25,   0,  18,  17,   5,   4, 113,   3,  29,  26,  42, 150,  28,  16,  27,  12,  51,   2,  41,  11],
  [182,  84,  85,  48,  83,  52, 159, 131,  73,  62,  66,  99,  82,  61,  72, 189, 180,  86,  63, 157, 183,  25,  18,   4,  17,   3,  26,  29,  28, 113,  12,  27,  16,  42,   2,  19, 187,  41,  91,   5,  15,  11,  14,  13,  65, 168,  51, 112,  67, 190],
  [182,  85,  84,  48,  52,  83,  66, 131, 159,  82,  62,  99,  86, 180,  63,  65,  73,  19,  51, 183,  25,  18,   5, 157, 189,  72,   4, 113,   3,  17,  42,  26,  29,  16,  28,  12,  41,  27, 170,   2,  15,  11,  13,  14,  76,  91, 168, 186,  33, 187],
  [182,  84,  85,  52,  48,  83,  65,  66,  62,  73, 131, 159,  63,  51,  82, 180,  61,  99,  86,  64,  79, 112,  78,  77, 189,  80, 157,  72,  25,   5,  19,   4,  17,  18,   3, 113,  42,  28,  16,  26,  29,  27,  12,  41,  11,  15,   2,  91,  13,  14],
  [182,  84,  85,  52,  48, 131,  83,  66,  65,  62,  51,  63, 159, 180,  82,  99, 186, 183,  77,  64,  86, 157, 168,  72, 189,  79,  73,  80,  19,   5,  91,  61,  33,  18, 170,   3,  25,   4,  29, 113,  28,  26,  17, 187,  12,  16,  78,  41,  42,  15],
  [182,  61,  48,  52,  73, 159, 189,  72, 128,  85, 130, 168, 181, 157, 180, 165, 188, 187, 190,  68,  84, 150,  95,  67, 131,  82, 166,  83,  94,  70, 129, 177, 183, 176, 149, 108, 173,   1, 160, 148, 117, 162, 147,  71, 152, 143, 118, 123, 116, 120],
  [182, 184,  84,  85,  75, 112,  99,  86,  65, 159,  66, 113,  83,  25,  18,  63,   4, 189,  16,   3,  29,  41,  26,   2,  11,  42,  12,  27,  14,  15,  17,  28,  13,  48,  30, 190,   5,  98,  73,  32,  43,  19, 183,  33,  40, 127,  78, 188, 180,  76],
  [182,  84,  85,  52,  48,  83,  82,  66,  99,  62, 159, 131,  86,  65,  51,  19,   5,  25,  18,  17,   4,   3,  42,  28,  29,  12, 113,  26,  16,  15,  27,  41,   2,  13,  14,  11,  63,  73, 186,  61,  64, 112, 183,  43, 180, 157,  77,  32,  72,  76],
  [182, 133, 159,  50,  65, 131, 150, 109, 168, 147, 161, 175, 164,  35, 153,  48,  64, 152,  51, 136, 144, 160, 135, 119, 151, 143, 118,  52, 149, 148, 134, 115, 165, 123, 121, 173,  66, 180, 188,  79, 169, 154, 189,  75, 105, 155, 137, 156, 116, 176],
  [ 84,  66,  63, 182,  85,  52,  65,  51,  48,  83,  99,  62,  86,  64,  82,  78,  79, 180, 131,  50,   5,  19,  25,  18,   3,  42,   4, 113,  33,  26,  17,  28,  16,  29,   2,  12,  41,  15,  27,  13,  14,  11, 186,  49,  43, 170,   0,  98,  80, 159],
  [ 94, 177, 171,  61,  73,  72, 179, 182,  67,  70,  48, 130, 156,  60, 181, 185, 193, 149, 190, 165, 129, 163,  88, 166, 107, 175, 143, 148, 161, 108, 134, 109, 150, 162, 146, 176, 192, 196, 132, 189,  38, 174, 153, 117, 128, 147, 120, 105,  59, 151],
  [182,  84,  85,  48, 131,  52,  66, 159, 180, 183,  99,  82,  83,  19,  65, 186,  33,  91,  62,  51,   5,  63,  25,  18, 157,  94,   4, 189,   3,  12,  15, 168,  29,  17,  26,  28,  42,  41,  14,  16,  27, 113,  13,  11,   2, 171,  73,  86,  76, 170],
  [182,  75, 183, 184,  65, 159, 168, 180, 112,  85, 189, 190,  87,  84,  79, 150, 109, 173, 188, 197, 152,  77, 115, 164,  91,  83,  99, 136, 149, 147,  47, 121, 192, 175, 151, 118, 139,  35, 120, 161, 169, 123, 128,  63, 131, 171, 176, 181,  64, 154],
  [182,  84,  85,  66,  99,  86,  83,  48,  65,  19,  25,  52, 113,   3,  18,  42,   4,  63,  17,  29,   5,  82,  26,  15,  28,  16,   2,  27,  14,  41,  12,  11,  13,  62,  33,  75,   0,  43, 180,  51,  76,  64,  78,  98,  32, 186,  30,  73,  79,  40],
  [182,  85,  84,  66,  65,  83,  63,  82,  48,  75, 159, 112,  52,  99,  76,  86,   0,  19,  79, 183,  62, 131, 113,   5,  25,  77,  18, 180,   4,  29,  17,  26,  42,   3,  16,  64,  41,  15,  27,  28,  12,  14,  11,   2,  13, 168, 157, 189, 190, 170],
  [182,  85,  84,   0,  66, 159,  48,  83,  76,  73,  52,  82,  63, 112,  62, 183,  96,  65,  75, 184,  86, 180,  99, 189,  72, 190, 168, 157,  19,  25, 113, 187,  18,  42,   5, 131,   4,  26,  17,   3,  29,  16,  27,  15,  41,  28,  14,  11,  12,  13],
  [182,  84,  85,  66,  83,  52,  62,  48,  65,  63, 159,  99,  82, 131,  86,   0, 180,  19, 112,  25,   5,  18, 113,  73,   4,   3,  42,  26,  29,  17,  16,  27,  28,  41,  15,  12,  79,   2,  13,  14,  11,  64,  51,  72, 157, 183, 189,  76,  78,  75],
  [182,  84,  85,  66,  99,  86,  83,  19,  52,   5,  63,  25,  18,  82,   3,   4,  42,  29,  26,  17,  28,  15,  12,  16,  27,   2,  41, 113,  13,  14,  11,  48,  65,  33,  62,  43,  98,  32,  51, 131,  30, 127, 180,  40, 112,   0,  64,  73, 186,  75],
  [182,  84,  85,  66,  83,  48,  99,  52,  86,  62, 131,  63,  65,  19,  82,   5,  25,  18, 159,   4,   3,  17,  29, 113,  26,  28,  12,  42,  15,  16,  27,  41,   2,  11,  14,  13,  73, 180,  51,  61,  72, 112,  43,  33,  98, 189,  64,  32, 157, 127],
  [182,  84,  85,  48,  52,  83, 131,  62,  66, 159,  65,  82,  99,  61,  63,  51,  86,  19,  73, 157, 180, 112,   5, 183,  25,  91,  64,  18,  17,   4, 189,   3,  42, 113,  12,  28,  29,  26,  41,  27,  16,  15,   2,  11,  13,  14, 168,  72,  77,  95],
  [182,  48,  52,  85, 159,  73, 157,  84, 180, 131,  51, 168, 187, 150,  94,  77,  82,  83, 165, 128,  70, 189,  67, 166,  95, 186,  61, 130, 181,  96, 160, 183, 148, 190, 133, 147,  76, 176, 195,  65, 149, 108, 185, 162, 146,  72, 135, 177,  91, 161],
  [182,  48, 159, 189,  85,  84, 180, 183, 190, 168, 131,  52,  91, 171,  83, 187, 188, 150,  73,  62,  65, 157, 152,  94, 109, 128, 165, 176, 130, 173, 149, 170,  72, 136, 129, 197, 147, 175, 160, 132, 148, 105, 139, 151, 121, 191, 123, 117, 169, 161],
  [182,  85,  84,  52,  82,  83,  51,  48,  73, 131,  86,  99, 180,  62,  76, 159,  72,  65,   5,  63,  19,  25,  42,  17,   4,   3,  77,  79,  16, 186,  27,  26,  29,  13,  18,  11,  12,  15,  28,  14,  41,   0,   2, 112, 113, 157,  43,  66,  80,  32],
  [ 33, 180, 184,  84, 197,  99,  86,  63,  72,  19, 131, 170,  85, 111, 101,  18,   5,  62,   4,   3, 189,  87,  26,  15,  29,  12,  25,  28,   2,  41,  13,  98,  16,  11,  27,  75,  14,  17, 113,  42,  66,  47, 182,  43,  83,  90,  32,  73,  65, 127]],

