[[177, 160, 162,  51,  70,  12,   3,  56,  41,  26,  30,  58,  82,  39, 145, 176,  64,   5, 132, 197,  97,  45, 104,  31,  85,  28, 136,  46,  72, 189,  19, 151,   8,  48, 119, 191,  29,  71,  16,   1,  14,  32,   6,  63, 146, 187, 111, 120,  21,  36],
  [161, 123,  50, 163, 137, 168,  38, 182, 173, 172,  25,  22,   7, 183,  23, 156, 140, 164, 180, 166, 171, 143, 157,  10, 192, 148, 167, 114, 138, 155, 188, 170,  52,  13, 185, 152,  24, 181, 128, 142, 190,  15,   4,  21,  49, 193, 158, 134, 105,  35],
  [119, 151, 106, 118,  26,  82,  56, 109, 194, 193, 137, 132, 120, 174, 197, 136,   8, 121,  24, 189, 112, 113, 195, 125, 104,  93,   9, 180, 105,  48,  30, 111, 110, 179,  52,  11, 122,  65, 196,  62, 107, 126, 124, 181,  61, 101,  53, 145,  84,  12],
  [132, 196, 136, 106, 179, 138, 119, 120,   9, 145,  56, 158, 193, 135,  50,   8, 146, 147, 192,   1, 134, 151, 150, 148,  51, 127, 178, 105, 154, 139, 194, 142, 126, 140, 110, 184, 149, 130, 170, 172, 152, 124, 137, 129, 111, 153,  24, 167, 156, 143],
  [ 56, 132, 151,   1, 145,   9,   8, 106, 174, 119, 120, 136,  24, 135,  37, 146,  36, 150, 147,  51, 160, 179, 105, 165, 178, 192, 109,  52,  61,  11,  48,  50, 131, 134, 196, 137, 149, 148,   7, 133,  67, 142, 194, 193, 163,  27, 138, 175, 143,  65],
  [151, 106, 119, 132,   9, 105, 179,   8, 120, 118,  56, 145, 133, 178,  37, 194, 146, 150, 196,   1, 135, 193, 137, 147, 192, 134, 181, 136, 174, 122,  36, 121, 125, 149, 143, 195,  24, 124, 189, 126,  52, 112, 148, 142, 152, 138, 130, 165, 127, 109],
  [151, 109, 178, 119,   1, 137, 120, 179, 132, 105, 123,  82, 188,  65, 106, 131,  67,  24,  52, 104,  61, 193,  48, 174, 145, 160,   9, 194, 192, 150, 136, 189,  56,   8,  81, 180,  62, 133,  75, 143,  49, 149,  66, 195, 118,  55, 135, 197, 196,  37],
  [ 82,  92,  53,  83,  17, 104,  28, 162, 176,   3,  71,  73,  99,  68,  91,  46,  78,  57,  87, 161,  35, 166,  54,  85,  48,  63,  45,  60,  90,  58,  64,  44,  77, 117,  30, 101, 193,  20,  97,  13,  65,  12,  62,  89,  98,  59,  31,  32, 121,  76],
  [ 45,  72, 166,  53,  16,  17,  54,  57,  64,  14,  58,  71,  13,  70,  39,  85, 183, 144,  41,  78, 113,  34,  60,  74,   0,  87,  59,  31, 162,  12, 187,  32,  44, 191, 185,  30,  46,  83,  99,  98,  21,   3,  97,  25,  91,  86,  73,  18,  29, 102],
  [166, 144,  53, 183,  45, 113,  21,  72,   0, 159,  64, 162,  17,  16,  41,  71, 169, 121,  70, 114, 115,  54,  14,  13, 185,  60,  57, 155, 187, 125,  58,  74,  34, 173,  85, 168,  39, 180,  78,  59,  31, 128, 197,  87, 153, 100,  25,  38,  26, 157],
  [151, 194, 132,   8, 119, 106,  24,  56, 120, 179,   9, 147,  48, 150, 105,  11, 137,  82, 133, 193, 142, 145,  36, 146, 135,  22, 125,  37, 136,  26,  65, 101, 112, 124, 160, 131, 174, 155, 148, 180, 189, 195, 152, 121,  51, 144,  53, 196, 162, 143],
  [151, 145,   8,  36, 132,   9, 179, 133, 197, 119, 162, 120,  51, 194, 147,  82, 118, 193, 150, 160,   1, 149, 134,  37, 181, 148,  24, 196, 106, 111, 146, 136, 174, 138, 143,  56, 155, 135, 142, 154, 178, 124, 180,  50, 105, 195, 170, 152, 192,  65],
  [ 36,  50,  24, 151, 132, 145, 149,   8,   9, 120, 135, 192, 165, 147,   1, 174, 119, 179, 134, 178, 148,  56, 196,  21, 197, 150, 136,  37, 105, 188,  67, 146, 106, 142, 138,  22, 109, 163, 121, 133, 143,   7,  65,  51,  82,  52, 124, 160, 137, 154],
  [132, 151, 106,   9, 179,  56,   8, 150, 119, 145,  24, 120, 193, 136, 135, 137, 146, 147,   1,  37, 192, 105, 196, 118, 160, 178, 194, 134, 149,  36, 110, 148, 111, 197, 138,  52, 109,  51, 133, 174, 143,  48, 124, 152, 165, 195, 142, 126,  50, 154],
  [151,  56,   1,  24, 132, 119, 165, 105, 174, 178, 145, 120, 106, 135, 179,   9, 196, 192,  50, 109, 137, 123,   8, 146,   7, 175, 150, 111, 147, 138, 136,  37, 181,  67, 143, 142, 134, 156,  36, 149, 167, 126,  52,  61,  55, 193, 195, 170, 154, 194],
  [  1,  56, 132, 151, 179, 106, 137, 190, 165, 160, 174,  61,  24, 150, 175,  48, 109, 136,   9, 178,  27, 163, 135, 119,  62, 145, 120,  49, 105,  66,  84,  90,  65,  75, 193,  81, 123,  35,  37, 188,  69, 103,  50,  42,  67, 147, 176, 104, 192,  40],
  [179,  56, 132, 106, 136, 151,   1,   9, 174, 105, 119, 137, 120, 193, 150, 178, 135, 192, 146,   8,  48,  37, 165, 196,  24, 145, 109, 194,  67, 170,  36, 138, 143, 142, 189, 147,  51,  66, 175, 130,  26,  52, 126, 148,  61, 149, 156, 124, 110, 118],
  [  1, 132,  56, 151,  24, 106, 179, 136,   9,  69,  50, 150, 137, 145, 160, 178, 135, 196, 119, 190,  61, 163,  37, 192, 146, 120, 193, 109,  66, 174, 165,  52, 105, 164,  67,   8,  65,  90,  62,  48,  81, 147,  51, 175,  84, 110, 188, 138,  75, 104],
  [132, 151, 106,   1,  24, 179,  56,   9, 120, 193, 136, 192, 135,   8, 119, 145, 150, 137,  37, 146, 178, 174, 147, 105, 165, 196, 111,  52,  51,  67,  50,  48, 138, 109,  36,  61,  69, 148, 134, 118, 160, 110, 152, 190, 143, 149, 142, 163, 195, 164],
  [  1, 151, 132, 179, 106,  56,   9, 119, 120, 150, 136, 174,  24,   8, 178, 105, 135, 137, 192, 145, 193, 165,  37, 146,  48,  51, 109, 118,  52,  67,  61, 196, 147,  36,  66, 138, 149, 148, 110, 111, 160, 134,  23,  82, 143, 170, 122, 133,  62,  81],
  [132, 151, 106,   9,   1, 179,   8, 135, 193,  56, 137, 178, 150, 146, 196, 119, 192, 120, 145, 147,  24, 105, 136,  37, 160,  50, 134, 110, 118, 117, 149, 164, 109,  23, 148,  22, 195, 111,  52, 194,  51, 154,  36, 152,  48, 197,  61, 138, 121,  67],
  [ 11,  84,  99,  86,  46,  71,  28,  40,  98, 107,  72,  31,  97,  87,   6,  85,  17,  45,  54,  73,  43,   3,  58,  60,  44,  13,  65,  25,  19,  34,  59,  32,  33,  30,  74, 116,  83, 176,  12,  29,   5, 111,  20,  42,  16,  15,  91,  53, 187,  14],
  [162,  53,  83,  92,  54,  45,  91,  34,  72,  78, 144,  99,  17,  71,  87,  29, 159,  16,  73,  44,  85,  70,  57,  86,  14,  74,  98, 102,  31,  97,  58,  38, 116,  25,  96,   3,  32, 113,  11,  68,  60, 176,  30,  79, 107,  88, 183, 103,  94,  18],
  [ 53, 144, 162,  72,  54,  83,  16,  92, 159,  45,  91,  70,  17, 133,  71,  21,  99, 121,  87,  34, 166,  14,  57, 102, 183, 113,  74,  29,  38,  85,  73,  78,  58,  44,  98,  68,  47,  94,  13,  88,  31,  79,  86,  25,   4,  18,  60,  32,  30, 108],
  [  0, 162,  36, 144,  51,  21, 147, 148, 155,   8,  22, 145, 197, 133, 146, 194,  92,  26, 113, 138,  37,  41, 168, 166, 129,  97, 177,  23, 170, 142, 128,  56, 125, 124,  64, 150, 139,   9, 134,  53,   3,  16, 183,  50, 176,  10,   1,  45,  70, 154],
  [145, 151, 194, 180, 119,  56, 132, 191,  21,  50, 160, 134,   5, 105,   8, 162, 120, 163, 189,  41, 147,   7, 111, 181,   1,  51,  10,  36, 138, 142,  27,   9, 136, 173, 146,  58, 155, 112,  24,  20,  84, 113, 197,  11, 184,  26, 170,  28,  52,  14],
  [145, 197, 194, 111, 119,   8, 196, 151, 132, 160, 124,   9, 154, 147, 146, 120, 195, 193, 180, 134, 139, 125, 152, 181, 106, 126, 155,  82,  36,  21, 136, 127, 138, 178, 148,  50, 149, 143, 142, 168,  56, 121, 170, 150, 135, 118,  51, 162, 158, 114],
  [ 56, 174, 106, 119, 151, 120,   8, 179, 194, 133, 132, 118,  24,   9, 146, 105, 145, 121, 193, 196, 197, 111, 124, 109, 136,  26,  11, 125,  82,  48, 162, 135, 189,  36, 147, 165, 122, 195,  53, 130, 150, 126,  51, 110, 112, 181,  52,  41, 138, 152],
  [ 24, 111,  11, 181, 184,   1, 151, 145,  55,  69,  10,  84,  56, 186, 167, 172, 197, 196, 156,  41,  15, 101, 112,  65, 174,   5, 125, 169, 170, 107, 138,  40,  27, 190, 124, 127, 154, 126,  12, 152, 173, 195, 160,  43,   6,  20, 157,  42, 115, 158],
  [165,   1, 151,  56,  24, 179, 111, 196, 119, 135, 178, 132, 106, 105, 120,   9, 145, 154, 126,   8, 124, 146, 138, 192, 167, 123, 150,  50, 143, 137, 125, 127, 147, 139, 156, 195, 193, 197, 152, 142, 101, 170,  55, 148, 130, 131, 158, 168,  11, 117],
  [151, 179, 106, 120, 193,   9,  24,   8, 196, 119, 146, 145, 150, 178, 105, 132, 135, 192, 165,  56, 126, 143, 124, 147,  37, 195, 154, 149, 110, 194, 148, 137,   1, 125, 127, 130, 152, 142, 139, 138, 197, 118, 156, 168,  36, 153, 136, 129, 111, 128],
  [  1, 132,  56, 151, 179,  24, 178, 165, 106, 150, 119, 120, 135, 136,   9, 192, 145, 196, 138,  69,  50, 174,  37, 137, 195, 167, 184, 160, 175, 149, 181, 158, 110, 163, 164, 146, 143, 193, 111, 147, 141, 154, 152, 156, 148, 170, 139, 142, 126, 124],
  [  1,  24, 132, 151,  56, 179, 145,   9, 120, 196, 106, 165, 135, 150,   8, 119,  50, 192, 195, 146, 178, 111, 138, 147, 193, 181, 174, 149,  36, 136, 143, 124, 148,  37, 152, 126, 134, 154, 105, 137, 197, 167, 139, 142, 184, 156, 118, 158, 127, 141],
  [151,   1,  24,  56, 165, 132, 174, 179, 120, 111, 119, 145, 106, 109, 178, 135,   9,  11, 105, 192, 196, 150,   8, 137, 123,  50,  55, 117, 190, 146, 160, 175, 193, 188, 147, 195,  67,  61, 138,   7,  36,  65, 136, 143, 167, 154, 124, 152, 134, 142],
  [  1, 132,  56,  24, 151, 150, 136, 196, 179,   9, 106, 145, 111, 193, 195,  50, 135, 120, 160, 110,  51, 143, 178, 138, 165, 146, 192, 184,  84,   8, 147, 170, 167, 181,  65,   6, 119, 152, 156, 158, 124, 126, 139,  37, 149, 154, 190, 118, 174, 153],
  [ 35, 123,  50, 192, 164,   7, 131, 132, 105, 152, 163, 134, 137, 161,  24,  10,  20, 117, 166, 168, 182,  52,  55, 120, 195, 135, 110, 193, 171, 151, 127,  22,  67, 111, 146, 188, 178, 153,  25, 139, 196, 128,  21, 142, 190, 140, 154, 147, 167, 106],
  [144, 162,  53, 166, 183,   0,  41,  45,  70,  21, 189, 155,  17, 133, 159,  83, 191,  16,  68,  54,  36,  92, 194,  78,  39,  85,  18,  25,  71,  72,  51, 171,  57,  34,  30,  74,  87,  14, 169,   3,  73,  82,  91, 180, 185, 102,  64, 173, 114,  58],
  [ 53, 144,   0, 166, 183, 159, 121, 125, 155,  21, 113,  68, 115, 128,  45, 168, 197, 114, 162, 169,  71, 157, 194, 112, 171,  70, 133,  38, 170, 111, 140, 124,  34,  72, 129, 134,  74, 154, 153,  11, 185,  82, 180,  41, 127,  60, 101, 102, 141, 182],
  [ 11,  24, 179, 121, 133, 150,  65, 111, 107,   8, 197, 116, 145, 123,  25, 151, 122, 174, 188, 193,  82,  53, 106, 137, 104, 118, 190, 132, 176,   9,  84,  27,  56, 120, 109, 124,  55, 131,  91, 147,  99, 119, 177,  97, 101, 146, 168,  33, 165, 194],
  [151,  61, 105, 119, 132,  52,  67,   1, 106, 109, 174, 120,  56,  48,  66, 137,   9,  81, 175,   8, 178, 179,  37, 133,  62, 136, 103,  36, 189, 192,  75, 146, 165, 145, 135,  51, 131,  27, 150, 104,  90,  24, 188, 118,  35, 108,  82, 134, 160, 190],
  [132,  24, 151, 160, 120,  52, 137, 179, 163, 145, 178,  67,   1, 136, 192, 193, 109, 106,   9,  50, 119, 196, 147,   8, 105, 188,  65,  49,  48, 190,  61, 149, 135,  82,  36,  10,  81,  51,  62, 146,  66, 164, 103, 174, 150,  56,  75, 107,  69, 142],
  [151,  82, 194, 121,  56,   8, 193, 101, 106, 197, 145, 147, 123, 137, 179,  28, 125, 132, 112,  11, 119, 104,  84,  21, 196, 135, 117, 105,  24, 133, 109,   9, 159,  10, 168, 174, 195, 113, 146, 124,  55, 120,  83, 127, 181, 126, 160, 180, 134, 142],
  [  1,  56, 132, 145, 120,  24, 119, 136, 151, 174,   9,  51, 106, 179,   8,  11, 137, 165, 146,  36,  61,  48, 160, 131,  50,  65, 163, 109, 178, 147, 135, 150,  52, 104, 193, 105,  67,  37, 138, 192, 162, 164,  66,  82, 148,  62, 190, 194, 149, 176],
  [ 24,   1, 132, 179,   9, 151, 192, 145, 106, 193, 135,  50, 146, 178,  37, 120,   8, 150, 137, 196, 147, 136, 149,  36, 163, 148, 138, 105, 142, 143, 110, 172, 152, 156, 174, 165,  56,  23, 111,  67, 164, 167, 119, 158, 126, 154, 170,  11,   7, 130],
  [  1, 132, 151,  56,  24, 106, 179, 178,   9, 135,  50, 119, 150, 120, 145, 165, 192, 174, 160, 136, 109,  61, 163, 196, 175,  69,  67,  37, 137, 190, 105,  52, 146,   8,  65,   7, 193, 195,  81, 147,  48, 138, 149,  62, 188, 181, 111,  84,  36,  66],
  [  1, 151,  56, 132, 109,  24, 160,  84, 106, 119,  61, 137, 179, 120,   9,  65,  93, 174, 104, 188, 150,  48,  52,  62, 107, 145, 136,  75, 190, 105,  63, 123,  81, 135,   8,  67, 178, 192, 103, 165, 193,   6,  49,   5, 175, 131, 118,  50, 110, 117],
  [151,   1,  24, 132,  56, 106, 179, 196,   9, 119, 120, 135, 145, 111, 150, 193,   8, 165, 137, 178, 136, 174, 110, 105, 146, 192, 118, 109, 195, 147, 138, 197, 126, 160, 154, 124, 143,  50, 127, 149, 117,  37, 194, 181, 125, 152, 167, 148,  82, 142],
  [109, 104,   1, 145,  24, 174,  65, 177, 178, 193,  55,  82,  84, 117, 179,  15,   9,  56,  49, 151, 106, 150,  61,  66,  11, 132,   6, 120, 196, 165,  75, 119, 111,  93, 135, 195,   8, 121, 143, 160, 137,  48,  62, 176, 123,  40, 192, 146, 110, 197],
  [ 24, 146,  50, 145, 167,   9,   8, 196, 154, 148, 150, 128, 135, 134, 147, 132, 170, 136,  36, 158, 153,  37, 130, 193, 172, 143, 139, 149,  23, 156, 192, 138, 120, 106, 169, 129, 111, 142, 140, 126, 151, 168, 152, 110, 124, 155, 127, 171, 165, 179],
  [ 50, 163, 151,  67,  24,  52, 105, 192, 175, 120,  35, 188, 109,  61, 190,  81,  66,   1, 132, 131,   7, 178,  55, 165, 123, 150, 135,  23,  37,  49, 146, 136, 134,  69, 161, 160, 137,  22,   9, 119, 106, 174,  42, 145, 191,  75,  62, 164,  36, 110],
  [ 53, 177, 162,  34,  99,  28,  83,  46,  71,  82, 121,  91, 104,  45,  17, 144,  13, 117,  59,  98,  88,  54,  85,  73, 164,  77, 176,  64,  72,  58, 101,  75,  89,  49,  40, 113,  79,  21,  90,  19, 102, 103,  15,  84,  68,  87,  57,  30,  33,  16],
  [144, 162, 197, 158, 170, 166, 159, 129, 114, 172,  36, 130, 139,   0,  53, 169, 149, 118, 141, 138, 128, 126, 157, 154, 143, 125,   8,  51, 148, 155, 140, 124, 177, 153, 194, 167, 122, 116, 145,  37, 133, 115, 193, 156, 179, 142,   9, 147, 196, 146],
  [ 50, 146,   9, 132, 192, 145, 136, 106, 135,   8,  24,  37, 110,  23,  35,  69, 196,   7, 150, 147, 193,  51, 163, 134,  47, 120,  36, 149, 148, 151, 130,  52,  67, 164, 178, 131,  22, 152, 161, 154, 167, 117, 153, 143,  56,   2, 159, 182, 105, 158],
  [  0, 168,  55, 185, 150,  26, 128, 158, 167,  24, 143, 153, 154,  40, 183, 196, 123, 165, 169, 145,  11, 156, 148, 195,  25, 124, 115, 131,  22,  56, 135, 174, 126, 187, 129,  36, 142, 172, 157, 130, 138, 146, 134,  50, 114, 139, 141, 140, 155,  23],
  [  1, 132, 151,  56, 106, 179, 119, 105, 137, 178, 109,   9, 135, 120,  61, 150,  24,  67, 192, 136, 175,  48,  52, 165,  50, 145, 174,  81, 163,  37,  62, 146,  66,   8, 196, 104, 103,  75, 188, 160,  90, 190,  65,  69, 134, 193,  35, 164, 123, 138],
  [160,  56, 151, 132,  84,  65, 118,  30, 179,  83, 106,  24, 121, 117,   1, 120, 107, 194,   8, 174, 101,  10,  11,   9, 145,  82,  29, 181,  55, 193,  92,  51,  48, 131, 147, 104, 196, 133, 125,  99, 195,  91,  19, 188,  33,   5, 150, 119,   6, 197],
  [130, 114, 124, 197, 141, 154, 179, 129, 125, 138, 106,   9, 139, 127,  37, 152, 166, 170, 144, 173, 194, 193, 140, 128, 158, 146, 126, 132, 148, 156, 182, 155, 195, 153,   8,  23, 119, 178, 142, 149, 150, 171, 143, 115, 180, 147, 136, 133, 196, 135],
  [ 56,   1, 151, 179, 174, 106, 132, 165,  24, 119, 150, 135,   9, 120, 178, 196, 137, 105, 145, 109, 193, 192,   8, 136,  37, 118, 195, 143, 116, 146, 126, 138, 175, 147,  11, 194, 142, 125, 110,  61, 127,  48, 181, 188, 149, 124, 197, 170, 152, 123],
  [  1, 151, 132, 179, 135, 119, 106, 105,  24,  56, 165, 178,   9, 137, 192, 120, 109, 174, 150, 196,  67,   8, 175, 110, 145,  61, 138, 146, 195, 193, 136,  37,  52,  50, 111,   7, 126, 134,  81,  69, 149, 143, 152, 158, 147,  66, 181, 127, 130, 148],
  [  1, 151, 137, 179, 105, 132,  56, 106, 120,  24, 165, 119,  52, 192,  67, 150, 109, 178, 135,  61,   9, 175, 123, 190,  81,  48, 136,  50, 145,  62,   8,  22, 146,  37, 174, 110, 193,  75, 134, 117, 160,  23, 103,  66, 118, 188, 147,  90,  69, 196],
  [  1, 151,  56, 132, 106, 179,  24, 165, 178, 135, 117,  55, 196, 145,   9, 193, 111,  40, 150, 174, 188, 160, 110, 109,   8,  84, 119, 195, 197,   6, 137, 147,  65, 192,  50, 120, 146, 104, 126, 177,  28, 121,  11, 123, 143, 118, 138,  20, 190, 101],
  [ 50,  24, 146, 151,   9, 120, 192, 145, 132, 135, 150,  37,   8, 134,  36,  23, 136, 105, 178, 167, 165, 149, 148,   7, 106, 196,   1, 147,  35, 143, 179,  67, 163, 110, 154, 164,  22, 193, 158, 119, 152, 130, 138, 142, 128,  52, 170, 131, 139, 126],
  [ 50,  24, 151, 192, 132, 120, 135, 165, 145,   9, 146, 150, 178, 134, 167,  37,   1,  36,   8,  23, 136, 196,   7, 149, 163, 105, 148, 106,  67, 110, 179, 154, 143, 147, 193, 158,  69, 172, 164,  35,  22, 111,  52, 153, 152, 119, 139, 131, 128, 138],
  [ 24, 132,  50,   1, 151,   9, 145, 135, 150, 192, 120,  37, 136, 165, 106, 163, 146, 179, 178,  56,   8, 149,  36,  23, 196, 148, 167,  69, 134, 147,  67, 119, 160, 164, 193,   7,  22, 110, 138, 174, 143, 154, 105, 190, 158,  52, 142,  51, 152, 111],
  [109,  62,  61, 190, 103,  75,  49,  81, 132, 137, 104,  65,  66,  84,  48,  67, 175,  56, 188,  90,   1,  89,  95,  52,  83, 107,  10,  77, 108,  24,  63, 174,  69,  76,  80, 179, 163,  93, 160,  20, 106,  68,  94,   6,  33, 176, 151,  79,  40,  30],
  [  9,  37, 151,   8, 132, 146,  36, 136,   1, 145, 106, 179, 150, 120, 149, 147, 135,  23, 192, 178, 134,  50, 148, 193,  24,  51, 165, 167,  22, 196, 105, 119, 142, 143, 154, 164, 110, 138, 118, 137, 133, 160, 170, 129,  56, 139, 152, 126,   7, 158],
  [ 50,  24, 151, 192, 165, 135,  35, 120,   7, 146, 145, 105, 163, 123,  67, 178, 132,   9, 117,  36, 167, 191,  55,   8, 134,  37, 109, 131, 175, 196, 106, 174, 149,  52, 136, 119, 150, 147, 148,  23, 161, 190,  66,  69, 172, 154, 168, 153, 179, 137],
  [ 50, 146,  35,  24, 192, 145, 120,   9, 151,  67, 132,   8, 105,  52,   7, 135, 136,  36, 106,  37,  23, 163, 134, 150, 117, 193, 165,  66,  47,  69, 178, 123, 148, 196, 147, 131, 110,  68, 167,  61, 130, 149, 179, 109, 152, 191,  51, 143, 119, 190],
  [167,  24, 145, 128, 168,  50, 138, 153, 148, 154, 172, 164, 158, 156, 169, 142, 143, 139,   0, 141, 140,   1, 149, 195,  22, 184, 150, 129, 147, 155, 124, 196, 157,  36, 170,  23, 134, 130, 126, 115, 171, 173, 183, 111, 197, 127, 146, 166, 135, 114],
  [ 26, 179, 193, 164, 106, 177, 178, 162, 119, 197, 194, 122, 112,  28,   9, 132,  37, 173, 133, 116, 195, 110, 174, 126, 114, 113, 170,  82, 137, 146, 111, 118, 151, 189, 152,   8, 129, 138, 145,  53, 144, 130, 143, 120, 127, 192,   1, 147, 124, 166],
  [151, 145,  24, 106, 179,   9, 132,   1,   8, 196, 193,  56, 119, 174, 178, 147, 135,  37, 150, 192, 146, 120, 105, 138, 143, 197, 121, 181, 149, 148, 194,  36, 142, 126, 139, 111, 124, 118, 165, 158, 156, 137, 154, 195, 152, 130, 136, 170, 134, 109],
  [151,   1, 132,  56,  24, 109, 179, 137, 160, 106, 120, 119, 188, 174, 178,  61, 135, 192, 165, 105,   9,  67,  48, 193, 136, 190, 150, 175, 163,  49,  65, 104,  62,  81,  50, 123, 145,  52, 196,  66,  75,   8, 146,  82,  37,  93, 110,  90, 103,  84],
  [132,   1, 179, 106,  56, 151,   9, 193, 150, 136, 135, 120, 178,   8, 196, 119, 165, 146, 118, 174,  24,  37, 145, 137, 110, 192, 147, 116,  51, 138, 149, 105,  48, 154, 126, 143, 109, 194, 148, 164, 127, 195, 122, 124, 130, 197, 111,  61, 152, 175],
  [  1, 132, 151, 179, 106,   9, 120, 150,  24,  56, 178, 135, 136, 119, 192,  37, 145, 146,   8, 165, 193, 196, 105, 137,  50, 164, 110, 138, 195, 134, 149, 147,  23, 148, 167, 143, 118,  36, 126, 154, 170, 160,  67, 174, 152,  51, 111, 139, 142,  52],
  [  1, 132, 151,  56, 178, 106, 119,   9, 120, 175, 179, 109, 135, 137, 192, 105, 145,  24, 165,  61, 117,  50,   7,  52,  67, 146, 123,   8, 174, 136, 196,  37, 150,  81,  35,  66,  62,  48, 193, 104, 118,  69, 110,  55, 111, 103, 195, 147,  90,  75],
  [ 50,  24, 151, 132, 192,   1,   9, 145, 135, 146, 120, 150, 163,  37, 178, 165, 134, 136,  36,  23,   8, 167,  67, 149,   7, 105, 196, 148, 106, 179, 110, 164, 147,  52, 193, 143,  69,  22, 154,  35, 172, 142, 158, 131, 190, 119, 138, 123, 160, 152],
  [ 24,  50,   1, 151, 132, 165, 145, 120, 135, 192,   9, 146, 178, 150, 106, 196, 167, 136,  37, 179,   7,   8,  56,  69, 163,  36,  35, 105, 134,  67,  23, 149, 148, 119, 174, 110, 147, 143, 193, 117, 190, 111, 158,  52, 154, 138, 175, 109, 123, 172],
  [ 24,  50,   1, 151, 132, 165, 192, 120, 178, 135, 150, 145,   9, 146,  37, 163, 136, 179, 167, 106, 196, 149,  36,   7,   8,  23,  67, 134, 105, 148, 110, 190, 193,  69, 143, 119,  56, 147,  35, 164, 174, 154,  52, 158, 172, 138, 137, 109, 152,  22],
  [  1, 132,  56,  50,  24,  51, 190, 136, 163,  84,  65,   6,  40,  92, 145,   5,   2,   9,  20, 160, 164, 176,  28, 179, 106,  63, 111,  69,  61, 150,   3,  73, 135, 104,  96, 107,  33, 146, 138,  90,  62,  44,  75,  15,  98, 184,  37, 161, 196,  46],
  [ 50,   1, 132,  24, 151,   9, 192, 145, 163, 135, 120, 150, 165, 146, 178, 136,  67, 179,  36,  37,   8,   7,  52, 196, 106, 105, 190,  56, 134, 137, 149,  23,  69, 148,  61, 167,  35, 193, 147, 109, 119, 123,  22,  66, 143, 160, 110,  51, 138, 111],
  [ 50,  24,   1, 151, 132, 145, 135,   9, 192, 165, 146, 120, 150, 178, 163,   7,  37,   8, 196, 179, 167, 106, 136,  36, 149,  23, 134, 148,  35, 105,  67, 147,  56, 193, 190, 143, 111,  69, 137, 138, 123, 119, 110, 154,  52,  22, 158, 109, 117, 164],
  [ 50,  24, 151, 192, 163, 135, 165,   7, 146, 132, 120, 145,  35,   9,  67,  36, 150,  37, 178,   8, 134, 105, 136,   1,  23, 149, 131, 167, 106,  52, 196, 148, 190, 109, 123,  69, 147, 117,  55, 110, 161, 193,  22,  66,  61, 174, 175, 179, 191, 143],
  [ 55,  24,  50, 168,  84, 131,   7,  20, 128,  15,  69, 125, 181,  40, 134,  72, 154, 165, 160,  60, 167, 150, 196, 188,   6, 195,   5, 101, 186, 183, 117, 169, 190,  10,  35, 121, 139,  42, 123, 184,  86,  30,  71,  59, 100, 124, 185, 116,  13, 155],
  [151,  24,   1, 179, 132,   9,   8, 106, 135, 145, 165,  50, 134, 147, 117, 196, 120, 146, 192, 105,  56, 137, 150, 193, 149,  37, 123, 131, 119, 178, 111, 148,  36, 110, 188, 154, 136, 121, 138,   7,  23,  67, 160, 142, 152,  22, 109, 191, 139, 127],
  [106, 132,   1, 151, 179,   9, 178,  37, 136, 193, 120, 119, 150,   8, 146,  56, 165, 192,  24, 135, 145, 110, 196, 160, 147, 164, 118, 105,  51, 149, 137, 148,  23, 138, 116, 154, 122, 170, 139, 134,  36, 174, 111, 194, 197, 126,  48, 124, 143, 130],
  [151, 132,   1, 119, 106,  56, 120,   9, 178, 179, 105, 136,  24, 135, 192, 150,   8, 137, 145,  37, 160, 109,  52, 174, 146, 196,  67, 165,  61, 193, 110, 175, 147,  48, 195, 149,  36, 194, 118, 134,  51, 138,  81, 131, 143, 142, 148,  66,  23,   7],
  [  1, 132,  56, 106, 179, 151,  24, 160, 136, 150, 119, 174,   9, 178, 193, 137, 120,  65, 135, 109, 145, 196,  48,  61, 190, 192,  51, 195,  37, 164,  62,   8, 104,  84,   6, 116, 146,  75, 138, 165, 163, 105, 110, 176,  66, 147, 111, 118,  52, 143],
  [  1, 132, 151,  24,  56, 179, 136, 106,   9, 174, 150,  37, 120, 135, 160, 163, 165, 119, 192, 145, 137,  61, 178,   8,  36,  51,  50, 146, 190,  65,  67, 105,  48, 109, 149, 175, 196, 193, 147, 110, 148, 138, 188,  52,  62,  11,  66, 164,  23,  22],
  [  1, 132, 151,  24,  56,  50,   9, 136, 145, 135, 106, 179, 192, 146,  37, 178, 120, 163, 137,   8, 150,  67, 174,  52, 160,  51,  61, 196, 175, 109, 147, 119, 165,   7, 193,  36, 105, 110, 149, 190,  23, 123, 134,  35, 167,  48, 148, 131, 138, 143],
  [ 50,  24, 151,   1, 132, 192, 145, 165, 135, 150,   9, 163, 120, 178, 146, 136,   7,  37, 167,  67, 196, 190, 134, 106,  23,  69,   8,  36,  35, 149, 105,  52, 179, 110, 148,  56,  55, 143, 123, 109, 147, 175, 131,  66, 193, 164, 119,  61, 174, 154],
  [ 24,  50, 151, 150, 192, 135, 145, 165,  37,   9, 178, 132, 167,   1, 120, 146, 134,  23, 149,  36, 148,   8, 105, 179, 196, 106, 143, 163,  22, 136, 154, 147, 138, 164,   7, 158, 142, 172, 139, 128, 110, 193, 153, 119, 156, 152, 170, 195, 168,  67],
  [  1, 132,  50,  24, 151, 135, 165,   9, 192, 106, 145, 178, 146, 150, 120, 136,  56, 179,  69,  37, 163, 196,   8, 167,  67, 119, 110,  23,   7, 134, 148, 193, 147, 149,  36, 174, 164, 105, 111, 138, 154, 160, 190,  52, 158, 175,  35, 137, 143, 170],
  [  1,  24, 190, 111,  40,  69, 167, 165,   6, 164, 116,  42,  11, 181, 195, 184, 158,  50, 132, 179,  20,  84, 150, 138,  55,  15, 178, 152, 186,  65,  96, 143, 156, 161,   2,  33, 100, 145, 139, 154, 196, 126,  27, 128, 172, 153,  10,  25, 168, 170],
  [151,   1,  24,  50, 132, 146,   9, 192, 135, 120, 165, 179,   8, 145, 106, 136,  37,  56,  36, 105, 178, 147, 150, 119, 196, 167, 149, 193, 148,  67,  23, 163,   7, 137, 134,  52, 110, 138, 154, 111, 175, 117, 123, 142,  51, 174,  35, 156, 143, 126],
  [ 50,  24, 151,   1, 132, 145, 192, 135, 120,   9, 163, 165,   7, 150, 146,  36,  67, 178,   8, 134,  37, 105, 136, 149, 167, 196,  23, 179, 106, 148,  52, 131, 147,  35, 190, 109, 123, 119,  69, 110, 174, 143,  56,  22,  61, 188, 193,  55, 154,  66],
  [ 50,  24,   1, 163,  35, 192, 151,   7, 132, 145, 178,  67, 135, 165, 146, 120,   9, 150, 190, 136,  52,  23,  55, 167, 123, 161, 117, 131, 134,  69, 109, 196,  37,  36, 149,  61, 105,  66, 175,   8, 110, 106,  81,  15, 148, 191, 188,  20,  22, 119],
  [ 11,  42,  25,  55, 188,  30, 107, 123,  84,  24,  88,  47,  20, 111,   4, 109, 174, 191,  60, 131,  65, 119,  43,  98, 104,  27,  86,   5,  74,  72,  33,  87,  16,  15,  13,  61,  34,  81,  52,  73,  17,  32,   6,  54,   0, 103, 105,  80,  44,  75],
  [  1, 151, 132, 178, 179,  24,  50,  56, 137, 150, 196, 119, 135, 123, 145, 188, 109, 105, 192,   9, 120, 134, 195, 165, 106, 149, 138,  22, 143,  67, 158,  61, 131, 181, 136,   7,  84, 174, 163, 104, 126,   8, 160, 152, 112, 142,  52, 110, 193, 147],
  [  1, 132, 151, 179,   9, 106, 178,  37, 137,  24, 192, 135, 120, 105, 150,  50, 160,  67, 119,  56, 145, 136,  52, 163, 165,   8,  61, 146, 109, 174,  23, 134,  22,  36, 147, 175, 164, 149, 190, 196,  48, 193,  69,  81,   7, 148,  51,  66, 123, 188],
  [  1, 132,  56, 151, 106, 136,   9,  24, 179, 150, 135, 145,  37, 196, 178, 120, 192, 138, 146, 160,  50, 119, 193,   8, 137, 170, 147, 110,  51, 165, 148,  69, 163, 184, 149, 134, 105, 164, 142, 195, 156, 167, 143, 194,  23,  52, 126, 181, 174, 139],
  [121, 101, 112, 113, 194, 111,  28, 125, 117, 181, 180, 197,  41, 100,  26, 195,  55, 119,  56,  11, 124, 126, 151, 104, 127, 133, 174,  60, 196, 118, 185,  84, 109,  40, 186, 123, 155, 115, 168,  58,   6,  12, 173, 156, 152, 179, 193, 145, 105,   5],
  [186, 185, 180,  11,  41,   5,  83,  30,  40,  10,  84,  13, 101, 173,  17,  99,  45,  20, 113,  55,  12,   6, 187,  98,  28,  97,  72, 104,  87,  85,  46,   4,  57,  19,  71,  24,  65,  60,  86, 181,  14,  54,  73,  58, 168,  29,  25,   3,  88,  16],
  [165, 151, 179,   9, 150,   8, 120, 178, 193,  24, 118, 135, 145, 106, 196, 146, 192, 134,  36, 119, 105, 149, 143, 154, 197,  37, 124, 126, 116, 132, 195, 153, 167, 148,   1, 130, 129, 147, 139, 170, 142, 136, 125, 121, 138, 174, 133, 177, 110,  23],
  [151,  50,  24, 132,   1, 192, 135,   9, 146, 120, 145, 178, 165, 150,  37, 106, 163, 105, 136,   8,   7,  67, 119,  23,  35,  36, 134, 179, 196, 167,  52, 164, 123, 149, 109, 110, 193, 148,  56, 137, 147, 175,  66, 143, 174,  69,  22, 190,  61, 131],
  [ 50, 151, 163,  24,   1, 165, 178, 120, 132,  67, 192, 145,   7, 135,  37,  36,  35, 150, 105, 136, 146, 167, 175,   9,  23, 131, 190, 123, 149, 174, 148, 164,  69,  22,  52, 134, 161,  66, 109,  55, 119, 188,  61, 191,   8,   0, 179, 196,  42, 160],
  [ 45,  83,  17,  71,   5,  99,  72,   3,  46,  54,  73,  60,  92,  97,  86,  20,  78,  85,  98,  44,  87,  30,  57,  13,  31, 176,  32,  70,  58,  84,  11,  18, 187, 104,   6,  34,  40, 191,  68,  15,  74,  63,  10,  88,  28,  41,  59, 186,  14,  35],
  [166, 183, 144, 169, 128, 154, 155, 153, 159, 168, 114, 197, 172, 116, 125, 115, 158, 167, 171, 157, 139, 140, 141,   0, 170, 124, 129, 130, 148, 156, 127,  53, 182, 110, 111, 100, 152,  23, 173, 134, 126, 149, 162, 143, 121,  72, 196,  36, 193, 142],
  [  1, 132,  50,   9, 179, 151, 135, 146,  37, 192, 106, 136,  24, 150,   8,  23, 120, 145, 178,  36, 163, 196, 148, 193, 149, 165,  51, 147,  22,  56, 167, 137, 134,  69, 105,  67, 138, 110, 164, 119, 143,  52, 160, 142,   7, 158, 154, 139,  35, 152],
  [ 24,  50,   1, 151, 167, 132, 192, 145, 146, 135, 196,   9, 150, 120, 165, 178,   7, 136, 163,  35, 179, 111,  23,  37, 153,  69, 172, 134, 143, 138, 158, 105, 148, 149, 106, 154, 110, 190,   8, 156, 195, 152,  67,  36, 128, 147, 130, 126, 139, 175],
  [ 50,  24, 151, 163,   7,  35,  67, 165, 192, 145, 135, 120, 146, 132, 123,  55, 131, 190, 191, 105,   9, 134,  36, 109,  52, 178,  37, 117, 161,   8,  69, 150,  23,   1,  49, 160,  61,  66, 136, 188,  81, 167, 106, 196,  15, 175, 149,  20, 110, 148],
  [ 72,  64,  16,  60,  74,  15,  45,  54,  71,  58,  85,  98,  17,  99,  88,  97,  31,  91,  59,  14,  86,  44,  87,  57, 121,  73,  21,  25,  46,  13,   6, 166,  19,  12,   4,  20, 187,  34, 104,  55,  47,   0,  29,  83,  32,  49,  70,  28,  39,  53],
  [101,  28,  40,  84, 113,  58,  64, 181, 186,  13,  59,  71, 185,   6,  43,  19,  98,  17, 173,  10,  85,  55,  16,  14,  86, 112,  20,  41,  87,  46,  60,   3, 187, 180,  72,  45,  30,  12,  26,  57,  97,  99, 104,  83,  54,  33, 176,  21,  29,   2],
  [ 11, 113,  45,  97,  25, 186,  28,  58,  41,  12, 185,  71,   3,  72, 187,  60,  14,  30,  40,  44,  86, 101,  13,  87,  99, 100,  57,  32,  54,  34,  31,  17,   0,  98,  43,  55,  85,  46,   5,  26,  73,  53,  84,  19,   6,  59,  33,  29,  70, 111],
  [ 11,  30, 113,   5,  83, 104,  53,  84,  41,  65,  12,  29, 107, 180,  43,  99,  58,  87, 194, 186,  56, 101,  82,  72,  13,  28,  17,  98, 176,  71,  45,  93,  73, 109,  57, 162,  10,  32,  70,  44, 189,  14,  94, 174, 119,  31,  33,  19,  85,  25],
  [ 53, 121, 162, 113,  28,  58, 112, 101,  71, 194,  45,  72,  99, 104,  60,  41, 197,  74,  17,  85,  21,  83,  88,  14,  16,  91,  82,  29,  98,  97,  87, 177, 180,  73,  31,  12,  54,  44,  57,  64,  94,  84, 107, 176,  26,  11,  43,  70, 159,  46],
  [162, 113,  83,  71,  58,  45,  99, 101,  17,  53,  72,  28,  84,  87,  85, 194,  41,  60,  98,  86,  14, 186, 104,  44,  54, 121, 180,  29,  30,  97,  11,  12,  73,  16,  57,  88,  19,  46,  91,  74,  43,  13,  31, 107,  40, 112,   5,  70,  64,  20],
  [197,   8, 162,   9, 145, 177, 193,  36, 149, 159, 147, 111, 144,  51, 154, 158, 146, 148, 178,  37, 116, 179, 194, 143, 150, 155, 142, 126, 170, 196, 118, 134, 138, 139,  23, 121, 156, 153, 169, 124, 135, 129, 165, 164, 172, 140, 132, 141, 133, 114],
  [ 55, 117,  59,  15,  20,  84,  86,  13,  46,  72,  98,  83,  31,  71,  99,   6,   5,  33, 123,  92,  60,  42,  73, 190,  18,  49, 107,  87,  10,  29,  32,  64,  40,  91,  44,  54,  45,  74,  17,  58,  57,  30,  35,  85,  19, 104,  97,  63, 187, 191],
  [  0,  55,  25, 191, 123, 185,  45, 187,  32,  41,  60,  13,  11,  30,   2,  34,   4,  72,  97,  42,  58,  74,   3,  59,  39, 131,  78,  54,  64,  18,   5,  86, 189,  31,  17,  85,  20,  47,  26,  57,  44,  88,  16,  14,  46,  27,  73,  87,  98, 166],
  [ 47, 166,  35,  72, 162, 161,  16,  70,  69,  21,  51,  23,  50,  92,  64, 146,  53, 159, 144,  17,  39,  45,  22,  57, 164, 191,  54,  74,  58,  73, 194, 134, 130,  68, 160,  37,  14,  71, 183,  88, 102, 163,  44, 182, 122, 148,  36, 176, 121,  78],
  [144, 121, 155, 183, 166,  53, 194, 168, 146, 159,   8,  41,  21, 128, 162, 154, 134, 147,  45,  70, 125,   0, 148, 171, 197,  68,  36, 111,  72, 169, 124, 145, 114,  50,  47, 115,  71, 129, 180, 170, 133, 152, 130, 139, 191, 100, 142,  11,  82, 127],
  [ 72,  92,  64,  99,  18,  84,  73,  98,  46,  87,  57,   5,  85,  58,  44,  54,  86,   3,  15,  32,  17,  20,  19,  30,  97,  31,  45,  59,  74,  16,  39,  78,  83,  29,  91,   4,  42,  71, 107,  43,   6,  13,  33,  63,  40, 176,  88,  34,  60, 160],
  [  0, 191, 123,  25,  21,  22,  64, 165, 131,  78,  55,  39,  74,  36,  45, 174,  42, 121,  23,   4, 133, 134,   7, 109,  47,  35,  15, 161,  58,  32,  88, 189,  11, 105, 117,  49,   3,  73,  98,  44,  97,  20,   2,  72, 135,   5,  41,  85,  54,  17],
  [ 20,  84,  86,  83, 107,  73,  40,  55,  17,  87,  99,  46,  71,   5,  98,  72,  44,  85,  15,  97,   3,  45, 104,  31,   6,  10,  60,  54,  65,  92,  59,  63,  88,  58,  49,  18,  57,  19,  29,  74,  32,   2,  30,  11, 160,  42,  33, 190,  43,  78],
  [113,  53, 121, 101, 194, 112,  41, 180,  21, 162,  45, 197,  28, 125,  71,  58, 144,  72,  99,  11,  82,  60, 177,  17,  83, 159,  98,  14, 166, 186,  64, 133,  87,  31,  85,  97, 155, 100,  13, 104,  12,  46, 173,  26, 181,  29, 185, 168,  30,  16],
  [113,  45,  60,  28,  58, 101,  71,  72,  53,  41,  97, 121,  11,  12,  31,  99,  17,  14,  13,  25,  34, 112, 162,  85,  30,  57,  54, 186,  83, 100,  46,  86,  98,  87,  29,  44,  16,  64, 187,  59, 197, 185,  55,  84,   3,  40,  32, 194, 180,  73],
  [113,  45,  53,  58, 162,  72,  71, 101,  11,  14,  99, 180,  17,  41,  83,  60, 112, 194,  16,  28,  30,  98,  12,  87,  85,  54, 186,  86, 144,  97,  13,  29,  25, 121,  46,  84,  57,  73,  70, 197,  43,  44,  31,  88, 185, 173,  34, 125, 166,  74],
  [ 58,  53,  72, 113, 162,  83,  45,  99,  71,  17,  91,  98,  28,  30, 121,  60,  29,  11,  87,  85, 104,  88,  54,  74,  73,  16,  14,  31, 107,  46,  44,  41,  97,  12,  84,  57, 176,  25,  34,  43,  86,  94, 101,  32,  93,  19,  13,   5,  70, 112],
  [113, 162,  53,  58, 121,  72,  28,  45,  71, 194, 101,  99,  17,  85,  30,  41,  16,  14, 112,  29,  21,  83,  60,  12,  97,  87,  98,  84,  91,  31, 180,  57,  54,  26,  73,  88, 197,  86,  46, 144,  64,  11,  70,  44,  34,  74,  19, 176,  43, 177],
  [162,  53, 113, 121, 194,  58,  72,  45,  11,  28, 197, 144, 112,  71,  16,  14,  99,  41,  70,  17,  60, 180, 159,  21,  85, 101,  87,  29, 125,  98,  83,  30,  97, 177,  31,  12,  91,  54,  74,  25, 166, 104,  88,  73, 133,  57, 102,  26,  44, 107],
  [113, 121,  53, 162,  21,  72,  58,  45,  41, 112, 180, 197,  28,  71,  16,  17, 177, 194,  64,  60, 101,  14,  99, 144,  31,  87,  85,  11,  12,  29,  83,  74,  97, 166, 104,  26, 133,  98,  57,  70, 159,  54,  13,  46,  82, 125,  30,  88,  44,  34],
  [  2,  83,   3,  92,  91,  29,  57,  73,  30,  65,  25,  60, 107, 162,  51,  53,  84, 176,  85,  17,  54,  99,  18, 183,  87, 131,  58,  10,  70,  93,  32,  86,  31, 102,  44,  12,   5,  71,  13,  63, 116,  20, 101,  97,   6, 185, 160,  98, 100,  19],
  [144, 183, 166,  53, 133, 125, 169, 114, 121, 159, 115, 122, 128, 197,  47, 155, 162, 129, 189, 113, 153, 154, 112,  23, 194, 124, 177, 130, 140, 157,  26, 168, 127, 134, 139, 116, 126,  22, 141,  21,   8, 180, 142, 158, 172, 152, 100, 148, 182, 170],
  [191,  45,  11,  25,  78,  54,   0,  73,  30,  17,  71,  32,  34,  88,  44,  97,  98,  49,  74,  87,  58,  92,  72, 189,  85, 104,  86,  18,   5,  20, 123,  99,  14,  83, 131,  41,  27, 107,  60,  29,  43,  46,  39,   3,  31, 186,  94,   4,  63, 176],
  [ 34,  45,  17,  54,  72,  58,  73,  30,  71,  53,  85,  32,  57,  99,  16,  13,  74,  60,  44,  98,  88,  92,  87,  46,   5,  14,  31, 191,  91,  59,  78,  18,  97,  86,  83,  29,  41,  64,  70, 104,  47,  77, 102,  79,  39,  15, 189,  33,  94,  63],
  [ 72,  57,  17,  54,  83,  71, 166,  45,  16,  99,  53,  92, 183,  87,  64,  13,  85,  31,  46,  34,  70,  59,  74,  86,  44, 144,  60,  12,  58,  91,  98,  73, 162,  29,  15,  97, 187,  18,  78,  32,   4,   2,  39,  14, 113, 185,   3,  19,  21, 161],
  [162, 144,  51, 197, 159, 166,   0, 116,   8, 122, 133,  53, 155, 149, 130,  36, 139, 177, 114, 164, 183, 154, 148, 158, 147, 128, 121, 129, 124, 136, 169, 194, 153,  37, 146, 118,  70,   9, 141, 138,  23, 193, 134, 143, 115, 170,  26, 142, 157, 171],
  [  3,  71,  45,  26, 159,  11, 185,  17,   5,  83,  72,  25, 144,   6, 166,  70,  40, 186, 173, 168,  85,  54,  99,  98, 183,  16,  97, 194,  41,  58, 100, 162,  46,  20,  73,   2, 115,  10, 187,  87,  86,  88, 180,  28, 128, 155,  24,  60, 111,  53],
  [162,  53, 113, 144, 194, 180, 166, 197, 112, 121,  28, 173, 125,  41, 159,  58, 101,  72,  26,  16, 177,  21,  70,  17, 114,  14,  45,  71, 181,  12,  47, 155, 186, 133, 176, 116, 183,  82,  64, 115,  54,  30,  88,  98, 102,  85,  43, 189, 119,  99],
  [ 53, 113, 121, 194, 162, 125, 101, 112, 144, 180, 197,  21,  71,  41,  28,  58, 166,  45,  72, 159, 102, 189,  70, 183,  60, 100, 155,  12,  26, 114,  34,  83, 116,  14,  91,  29, 133,  30,  57, 173, 177,  16,  17, 185, 186,  99, 118,  82,  97,  13],
  [ 53, 113, 162, 121,  58,  28,  72,  45,  71,  17, 194, 112,  99,  41, 101, 144,  85,  21,  91,  16,  54,  60,  88,  14,  98,  87,  74,  83, 180,  73,  34,  29,  64,  30, 104,  44,  97,  70,  57,  31,  11,  46,  12,  26,  82,  43,  86,  13, 177, 197],
  [162,  53, 113,  58,  72,  17,  99,  16, 121,  45,  85,  74,  71,  87,  88,  54,  98,  83,  28,  73,  91,  21,  64,  14, 104,  44,  29,  60,  57,  41,  70,  97,  94, 144,  19, 194,  86, 112,  31, 101,  46, 107,  43,  34, 180,  13, 176,  82,  30,  32],
  [162,  53, 113, 194, 144, 112, 121,  41,  72, 180, 101,  71,  58,  45,  70,  16,  17,  28,  83, 197, 166,  29,  14, 159,  85,  30,  99,  60,  26,  12, 186, 125,  57,  54,  87, 176,  74,  73,  97, 100,  82,  31,  98, 173,  21,  88,  44,  11, 155,  34],
  [162,  53, 113, 121, 194,  41,  45, 144,  71,  72,  58,  17, 101,  28,  26, 112, 166, 159, 180, 197,  88,  14, 189, 125,  97,  99,  16,  64,  21,  85,  60, 186, 191,  54,  70,  83,  11,  34,  12,  87,  82,  98,  47,  44,  74, 102,  73,  30,  57, 173],
  [ 53, 113, 162, 121, 194,  70,  28,  72,  71,  41,  45, 101, 112, 144, 102, 197, 180, 116, 159,  74,  11,  97,  60, 100,  58,  12,  30,  29,  14, 177,  82, 125, 186,  26,  99,  85,  31, 176,  16,  88,  17,  34,  83, 189, 155, 111,  91,  98,  57, 118],
  [162,  53, 121,  82,  45,  72,  71,  58, 144,  41, 189,  88, 177,  99,  11, 113,  70,  83, 133,  14,  16,  34,  17,  30,  85, 104, 102,  21,  29,  87,  31,  74,  73, 159,  98,  46, 122,  94, 194,  28,  64, 197,  26,  54,  91, 112,  47,  12,  44,  79],
  [144, 166, 113, 183,  21, 162, 159,  53,  45,  72, 125,  58, 197, 121,  71, 169,  64, 112,  17, 115, 173,   3, 194,  16,  57,  14,  46, 180, 155,  34, 114,  31,   2,  26,  41,  12,  85,  99,   0, 185,  28,  54,  70, 100, 133,  59,  60,  13,  74, 102],
  [ 53, 162, 113, 144, 166,  45,  72,  16,  58,  70,  71,  17,  54,  34,  14,  12,  30,  57,  85, 183, 121,  60,   3,  41,  31,   0,  87,  91,  97, 159, 102,  28,  83,  99, 187,  29, 101, 180,  98,  64,  13,  74,  44, 186, 194,  32,  59, 125,  46,  25],
  [ 53, 162, 113, 144,  45,  71,  58,  17, 121,  16, 101,  72, 166,  14, 159,  54,  28,  34,  99,  83,  21,  85, 183,  91,  41, 112,  70, 194,  57,  87,  60, 125,  12,  31, 180,  98,  13,  64,  29, 197,  97, 102,  74,  44,  46,  73,  30, 186, 100, 177],
  [ 53, 162, 144,  70,  45, 113,   0,  30, 121, 159, 102, 194, 166,  34,  72,  14,  71,  41,  26, 183,  11,  16,  85, 116,  82, 176, 197,  58, 155,  83, 125,  12,  68,  29, 122,  31,  17,  97,  54, 114,   3,  25,  60, 177, 118,  57,  92,  87, 186,  91],
  [144, 159,  53, 162, 121, 166, 183, 122, 125, 197, 194, 133, 180, 155, 169, 114, 118,  21, 112, 116, 113,   8, 177, 129, 115, 157, 173, 147,  47, 193, 128,  36,  37, 126, 140, 170, 148, 154, 168, 149, 101, 127, 134, 146,  45, 142, 164, 153, 130,  23],
  [191,  41,   0,  47, 189,  35,  45, 166,  68,   7, 131,  39,  71,  72,  17,  60,  78,  64, 105,  74,  50,   5, 187, 183,  55, 123,  15,  16, 117, 175, 121,  54,  20,  32,  18,  83,  25, 185,  88,  70,  26,  57,  97,  92,   4,  10,  34,  73,  31,  44],
  [ 53, 113, 162, 121,  58,  72,  45,  71,  28, 101, 194,  21,  17,  60,  83, 112,  99,  91, 144,  74,  85,  29,  97,  16,  31,  87,  64,  41, 197,  57, 125,  54,  98, 180,  14,  73,  88,   3,  34, 177,  12,  44, 104,  46,  13,  86, 166, 159,  30, 100],
  [ 53, 113,  58,  72, 162,  71,  21,  99,  45, 112,  29, 121, 101,  17,  16,  91,  87,  41,  98,  30,  85,  57,  28,  12,  31,  83,  14,  64, 177,  82,  46,  74, 194,  60,  34,  54,  43,  73,  86,  44, 197,  88,  19,  97, 189,  84,  13, 144,  32,  70],
  [113,  28, 121,  53, 162,  58,  45,  72,  71,  17,  41,  99, 101,  64,  21,  14,  16,  60,  85,  31,  44,  87,  54,  98,  97,  83, 112,  59,  46, 194,  12,  57,  74,  86, 166,  91,  73, 180,  70,  13, 104, 177,  88,  32,  19, 186,  34, 197,  43, 100],
  [113, 162,  53, 121, 194,  21, 101,  58,  28, 197, 112,  45,  72, 125,  71,  41, 177,  60,  31, 144, 180, 166,  91,  97,  64,  99,   3,  17,  12, 159,  57,  16,  85,  29, 100,  74,  26,  98,  87,  30, 102,  82,  83,  34,  46,  44,  70, 104,  73,  14],
  [ 53, 162, 113, 121,  28,  71,  41,  45,  58, 101,  99,  11,  72, 194,  17,  83, 104,  85,  30,  87,  98,  60,  82,  97, 112,  12,  29,  84,  31,  14,  88,  26, 186,  70,  44,  46, 180,  73,  91,  54, 107,  19, 197,  74,  16, 176,  86, 177,  43,  34],
  [162,  53, 194, 113, 197, 144, 121, 180, 159, 101, 166, 177,  28,  58, 125, 112,  45,  11,  21, 155,  41,  26,  72, 173,  70,  16,  82, 133, 116,  83,  71,  97,  12,  85, 181,  14,  30,  99,   8,  29, 114, 176, 186,  91, 147,  17, 122,  51, 102,  25],
  [162,  53,  58, 113,  83,  17, 121,  28,  41,  91, 104,  99,  72,  71,  85,  73,  30,  45, 107,  87, 194,  29, 176,  21,  14,  16,  82,  43,  98,  84,  12,  93,  64, 177,  46,  70,  44,  60,  19,  88,  57,  54,  94,  48,  74,  86, 197, 180, 112, 101],
  [162,  30, 113,  58, 177,  12,  14,  72,  83,  45,  28,  64,  57,  17,  46,   3,  85,  43,  93,  98,  84,  53,  44,  91,  13,  41,  60,  87,  29, 176,  54,  74,  99, 186,  32,  70,  97,   5,  31, 180,  11, 166,  71,  94,  16, 194,  73, 144,  34, 173],
  [ 51,  37, 106, 193,   9, 136, 162, 116, 149,   8, 146, 179,  23, 132,  36, 148, 110, 164, 147, 150, 120, 178, 192, 122, 144, 118, 197, 130, 170, 134, 135, 119,  22, 145, 159, 154, 196, 138, 172, 129, 133,   1, 152, 143, 142, 158, 155, 139,  24,  48],
  [132, 162,  51, 163, 136, 164, 160,  48,  52,  67,  37,   9, 137, 179, 192,  36, 106, 193,  61, 174,  65, 145, 147,   8, 190, 120, 149,  82,  66,  62,  50,  75, 103, 146,  22,  24, 161, 109,   1, 135, 142,  49,  56,  69,  11, 133,  23, 148, 150, 178],
  [119,  56, 180, 136, 189, 194, 151, 158, 145, 106, 120,  51, 150, 162, 130,  52, 105, 132, 114, 170, 172, 181, 196, 178, 197,   9, 157, 139, 184, 193, 174,  37, 143, 118, 146, 140, 138, 179, 129,  36, 177, 166, 153, 156, 110, 126, 173,  47,   8, 113],
  [164,  37, 162, 132, 192, 106,  51,  52,   9,  23, 193, 136, 146,  67,   8,  22, 134,  36, 105, 120, 179, 149, 178, 147,  48, 148, 137,  35, 144, 163,  50, 133, 145, 135, 150,  66, 110, 122, 103,  61,  53,  82, 194, 142, 119,  47, 152, 140, 138, 171],
  [ 21,  88,  53,  45,  41,  11,  72, 191,  74,  70,  82,  39,  78,  17,  58, 121, 189,  87,  64,  18,  43, 162,   4,  98,  47,  94,  73,  79,  32,  71,  99,  68, 144,  92,  85,   5,  63,  30,  44, 111, 107, 174,  28,  83,  54,  14, 123,  97, 133,  52],
  [ 50,  21,  41,   7, 123,  35,  64, 146, 166,  22, 183, 182,  36, 147, 148, 145, 105, 137,  23, 168, 144, 180, 167, 191, 131,  92, 155,  37, 163, 134, 189,   4, 151,  52, 185,   8, 133, 169,  10, 194, 129,   9, 173,  30, 161, 114, 178, 142, 120,  18],
  [ 58,  72,  28, 113,  45,  71,  99,  30,  98,  83,  12,  17,  97,  85,  46,  84,   5,  29, 176,  60, 162,   6,  16,  57,  53,  31,  14, 104,  87,  64, 177,  73,  41,  70,  40,  21,  43,  54,  88,  59,  74,  86,  26,  44,   3,  91, 121,  20,  13,  32],
  [113,  53, 162,  11, 121,  71,  45,  72,  58,  28, 194, 112, 101, 144,  99,  41,  17,  60, 197, 180,  70, 186, 125,  16,  14, 159,  85,  98,  54,  97,  87,  29,  83,  30,  21,  74,  86,  44,  34, 166,  31,  73, 100,  88,  84,  25,  91,  13,  82,  57],
  [121, 101,  53, 194, 113, 162,  71,  28,  58,  45,  83, 104, 112,  41,  72,  60,  21, 177,  29,  91,  82,  31, 117,  99, 197, 125,  85,  84,  30, 189, 191,  74,  97,  34,  17, 102,  46,  64,  73, 107,  88,  98,  16,  86,  14,  87,  57, 180, 100, 119],
  [162, 194,  53, 113, 197, 166, 144, 121, 125, 159,  82, 133, 114, 112,  26, 155, 181, 119, 173,  28,  72, 180,  70, 101, 147, 193,  58, 176,  21, 177,  48,  51,   8,  30,  41,  12, 116,  88, 124,  29, 168,  71,  14,  17, 137,  56,  11, 104,   0, 118],
  [ 41, 113, 180,  26,  58, 194,  28, 101,  45, 166, 162, 121,  64,  17, 112,  21,  71,  12,  72,  88, 186,  14,  60, 191, 144,  53, 173,  85, 185, 197,  99,  44,  43,  98,  46,  30,  97, 168,  87,  74, 189,  82,  54,  70,   0,  16,  83, 159,  73,  27],
  [ 53, 113, 162,  28, 121, 112,  26, 177, 189,  58, 194, 101,  71,  11,  30,  41,  29, 197,  45,  85, 144,  34, 104, 102,  72,  27,  60,  99,  12,  88,  16,  91,  98, 176,  14,  74, 122, 180,  83,  31,  17,  82,  97, 100,  70, 116, 125,  46,  13,  73],
  [162,  53, 121, 194, 197, 144, 113,  82, 180,  41, 125, 112, 101, 133, 155, 181, 166,  11, 159,  71,  30, 145,  70,  83,   8, 189, 104, 118, 177,  45, 119, 186, 173,  26, 147,  72,  12,  21, 168,  28,  58,  29, 193,  60, 151,  85, 114,  10,  99, 111],
  [ 53, 162,  82, 104, 121,  29,  71, 177, 113,  11, 107, 176,  83,  99,  84,  91,  74,  88,  58,  72,  30, 194,  28, 189, 101, 112,  85,  94,  34,  87,  45,  31,  73,  77,  48,  65,  93, 197,  98, 109,  97,  60,  12,  17,  41,  16, 102,  19,  43,  27],
  [ 36,  50,   9,   8, 146, 151, 132, 145,  37, 136,  51, 120, 148,  23, 150, 135, 149, 147,  22, 160, 134, 106,   7, 192, 131, 163,  24,   1,  52, 105, 196, 119, 178,  56, 193,  67, 143, 167, 142,   0, 133, 138, 179, 165, 154, 110, 152, 139, 137,  61],
  [ 24,  50, 145,  11, 111, 151,  56, 120, 165, 146,  10, 168, 131,   7, 135, 196, 132, 123,  36, 147, 167,   8,  55, 150, 192, 190,   0,   9, 124, 193, 174, 163, 117,  65, 153, 136, 106, 143, 152, 109,  20, 154, 138,  15, 148,  84, 195, 142,  40, 128],
  [151, 178, 179, 165,  24, 105, 120, 192, 196, 167, 135, 145,   9, 146,   1, 132, 126,   8, 119,  37, 150, 106, 138, 134, 154, 143, 139, 170, 149, 142, 156, 193, 148, 137, 127, 124, 129,  36, 128, 153, 147, 197, 158, 172, 123,  50, 152, 140, 125, 141],
  [151, 165, 119, 105, 109,  55,  24, 117, 120, 181,  52, 137, 178, 111, 123,  67, 175, 192,   7, 196,  69, 189,  81, 121,  47, 174, 180, 101, 145, 124,  41, 179, 106, 126, 167, 169, 152, 154, 125,  56, 156, 118, 127, 191,  35,  68, 172,  66, 182, 194],
  [ 72,  83,  74,  71, 123,  45,  17,  13,  68,  18, 104,  87,  53,  60,  78,  99,  30,  73,  54,  55,  49, 189,  88, 191,  15,  86,  85,  92, 121,   5,  29,  91, 131,  44,  98,  35, 109,  41,  63,  76,  82,  10,  58,  32,  34,  20,  57,  31,  94,  70],
  [166, 185,  41,  25, 186, 113, 183, 169, 125, 168,  47, 115, 114,  11, 180, 144, 112,  55,  16,  72,   0,  45,  71, 128, 101, 100, 187,  14, 191,  60, 173,  26, 155, 159,  13, 157, 181,  54, 111,  70,  17,  86,  74,  58, 129,  27, 156,  59, 197, 182],
  [194, 162,  53, 121,  11, 113,  99,  58,  84, 191,  72,  30,  41,  45,  88,  17, 107,  71,  73, 189,  98,  87,  91,  21, 159,  83, 119, 144,  44, 101, 102,  29,  34, 180,  85,  74,  54,  16,  48,  46,  43,   5,  32,  93,  94,  57,  28,  14,  86, 133],
  [ 53, 162, 113, 121, 194,  11, 144, 112, 125, 133, 197, 119, 118, 122, 177, 189,  28, 101, 159, 174, 105, 173, 104, 180,  82,  21, 116, 102,  34, 137, 109, 181,  27,   8,  41, 126, 115, 111, 124, 114,  48,  47,  88, 193,  26, 142,  45, 179, 186, 123],
  [ 53, 113, 162,  30,  11, 101, 121, 194,  58,  60,  26,  71,  45,  97, 102,  41,  12,  28,  70, 104, 107, 112, 186,  72,  82, 176, 197,  91,  34,  84, 180,  32,  29,   3,  43,  85, 111,   6, 116,  14,  56,  31, 100,  93, 174,  25,  99,  73, 125,  86],
  [113, 194,  41, 101, 162, 180, 121,  53, 197,  21, 112, 144, 125, 181,  28, 166,  12, 155, 173,  30, 159,  82, 186, 177,  64, 168, 114,  71,  29,  58,  26, 183, 127,  60,  10, 100,  83,  84,  72,  45,  17, 133, 124, 126, 145, 115, 196,  14, 147, 111],
  [194, 162,  53, 113,  82, 197, 112,  28,  56, 121, 119,  26, 180,  41, 181, 144, 125,  30, 124, 106, 101,   8, 193, 111, 145,  21, 118,  51, 104, 173, 133, 176, 155, 177, 147, 132,  48, 196,  11,  12, 189,  58,  70,   9, 170, 159,  84, 174, 114, 166],
  [194, 119, 151, 105, 121, 180, 112, 133, 197,   8, 145, 162, 109, 113,  82,  56, 118, 101, 174, 104,  11,  41, 125, 196, 189, 120,  53,  48, 188, 193, 124, 142, 147, 134, 181, 137, 155, 144, 123,  52, 111,  36, 195, 106, 126,   9,  84,  21,  26, 132],
  [151, 119, 194, 105, 109, 174, 137, 120,  82, 145,  24, 197, 180,   8, 179, 121, 133, 106,  56, 104, 132,  11, 193, 181, 112,  48, 101, 188, 118,  65, 196,  52, 189, 125, 147,   9, 123,  36, 142, 178, 113, 131,  93, 150, 143,  10, 126, 160,  61, 162],
  [151, 119, 105, 109, 120, 106, 174,  56, 137, 179, 132,   8, 194,  82,  48, 133,   9, 121, 118, 104, 178,  61,  52, 189, 193, 112, 123, 145, 135,  24, 125, 197, 192, 150, 131,  67,  36, 165, 146,  81, 196,   1, 147,  66, 180, 181,  62,  37,  65, 101],
  [151, 132,  50,   9, 106, 146,  67,  52, 136, 120, 192, 160, 163, 105,   8,  37, 135, 131,  66, 150, 193,  61,  23, 110,  24, 109, 134, 178,   7, 145,  35,  36, 137,  81,  48, 119, 149, 164, 165, 117, 190, 188, 179, 196, 147, 191, 148,  62,  69, 118],
  [105, 151, 165, 120,  24,  67, 134, 109, 189, 131,  55, 121, 119, 192,  36, 123, 146,  52, 174,   0,  66,   7,  81,  61,   8,  82,  50, 135,  35, 191, 104,  47, 145, 178, 168, 117, 150, 106, 118, 133,   9, 196, 175, 143, 110, 188, 193,  49, 148,  48],
  [151, 132, 120, 192,   9, 105, 106,   8, 145,  37,  24, 178, 146, 179, 135, 150, 134, 147, 149,   1, 119,  23,  36, 136, 148,  22, 137, 193,  50, 196, 131, 165, 138, 142,  52,   7, 152,  67, 143, 110, 154, 167, 139, 133, 126, 123, 124, 130, 164, 129],
  [ 35,  50,  61, 132,  48,  66, 104,  56, 109, 106,  67, 146, 163, 176,  62,  81,  90, 103,  52, 151, 105, 135, 120, 108, 193,   9, 119,  68, 117,  75,   1,  63, 175,  76,  82,  49, 190,   6,  83, 192,  95, 174, 137,  89, 136, 145,  80,  77, 179,  65],
  [ 72,  53,  45,  71,  16,  60,  54,  70,  17,  74,  85,  83,  99, 121,  57,  73, 144,  34,  58, 166, 162,  86,  47,  87,  97,  13,  44,  88,  98,  92,  31,  30,  91,  68,  64,   3,  15,  46,  78,  14, 104,  32, 187,  41,   6, 185,   5, 131,  21,  29],
  [166, 144, 183, 113,  53, 125, 121,  41,  72, 114,  45, 155, 101, 180, 100, 185, 115,  47, 168, 128, 169, 159,  21, 197, 194, 112,  70,  71,   0,  16, 111, 154,  60, 187, 162, 186,  14, 173, 157, 124, 170, 129, 171, 127,  64, 153, 182,  26,  74,  97],
  [194, 113, 112, 121, 180, 162, 197, 125,  53, 144, 101, 166, 159, 100, 155, 114,  28, 115, 111, 124, 177, 133, 119,  72, 116, 173, 126, 127, 154,  26, 118,  41,  58, 183, 181, 102, 122, 195, 168,  60, 169, 129,  21, 128, 130, 110,  14,  45, 170,  47],
  [121, 113, 194,  53, 101, 112, 125, 162,  21,  58, 133,  41,  29, 144, 197,  60,  91, 180,  28,  34,  11,  25, 102,  83, 189,  45,  31,  30, 118,  99,  57, 122,  71,  87, 107,  82,  72, 104, 119, 159,  17,  85,  73,  74, 100, 177,  98,  26,  94, 131],
  [ 53, 113, 162,  28,  82, 121,  30, 180,  72,  12,  58, 194, 176, 101,  41,  26, 112, 144,  17,  71,  45,  83,  11, 104,  29,  31,  99,  60,   3, 166,  14, 197,  98,  46, 125, 186,  97,  70, 177,   5,  91,  16, 159,  85,  73,  57,  54,  87,  88, 100],
  [113,  58,  45,  14, 162,  28,  72,  71,  16,  12,  41,  17,  60, 186,  64,  53,  11,  85,  26,  70,  30,  98,  87,  25,  97,  31,  46,  86,  13,  44,  54,  43, 173,  57,   0,  19,  99,   3,  59,  39, 187, 180, 191, 185,  83,  32,  29,  20, 166,  40]]]

