
 [[ 13, 130,  40,  51, 152, 173, 153,  47,  58,  11, 114, 134,  33, 151,  12,  59,  36,  46, 112, 190, 143,  97, 167,   9,  42,  45,  18,  52, 196,  37,  15,  31,  32, 164, 113,  83,  27, 122,  69,  19, 120,  28, 185,  84,  50, 177, 188, 195,  29,  21],
  [122,  86, 138,  74, 123, 182,   0, 106, 100, 124, 140,  11, 153, 119, 101,  76, 103, 107, 154,  87,  88, 104, 102,  95,  89,  91, 110,  66,  40, 109, 105, 168,  92,  43,  78, 139,  77,  93,  90, 108,  73,  45,  16,  79,  10,  80,  94,  14,  75,  62],
  [ 61, 126,  62,  81,  96, 111,  94,  73, 141, 107, 109, 105,  63,  93,  75,  90,  91, 108, 125,  88,  92,  87, 106,  89, 110,  65,  95,  64, 104,  76, 102,  67, 140,  78, 103, 101,  42,  77, 124, 155,  80,  66,  79, 154,  97,  74, 112,   0,  17,  86],
  [ 96, 126, 141, 111,  81, 109,  61, 105,  94, 107,  91, 108,  67, 125,  88,  87,  90, 110,  92,  93,  75, 106,  62, 104, 140,  63,  89,  95,  65, 124, 155,  78,  73,  76,  64, 101,  77,  42, 102, 103, 154,  80,  79,  66, 112,  17,  97,  74,  22,  82],
  [ 61,  62,  96,  91,  81, 107, 126,  93,  94, 109, 105, 111,  90,  92,  63,  75, 108,  87, 125,  88,  73, 106,  89, 110,  95, 104,  76,  65,  64, 140, 102, 124, 141,  78,  77, 103, 101, 155,  80,  79,  74, 154,  67,  66,  86, 139,  42, 123,   0,  97],
  [ 61,  73,  62,  63, 111,  81, 126,  94,  91,  96, 109,  93,  42, 107, 108,  90,  75,  92,  88, 105,  64,  87, 125, 141, 106,  89,  65,  95, 110,  76,  67, 104, 102, 140,  97,  77,  78, 124, 101,  80, 103,  66, 112,  79,  72,  74, 155, 154,  86,  33],
  [ 61,  73,  62,  42,  81,  94, 126, 112,  91,  97,  92,  93, 141, 111, 107,  90,  96, 108,  63, 109, 105,  67,  17,  75, 106,  88,  72,  64, 125, 110,  87,  95,  89,  76,   0,  78,  65,  77,  33, 104, 130, 140,  80, 102,  66,  79, 131, 101, 124,  22],
  [ 61,  73,  62,  42,  81, 111, 126, 112,  63,  94, 141,  97,  96,  72, 109,  88,  75,  65,  91,  92,  64,  93,  90,  87, 108, 107,  95, 106,  66, 110, 125, 130, 105,  17,  89,  60,  33,  76,  78,  22, 140,  80, 104,  77,   0, 102,  58, 124,  79, 101],
  [ 61,  73,  62,  81,  42,  94,  63,  91, 126,  88,  92,  90, 111,  93, 109, 107, 105, 108, 141,  75, 106,  64,  97,  96, 125,  95,  89, 110, 112,  87, 130,  76, 104,  65,  78,  77,  17, 101,  72, 140, 102,  33,  79,  80, 124,  58,   0, 103,  66,  67],
  [ 61,  73,  42,  62, 112,  97, 130,  58,  63,  81,  88,  33,  64,  94,  67, 108, 126, 105,  91, 107, 111,  92,  90,  72,  93,  22, 106, 141, 109, 150,  75, 127,  82, 131,  87,  66, 125,  65,  50, 114,  95,  60,  96, 167,  89,  23,  76,  17,  28,  41],
  [130,  61, 129, 131,  42,  17, 116, 135,  73, 150,  82,  83, 112, 115,  23,  69,  51,   3,  52,  60, 177, 167,  33,  12, 120, 163, 122, 165,  84, 196,  49,   9,  46,  18, 143, 184, 176,  44,  28, 156, 173, 114,  37, 161,  24,  56, 144,  20, 148,  72],
  [ 61,  73,  58, 165,  22,  11,  32, 193, 131, 114, 129, 113,  69,  42,  41,  33, 130,  12, 156,  46,   5, 175,  28, 144,  72,  44, 152,  17, 176,  84,  60, 153,  56, 163,  24,  27, 162,  37,  71, 171, 187,  70,   7,  83, 170, 173, 148,   0, 164,  57],
  [ 61,  42,   0,  73,  72, 130,  33,  11,  58,  17,  60,   1,  62,  10,  97,  12,  32,  46, 120, 108,  28,   3,  23,  51,   8,  95,  49, 106,  91, 185,  63,  69, 107, 134,  92,  81, 109,  66,  94,  90,  71,  93,  75, 149, 105, 153, 127, 152, 183,  14],
  [ 61,  73,   0,  22, 129,  67,  28,  58, 135,  62,  41, 131,  49,  10, 113,  69,  72, 191,  45,  20, 148, 176,   9,  14, 150,  12, 163,  46, 147,  56,  44, 145, 160, 156,  33,  60,  34, 127, 170,  52,   5, 190,  42, 149, 128,  23,  83, 193,  24,  84],
  [ 61,  73, 130, 131,  28, 129,  58,  60,  17, 150, 112, 165, 114,  42, 167,  12,  51,  22,  72, 135,  33,  46, 120,  97,  49, 173, 196,  84,  62,  69, 193,  13,   9, 163,  32, 116,  44,  37, 176,  82, 148,  41, 127,  56,  23,   0,  52,  50, 149, 156],
  [ 73,  61,  28,  12,   1, 131,  62,  58, 148,  29, 129, 149,  22,  14,  42, 150,  91,  45,  27,   0, 114,  50,  46,  97, 106,  94,  82,  10, 135, 145,  41, 107,  43, 173, 113, 165,  33,  88,  72, 105,  63,  90, 130,  93,  92,  60, 109, 127,   8, 162],
  [ 61, 141, 126,  73, 111,  67,  96,  62,  81, 112,  97,  94,  42,  65,  64,  63,  91,  66,  90,  92, 108, 110,  93,  72, 107,  87, 125, 109,   0,  10, 104,  75, 105, 106,  89, 140,  33, 102,  76,  88,  95,  80, 155,  77,  17, 124,  45, 103,  47,  78],
  [ 61,  73,  62,  93,  91,  94,  63, 107, 105, 108, 109,  92,  75,  90, 106,  81, 110, 125,  88,  96,  89,  95,  64, 111,  87,  76, 126,  78, 102,  77,  67, 104, 140, 101,  79, 124,  80, 141, 103,  65,  66,   0,  42,  11,  72, 154,  74, 155,  97,  14],
  [ 61,  67,  81,  96, 111,  62, 126, 105,  94,  91, 109, 108,  93, 107,  73,  75,  63, 141,  90, 125,  92, 106, 110,  87,  88,  89,  64,  76, 102,  95, 104, 140,  66, 103,  78,  65,  77, 124, 101,  79, 155,  80, 154,  42,  74,  97,   0, 112,  72, 139],
  [ 61, 126,  62,  96, 111,  94,  91,  63,  93, 141,  81, 107,  90, 109,  73, 105,  75,  92, 108, 125,  88, 106,  87,  65,  89,  64,  67, 110, 104, 102,  76,  95, 140, 124,  77, 103,  78, 101,  79,  80,  66, 155,  74, 154,  42,  86,  97, 139,  72,   1],
  [ 61,  62,  94, 126, 107,  91, 111,  93,  73,  90,  96,  81,  92, 109, 108,  63, 105,  75,  88, 106, 125,  87, 141,  89, 110,  64,  95,  76,  65, 104, 102, 140,  77,  78, 101, 124, 103,  79,  80,  66,  42, 155,  67, 154,  74,  97,   1,  86, 112,   0],
  [ 61,  67,  73,  42,  62,  81,  72,  96,  63, 126, 111,  97, 141,  94,  66,  87, 108,  93, 107,  75,  65,  60,  33,  90, 109,  91,   3, 105, 112,  64,  92, 125,  89,  95,   1, 106,  88,  17, 110, 130,  77, 102,  76, 104,  50,  23, 176, 140,  78, 124],
  [ 61,  94,  91,  93,  73,  92, 107, 109,  90, 108, 105,  62, 106,  95,  75,  89,  88,  63,  81,  76, 110,  78, 125,  77, 111, 102, 104,  64,  42,  87, 101, 140,  79,  96, 126,  80, 124, 103,  11,  74,  97, 112,  66, 154,  65,  67, 155, 141,   0,  14],
  [ 61,  94,  81,  93,  91,  92, 108, 107, 109,  90, 105,  96,  75,  76, 106, 125,   0,  95,  89, 111, 126, 110, 141,  88,  62,  77,  67,  78,  63, 102,  87,  79, 104, 140, 103,  73,  80, 101,  64, 124,  65,  42,  97, 154, 155,  66, 112,  74,  17,  72],
  [ 61,  73,  62,  81, 108, 126,  94,  91,  96,  63, 107, 111, 109,  93,  42,  90,  92,  88, 105,  87, 141, 125,  75, 106,  64,  95, 110,  89,  67,  76,  65, 140, 104,  97, 112,  66, 130,  78,  77, 102, 124,   0, 103,  80, 101,  79,  72, 155,  17, 154],
  [ 61,  73,  62, 126,  94,  91, 111,  90,  81, 107,  96,  93, 108,  92,  63,  88, 105, 106,  87, 141, 109,  75,  89,  65,  64, 125, 110,  95, 104,  77, 140,  76,  78, 102, 124,  42,  80, 101,  79, 103,  66, 155,   1,  86, 154,  74,  97,  67,  72,   0],
  [ 61,  73,  62,  63,  42,  65,  94, 111, 126,  64,  88, 141,  93, 107,  91,  96, 108,  90,  81, 105,  75,  87,  92,  89, 109,  67, 106, 125,  97,  66,  95, 104, 112,   1,  77, 102,  86,  76, 110,  78, 140,  80,  74, 124, 101,  72,  79,  33, 103,  58],
  [ 61,  73,  42,   0, 112,  33,  97,  72,  17,  62,  14,  94, 173, 131, 130,  91, 107, 114,  10,  92,  93,  82,  69, 108,  51, 106,  22,  63,  90, 129, 134,  58,  12, 109, 167,  11,  95, 105,  89,  88,  75,  83,  81,  50,  49,  78,  77, 161, 126,  46],
  [ 61,  91,  94,  73, 106, 105, 108,  92,  62,  90, 107,  88,  93, 109,  63,  75,  89,  95, 125,  76,  78, 110, 104,   1, 124, 102, 140,  77,  87,  64, 101, 111,  80, 126,  86,  65, 103,  79, 141,  81,  74,  96, 154,  42,   0,  66, 155, 123, 139,  72],
  [ 93,  94,  91, 106,  92,   0, 107,  90,  78, 108, 105,  89,  95, 109,  88,  75,  77, 102,  61, 110,  76, 104, 125,  87, 101,  80, 140, 124, 154,  79,  63,  62, 103,  73, 123,  12,  74,  64,  96, 126, 111,  81,  65, 155, 138, 139,  14,  86,  72, 122],
  [ 61,  73,  67,  62,  81,  42, 126,  96, 111,  94, 141,  93,  63,  91, 109, 108,  90,  92, 107, 105,  75,  97,  87,  64, 125, 106, 110,  88,  65,  89, 112,  72,  95,  76,  66, 104, 102,  77, 140,  78, 124,  80, 103, 101,  17,  79,  33, 155,   0,  60],
  [ 61,  62,  81,  96,  73, 126, 111,  63,  94,  93, 109,  91, 107,  75, 105, 108,  90,  87,  92, 125,  88, 106,  89,  95,  64,  65, 110, 141,  76, 104,  67, 102, 140,  77,  78, 124,  42,  66, 101,  80, 103,  79, 155,  74, 154,  97,  86,  72,   0, 139],
  [ 61,  62,  73,  81,  94,  91,  93,  63,  92, 107, 109,  90,  75, 111, 108, 126,  96, 105,  88, 106,  64,  89, 125,  95,  76,  87, 141, 110, 102,  78,  65,   0,  79,  42,  77, 104,  80, 140, 101,  66, 124, 103, 154,  97,  74, 155,  72,  67, 112,  22],
  [ 96, 126,  81,  61, 111, 141,  62, 109,  75, 105,  94, 125,  63, 107,  93,  87,  91,  92, 108, 106,  90,  88,  89, 110,  67, 104,  95, 102,  65,  64, 140,  76,  78,  73, 124, 101, 155, 103,  80,  77, 154,  79,  66,  74,  42, 139,   0, 123,  86,  97],
  [ 61,  62,  96, 126,  94,  81, 141, 111,  93,  91,  63, 109,  73,  92,  90, 107,  75, 105, 108, 125,  88,  87, 106,  89,  67, 110,  64,  65,  95, 102,  76, 104,  78,  77, 140, 124, 103,  79, 101,  80,  66, 155, 154,  42,  74,  97, 112,  72,   1,  86],
  [ 61,  94,  93,  62,  81,  91, 107,  96, 109,  92,  90, 105, 126, 108, 111,  75,  63, 125, 106,  73,  89,  88,  87,  95, 141, 110,  76, 104, 102,  64,  65,  78,  77, 140, 124, 103, 101,  79,  80,  67, 155, 154,  74,  66,  42,   0, 139,  86, 123,  97],
  [ 61,  81,  96, 126,  94,  62, 111,  93, 105,  91, 109, 107,  75, 108,  63,  90, 141,  92,  73, 125,  67,  88,  87,  89, 106,  95, 110,  64,  76,  65, 104, 102,  77,  78, 140, 103, 124, 101,  79,  42,  80, 155,  66, 154,  74,  97, 112,  17,  72,  86],
  [ 61,  96,  81,  62, 126, 141, 111,  94,  63,  91, 105,  93, 109,  75, 108,  90, 125,  92, 107,  73,  67,  88,  87,  89, 106,  64, 110,  76,  65, 104, 102,  95, 140,  78,  77, 103, 124, 101,  79,  80, 155,  66, 154,  74,  42,  97, 139,  86,  72, 112],
  [ 61,  81,  91,  96,  94,  90,  92,  93, 107,  62, 108, 105, 141, 111, 125, 126, 109,  75, 106, 110,  63,  76,  87,  64,  73, 102,  89,  88, 104,  95, 140,  79, 101,  78,  77, 124, 103,  67,  65,  80, 155, 154,  66,   0,  74, 139,  86,  97,   1,  42],
  [ 61, 141, 126,  96,  62, 111,  73,  65,  63,  81,  87,  64, 109,  90,  88, 125,  91,  94, 108, 105,  93, 107,  92, 104,  75,  67,  89, 110, 140, 106, 124, 102,  76, 103,  95, 155,  77,  74, 101,  80,  66,  78,  79, 154,  86, 139,  42,  72,  97, 123],
  [ 67,  42,   3,  72,   1, 176,  33,  61,  23,  53,  31,  97,  36, 185,  50, 189,  60,  73,  47,  44, 190, 135,   4, 143, 184,  49,  71, 156, 112,  51,  99, 142,  55,  37,  52,  62,  34,  69,  54, 161,  17,  18, 141,  66, 114,  84,  21,  83,  30, 131],
  [ 61,  73,  93,  11,  94,  92,  91, 109, 107,  95, 108,  90,  62, 106, 105,  75,  89,   0,  81, 112,  42,  47,  76,  77,  78,  88, 111,  72, 110,  63,  97, 125,  10, 102, 131,  64, 104,  79, 130,  14,  87,  80,  60, 126, 140,  96, 153, 132,  33, 101],
  [141,  67,  81,  96,   0,  82, 126, 125, 105,  17, 111,  91, 109, 110,  80, 107,  75,  92,  78, 101, 106,  76, 154, 104,  97, 108,  89,  90, 140,  94, 103, 155, 102,  77,  22,  79,  88, 124,  93,  87, 112, 169,  95,  63,  42,  64,  61, 120,  65,  11],
  [ 61,  73,  72,  60, 131,  62,   0, 148,  51,  49,  42,  33, 129,  23,  10,  22,  40, 135, 176,  45, 173,  63, 127,   9, 150,   3,  44, 114,  69,  84, 126,  41, 156,  64, 128,  65,  83, 163,  46, 193,   1,  71, 113,  37, 111,  91, 180,  27,  21, 143],
  [ 61,  94,  93,  91, 107, 108,  62, 109,  92, 105,  81,  90,  75,  96,  88, 106, 111, 125,  73,  89, 126,  63,  95, 110,  76,  87,  67,  77,  78,  42, 102, 104, 141,  64, 103, 140,  79, 101,  80, 124,  65, 155,  97, 154, 112,  66,  74, 130,   0,  17],
  [ 61,  94,  62, 107,  91,  93, 109,  88,  92, 108, 106,  90,  75,  89, 105,  73, 126, 125,  81,  95,  76,  63,  87, 111, 110, 104, 102,  78, 140, 103,  96,  77, 101,  80, 124,  79,  64, 154,   0,  74, 155,  65, 141,   1,  86, 130,  17,  82,  41,  42],
  [ 61,  73,  62,  97, 112, 107,   1,  94,  81, 105,  63,  91,  90, 106, 108,  88,  92,  75, 109,  64,  93, 125,  42,   0, 130,  76, 111,  89, 101,  96, 110,  87,  58,  95,  79, 126, 140,  78,  86, 104,  33, 103,  77, 141, 102,  66,  80, 124,  17,  11],
  [141,  96, 126, 111,  65,  62,  87,  63,  81,  61,  75,  64, 125,  88, 105, 110,  94, 106,  73,  93, 107,  90,  91, 140, 109,  89,  92, 102,  67, 104, 124,  78,  66, 108,  76, 101, 154, 103,  80,  95,  79, 155,  77,  86,  74, 139,  97,  42, 123, 169],
  [ 61,  73,  62, 126, 111,  81,  94,  91,  96,  63,  93,  90, 141, 109,  92, 107, 108,  88, 105,  75,  87, 125, 106,  89,  65,  64,  95, 110,  76,  42, 104, 102, 140,  77,  78, 124, 101,  97, 103,  67,  80,  72, 112,  79, 155,  66,  74, 154,  17, 130],
  [ 61,  73,  42, 108,  81,  91,  72,  67,  94,  93,  75, 107,  87, 105,  62, 111,  88,  65,  95,  92,  90, 109,  96, 106,  60,  63, 126, 141,  89, 125,  77,  76, 110, 140,  64,  17, 104,  97, 102, 124,  78, 112,  66, 103,  74,  33,  80,  79, 101,   0],
  [ 61,  73,  62,  94,  93,  91,  88,  92, 109,  63, 107, 105, 106, 108,  90,  87,  75,  89,  95,  42,  96, 111, 126,  81, 110, 125,  64,  78,  65, 104,  76,  77, 102, 140,  74, 124,  80, 101,  22,  72,  79, 103, 141, 154,  67,  41,  14, 112,  66,  60],
  [ 61,  62,  81, 109,  88,  75,  93,  94,  73,  91, 107, 105,  95, 108,  63,  92,  90, 106, 111,  89, 125,  87,  76,  96, 110, 126, 140, 104,  64, 102, 101,  77,  78,  65, 124,  74,  80,  79, 103, 155, 154,  66, 141,  86,  42, 139, 123,   0,  97, 112],
  [ 61,  73,  67,  62,  42,  81,  63,  91,  94,  93,  96, 108, 105, 109, 126, 111, 107,  90,  92,  75, 141, 125,  87,  64,  88, 106,  97,  89,  95,  76, 110,  65,  72, 104, 112,  77,   0, 102,  78,  66, 140, 124, 103, 101,  79,  80,  74,  33,  22, 155],
  [ 61,  96, 126,  81,  94, 111,  93,  67,  91,  73,  62, 141,  92, 108, 109, 107,  90, 105,  75,  63, 125, 106,  88,  87, 110,  89,  95,  76,  64, 104,  65,  78, 102, 140,  77, 124, 103, 101,  42,  79,  80, 155,  66, 154,   0,  74,  97,  72, 112,  17],
  [ 61,  81,  62,  67,  73, 126,  96,  94, 111,  93,  91, 141,  92, 108,  90, 107, 105, 109,  63,  75, 125,  88, 106,  89,  87, 110,  64,  95,  42,  76,  65, 104, 102,  77,  78, 140, 103, 101, 124,  79,  80,  66,  97, 155, 154,  74, 112,  72,   0,  17],
  [ 61,  94,  81,  93, 107,  91,  96,  90,  92, 109, 108, 105,  62, 111, 126,  75, 125,  63,  88, 106, 141,  73,  89, 110,  87,  95,  76, 104, 102,  64,  77, 140,  78,  65, 103, 124, 101,  79,  80,  67, 155, 154,  66,  42,  74,  97, 112,   0,  86, 139],
  [ 61,  73,  62,  42,  81, 126, 141, 111,  96,  63,  94,  91, 107,  67, 108,  97,  90, 112, 109,  93, 105,  92,  88,  75,  64, 125,  87,  65, 110, 106,  95,  89,  66,  76,  77, 104, 140, 130, 102,  78, 101,  17,  79,  80, 124,  33,  72, 103, 155, 154],
  [141, 126,  96, 111, 125,  91, 105,  90,  67,  75,  94, 108,  63,  65,  93,  92,  81,  87, 109, 107, 106, 104, 110, 102, 103, 124,  88,  64, 140,  89,  76,  79,  78, 101,  77,  62,  80,  95, 155, 154,  74,  66,   1,  61, 139,  86,  73, 123, 169, 100],
  [ 61,  73,  94, 109, 141,  92,  62,  81, 105,  63,  91,  93, 108, 126,  96, 111, 107,  90, 106,  75, 125,  88,  67,  89, 110,  64,  95,  76,  87, 104,  78, 102, 140,  66,  65, 101, 124,  77,  80,  42,  79, 103,  97,   0, 155, 154, 112,  74,  72,  22],
  [ 61,  94, 141,  92,  91,  93, 108,  90, 126,  81,  96, 107,  73, 105, 106, 111, 109,  88,  62,  75, 125,  89,  63,  76, 110,  95,  87,  78,  77, 102,  65, 104, 140,  64, 103,   0,  79, 101, 124,  42,  80,  97,  67, 154, 155, 112,  66,  17,  72,  82],
  [ 61, 109, 108,  42, 105, 107,  94,  91,  88,  93,  95,  92, 106,  75,  89, 125,  81, 155,  90,  76, 104, 110, 140, 126,  12, 130,  77, 103, 111, 124,  73,  96,  80, 102,  78,  87, 101, 154,  62,  74,  63,  17,  65,  64,  22,  79, 116,  11,  67, 141],
  [117, 153, 119,  12,  11, 164, 118, 152, 122, 138, 120, 116,  57,   9, 121, 165,  19,  25,  13, 194,  26,  46, 144, 174, 175,   8, 129,  28, 151, 182,   6, 134,  43, 157,  39,  27,  55, 172,  16, 196, 130, 181,  59, 167,  30, 187, 162, 145, 188,  48],
  [117, 119,  16, 122, 121, 118,  26, 138, 100,  25,  43, 164, 136, 182,  38,  57,  48, 151,  19, 192, 178, 123, 174, 169,  39, 153, 116, 120, 194, 152, 157,  12,  30, 179,  46, 166,  59, 188, 181, 172, 144,  21,  40, 146,  55,   6, 165, 175,  85,   9],
  [ 16, 119, 117, 121, 122,  43, 136,  25, 118,  26,  48, 164, 178, 151, 192, 174, 182, 138,  38, 100,  40,  57,  19,  30, 179,  59, 146, 166,  39, 169, 194,   9,  15, 181, 157,  21, 120, 188,  68, 152, 172, 195,  12,  85, 187, 162,   6,  46, 116, 144],
  [ 16, 119, 117, 122, 121,  25, 118, 136,  43,  48, 164,  26, 138, 192, 151, 178, 174, 182,  38,  57, 100,  39,  19,  30, 179, 166, 146,  40,  68,  15,  59, 188, 194, 152, 120, 181, 157,  85, 169,   9,  21,   6, 144, 187, 195, 172, 147, 145,  55, 159],
  [ 16, 119, 117, 136, 100, 121, 138,  25, 122,  43, 118,  26,  48, 169, 164,  38, 178, 192, 174, 182, 123, 151,  30, 120,  68, 181,   0, 146, 188, 116,  59, 194,  21,  15,   9,  39, 147, 179,  19, 166,  57, 144,  29, 157, 187,   6, 189,  85,  40, 168],
  [100, 169, 123, 139,  16, 138, 119, 154, 155, 136, 103, 168,  96, 140, 122, 124, 104,  74, 102, 126, 111,  79, 117,  80,  76,  78, 110, 125, 101,  87,  86,  89,  77, 141,  65, 106,  95,  75, 118, 121,  92,  90,  93, 107,  91, 109,  43, 108,   0,  81],
  [ 96, 141, 126, 111,   0, 155,  81, 123, 154, 100, 110,  87,  75,  78, 139, 109, 125,  95,  80, 104,  92, 140,  93,  89, 124, 108,  79,  91, 106, 169, 102, 105,  76,  77,  66,  90,  63, 103,  94, 101, 107,  65,  64, 138,  88,  74,  62,  72,  67,  17],
  [ 61,  94,  91,  62,  93, 107,  73, 108,  92,  90, 109, 106, 105,  63,  88,  75,  89,  95,  87, 110, 125, 126, 102, 111,  77,  78, 104,  76,  96,  64,  65,  42,  81, 140, 124,  80,  74,   0, 101,  79, 103, 154, 141,   1, 155,  86,  66, 123, 139,  60],
  [ 61,  81,  62,  96, 126, 111,  94,  93,  91, 107, 109, 105,  75,  73,  63,  90, 108, 141,  92, 125,  88,  87, 106,  89, 110,  95,  64,  76, 104,  65, 102, 140,  78,  77, 101, 124,  67, 103,  79,  80, 155,  42, 154,  66,  74,  97, 112,  86,   0,  17],
  [ 61,  62,  94,  73,  81,  91,  93, 107,  96,  63, 109, 105, 126, 111,  90,  92, 108,  75,  88, 125,  89, 106, 141,  87,  95, 110,  64,  65,  76, 104, 102, 140,  77,  78, 103, 101,  67, 124,  80,  79,  42, 155,  74,  66, 154,  97,  86, 112,   0, 139],
  [ 61,  62,  81,  73, 126,  96, 111,  94,  91,  93,  63, 141, 109,  92, 108, 107,  90,  75, 105,  67, 125,  42, 106,  87,  95,  89,  88,  64, 110,  65,  76, 104,  77, 102,  78,  80, 140,  79, 124, 101, 103,  66,  97, 155, 154,  74,  72, 112,   0,  33],
  [ 61,  42,  11,  13,  12, 130,   0,  73, 120, 129, 115,  60,  10,   8,  72, 114,  22,   9, 116, 167,  41,  91,  93,  49,  51,  17,   3, 108,  92,  27, 131,  14,  94,  69,  33,  95,  50, 107,  58,  37,  62, 165, 163, 134, 109,   6,  46, 173, 106, 156],
  [117, 138, 153, 123, 122, 100,  11, 120, 119, 118, 139, 116, 121,  12,  57, 152, 154,  25,  26, 182,  13,  95,  39, 155,  79,  78,  80,  76,  74, 164, 169,  77,  19, 103, 175, 134, 165,  46, 102,  92,  89, 168, 194, 124, 104, 140, 109,   8, 107, 101],
  [ 16, 117, 119, 121, 122, 151, 118,  25, 192,  15, 178,  48,  40,   9, 152,  26, 174,  59, 164, 182,  19,  57,  30,  38, 146, 136, 166, 120, 179, 188,  43, 145, 157,  68,  12,  28,  85,   6, 195, 181,  46, 187, 137, 158,  56, 194, 189, 172,  39,   5],
  [ 16, 117, 122, 119, 121, 118, 182, 192,  57, 136, 178, 138, 174,  25, 151,  15,  48, 169, 166,  39, 164,  38, 100, 179,  19,  26,  40, 146,  43, 168,  30,  59,   9, 152, 147, 181,  68, 183, 195, 188, 187,   5,  28, 158, 157,  85, 162, 159, 194, 172],
  [ 16, 122, 117, 119, 121, 118, 192, 174,  15, 182, 178,  25, 151, 164, 136,  57,  38,   9,  48, 166,  59,  39, 152,  28, 138,  26, 146,  19, 179,  40, 147,  68,  30, 187, 137,   5, 158,  85,  20, 195, 188, 145,  43, 181,  24, 157, 177,  46,  56, 171],
  [ 16, 117, 119, 122, 121, 118, 192, 178, 174, 182,  25,  57, 151,  38,  15, 164, 136, 146,   9, 166,  39,  48, 179,  19,  40,  59, 147, 169,  26,  30, 181, 195, 152,  68, 188, 138,  24, 158,  85,  20,  28, 157, 187, 137,   5, 120, 177,  43, 183, 172],
  [ 16, 122, 117, 119, 121, 192, 118, 182, 178,  15, 174,  57,  25, 151, 136, 166,  38,  48, 138,  39, 146,   9, 169, 164, 179,  40,  26,  59,  19,  43,  28, 158, 147,  30, 152,  68, 195, 168,   5, 181, 187,  85, 100,  20, 137, 183, 188, 162, 145,  24],
  [ 16, 119, 117, 121, 122, 118, 192,  15, 182, 178,  25, 174,  38, 136,  57, 151, 166,  48,  59, 146, 147, 152, 164,  68,  43, 179,  19,  30,  85, 195,   9,  26,  39, 158, 137, 188, 138,  28, 181, 187,  40, 145, 183,  24, 169, 120, 162,   5, 189,   2],
  [ 16, 117, 119, 122, 121, 182, 174, 192,  15,  57,  38, 178, 118,  43, 136,  25, 166,  48, 138, 151, 164,  68, 146,  19, 179,  59,   9, 169, 195,  40, 152,  26,  30, 100,  85, 147,  39, 158, 162, 187, 181, 183,  28, 168,  29, 188, 189, 137, 145, 159],
  [ 16, 117, 119, 121, 136, 138,  25, 169, 100, 118, 122,  48, 178,  38,  57, 192, 174, 182, 164, 151,  43, 168, 166, 179, 147,  39,  26,  68, 188,  19,  15,  30, 181, 146,  59, 120, 159,  85, 194,  21, 187, 195, 116, 183, 123, 157, 144,  40, 189, 162],
  [ 96, 126,  81, 111, 141,  62,  66,  87,  61, 125,  63,  75, 107,  64,  65,  67, 102,  76, 110,  93,  89, 105, 140, 104,  94, 103,  90,  91, 109, 101, 106,  92,  88,  78,   0, 108,  73, 155,  80, 154, 124,  79,  95,  77,  97,  14,  74, 112, 123, 139],
  [ 61,  73,  62,  81,  94,  91,  93,  63, 108,  96, 126, 105, 109,  90, 107,  75,  92, 111, 141,  88,  87, 125, 106,  67,  42,  89,  95,  65,  64, 110,  76,  77, 102, 104,  78, 140, 124,  79, 101,  80, 103,  66,  97,  74, 155,  72, 154, 112,   0,   1],
  [ 61,  62,  81, 126,  73,  96, 111, 141,  63,  94, 109,  91,  93,  75, 105, 108, 107,  90, 125,  92,  88,  67,  65,  89,  87, 106,  64, 110,  95,  76,  42, 104, 102,  77, 140,  78, 103,  80, 124, 101, 155,  79,  66,  97, 154,  74, 112,   0,  72,  86],
  [ 61,  62,  73,  94,  81,  91,  93, 126, 107,  92,  96,  90, 105, 109, 108, 111,  63, 141,  75, 125,  88, 106,  89,  67,  76,  87, 110,  64,  95,  42, 104,  65, 102,  77,  78, 140, 101, 124, 103,  80,  79,  97,  66, 154, 155,   0,  74, 112,  72,  17],
  [ 43,  16, 136,  48,  15, 121, 166, 119, 151,  26,  40, 146, 122, 145, 189,  25,  68, 174, 165,  30, 164, 160, 179, 100, 178, 162, 181, 117, 192,   5,   9,   1,  29,  12,  21,  19, 158, 169,   2,  27,   6,  59, 157,  39, 172, 195, 194,  38, 118, 187],
  [ 16, 119, 117,  15, 121, 122, 118,  25,  48, 136, 192, 178, 174, 151, 182, 164,  43,  26,  38, 138,  59, 166,  30, 179,  68,  57,  40,  39, 147, 152,  19, 195, 188,  28,   9, 187,  85, 100, 145,   5, 137, 194,   6, 181, 146, 120,  46, 153, 158, 189],
  [ 16, 122, 117, 119, 182, 118, 121, 192, 138,  15, 174, 136, 178, 166,  25,  39, 100, 164,  48, 151,  57,  26,  28, 169,  40,   9,  43,  38, 146, 147, 179, 168,   5, 137,  19,  59, 158, 187,  30, 145,  46, 152,  68, 153, 181,  12, 162, 195, 183, 188],
  [ 16, 119, 117, 118, 122, 121, 192, 178, 174, 182,  15, 151,  25,  57, 136, 164,  48, 179,  26,  38,  39,   9,  59, 166,  19,  28,  30,  40, 146, 147, 158,   5, 195, 152, 181, 187,  20,  85,  68,  56, 188, 171, 194, 137, 145,  24,  43, 177, 162, 157],
  [ 16, 117, 119, 122, 192, 118, 174, 121, 182, 178,  25,  15, 164, 151,   9,  48,  38,  59, 179,  39,  26,  46,  40, 147, 146,  30, 152,  57, 166,  19,  28, 136,   5, 158, 195, 187,  85,  68,  43, 145, 188,  20, 181, 137, 162,  56, 159, 194, 157, 171],
  [ 16, 117, 122, 119, 121, 118, 192, 182, 174, 178,   9,  25,  38, 164, 151,  15,  59,  28,  26,  57,  46, 146,  48, 179, 152, 158,  39,  40, 166,  19, 147,  30,   5, 195,  85, 181, 136,  68,  20, 187, 145,  43,  24, 162,  56, 137, 157, 177, 171, 188],
  [ 16, 117, 122, 119, 118, 121, 192, 182, 174, 178,   9,  25,  38,  15, 164, 151,  28,  59,  57,  46, 152,  26,  48,  39, 146, 147, 179,  19, 136, 158,  30,   5, 166, 187,  40,  85, 195, 138, 120, 137, 181,  68,  24,  20, 145, 188,  56, 162, 177,  43],
  [ 16, 117, 122, 119, 118, 192, 121, 174, 178,   9,  38, 182, 164,  25, 151,  59,  15,  26,  57,  46, 179,  40,  19,  48,  28, 158,  30, 152, 147, 146, 195,  39,  85,   5, 136, 181,  56, 166, 120, 187, 157,  20, 171, 159, 188, 145, 177, 194, 137,  24],
  [122,  16, 119, 117, 121, 118, 174, 192, 182,  38, 178, 164,   9,  25,  15, 151,  57, 138,  59,  48,  28, 146, 152,  26,  46, 179, 136,  39,  19,  40, 147,  43, 166, 158, 145,   5,  30, 195, 181, 157, 187,  20,  68,  85, 177, 153, 120, 162, 171, 194],
  [122, 117,  16, 119, 121, 118, 182, 138, 192, 178, 174,  25,  38,  15,  57, 164, 151, 136, 152, 169, 146, 120,   9, 166,  48, 147,  19,  39,  40,  59, 100, 116, 179,  28,  26, 188,  68, 153,  46,  30, 187, 137, 168, 181,  24,  85,  12,   5, 195, 158],
  [ 16, 119, 117,  48, 182, 174, 121,  43, 136,  25, 118, 192, 178,  38, 164,  57, 179, 151,  15, 166,  30,  26,  68,  19,  39, 195,  59, 194,  85, 187, 138, 122, 162,   6,  21, 159, 147, 181,  55,  35, 188, 144, 158, 100, 175, 189,  29,  28,   5,   9],
  [ 96,  91,  81,  75, 105, 109,  92, 106,  93, 111,  63, 125,  94,  87, 126,  89,  90, 107,  76,  78,  88, 110,  62, 102, 108, 104,  95,  64, 140,  61, 101,   0, 103,  79,  80, 124, 141,  65,  77, 154,  73,  66,  74, 155, 123, 139,  41, 100,  67,  11],
  [ 61,  67,  73, 141,  62,  81,  96, 126,  42,  63, 111,  91,  94, 108,  93, 105,  92,  90, 109,  65, 107, 125,  75,  64,  87,  88,  97,  89, 110, 106,  76,  66,  95, 104, 102,  77, 140,   0,  78, 103, 124, 101,  72,  80,  79, 112, 155, 154,  74,  33],
  [ 61,  94,  81, 126,  96,  93,  91, 107, 111, 109, 108,  92,  90, 105,  75,  62,  88, 125, 106, 141,  89,  63,  95,  87,  73, 110,  76, 104,  78,  77,  65, 140,  64, 102, 124, 101, 103,  80,  79,  42, 155, 154,  66,  67,  74,  97,  17,  72, 112,  86],
  [ 15,  59, 117, 151, 152, 121,  13,  40, 195, 178,  85,   9, 192,  16, 189,  25, 179,   2,  38, 174, 119,  68,  19, 150,  48,  28,  30, 190, 137, 158, 188, 122, 145,  26, 171,  54,  47, 115,  46, 164,  99,  43, 166, 148, 187,  52,  57, 146, 183,  35],
  [ 16, 117, 119, 122, 121, 192, 178, 151, 118, 136, 174,  15,  25, 166,  48,  57,  40, 179, 182,  39,  19,  26, 164,  30,  59, 146,   9,  43, 195,  38, 152,  68, 188, 137,  85, 187,   5, 145, 158, 157, 171, 147, 189, 181, 194, 159, 138,  20,  56, 172],
  [ 16, 117, 119, 192, 121, 118, 178, 122,  25, 174,  15, 151,  48, 136,  59,  38,  30, 179, 164,   9,  40,  57, 195, 147, 182,  26, 166, 188,  19,  85,  68, 152, 187, 146,  39,  20,   5, 189,  56, 181, 159, 158, 137, 145, 194, 157,  43,  24, 171, 120],
  [ 16, 117, 119, 192, 174,  15, 151, 122, 178, 121, 166, 182,  48, 179, 118,  25,  39, 136,   9,  57,  40,  59,  26, 164, 195,  19,  68, 146,   5,  30,  43, 158,  38,  28, 171,  85, 152, 187, 147, 145, 188, 137, 189, 159, 194,  20, 177,  35, 181, 157],
  [ 16, 117, 119, 121,  15, 192, 122, 151, 178, 174,  25, 118,  48, 182,  59, 179, 152,  40,  57, 164,  30, 166,  19,  38, 195, 137,   9,  68, 136,  26,  85,  39, 146, 187,  28,  43, 188, 158, 189, 147, 145,   5,  56, 171, 194,   6,  35, 162,  46, 159],
  [ 16, 117, 119, 122, 118, 192, 121, 174, 178, 151, 182,  25,  15, 164,  48,  39, 179,  57, 136, 166,  40,   9,  26,  59,  38,  19,  30, 146, 152,  28, 147, 195,   5,  68,  46, 187, 145, 188, 158,  85, 181, 157, 171, 137,  20,  43, 194,  56, 159, 177],
  [ 16, 117, 122, 119, 121, 192, 118, 174,  15, 182, 178, 151, 164,  25,  48,  38, 179,  57,  40,  59,  39,   9, 152, 166, 146,  28,  19, 195,   5,  26, 147,  46,  30, 136, 158, 187,  85,  68, 171, 120, 137, 145, 188, 181, 177, 138,  20,  43,  56, 157],
  [ 16, 117, 122, 119, 118, 121, 192, 182, 174, 178,  15,  25,   9,  38, 164, 151,  59,  48, 179,  57,  26,  39,  40,  28,  46, 146, 136, 147, 166,  30, 158, 152,  19,   5, 195, 181,  85,  20, 187,  68,  43, 162,  24, 138,  56, 188, 145, 137, 171, 194],
  [ 16, 117, 119, 122, 121, 118, 192, 178, 182, 174,  15,  25, 151,  38, 164,   9,  59,  57, 152,  48, 179,  19,  46, 146,  26,  40, 147,  28, 136,  30, 120,  39,  85, 195, 137, 158, 166,  24,  68, 187,  56,   5,  20, 181, 188, 145, 138, 177, 171, 157],
  [ 16, 122, 117, 119, 121, 118, 192, 174,  15, 182, 151, 164, 178,  48,  25, 152,  59,  40, 136,   9, 166,  57,  26, 179,  28,  19,  39,  38, 146,  30,  46, 147, 145, 187,   5,  68,  43, 195, 137, 158, 138, 188,  85, 181, 153,  56, 194, 162, 171, 157],
  [ 16, 117, 119, 122, 121, 118, 192, 174,  15, 182, 178, 151,  25,  48, 136,  57, 164, 166, 179,  39,  38,   9, 152,  59,  28,  19,  26, 147,  40,  30, 146, 195, 138,  68,  43,   5, 187, 188, 137,  85, 181, 158, 145, 194, 162,  46, 153, 157, 159,  20],
  [ 16, 119, 182, 117,  48,  43, 174,  25, 121, 136, 192, 178,  38, 164, 118,  57, 151, 166,  15, 179,  30,  68,  59, 138,  19,  39,  26, 122, 195, 187, 100,   6,  85, 194, 175, 147, 162, 168, 152,  28,  21, 145, 188, 158, 144, 159, 153,  40, 181,  35],
  [ 91, 105,  93,  94, 125,  75, 109, 107,  90, 102,  96,  92, 106,  76, 108,  81,  89,  78,  87, 103, 110, 101, 104,  63,  88,  79,  62,  95, 140, 124, 111, 126,  77,  64,  80, 154,  65, 155, 141,  74, 123, 139,  66,   0, 100,  61,  86,  67,  73, 138],
  [ 61,  62,  73,  81, 126,  63, 111,  96,  94, 107, 108,  93, 109,  75,  91,  88, 105,  90,  87,  92, 125, 106, 141,  64,  65,  89,  95, 110, 104, 140,  76,  42, 102,  77,  78,  66, 124, 101, 103,  79,  80, 155,  74,  67,  86, 154,  97,   0, 130, 112],
  [ 61,  73,  62,  94,  93,  63,  88,  91, 107, 108,  81,  90, 105,  92, 126, 109,  75, 111,  64,  96, 106,  42,  67, 125,  87, 141,  89,  65,  95, 110,  76, 104, 102,  78,  77, 101, 140, 103,  79, 124,  97,  80,  66, 112,  74,  72,  41, 154,  22, 155],
  [ 61,  73,  42,  17, 112,  81, 130,  62,  97, 126,  63,  72, 108, 141, 111, 109, 105,  67,  91,  94,  90,  88,  75, 107,  93,  92,  96, 125, 106,  64,  95, 110,  66,  87,  76,  89, 140,  33,  78, 104, 101,  77,  65,  58,   0, 124, 155, 102,  79,  80],
  [ 61,  73,  91,  94,   0, 107,  17,  90, 108,  93,  92, 105, 106, 109, 125, 110,  81,  75, 141,  78,  88, 126, 140,  62,  76, 101, 103, 104, 102,  77,  67,  63,  89, 111, 124,  10,  96,  95,  64,  11,  79, 112,  87,  97,  72, 131, 130,  80, 155, 127],
  [ 91, 105,  94,  90,  92, 106,  93, 108, 107, 125,  75, 109, 110,  76, 102, 140, 101, 104,  89, 103,  88, 124,  78,  81,  77,  79,  95,  63, 141,  96,  61,  64,  87, 111,  80, 126, 154,  62,  65, 155,  73,  74,  67,  66,   0, 139,  86, 123,   1, 168],
  [ 61,  73,  62, 141, 126, 111,  63,  65,  64,  96,  90,  81, 108,  91,  94,  87,  93,  88, 107,  92, 109, 105, 125, 104, 110,  75, 106,  89, 140, 102, 124,  76, 103, 101,  95,  66,  77,  67,  74,  78,  80,  79, 155,  86,  72, 154,   1,  42,  97, 139],
  [ 61,  73, 112,  42,  72,  97,  62,  17,  33,  45, 150, 130,  10,  58,  51,   0,  67,   3, 141, 126,  60, 111,  50,  81, 180, 131,  66,  23,  83, 127,  82,  52,  63,  96,  64,  44,  40,  84,  27, 132, 193, 156,  69,  94, 148, 143, 114,  47, 115,  71],
  [ 10,   0,  61,  11,  28,  73, 153,  17, 107, 106, 105,  91,  58,  93,  94, 108,  92,  90, 120, 116,  88,  14,  12, 127, 109, 101,  45,  75,  78, 130,  29, 131,  89,  95,  76,  77, 140, 110, 125, 104,  42, 103, 137, 122, 124, 138,  72, 102, 112, 147],
  [ 61,  73,   0,  91, 108, 105,  94, 106,  90,  93,  92, 107,  88,  75, 109, 125,  62,  76,  63, 110,  78, 101,  89, 104, 102, 140,  95,  77, 124,  81,  17, 103,  64,  79,  87, 141,   1,  80, 126, 111,  72,  42,  96,  10, 154,  65, 155,  74,  58, 130],
  [  1,  45,  15,  28, 150,  10,  13,   9,  40, 148,  50, 173,  73,  43,  51,  23, 166,  61,  29, 180, 128,   2,  60, 158, 137, 149, 190, 145,  58,  44, 114, 143,  59, 189,  52,  62,   3,  36,  33,  42, 195,  98, 162, 113,  86, 131,  68,  67,  27, 135],
  [ 15, 117, 151,  59,  16, 121, 178, 192,  40, 152, 195,  85,  25, 122, 119, 179, 174,  38,  19,   9,  28,  57, 137, 189, 183,  68,  30,   2,  48,  13, 118,  26, 188, 187, 164,  47, 166, 158,  54, 171, 120, 136, 146,  56, 190, 150,  99, 145,  35, 159],
  [ 16, 117, 119, 122, 121,  15, 192, 178, 151, 118, 174,  25,  48, 182, 166, 136,  59,  40,  57, 179, 164, 152,  38,  30,  19,  43,  26,  68, 195, 146,   9,  39,  85, 187, 147, 188, 137, 145,   5, 158,  28, 138, 189, 181,  46, 171, 162,  56, 159, 194],
  [ 16, 119, 117, 121, 122, 118, 192, 136, 178, 174,  15,  25, 151,  48,  57, 182, 166, 164, 179,  38,  19,  26,  39,  59,  30, 138,  43, 147,  68, 146,  40, 195, 152, 187, 169,  85,   5,   9, 181, 188, 158, 145, 194,  28, 162,  20, 100, 171, 159, 189],
  [ 16,  48, 174, 182, 119,  43,  25, 117, 192, 178, 164, 179,  59,  30,  68,  15, 151, 136,  38,  26, 195, 121, 187, 118,  85,  21,  19,   6, 166, 194,  39, 147,  57, 159, 162, 189, 144,  46,  35, 145, 175,  99, 158,  55,  40, 188,  28,   9,   5, 152],
  [ 81,  96,  62, 125, 107, 105, 111, 109, 126,  75,  63,  90,  87,  91,  93,  88,  94, 108, 104,  76,  92, 106,  89, 103, 140, 101, 102,  64, 110,  95, 124, 155,  61,  65,  78,  79, 141,  77, 154,  80,  66,  74,  73,  67, 139,  86, 123,   0, 100,   1],
  [ 61,  67,  42,   0,  73,  62,  81,  97,  94,  93, 108,  91, 141, 107,  92, 105,  96,  90, 126,  75, 109,  63,  72,  89, 125, 112, 130, 111,  22, 106,  95,  76,  65,  64, 110,  77,  33, 102,  87,  88,  66,  80,  79,  78, 104,   3,  58, 103,  41,  50],
  [ 61,  73,  62,  42,  81,  63,  91,  94,  93, 126, 111,  88,  90,  92, 107, 112, 105,  97, 109, 108,  64,  75,  96, 106, 130,  67,  95, 125,  87, 141,  89,  65, 110,  72,  76, 104,  77,  60,  33,  78, 101, 140,  58,  74, 102, 124,  79,  17, 131,  80],
  [ 61,  91,  93,  94,  92, 109, 105,  81, 107, 108,  62,  90, 106, 126,  75,  76, 125,  88,  89, 141,  96,  73, 110, 111,   0,  95,  63,  78, 104, 102,  79, 101,  80,  77,  42, 140,  64, 103,  87, 124,  97,  65, 154,  11, 155,  41,  74,  22,   1, 112],
  [ 61,  73,  62,  94, 126, 111,  81, 107,  96, 108,  88, 106, 109,  90,  93,  87,  91,  92, 105, 141,  63,  75, 125, 110,  89, 140,  95,  65,  64, 104,  78,  76, 102,   0, 103, 124, 155,  77, 101,  79,  80,  66, 154, 112,  86,  42,  97,  74,  17,  82],
  [ 61,  94, 109, 108,  92,  93,  88,  75,  91,  90, 105, 106,  95, 107,  89, 111, 125,  81,  87, 110,  63,  96, 104,  62, 126,  73, 140,  76,  78, 124, 102, 103,  77, 155,  64,  74, 101,  65,  80,  79, 154, 141,  66,  86, 139, 123,  42,   0,  72,  67],
  [ 61,  73,  62,  94,   0,  91,  93,  92, 107, 108, 109, 106,  63,  90, 105,  75,  95,  89,  88,  78, 110,  87,  64,  76, 125,  77, 102,  42, 104, 111, 126,  81,  96, 101, 140,  74,  80, 124,  79,  72,  65, 103,  14,  66, 154, 131,  10, 141,  97,  22],
  [ 61,  73,  62,  42,  94,  91, 112,  93,  92,   0,  63, 107, 105, 108,  88,  90, 109,  97, 106,  75,  89,  81,  64,  95,  76,  58, 125,  77,  78,  22,  72, 110, 102, 101,  87,  79, 104, 111, 130,  33, 140,  67,  80, 124,  96, 103,  74,  65,  66,   1],
  [ 61,  94, 126,  93, 141,  96, 107,  90,  92,  81,  91, 111, 108,  62, 109, 105, 106,  88, 125,  75, 110,  73,  89,  87,  95,  76,  63,  78, 104,  64, 140, 102,  77, 101,  65, 103,  79, 124,  80, 154, 155,   0,  42,  66, 112,  74,  97,  17,  67,  86],
  [ 61,  73,  42, 109,  88,  75, 126,  91,  95, 105, 106, 107,  89,  90, 111,  63,  74,  93,  92, 125,  62, 104,  96, 108, 110,  94,  81, 140,  65, 124,  87,  78, 155, 101,  77,  76,  86,  80, 154, 141,  64, 103, 102,  60,  79,  72,  17, 123, 139, 168],
  [ 61,  42,  73,  62,  94, 107,  81, 108, 105,  88,  90, 112, 109,  91,  63,  92,  75, 125,  93, 106,  89,  97, 101,  95, 111, 126,  76,  77,  64, 110, 130, 104, 140,  67, 141,  96,  66,  78,  79,  17, 124, 102,  87, 103,  80,  65, 155,  86, 154,  82],
  [  1,  40,  45,  15,  28,   2, 166, 137, 151, 183,  59, 122, 180, 146, 150,  29,  10,   9, 121, 148,  13, 182,  43, 152, 158, 195,  68,  16, 173, 192, 178, 143,  25, 189,  23,  51,  83, 162,   5, 145,  24,  52, 128, 179, 190, 117, 172,  85,  46,  48],
  [ 16,  15, 117, 151,  59, 121,  25, 192, 178,  40, 119, 174,  48, 195,   9,  68, 152, 122, 179,  85, 189, 137,  46,  30, 164,  38,  26,  43, 146, 118, 188, 187,  19,   2, 182, 158, 166, 145, 147,  28,  56, 136,   5, 159, 181, 148,  35,  99,  20, 171],
  [ 16, 117, 119, 121, 122,  15, 192, 174, 178, 136, 151,  25,  48, 118, 182, 166,  57,  43, 179, 164,  40,  59,  30,  19,  38,  68,  26,  39, 195, 147, 152, 187,   9, 146, 145, 138,  85,   5, 189, 158, 137, 188, 181,  28, 194, 162, 171, 159, 168, 183],
  [ 16, 119,  43,  25,  48, 136, 192, 174,  21, 117, 118,  26, 182, 178,  68, 164,  30, 121,  59,  38, 179,  14, 194, 147,   6, 144,  57,  15, 187,  85,  99, 151, 195,  19,   8,  35, 189, 138, 162,  55, 168, 100, 181,  46, 188,  39, 159, 170, 175,   7],
  [ 61,  94,  91,  93,  92, 109, 108, 105,  90, 107,  62,  81,  96,  75,  63,  89, 106, 125, 126,  88,  95, 111,  73, 110,  76, 141, 104,  87,  77, 102,  78,  64, 140, 124,  67, 101,  80,  79,  65, 103, 154,  42, 155,  74,  66,   0,  97, 139, 112, 123],
  [ 61,  81,  62, 126,  96, 111,  94, 107, 109,  91,  73,  93, 105, 108,  90,  63, 125,  75,  88,  92, 141,  87, 106,  89, 110,  95,  65, 104,  64,  76, 140, 102,  77,  67,  78, 103, 124, 101, 155,  80,  42,  79,  66, 154,  74,  97, 112,  86,   0,  17],
  [ 61,  73,  62,  67, 126, 141,  96,  81, 111,  63,  91, 107,  94,  64,  42,  90,  93, 105,  92,  87, 108, 109,  97, 125,  75,  65,  88, 106,  89, 104, 110, 112,  76, 102,  95,  77, 140,  78,  66, 124,  80, 101, 103,  79, 131,  72,  22, 155,  58,   1],
  [ 61,  73,  62,  94, 111, 126,  81,  91, 107,  93, 109,  92,  90, 108,  96, 105,  63,  75,  88, 141, 125, 106,  89,  95, 110,  42,  65,  87,  64, 104,  76,  77, 140,  78, 102, 101, 103, 124,  79,  67, 155,  80,  97, 112,  66, 154,  74, 130,  17,  86],
  [ 61,  94,  62,  73, 107, 108,  93,  91,  90,  88, 111,  81,  92,  75, 106, 105,  63,  96, 126,  87, 109,  89,  95, 125, 110,  65,  64,  76, 141,  77, 102, 140,  42, 104,  78,   1,  79, 124, 103, 101,  80,  66,  97,  74, 154, 112, 155,  86,  67,  72],
  [ 61,  73,  94,  62,  91,  42, 107,  93,  92,  90, 108,  63,  81, 105, 109,  75,  88,  89, 106, 111,  95, 126, 125,  96,  64,  77,  76,  78,  87, 141, 110, 104,  67, 102,  80,  79,  97,  65, 101, 140, 124, 103,  66, 112,  74, 155, 154,  33,  17,  58],
  [ 61,  73,  42, 141,  62,  67, 126,  63,  22,  91,  94,  97,  72, 105, 108,  96,  88,  92,  93, 111,  81, 109,  90, 106,  65, 107,  75,  64,  87,   0, 125,  89,  58,  41,  33, 110, 104,  95,  76,  78,  66, 130,  17,  77, 102, 140, 101,  80, 112, 124],
  [ 61,  94, 107, 108,  93,  91,  90,  92,  81, 105, 126,  96,  62, 111, 109,  75, 106,  89,  73, 125,  88,  95,  77, 141,  63, 104, 110,  78,  76,  87,  67, 102, 101, 103,  64,  79, 140, 124,  42,  80,   0,  65, 154, 155,  66,  74, 112,  97,  17, 130],
  [ 61,  62,  73, 126,  94,  96, 111,  63,  81, 141, 107, 108,  90,  91,  93, 109,  92,  88, 105, 125,  65,  64,  75, 106,  87,  89, 110, 104,  95,  76, 102, 101, 140,  67,  42,  77,  78, 124, 103,  66,  79,  80,   0, 155, 154, 112,  97,  74,  86,  72],
  [ 61,  73,  62, 126, 141,  94,  96, 111,  42,  63,  93,  91, 107, 109,  90,   1, 108,  88, 105,  81,  92,  75, 106,  87, 125,  64,  65,  89, 110,  97, 104,  67, 102,  95, 140,  78, 112,  76, 103,  77, 124, 101,  80, 130, 155,  72,  79,  82, 131,   0],
  [ 94,  96, 126,  91, 111,  81,  62,  93,  90, 108,  61,  75, 141, 105,  92, 107, 106, 109, 110,  88, 125,  87,  63,  89, 140,  76,  64, 102,  78, 104,  95,  65, 103,  77,  73, 124, 101,  80,  79, 154, 155,  66,  74,  86,   0,  67, 139,  42, 112, 123],
  [  1,  86, 141, 126,  62,  96, 111, 169, 112,  82,  81,  94,  90, 140, 130,  64, 107,  61, 125,  65,  97, 108,  63, 103,  91,  88,  87,  75, 110,  79, 155, 106, 105,  73, 124, 101,  93, 109, 104,  17,  92, 102,  80,  77,  78, 183,  89,  76, 154,  50],
  [ 16, 117, 119, 121, 122,  15, 118, 192, 178,  57, 166, 136,  48, 182,  25, 151, 174,  43,  38, 179, 169, 138,  40,  59,  68,  30,  19, 146,  39, 147,  26, 183, 164, 195, 168, 100, 189, 158,   5,  85, 152, 181,  28, 187, 188,   9, 145, 162, 159,   2],
  [ 16, 119, 117, 121, 182, 166,  25, 122, 151,  15,  48,  57, 136, 138, 118,  43, 178, 192, 179, 174,  38,  39,  68, 100, 169,  59, 168, 164, 147,  19, 146,  40, 183,  30, 188,  29,  26, 195, 152,   5, 181, 153, 137, 187, 189,  85, 162,  21, 158, 175],
  [ 61,  81,  96, 126,  62, 111,  94, 141,  93,  91, 108, 107,  92,  73,  90,  63, 109,  75, 105, 125,  87, 106,  88,  89, 110,  67,  64,  95,  65,  76, 104, 102,  77, 140,  78, 124,  80, 103,  79,  66, 101,  42, 155, 154,  97,  74,   1,  72, 112,  17],
  [ 61, 126,  62, 111,  96, 141,  81,  94,  91,  93,  63,  73,  67,  90, 107, 108, 105,  92, 109, 125,  75,  88,  87,  64,  89, 106, 110,  65, 104, 102,  76, 103, 140,  95,  77,  78, 124, 101,  80,  42,  79, 155,  97,  66, 154,  74, 112,  72,   0,  86],
  [ 61,  73,  62,  42,  94,  81, 126, 111,  96, 141,  91,  93,  63, 107, 108,  92,  90, 109,  75,  67, 105,  88, 125,  64, 106,  87,  65,  89, 110,  95,  97,  76, 102,  66, 104,  77, 140,  78,   0,  80, 112, 101, 124,  79, 103,  72, 154, 155,  33,  74],
  [ 61,  96, 141,  94, 126,  91,  81,  93, 111, 108,  92,  90, 107,  67,  62, 109, 105, 125,  75,  63,  89, 106, 110,  76, 102, 104,  64,  95,  88,  87,  77,  78,  65,  73, 103,  79, 140,  80, 101, 124, 155,  66, 154,  42,   0,  74,  97, 139, 112,  72],
  [ 61,  73,  62,  63,  94,  91, 107,  93,  81, 108, 111,  90, 109,  92, 105,  96, 126,  88,  87,  75,  42, 106,  64,  89, 125,  95,  65, 110,  76,  67, 141, 104,  77, 102, 140,  66,  78, 124, 101,  80,  79, 103,  97,  74, 112,  72, 154, 155,  33,   0],
  [ 61,  73,  62,  67,  42,  81,  63, 126,  94, 111,  91,  96,  93, 141,  90, 107,  92, 108, 105,  64, 109,  75,  65,  87,  88, 106, 125,  89,  97,  95, 110,  76,  77, 104,  66, 102,  78,  79,  72, 140,  80, 101, 124, 112, 103,  33,  74, 154,   0, 155],
  [ 61,  73,  62, 141, 126, 111,  81,  96,  63,  42,  67,  97,  65,  64,  94,  87,  91,  75,  93, 109,  90, 108, 107,  88, 105, 125,  92, 112,  89, 106,  72, 110,  66,  95,  76, 102, 104, 140,  77,  78,  80,  33, 124, 103, 101,  79, 155, 130,  74,  22],
  [ 61,  81,  96, 126,  62, 111, 141,  94,  63,  91,  75,  93, 125, 109,  90, 107, 105,  92, 108,  64,  89,  87,  73,  88, 110,  65, 106,  76,  95, 104, 102, 140,  77,  80,  78,  79, 103, 101, 124,  67, 155,  66, 154,  42,  97,  74, 112,  86, 139,   0],
  [ 61,  73,  62,  42, 107,  94,  81,  91, 126,  93,  90,  97, 111, 112, 108, 105,  92, 109,  67,  96,  63,  88, 130, 106,  75,  17, 141, 125,  64,  89,  87, 110,  95,  58,  72,  76, 104,  60, 140,  77,  78, 102, 101,  65,  33, 131,  11, 103,  10, 124],
  [ 61,  62,  73,  94, 126,  96, 107,  93,  91, 111,  81,  90, 105,  88,  92,  63, 108, 109,  75, 141, 106, 125,  87, 110,  64,  89,  65,  95,  76, 140,  78, 104, 102,  77, 101, 124, 103,  42,  79,  80,  66, 154,  67, 155,  74,  97, 112,  86,   0,  72],
  [ 61, 126,  94,  96, 111,  91, 107,  93,  42,  62, 109, 108,  90,  92,  73, 106, 105, 141,  81, 110,  67,  95,  89,  75, 125,  63,  87,  65,  88, 104,  77, 102,  64,  76, 140,  78, 155, 124,  80, 103,  97, 154, 130,  60, 101,  66,   1,  72,  74,  79],
  [ 61,  62,  94, 126,  73, 141,  91,  96,  93, 107,  90, 111, 105, 108,  88,  92,  63, 125, 109,  81,  75,  87, 106,  65,  89,  64, 110, 104,  76, 102, 103, 101, 140,  95,  78,  67,  77, 124,  79,  80, 155, 154,  74,   0,  66,  97,  41,  72,  42, 112],
  [  1, 183, 151,  40, 117, 121,  15,  57, 152,   2, 178, 168, 179,  47, 120,  19,  16,  25, 182,  21, 190,  48, 118, 153,  13, 137, 180,  39,  23, 195, 188,  35, 171,  28, 185, 166, 169,  30,  45, 159,  55, 132,  85,  18, 196, 189, 142,  34,  59, 197],
  [ 16, 136, 141,  96, 169, 126, 100,  66,  67, 111,  86,   1,  87, 168, 139, 123, 154, 166, 155, 124, 140, 110,  65, 103, 183, 138,  43, 102, 104,  63, 125,  48,  64,  21,  80,  15, 101,  68,  78,  75, 106,  45, 105,  74,  77, 119,  90,  89, 107,  91],
  [ 61,  62,  73,  81, 141,  96, 126, 111,  67,  63,  94,  91, 108,  93,  90,  92, 107, 109,  75, 105,  64, 125,  87,  42,  89,  88, 110,  65, 106,  95,  76, 102, 104,  66,  77, 140,  78,  79,  80, 124, 101,  97, 103, 155, 112,  72, 154,  74,   0,  33],
  [ 61,  81,  94,  62,  96,  91,  93, 107, 111,  90, 126, 109, 105,  75, 108,  92,  63, 125, 106,  88,  87,  89, 141, 110,  76,  95,  73, 102,  64, 104,  65,  77, 140,  67,  78, 103, 124, 101,  79,  80, 155, 154,  66,  74,  42,  97,  86,   1, 139, 112],
  [ 61,  62,  73, 126,  96,  81, 141, 111,  67,  42,  63,  94,  93, 107,  91,  65,  87, 109, 108,  90,  75, 105,  64,  92, 125,  88,  89,  97, 106, 110,  95,  66, 104,  76, 102,  77, 140, 112,  78,  80, 103, 124, 101,  79, 155,  72, 154,  74,  33, 130],
  [ 61,  62,  73,  94,  91,  63,  93, 105, 108,  81, 107, 109,  90,  75,  92,  88,  42,  64, 106,  89, 125,  95, 111,  96,  76,  67, 126,  87, 110,  77, 102,  65,  78, 104, 101,  79, 141, 140, 124,  80,  97,  66, 103,  74, 112, 130, 154,  72,  86,  60],
  [ 61,  73,  62,  81, 126, 111,  63,  96,  91, 109, 107,  94, 105,  90,  75, 125, 141,  93,  64,  88, 108,  92,  87, 110, 106,  65,  42,  89, 104,  95, 140,  76, 102, 101, 124,  67,  77, 103,  80,  78, 155,  74,  79, 154,  66,  97,  86,  72, 112,   0],
  [ 61,  62,  96,  81, 111, 126,  94,  73,  75,  63,  87,  93, 107, 108, 109, 141,  90,  91, 125, 105,  92, 106,  65,  88, 110,  64,  89,  95, 102, 140,  76, 104,  77,  78,  66, 103, 124,  80,  79, 101, 155, 154,  74,  67,  42,  86,  97,   0, 139,  72],
  [ 81,  96,  94,  61, 111,  93, 126,  91, 107,  62, 108,  92,  90, 109,  75, 141, 105, 125, 110,  87, 106,  89,  63,  95,  88,  76,  77,  67, 102, 104,  73,  78,  64, 140,  65,  79,  80, 103, 124, 155, 101,  42, 154,  66,   0,  74,  97, 112,   1, 139],
  [ 61,  73,  62,  81, 126, 111,  96, 141,  67,  63,  94,  93, 107,  91,  90,  64,  75, 109,  87, 125,  92, 108, 105,  97, 112,  65, 110,  42,  88,  89, 106,  76,  95, 104,  66, 102, 140,  77,  78, 103,  80, 124, 101, 155,  79,  72, 154,  74,  33,  17],
  [ 61,  62,  73,  96, 126,  67,  81, 111, 141,  94,  93,  63,  91, 108, 109,  92,  87, 107,  90,  75, 125, 105,  64, 110,  65, 106,  88,  89,  95,  76, 104, 102, 140,  78,  66,  77, 124, 103, 155, 101,  79,  42,  80,   0,  72, 154,  74,  97, 112,  41],
  [ 61,  62,  94,  81,  91,  96, 108, 141,  93, 107,  90,  73, 126, 105, 109,  92,  63, 111,  67,  75, 125, 106,  87, 110,  88,  89,  64,  95, 102,  76,  65, 104,  77, 140,  78, 124, 103,  79, 101,  42,  80,  66, 155,  97, 154,  74,   1,   0,  72, 112],
  [ 61,  62,  67, 126, 141,  96,  73,  81, 111,  94,  93,  91,  63, 108, 109,  92,  90, 105, 107, 125,  75,  87, 106, 110,  64,  65,  89,  88, 104,  95,  76, 102,  77, 140,  78, 103,  66, 124, 101,  80,  79, 155,   0,  42,  97, 154,  72,  74, 112,  22],
  [ 61,  73,  62,  67,  42,  63,  94,  81, 126,  93, 141,  96,  91, 111, 108, 107,  90,  92, 105,  64, 109,  65,  88,  75,  87, 125,  89,  97, 106,  95, 110,  76,  77, 104,  66, 102, 112,  78,  72, 140,  79,  80, 101, 124, 103,  74,  33, 130,  22, 155],
  [ 61,  73,  62,  91,  94, 108,  92,  93, 107,  90,  63, 109,  95, 106, 105,  64,  75,  89, 110,  74,  76,  77, 104, 102,  87, 124, 125, 140,  66,  86,  80,  88,  78,  79, 101, 111,   1, 139,   0, 103,  65,  81,  96, 123,  67, 154,  42,  11,  10, 126],
  [ 61,  62,  96, 111,  81,  63, 126, 141,  66,  73,  94,  64,  75,  93, 109, 108,  91,  87,  90, 105, 125,  67,  89, 102, 107,  92, 110, 106,  76,  65,  80, 104,  88,  95,  78,  77, 140,  79,   1, 103, 124, 101,  97,  42, 154, 155,  74,  86, 139, 112],
  [ 61,  62,  81,  73, 126,  96, 111,  94, 109,  93,  91,  63,  75, 141,  90, 105, 108, 107,  92, 125, 106, 110,  89,  88,  87,  95,  64,  67,  76, 104, 102,  65, 140,  77,  42,  78, 124, 103,  80, 101, 155,  79,  66,  97, 154,  74,  72, 112,  86,  17],
  [ 61,  94,  96,  81, 111,  91, 107, 126,  93, 109, 108,  92,  90, 105,  75,  62, 125, 106, 110,  89,  63,  87,  88,  95,  76, 141, 104, 102, 140,  73,  77,  64,  78, 103, 124,  65,  80, 101,  79, 155, 154,  66,  67,  74,   0,  42, 139,  86,  97, 123],
  [ 61,  73,  62,  96, 126, 141,  81,  94, 111,  63,  91,  93,  67, 108, 109,  92, 105,  90, 107,  75, 125,  87,  88,  64, 106,  89, 110,  65,  95,  76, 104, 102, 140,  42,  78,  77, 103, 124, 101,  79,  66,  80, 155,  97, 154,  74,  72,   0, 112,  17],
  [ 61,  73,  42,  67, 141,  62, 126,  81,  97,  96, 111,  72, 112,  63,  94,  91,  93, 108,  92,  90, 107,  17,  64,  65, 109,  33,  87,  75, 105, 125,  88, 106, 110,  22, 130, 131,  89,  66,  95,   0,  76,  82, 104,  77, 102,  50, 140,  78,  60,  23],
  [ 61,  94, 126,  96,  93,  62, 108, 111,  91, 107,  90,  92, 141,  81, 109, 105,  73,  63,  75,  89, 125, 106,  87,  88, 110,  65, 104, 102,  95,  64,  77,  76,  67,  78, 103, 140, 124, 101,  80, 155,  79,  66, 154,  42,  74,   0,  97, 112, 130,  72],
  [ 61,  73,  62,  94,  93, 107, 109,  91, 105, 108,  90,  63,  92,  75,  88,  81,  42, 106,  89,  95, 125, 111,  67,  96,  87,  76, 126,  64, 110, 102, 104,  77,  78,  65,  97, 140, 124, 103, 101, 112,  79,  80, 141,  66,  74, 155, 154,  72, 130,  17],
  [ 94,  81, 109,  93, 105, 107, 108,  96,  75,  90,  91,  61, 125,  92, 111,  62,  89, 126, 106,  88,  95,  63,  87, 110,  76, 104, 102, 140, 103,  77, 124,  78, 101,  64, 155,  79,  65, 141,  80,  73, 154,  74,  67,  66,  86, 139, 123,  42,   0,  97],
  [ 61,  81, 126,  96,  62, 111,  73, 141,  94,  63,  67,  75, 109, 108,  91,  93, 125, 107,  90, 105,  87,  92,  64,  88, 110,  65,  89, 106,  95,  42,  76,  66, 104, 140, 102,  77,  78, 155, 103,  80, 101, 124,  79,  97, 154, 112,  74,   0,  72,  17],
  [ 61,  73,  62, 126,  96, 141,  42,  81, 111,  67,  94,  91, 107,  93, 109,  63,  90, 108, 105,  92,  87, 125,  75, 110,  89, 106,  65,  88,  64, 104,  95,  76, 102, 140,  77,  78, 124,  80, 101, 103,  66,  97,  79, 155,  72,   0, 154, 112,  74,  17],
  [ 96, 126, 109,  81,  75,  91, 111,  62,  93,  94, 105, 107,  63, 125,  90, 108,  92,  61,  87, 110, 106,  88,  89,  95, 141, 104, 140,  76, 102,  64, 124,  65,  78, 101,  80,  77, 103,  73,  79, 155, 154,  66,  74, 139,  67,  86, 123,  42,   0,  97],
  [ 61,  73,  62, 126, 141,  81, 111,  96,  63,  67,  94,  64,  93,  65, 108,  90,  87,  91,  75, 107, 125,  92, 109, 105,  88,  89, 110, 106,  42,  66, 104,  76, 102,  95, 140,  77, 103,  78, 124,  79,  97, 101,  80, 155, 112,  72,  74, 154,   0,  86],
  [ 61,  62,  81,  94,  73,  93, 109, 111,  91,  92, 107,  63,  96,  90, 105, 126, 108,  75, 125,  88, 106,  89,  76,  95,  64, 110,  87, 141, 104, 102,  65, 140,  77,  78, 101, 103, 124,  79,  80,  67, 155,  66,  74,  42, 154,   0,  97, 139,  86, 112],
  [ 67,  61, 141,  62, 126,  96,  73,  63, 111,  81,  91,  65, 105,  64,  75,  94, 125,  90,  87, 107,  93, 109, 108,  42,  88,  92, 110, 106, 102, 104,  89, 101,  76, 140, 124,  66, 103,  78,  77,  95,  80,  97,  79, 154, 155,  72,  74,   1,  22, 112],
  [ 61,  73,  62,  94,  63,  81,  96,  42,  93,  67, 111,  91,  92, 108, 107, 141, 126,  90,  75, 109,  66,  97, 105,  64,  89,  87, 110,  95, 106,  88, 125,  65,  72,  76,  77,  78, 102, 112,  33, 104,  80, 140,  79, 101, 124,   0, 103,  14,  74, 154]],

