
 [[186, 100, 187,  28,  47,  69, 180,   5, 101, 183, 158, 153, 168, 185, 184,  38,   6,  60,  12,  57, 182,  55, 170, 172, 166, 124,  39, 111, 113,  10, 130, 173, 181,  27,  26, 196,  44, 167, 155,  97,  13,  41,  40, 114, 112,  50, 128, 127,  83, 157],
  [123, 188,   7,   0, 161, 105,  50,  40, 183,  47, 191,  20, 101,  41,  17,  35, 175, 117,  26,  13,  69, 166, 137,  54, 168,  10,  55,  86, 121,  22, 172, 186, 182,  99,  42, 169,  91, 187,  24,  15,  71,   4,  59, 111,  28, 165, 107,  46, 174,  64],
  [123,  21, 185, 187, 101,   0,  97,  20,  33,  60,  45,  10,  13,  55,  40,  46,   4,  41,  28, 180,  38,  32,  68,  73,  12,  14,  53,  91, 100, 186,  64,  57,  86, 175,  59,  71,  15, 117, 121, 113,  84,  58,  92,  99, 196,  26,  27,  25,  98,  72],
  [ 47,  56,  53, 121, 102, 116, 131, 112, 194, 125, 118, 113,  65,  91,  55, 100, 134, 122,  60,  57, 176,  84, 101, 180, 164,   0,  82, 106, 184, 181,  68,  33, 195, 107,  21, 139, 124, 146, 129, 168,  10, 119, 187,  80, 196,  50,  92, 166,  34,   4],
  [ 21, 134, 164,  22, 167,   0,  50, 123, 118, 112, 135,  23,  38, 122, 195, 196, 179, 146, 178, 180, 153, 161, 121, 105, 132, 133, 165, 192, 116, 125,  32, 117,   9, 129, 126, 150, 149,  36,   4, 124, 136,  55, 148, 145, 185, 154,   8, 131, 166, 127],
  [ 21, 118, 123, 164, 167,  22, 196,  38, 122,  23, 121, 146, 131, 134, 195, 179, 192,   0, 135, 129,   9, 117, 128, 166, 127,  55, 144, 133, 124,   8, 126, 154, 112, 148, 185, 114, 139,  36, 194, 170, 153, 178, 125, 130, 155, 105, 140, 150, 180,  96],
  [ 21, 196, 123,   0, 112,  38, 167, 118, 185, 113, 100, 129, 125, 146, 127, 170, 155, 121, 101, 128, 154, 131,  22, 114, 166, 144, 156, 124, 126, 168, 179, 195, 117, 194, 180, 137,  55, 135, 153, 182, 148, 139, 159,   9,   8, 138, 111, 147, 115,  53],
  [ 83,  35,  20,  69,  38,  28, 186, 100,   5,  97,  31,  46,  60,  10,  13,  17,  15,  59, 165, 158,  64,  24, 113, 187, 101, 111,  98,  54,  86,  12,  25,  44,  57,  74,  87,   2,  99, 190,  71, 175,   4,  18,  93,  58,  41,   1, 188, 184, 169,  91],
  [ 49, 189, 163,  67,  48, 188,   2, 151,  69,  65, 174,  39, 165,  83, 191,  70,  17, 109,  20,  94, 162,  62, 160,  66,  75,  46,  93,  61,  42, 104, 173,  81,  40,  16, 169,  90,  88,  18,  87, 186,  76,  19,  77,   7, 108,  85, 175, 107,  24,  71],
  [ 49, 189,  48, 188,  67, 191,  17, 163, 151, 109,  94,  65,  62,  83,  75, 104,  66,  20,  93,  46,  61,  69,   2,  81,  87,  90, 174,  76,  88,  77, 165, 108,  71,  40,  18,  39, 107,  89, 175,  19,  78, 162, 160,  70,  63,  99,  95,  85, 103,  16],
  [123,  21,  38, 180, 185,  26, 105, 175, 167,   7,  55,   0, 137, 191, 196, 153,  13, 192,  64, 168,  35, 135, 186, 187, 127,  41,  52, 101, 126, 131, 144,  67,  68, 113, 129, 115,   4, 114,  22,  32, 188, 195, 112, 140, 155, 133,  27,  28, 109, 157],
  [185,   0, 131, 180, 187, 113,  38, 128, 167, 129, 123,  55, 144,   4, 168, 127,  26, 114, 100, 121, 139, 174, 195, 184, 140, 194, 155, 196, 188,  10, 157, 124, 126, 158, 101, 115,  47,  22, 166,  21, 182, 112, 138, 134, 186, 175, 153, 137, 125, 130],
  [ 21, 112, 118,  38, 117, 100, 101, 122,   0, 123, 121,  92, 125,  53,  60,  28, 113, 196,  55, 134,  27,  68,  33, 167, 124, 133, 127, 170,  82, 111, 153, 179, 154, 166,  47,  72, 135,   6, 183,  32, 168, 131, 181, 155, 128, 126,  97,  10, 146, 116],
  [ 21, 118, 196,  38, 123, 167, 100, 112, 129, 117, 185, 131, 126, 128, 134, 195, 125, 127, 194, 122, 170, 166, 144, 101,  53, 178, 192,  35, 121,  22, 113, 164, 168, 146,  55, 145, 155, 154, 124, 130, 139, 114,  60,  27, 179, 180, 133, 153, 156,  23],
  [ 21, 118,  22, 123, 126, 146, 167, 112,  23, 129, 196, 131, 192, 179, 122,   9,   8, 135, 134, 145, 154, 136, 127, 121, 110, 130, 194, 166, 170, 117, 124, 180, 137, 150, 195, 125, 128, 153, 114, 178, 155, 144, 148, 185, 164, 105, 159, 149, 147, 152],
  [ 21, 112,  38, 100, 123, 118, 131,  55,  32,  68, 185, 125, 113, 101,  27, 129, 167, 196, 117,  60, 126, 122,  28,  53, 195, 121,  92, 128, 127, 124,  96, 166, 130,  33, 170,  12,  35, 180, 114,  22, 153, 179, 134, 146, 194, 192, 105, 159, 182, 155],
  [146,  21,   9, 179,  23, 135, 118, 136,  22,   8, 122, 106, 167, 129, 196, 154, 150, 148, 147, 130, 132, 192,   0, 145, 127, 126, 123, 110, 159, 116, 124, 153, 164, 193, 166, 121, 144, 112,  38, 194,  36, 128, 180, 155, 149, 195, 125,  37, 117, 170],
  [118,  21, 100, 122, 112, 131, 129, 125, 167, 117, 196,  53,  38,  55, 130, 126, 164, 123, 121, 124,  32, 194, 128, 166, 146, 185,  96, 179, 113,  92, 127, 195,  60,  22, 136,  56, 154,  27, 101,  23, 134, 153, 159,   9, 192, 110, 170, 139,  57,  33],
  [118,  21, 100, 167, 112, 129, 125, 179, 122, 130,  38, 196, 126, 124, 128, 194, 127,  53, 117, 164, 146, 195, 131, 185, 121, 153, 154, 123, 166,  96,  55, 101,  23, 113,   9, 140, 136,  22, 170, 134, 155, 106, 183, 135, 156, 116, 152, 114, 139, 132],
  [ 21, 118, 112, 123, 167, 129, 166, 146, 125, 196, 131, 126, 130, 100, 179,  22, 164, 124, 122, 194, 134, 128, 127,  23, 135, 154, 195,   9, 192, 121, 153, 150, 140,  55, 113, 114, 155, 139,   8, 159, 185, 170, 178, 138, 148, 132, 117,  38, 145, 152],
  [ 21, 100, 118, 112,  38,  32, 196, 113,  55, 101, 185, 167,  53,  60, 123, 129, 117,  28,  57,  27, 126, 194,  96, 125, 124,  92, 128,  33, 122, 166, 130, 127, 195,   5,  56, 179, 131, 121,  12, 154, 153, 177,  30, 180,  25,  68, 170,  47, 164, 155],
  [ 82, 181,  24, 101, 102, 174, 118, 133,  11, 112,  29,  15,  28, 189, 125,  65,  33, 186, 122, 187,   5,  83, 197, 111,  47, 100, 104,  98, 179,  69, 121,  41,  10,   6,  57,   4,  42,  12,  90, 190, 145,  39,  59,  74,  31,  30,  73,  60,  87,  27],
  [ 49,  65,  66,  88,  94, 165, 174,  75,  93,  83,  42,  62, 188, 109,  46,  89,  48,  77,  90,  81,  61, 189, 104, 108,  87, 107, 103,  95,  79,  76, 175,  29,  80,  74,  63,  59,  17,  73,  20,  99,  39,  98,  67,  15, 176,  40,   4,  31,  91,  71],
  [ 49, 188,  46,  83, 175,  17,  66, 191,  94,  20,  93, 109,  40, 108,  88,  62,  71,  77, 104,  87,  81,  75,  89,  59,  39, 103,  90,  31, 189,  48,  95,  67, 165,  79,  63,  18,  76,  64,  74,  61,  65,  99,  73, 107,  78,  15,  80,  42,  85,  72],
  [  7, 123,  38,  22,  23, 137, 131,  35, 188, 192, 175, 182, 105,  52, 163, 148, 180, 134, 135, 166,  67, 191, 146, 168, 193, 117, 183,  36, 121, 114, 195, 169, 167, 156, 178, 149, 147, 153, 139, 143, 150, 158, 128, 151, 106, 140, 133, 129,  20, 144],
  [180,  21, 196, 167, 123, 144, 153, 184, 185, 195, 168,   0,  38, 129, 140,   7, 105, 155, 192, 114, 131, 138,  26, 139, 134, 172, 166, 127, 126, 170, 157, 178,  23, 194, 175, 137, 182,  22, 142, 128, 158, 115, 145, 146, 135, 154, 156, 113,  55, 124],
  [123,   0,  10, 121,  21,  82, 101, 113, 137, 168, 191, 180, 184, 187,  64,  74,   4,  20, 117,  97, 100, 134, 112, 177,  45,   7,  40, 104,  57, 166,  60,  86, 196,  41,  91,  55,  71, 186, 111,  33,  44,  13, 188,  58,  38,  15,   5,  72,  17,  32],
  [118, 179,  21, 106,  53, 146,   9, 122, 196, 136, 167, 110, 164, 129, 116, 195,   8,   0, 194, 193, 130,  38, 121, 127, 132, 124,  23, 155, 128,  37, 154, 147, 152, 125, 135, 153, 150, 112, 139, 197, 126, 170, 148, 111, 117,  82,  68, 145,  96, 114],
  [ 21, 101, 113, 112, 123, 121,  32,  82,  60, 185, 131,  15, 117,  33,  10,  55,  91,  92, 196,   5,  44,  35,  38,  53, 100,  99,  97,  27,  31,  34,  72,  57,  45,  54,   4,  64,  58,  96, 184,  86,  68,  85,  20, 177,  74,  73,  59,  18, 190, 118],
  [118, 136, 122,   9, 179, 130, 146, 112, 116,   8, 100, 125, 131,  53, 150, 154, 129, 196, 106, 124, 110,  21, 135, 126, 153, 192, 132, 128,  56,  51, 147, 117,  23, 194, 159,   0, 167,  92, 145, 148, 164,  36, 170, 127, 113, 121, 152,  27, 155, 134],
  [118, 122, 146, 110,   9, 121,   8, 196, 125, 136, 179, 167, 130, 154, 106, 129, 147, 166, 159, 124, 126, 135, 112, 117,  23, 131,  22, 150, 194, 116, 127,  53, 100, 164, 128,  21,  56, 193, 148, 134, 155, 144, 101, 132, 114, 149,   1, 152, 192, 145],
  [196, 100, 129, 112, 128, 194, 167, 185,  21, 166, 118, 124, 126, 114,  55, 130, 154, 155, 170, 122, 131, 146, 127, 125, 195, 153,  27, 183, 144, 140, 182, 168, 138,  38, 113, 139,  53, 179, 164, 156, 116, 157, 101, 152, 192, 180, 159, 184,  23, 123],
  [118,  21, 196, 112,  53, 167, 100, 129, 125, 122, 179, 194, 130,  38, 154, 126, 101, 117, 128,  56, 127, 121, 113, 116, 131, 146, 185, 110, 124, 170, 164, 195, 144,  55,  27, 155, 153,   9, 136, 159, 181, 114,   8,  92, 145, 168, 106, 134,  32, 123],
  [118,  21, 112, 100, 196, 167, 179, 129, 125, 122, 146, 126, 154, 130, 128, 124, 127, 110, 101, 194, 170,  53, 166, 195, 123, 153, 185, 155, 117, 114,   9,  55,  27, 134, 121,  68, 113,  38, 192,   8, 131, 135, 139, 116, 183, 164,  96,  23, 152, 147],
  [196, 118,  21, 116, 179,  53, 122, 194,  38,  55, 185, 100, 144, 136, 154,  27,  11, 102, 167, 170, 129, 128, 146, 164,  60,   9,  26, 192,  56, 117, 153, 155, 132, 114, 152, 183, 124, 130,   8, 145,  33, 126, 125,  47,  32, 101,   3, 112, 138, 127],
  [ 28,  41, 100, 196, 184,  24, 112, 170,   5, 167, 111,  56, 101,  69,  25, 125, 156, 182,  10, 155, 154,  21,  12, 113, 158,  50,  40, 181, 185,  32, 142, 186, 127, 183, 195, 138, 115, 132, 157, 141, 145, 128, 140,  59,  27, 166,  96, 114,   2, 172],
  [165,  69, 163,  51, 189,  65, 151,  37,  24,  67,  49, 120,  48,  42, 174, 132, 193, 172, 158, 169,  50,   2, 160, 162,  66,  70, 188,  62, 150, 173,  36,  75,   7, 141,  90, 149, 136, 106,  39,  61, 176,  43, 143, 186, 135,  88, 148,  83, 107, 175],
  [ 48,  49, 189,  67,  65,  75,  62,  61,  66, 163, 109,  81, 160,  90,  94,  39, 188,  83,  77, 175,  76,  89, 174, 104, 176,  70,  95, 103, 108,  16, 165,  93, 162,  52, 191,  51,  69,  63,  88, 151, 107,  80, 190,  79,  17,  87,  42,  46,  20,  19],
  [167, 130, 179, 196, 146, 144, 116, 106, 129, 127, 114, 126, 155, 136,  26,   9, 170, 135, 124, 128, 154, 112, 152, 150, 192, 148, 153,  38, 156, 125,   8, 118, 145, 147, 193, 180, 141, 195, 140, 132, 185, 115,  21, 157, 194, 182, 100, 142, 138, 133],
  [100,  21,  38, 112, 118, 167, 179, 123, 129, 195,  55, 127, 185, 125, 153, 124, 170, 130, 126, 128, 122, 117, 196, 113,  28, 146, 131, 154, 135,  68, 194, 180,   0, 114,  92, 101, 156, 110, 134, 139, 182,  23, 166,  27, 155, 121, 140,  32, 138, 115],
  [123,  60,  21, 101, 100, 113, 175,  55,  96,  97, 117,  35,  57,  91,  92, 177, 112,  15,  34,  33,  95,  83,  32,  47, 190, 121,  28,  10, 108,   4,  68, 109, 104, 185,  89, 178,  45,  13, 103,  38,  86, 188,  44,  74,  80,  84,  14,   1,  72,  59],
  [185, 123,  38,  21, 180, 100, 112, 101,  55, 186, 187,  10,  13, 168, 113, 131, 184,   5,  27, 114,  60,  32, 115, 157, 129,   4,  64, 127, 167,  15, 181,  97,  20,  28,  33,  41, 158, 155,  12, 195, 126,  54, 128,  92, 196,  69,  74,  58, 170,  25],
  [ 21, 118, 136,  22, 167, 146, 134, 112, 129, 179,   9,  23,   8, 159, 130, 125, 196, 164, 126, 192, 128, 127, 147, 131, 154, 150, 194, 135, 145,  36, 149, 122, 106, 124, 148, 195, 133, 139, 178,   0, 100, 153, 182, 116, 155, 144, 152, 132, 156, 138],
  [118, 121, 122, 117, 179, 106,  53, 146, 125, 110,  21, 130, 196,   9, 136, 129,  23, 194, 126, 164,   8, 112,  96, 100,  22, 113, 124, 131, 135, 116, 167,  92,  56, 127, 134, 128, 150, 159, 192, 154, 145, 101, 178, 147, 193,  55, 195, 166, 153, 148],
  [118,  21, 196, 167, 100, 179, 129, 164, 112, 122,  38, 125, 126,  55, 130, 117, 124, 154,  53, 194,  96, 128, 195, 153, 123, 131, 146, 127, 101, 116, 192, 121, 170, 136, 185, 110, 113,  32, 166, 134,   9,  27, 145,  60, 159, 114, 144, 178,  23, 140],
  [ 21, 100, 112,  55, 185, 118, 123, 113,  27, 167, 129, 126, 196,  38, 195, 101, 166, 128, 124, 194, 127, 125, 153,  60,  32, 122, 179, 131, 130, 114,  96,  28, 180, 154, 170, 155,  12,  53, 117,  25, 138, 164,  33, 140, 115, 184,  57, 139,   5, 168],
  [118, 100, 112,  21,  53, 122,  92,  55,  60,  38, 125,  57,  68, 101,  33, 129,  32, 117,  96,  27, 124, 121, 179,  28, 196, 131, 164, 195, 128, 116, 167, 185, 194, 113,  56, 102, 130,  12, 126, 110,   5, 127, 154, 166, 181,  47, 183, 153, 123, 170],
  [ 35,  21,  25, 123,   0, 161,  32, 166, 185,   4,  54, 178,   1,  15,  64,   5,  60,  92, 175,  13,  97, 131, 191,  57,  38,  12, 100, 117,  91,  20,  31,  44, 134, 101,  83,  22, 164,  50,  59,  55,  39, 196, 190, 113,  99,  10,  17,  74, 167,  96],
  [  9,   8, 146,  23, 106, 135, 110, 147, 164, 132, 150, 149, 193,  51, 130, 148, 136,  37, 134, 122, 166, 118, 131, 154, 125,  22, 121, 194, 139, 192, 128, 111, 178, 182, 145,  36,  56, 183, 197, 138, 140, 124, 162, 129, 179, 155, 152, 153, 117,  53],
  [118, 164, 136, 116,   9, 130,  51, 146, 100, 122, 132, 150, 167, 124, 125, 196, 154,   8, 128, 183,  53, 179, 129, 139, 194, 106, 170, 138, 147, 166, 140, 135,  56, 148, 149, 112, 153,  37,  23, 197,  96, 126, 152, 192, 195, 145, 193, 156, 113, 111],
  [  1,  69, 175,  83, 190,  20,  25, 161,  17,  65,  24,  35,  59, 163,  93,   4,  13,  49, 165,  15,   5, 188,  88,  10,  98,  43, 108,  61,  84,  28,  41,  87,  14,  18, 186,  42,  96,  75,  46,  31, 187,  94,  89,  90,  99, 185,  44,  48,  63,  54],
  [160,  51, 162,  75, 188, 109,  48,  65,  61,  67, 191,   1,  49,  66, 107,  62,  81, 119,  95,  77,  89, 104,  52,  88,   3, 163, 174, 165,  17,  80,  99, 193,  43,  90, 189,  94, 106,   0,  37,  63, 103,  76, 102, 108,  91, 177,  23,  93,  34, 161],
  [ 51, 164, 132,   9,  37, 162,   8, 149, 135, 147,  23, 146,  24,  50, 130, 148, 136, 193, 150, 166, 183, 154, 111, 158, 139,   1, 145, 138, 106, 128, 140,  36, 165, 125,  56, 156, 194,  69, 155,  22, 197, 153, 121, 178, 182, 124, 152, 170, 172, 120],
  [106,  23, 192,  22, 135, 145, 146, 116,   9,   8, 144,  37,   7, 160,  51, 193, 105, 121, 119, 110,  36, 168,  26,  67,  52, 149, 136, 150, 134, 148, 147, 114, 132, 162, 137, 191, 142, 133, 174, 143, 166, 120, 189, 155, 122, 172,  56, 109,  47, 154],
  [ 21, 118, 167, 196, 129, 179, 146, 164, 112, 126, 122, 136, 100, 192, 130, 123, 194, 128, 131, 125, 153, 124, 154,  22,  38, 127, 185, 195,  55,   9, 166,  23, 144, 135,   8, 145, 170, 134, 117,  53, 121, 178, 114, 159, 106, 148, 140,  96, 138, 155],
  [ 21, 196, 167,  38, 101, 100,  27, 112, 186, 185,  26, 168, 123, 184, 180, 195, 115, 157,  64, 183, 114,  41, 169, 170, 155, 173, 187, 113,  40, 171,  35,  28, 156, 127,  60, 129,  12, 140, 182, 153, 158, 128, 144,  25, 125, 139, 197,  97, 154, 143],
  [188,  40, 109, 162,  48,  64, 163,  66,  52,  56,  13, 106,   3,   2, 186, 140,   7,  22, 174,  37, 193, 137, 175, 121,  67,   1,  17, 151, 104, 180, 168,  81, 119,  19, 101,  20,  95, 181, 105, 116, 139,  26, 172, 117,  91,  45,  62, 143, 135, 194],
  [118,  21, 122, 146, 179, 116, 196, 135,   9, 121, 112,  22, 125, 123, 129, 110,   8, 154,  23, 164, 167,   0, 136,  53, 106,  38, 117, 150, 166, 192, 132, 127, 194, 126, 124, 170, 159, 195, 144, 131, 100, 130, 134, 114, 128,  55, 148, 155, 168, 147],
  [118,  21, 122, 179, 146, 112, 136, 117, 110,   8,   9, 129, 121,  53, 130, 196, 164, 126,  23, 125, 167, 100, 106, 194, 131, 134, 192,  22, 159, 154, 145, 124, 135,  96, 127, 128, 195, 123, 150, 147, 166,  55,  56, 116, 149, 178, 132, 197, 113, 153],
  [112, 100,  21, 185,  27, 129,  38, 167, 113,  55,  53, 196, 125, 101, 128,  68, 131, 166, 195, 126, 194, 114, 182, 183, 127, 123, 180, 124,  32, 118, 170, 130, 155, 184, 157, 156, 153, 138, 154, 122, 140,  28, 144, 115,   0, 139, 146, 168, 116,  60],
  [ 21, 118,  38, 196, 112, 100, 129, 167, 123, 131, 125, 195,  53,  56,  27, 114, 126, 154, 122,  55, 192, 194, 179, 144,  60, 185, 170, 130, 127, 157, 128, 101, 124, 117,  32, 168, 153, 155, 146, 166, 113, 136, 116,   9, 180, 135, 152,  11, 110,  22],
  [  9,   8, 164, 146, 118, 135, 130,  23, 147, 136, 132, 122, 149, 154, 150,  51, 125, 110, 148, 183, 106, 166, 128, 134, 139, 100, 179,  56, 124, 111, 153, 192, 129, 194, 170, 193,  37,  22, 116, 197, 167, 117, 138, 182,  36, 196,  53, 140, 121, 131],
  [  9, 118,   8, 164, 136, 146, 122,  51, 130, 147, 106,  23, 110, 149, 150, 135,  53, 116, 154, 132, 125, 166, 179, 128, 148, 193, 129,  56, 124, 192, 194, 196, 183, 100, 139, 121,  22, 162, 167,  37, 138,  36, 197, 170, 152, 134, 145, 117, 153, 111],
  [118, 122, 130, 100, 179, 125, 136, 164, 146,  53, 112, 154, 196, 129, 124, 167,   9, 110, 128, 194, 116,   8, 117, 126, 106, 153, 150,  56,  23,  21, 121, 166, 195, 127, 170, 131, 132, 135, 147, 183, 152, 192, 148, 145, 134, 197, 140,  92, 139, 149],
  [100, 118, 112,  28,  96, 125, 113, 101,   5, 102,  60,  57, 177,  33,  21, 117, 194,  55,  56, 190,  83, 181, 196,  53, 179, 130,  12, 122,  32,  27,  38,  92, 124, 126,  97, 111, 129,  34,  29, 195,  59, 167,  15,  31, 185,  47, 197, 176, 127,  10],
  [ 23, 122,   9, 146,   8, 131, 166, 135, 192,  22, 130, 118, 149, 136, 147, 164, 128, 182, 106, 132, 129, 150, 148, 121, 154, 194, 134, 179, 110, 144, 124, 125, 193, 126, 139, 138, 117, 167, 183, 196,  53,  36, 156, 159, 140, 127, 155, 153, 100, 195],
  [  9, 136,   8,  51, 130, 110, 146,  23, 149, 135, 147, 164, 118, 132, 150, 148,  36, 192, 154, 134, 131, 139,  56, 178, 128, 129, 138, 170, 179,  22, 153,  37, 182, 124, 106, 125, 152, 166,  69, 193, 122, 145, 197, 126, 194, 158, 183, 140, 141, 100],
  [  9, 164, 132,   8, 149,  51, 146, 147, 135,  23, 150, 148, 130,  37, 136, 106, 183,  50,  22,  36, 193, 139, 138, 178, 128, 166, 158, 182, 162, 140,  69, 192, 154, 165, 125,  24, 134,   1, 129, 170, 194, 153, 111, 156, 124, 120,  35, 145, 196, 152],
  [136, 106,  51, 122, 118, 116,   9, 135,  23, 146,  36, 192,   8,  56, 132, 150, 110,  92, 153,  53, 179, 148,  21, 167,  37,  22, 149, 124, 154,   0, 144,  38, 196, 147, 195, 119, 164, 112,  32, 193, 129, 130, 102, 120, 160,  68, 121, 134, 145, 127],
  [137, 192,  22,  52, 136, 146, 175, 135,   9,  37, 123, 163, 132, 106,  23,  26, 194, 185, 193,   1, 148,  35, 180, 155,  48, 144, 139, 150, 129, 114, 138,  38, 179, 140, 196, 178, 161, 131, 167, 110, 166, 105, 127,   8, 128,  67, 170,  13,  21, 126],
  [118,  21, 123, 121,  23, 178, 117, 131, 122, 110,  22, 192, 164, 134, 137, 179, 146, 167, 196,   8, 133, 129,   9, 105, 106, 126, 127, 135, 130, 124, 193, 166, 150, 195, 144,  38,  36, 148, 128, 153, 112,  55, 154, 145, 114, 125, 149, 159, 194, 152],
  [ 21, 196, 118, 129, 167, 112, 194, 131, 146,  38, 122, 126, 100, 123,  55, 179, 124, 155, 128, 125, 153, 154, 192, 127, 195, 130, 144, 185,   9, 166, 135,  23, 121, 164, 114, 113, 170,   8, 117,  22, 145,  27, 138, 159, 136, 139,  53, 101, 140, 134],
  [118, 122, 129,  21, 136, 112, 179, 164, 146, 194, 196, 130, 166,  53, 131, 126, 124, 128, 167,   9, 100, 125,  96,  23, 110, 159, 127,  22, 116, 155, 192, 113,  38, 195, 154, 121, 114, 185, 138,   8, 150,  27, 144, 153,  55, 140, 139, 123, 135, 132],
  [118,  21, 100, 122, 112, 196, 167, 129, 125, 179, 164, 128, 194, 130, 131, 146, 126, 154, 166, 124,  53,  55, 136, 185, 117, 127,   9, 170, 101, 153, 195, 123, 113,   8,  27, 192, 110, 159, 183, 155, 121, 114,  32, 134,  23, 116, 152, 140, 150,  38],
  [129, 118, 164, 196, 130, 167, 136, 128,  21, 146, 195, 126, 194, 124, 179, 154,   9,  23, 192, 138, 153, 148, 149,   8,  22, 170, 144, 159, 147, 145, 125, 166, 127, 140, 150, 114, 139, 131, 152, 132, 122, 155, 156,  36, 141, 100, 112, 157, 135, 182],
  [  9, 164,   8, 118, 136, 146, 130, 122,  23,  51, 147, 149, 150, 154, 110, 135, 132, 166, 106, 148, 179, 192, 125, 128, 129, 196, 116, 124, 194, 193,  22,  36, 183, 138, 139, 134, 145,  53, 152, 167,  37, 170, 197, 153, 126, 144, 155,  56, 162, 121],
  [118, 130,   9, 164, 136, 122, 146,   8, 125, 100, 110, 129, 154,  23, 179, 196, 128, 167, 106, 124, 194, 147, 150, 132, 135, 116, 131, 166, 192,  53,  56, 126, 149, 112, 148, 153, 170, 117, 139, 152, 195, 183,  51,  22, 134, 140, 127, 138, 121, 182],
  [118,   9, 122, 130, 146, 164,   8, 136, 154, 179, 196, 125, 110, 129, 100, 128, 124, 166,  23, 147, 194, 192, 150, 167, 135, 126,  53, 149, 132, 112, 148, 170, 183, 131, 117, 116, 106, 153, 139, 152, 145, 138, 134, 197, 155, 121,  22,  51, 127, 182],
  [118, 136, 122, 100, 130,  96, 112, 125,  56, 179,  53,  21, 116, 164, 129,  92, 106, 124, 167, 131, 196,  38,  32, 117,   9, 126, 110, 146, 194, 102, 150, 195,  60, 132,   8, 153, 121, 128,  51, 113, 154, 159, 145, 127, 192,  57,  34,  28, 134, 135],
  [118, 122, 130, 164, 100, 129, 146, 136, 125, 196,   9, 128, 112, 124, 166,   8,  23, 167,  53, 154, 131, 116, 194, 126, 179, 183, 149, 147, 192, 117,  21, 134, 170,  22, 121, 153, 150, 132, 139, 148, 135, 145, 113, 138, 155, 195, 144, 152, 127, 159],
  [118,   9, 130, 146,   8, 154, 136, 196, 164, 128, 129, 125, 179, 147,  23, 135, 122, 167, 194, 100, 124, 150, 183, 192, 149, 166, 148, 132, 153, 110, 170, 126, 112, 145, 138, 152, 155, 139,  22, 117, 106, 134,  53,  56, 182, 140, 131, 156, 127, 116],
  [  9,   8, 146, 164, 130, 136, 132, 149, 118, 147,  23, 135, 150,  51, 154, 148, 125, 128, 192, 122, 166, 106, 129,  36, 183, 134, 139, 110, 124, 138, 170, 179, 153,  37,  22, 145, 194, 178, 100, 182, 196, 167, 193, 152, 140, 131, 126, 197, 158,  56],
  [122, 164, 118, 100,  68,  27, 116,  96, 159,  42,  25,  32, 133,  29, 124,  92, 125, 190, 170,  60,  57,  16,  33, 146, 131,  55, 130, 182, 197,   4,  11,   8, 134, 111, 195,   0,  58,   6,  31, 117,  30,  70,  72,  12,  36, 179, 126, 147,  69,   9],
  [118, 112, 100, 122, 131, 196,  38, 129, 154, 125,  53, 179,  21, 153, 130, 124, 195, 166,  27, 146, 170, 113, 128,   0, 144, 182, 167,   9, 135, 194, 126, 183, 155, 114,   8, 134,  55,  56, 127, 138, 136, 116, 192,  32, 132, 184, 185, 150, 164, 156],
  [ 21, 196, 118, 166, 146, 131, 123, 121,  22, 129, 154,  23, 194, 167, 122, 125,   9, 192, 112, 126, 128, 135,   8, 179,   0, 134, 130, 159, 117, 127, 124, 155,  53, 100, 101, 185,  55, 168, 144, 150, 164, 153, 148, 138, 147, 136, 105, 183, 114, 113],
  [ 21, 118, 196, 122, 129, 164, 167, 112, 194, 126, 100, 179, 124, 195, 130, 125, 146, 154,  55, 166, 128, 153, 127, 116, 185,  38, 113, 136,   9, 121, 144, 192, 145, 123,  23, 138,  53,   0, 117,  22, 114,   8, 170, 155, 131, 159, 135, 140, 101, 139],
  [ 21, 118, 123, 112, 100, 196,  55, 117, 101,  38, 167, 185, 129, 126, 113, 125, 179, 194, 122, 124, 121, 127, 128, 153,  60, 195,  28, 131,  32, 154,  53, 130, 146,  96, 170, 192, 155, 180, 114, 166,  27, 105,  35, 178,  33, 140, 134, 135, 164,  68],
  [118, 122, 179, 196, 112, 100,  21, 125, 116, 129, 167, 146, 136, 124, 130, 154, 128, 164, 126,  53,  38,   9, 127, 194,  55, 153, 195, 110, 166, 150, 121, 131, 170, 135,  23,   8, 132, 159, 114, 185, 117, 106, 192, 155,  27, 148, 144, 134, 138,  22],
  [118,  21, 179, 196, 136, 122, 129, 146, 130, 167, 100, 131, 194, 166, 164, 154, 125, 110, 128,   9,  23, 124, 112, 192,  55, 126, 153, 127, 195, 135, 185,  22,  38, 132,   8,  53, 150, 134, 138, 170, 148, 144, 149,  96,  56, 139, 155, 114, 121, 152],
  [118,   9, 136,   8, 146, 164, 122, 130, 132,  23, 147, 154, 149,  51, 135, 116, 150, 179, 196, 125, 128, 192, 129, 106, 166, 148, 124, 194,  53, 110, 100, 167, 183, 153, 145, 170, 138, 139,  22, 126, 134,  36,  56, 197, 152, 193, 112, 144,  37, 155],
  [118,   9, 146,   8, 130, 122, 110, 164, 125, 136,  23, 154, 166, 135, 179, 150, 106, 147, 128, 129, 100, 124, 116, 121, 167, 196, 149,  22, 126, 192, 194, 148, 112,  53, 132, 134, 183, 131, 117, 152,  51, 139, 127, 145, 170, 193, 153, 182, 197, 138],
  [118, 164,   9, 146,   8, 136, 130,  23, 122, 149, 147, 150, 196, 192, 132, 129, 135, 125, 106, 154, 116,  22,  21, 145, 179, 128, 194, 167, 124, 112, 148, 134, 126,  36, 159,  53, 178, 131, 152, 166, 153, 117,  51, 195, 144, 183, 100, 121, 170,  56],
  [ 53, 118, 100,  32,  92,  60, 117, 101,  68,  55,  33, 122,  21,  28,  96, 121,  31, 125,  44,  57, 112,  34,  97, 116,  86,  11,  59,  38, 196,  73,  54,  27,  15,  12,  98,  71,  74, 176, 179,  84,  35, 102,  45, 107, 111, 185,  58,  91,  80, 103],
  [146,   9, 110,   8,  23, 136, 130, 118, 135, 192, 150, 131, 147, 179, 132, 154, 166, 122, 134, 149, 148, 164, 129,  22, 124, 125, 128, 117, 183, 145, 126, 170,  36, 196, 152, 153, 106, 167, 194, 182, 193,  50, 138, 155, 144, 139, 121,  51, 178, 140],
  [118, 122, 164, 130, 136,   9,   8, 146, 179, 125, 100, 110,  23, 129, 154, 124, 149, 150, 132, 128, 147, 106, 135,  53, 167, 196, 166, 112, 126, 134, 116, 194,  51, 192, 131, 145, 148, 153, 117, 178, 170, 195,  56, 139, 138, 152, 197, 183,  22, 121],
  [  9,   8, 164, 136, 146, 149, 130, 147, 132, 154,  51,  23, 128, 196, 148, 183, 192, 129, 166, 135, 118, 138, 150, 182, 125, 194,  36, 153, 145, 170,  56, 139, 124, 162, 155, 100, 167, 122, 152, 144,  22, 106, 140, 156, 116, 179, 197,  37, 158, 134],
  [ 51, 162, 136, 116,   3,  56,  36,   9,   8,  48, 159,  37, 149, 106, 160,  22, 177, 147, 192, 164, 119, 135, 193,   0,  96,  67,  61, 163, 132, 122,  23,  43,  52, 150, 175,  27, 145,  29, 120, 161,  21,  91,  93,  66, 146,  75, 148,  53,  78, 143],
  [ 21, 118,  55, 100, 123, 196, 112, 167, 129, 131, 126, 117,  38, 179, 113, 122, 185, 125, 128, 121, 124, 194, 166, 127, 130, 101, 153, 154,  53,  27, 192, 195, 146, 114, 155, 170, 134, 168,  60,  22,   0,  23, 144, 110, 178, 140, 145, 139,  32, 164],
  [118,  21, 122, 179, 164, 167, 129, 196, 146, 112, 130, 126, 125, 166, 131, 100, 124, 192, 154, 195, 128, 136,  23,  22, 127, 194, 134,  55,   9,   8, 121, 123, 153, 135, 150, 159, 144, 114, 110, 185,  38, 170, 116, 138, 145,  53, 113, 117, 148, 139],
  [118,  21, 164, 129, 196, 167, 179, 122, 136, 194, 131, 112, 146, 126, 128, 124,  38, 130, 195, 100, 192, 154, 125, 185,  55,  22, 127, 153,  23, 166,  53, 150, 159, 116, 170,   9, 144, 138, 152, 123,  96, 134, 114, 139, 140, 121, 155,   8, 148,  27],
  [123, 137,  21,  64,   7, 180, 188, 191, 105,  22, 163,  52, 168,  67, 185,  38,   0,  35, 131, 161, 175,   2,   4,  26, 151, 192,  41,  13, 186, 109, 196, 104,  20,  49, 184, 115, 144, 155,  40, 101, 157,  78, 114,  18,  23, 134, 187,  91, 178,  45],
  [123,  38, 168,  21, 180, 137,   0,  26, 196, 187, 186,  82,   7,  64, 191,  40, 184,   4,  55,  41, 185, 170,  20,  35,  45, 157, 113, 155,  97,  86, 167, 144, 174, 121, 117, 131, 105,  33, 181,  46,  19,  18, 182, 101, 169, 127, 158,  91,  68, 188],
  [146,   9,   8,  23, 135, 166, 144, 131,   0, 147, 110,  22, 182, 192, 155, 193, 148, 106,  37, 150, 132, 149, 136, 139, 154, 194, 128, 114,  36, 134, 156, 183, 152, 129, 138, 168, 130, 121,  51, 170, 171, 162, 122, 137, 140, 179, 153, 142, 127, 196],
  [  9,   8, 146, 136, 164, 154, 147, 149,  23, 135, 130, 148,  51, 196, 118, 150, 132, 192, 128, 179, 166, 129, 167,  36, 138, 170, 145,  22, 183, 194,  37, 139, 122, 144, 110, 155, 153, 124, 152, 116, 125, 140, 193, 134,  56, 126, 106, 156,  50, 162],
  [118, 122, 130, 146, 164,   9, 125,   8, 100, 179, 124,  23, 136, 128, 150, 154, 129, 167, 147, 117, 106, 196, 170, 135, 166, 132, 126, 110, 183, 134, 112, 116, 148, 149, 194, 131, 121, 153, 195, 192, 139, 145,  53, 197,  22, 193, 152, 138, 127, 140],
  [ 69, 163,   2,  83, 165,  50,  65,  24, 161, 162,  20,  70, 158, 172,  17,  40,  25, 160, 184,  48, 139,  37, 171,  39, 173, 182,  93, 169, 186, 151,  13, 138,  35, 175,  88, 197,   5, 140, 170,  64, 183,  16, 141, 142,  67, 132, 120,   7, 188,  99],
  [ 49, 162, 188, 191,  48,  17, 189,  46,  20,  40,  67,  83, 163,  75, 104,  69,  62, 109,   2,  65,  93,  99,  87,  71, 151,  90,  88, 160,  70,  94, 107,  77,  85, 103,  31,  86,  16, 175,  66,  82,  19,  81,   3,  72,  61,  76,  18,  63,  43, 174],
  [130, 118, 128, 131, 146, 129, 125, 122, 154, 100, 183, 167, 124,   9, 166, 179,  23, 196, 194, 112, 117,   8, 182, 153, 164, 126, 135, 147,  53, 192, 127, 150, 170, 110, 156, 152, 155, 148, 134, 136,  21, 140, 195, 144,  38,  22, 121, 132, 149, 138],
  [  9, 146,   8, 130, 118, 164, 136, 154, 147, 125, 196,  23, 132, 135, 149, 110, 106, 194, 150, 129, 128, 122,  51, 179, 148, 192,  53, 183, 124, 116,  56, 167, 166, 153, 138, 100, 145, 197, 182, 152,  22, 140, 126, 155, 139, 117, 121, 111,  37, 170],
  [118, 164, 130,   9,   8, 146, 132, 100, 147, 139, 170, 128, 134, 154, 183, 166, 125, 149, 129, 150,  23, 148, 124, 135, 138, 179, 136, 197, 110, 178, 182, 196, 153, 194, 192, 152, 195, 122, 167, 111,  56, 131, 155, 158,  25, 140, 126,  51, 145, 193],
  [162, 175, 188,  48,  20,  49, 191,  46,  67, 137,   3,  17,  40, 109,   2,  83, 189,  62, 104,  26,  64,  94,  71,  41,   7,  66,  70,  35,  91,  81,  90, 151,  63, 187,  45, 174,  52, 108,  75, 163,  95,  76,  85,  18,  77,  78,  97,  87,  13, 103],
  [188,  20, 104, 175, 123,  49, 186, 109, 187,  91,  94,  46,  17,  13, 137,  26,  71, 174,  97,   4,  10,  45,  38,  81,  90,  40,  85,  18, 101,  41,  89,  62, 191,  84, 108,  83,  15,  95,  87,  79,  80,  93,  55,  35,  42,   2,  63,  68,  64, 189],
  [  0,  21, 163, 189, 191, 180, 188, 123, 137,  82,  64, 174, 168,   7,  67,  38,  49, 104, 109,  40,  26,   2, 151,   4, 105, 186, 187,  42,  41,  22,  68,  52, 175,  36,  37,  20,  48, 144,  94,  18,  39, 157, 160, 173,  93,  78, 155,  46,  81, 115],
  [ 21,  26,   0, 180, 123, 168, 137, 185,  38, 144, 145, 187, 196, 189, 155, 186,   4,  82, 192, 184, 170, 114, 126, 115, 173, 174, 134, 157, 143, 178,  64,  27,  40, 139, 195,   7, 133, 129, 153, 191, 127, 131, 142, 188, 146, 152, 105, 113,  22, 138],
  [188, 191, 151, 137, 175, 123,  67, 189, 163,   7, 180,  49, 109,  64, 105, 186,  52, 104, 168,  41,  20,  26, 187,  21,  13, 174,   0,  48,   2,  40,   4,  82,  22,  38,  81,  94,  66, 185, 173,  35,  78, 172, 115, 133,  17,  39, 144,  45,  62,  95],
  [188, 163, 189,  67, 175,  49, 123, 191, 137, 151, 109,  52,  20, 104, 174,   4,  64, 180,   7,  48, 186, 187, 105,  81,  94,  66,  42,  38,   2,  13,  41,  26, 168,  62,  22,  82,  61,  39,  91,  17,  78,  93, 108,  95,  40,   0,  18,  80,  97,  46],
  [137,  22,  52, 163,  67,  23, 192, 160, 191,  36, 188, 105, 162, 144, 131, 178, 151,  37, 149,  48, 134, 161, 119,   7,  51,   8,   9, 135,   0, 109, 173, 106, 166, 193, 148, 146, 159, 150, 147, 110, 123, 175, 136, 139, 120, 143, 142, 104, 189, 171],
  [  5,  31, 100,  35, 184,  54,  25,  64,  20,  60,  58,  32,  59,  97,  27,  85,  71, 101,  12,  15, 177,  86,  17,  13,  18,  28, 113, 185,  44, 111, 187, 186,  69,  57,  10,   3,  41,  45,  74,  40,  70,  46,   2,  83,  19,  98,  33,  72, 196,  73],
  [ 51,  37, 162,  36, 163, 160, 147,   8, 149,   9, 193, 132,  67, 173,   7, 136,  70, 151, 135, 192, 145, 148,  23, 106, 143, 150, 144, 172, 120, 191,   0, 169, 116,  26,  48, 189, 142, 168, 110, 146,  52,  22, 141,  40, 137, 155,   2,  11, 174,  50],
  [ 69, 163, 188, 175,  50,  35, 134, 161,  83, 165, 162, 178, 151, 158, 132, 139, 193,  20, 160,  22,  40,  67,  37, 172,  48,   7,   2,  23, 140,  65, 135, 197, 131,  17,  52, 142, 150,  13, 170, 182, 120, 143, 149, 147, 177, 190, 138, 148, 184,  91],
  [ 69, 163, 165,   7, 132, 160,  51, 162,  48,  37,  67, 193,  65, 158, 175, 189, 188,  24, 191,  50, 172, 174, 135, 182, 106, 151,  20,  42, 150, 120, 148, 149, 107, 147,  70,  23,  40,   2,  43, 183,  36, 139, 169, 161,   9, 184,  88, 131,  46,  49],
  [168,  26, 184, 169,  38, 173, 182, 170, 183, 185, 114, 171, 187, 143, 144, 196, 141, 180, 133,   7, 115, 186, 155, 128, 157, 123,  70, 156, 158, 142,  27, 195, 145,   2, 100, 167, 129,  35, 138, 152, 153,  21,  25, 139,  20,  39, 191,   0,  10, 140],
  [ 36,  51, 162,   8,   9, 147,  37, 145, 149, 143,  70, 135, 192,   0, 193, 163, 144, 136, 141, 148, 154, 142, 151, 110,   7, 160,  23, 132, 173, 169, 150, 191, 170, 146, 133, 114,  26, 168, 172, 155,  11, 156, 120, 152, 116, 153,  67, 171, 182, 179],
  [177,  21,  28,  35,  64,   5, 100,  31,  69,  15,  12,  97,  60,  56,  58,  40,  59,  32,  27, 112, 184, 113,  34, 196,   2,  41,  74,  10,  83, 111,  72, 197,  33,  20,  96,  25,  57, 101,  71,  45, 167,  68,  30,  85,  18,  54,  92,  86,  13,  29],
  [163, 188, 191, 137, 123,   7,  67,  49, 151, 180,  52, 168,  20,  64, 175, 189,  26, 109, 186,  41, 105, 104, 187, 174,  17,   2,   4,   0, 173,  22,  48, 169,  13,  42,  40,  78, 161, 172,  18, 185,  35, 115, 157,  38,  94, 182,  81,  46, 171, 131],
  [163, 188,  67, 191, 137,  49,   7, 151,  48, 189,  52,  64, 109, 168,   2, 180, 186, 174,  26, 173, 104,  40, 175,  20,   4, 187,  41,  22,  17, 105, 123,  93, 161,  81,  94,  37, 160, 172,  42, 144, 169,  66,  78,  62,  39,   3,   0,  82,  18,  61],
  [163, 188, 191,  67,  49, 189, 174, 109, 104,  64,  20,  48,   7, 151, 175,  42, 186,  26,   2,  94, 187,  41,  40,  52,   4, 180, 137,  17,  81, 123,  39,  93,  66,  62,   0,  78,  18, 105,  13,  19,  61,  46,  82,  79, 168,  87, 108,  75,  71,  90],
  [191, 188, 163, 174,  20, 187, 186,  64,  41,   2,  49, 189,  67,  40, 175,  26,   0,  42, 180,   4, 104,  17,   7,  39, 109,  13,  48,  46,  18, 173, 123, 151,  94, 161,  78, 137, 168,  87,  93,  38,  19,  71,  45,  66, 172,  99,  81,   3,  85, 185],
  [188, 163, 191,  67,  49, 175, 109,  20, 189,  64, 104, 174,   7,  52, 123, 137, 186,  48, 180,   4, 151, 187,   2,  81,  17,  42,  94,  13, 105,  41,  78,  66,  18,  40,  93,  26,  39,  62,  61,  91,  46, 161, 108,  80,  95,  19,  79,  87,  63, 173],
  [188, 163, 191,  67, 189,  49, 151, 174, 175,   7, 109, 137, 104,   2,  64,  48, 123,  20,  52, 186,   0,  41, 180,  26,  40, 187, 105,  42,   4,  39, 168,  94,  13,  17,  81,  66, 173,  82, 172,  62,  78, 161,  61,  18,  93,  22, 169,  46,  87,  95],
  [191, 188,  64,  49,   7,  20, 175,  67,   2, 163, 151,  17, 137,  40, 104, 189, 109, 123, 187,  13, 186,  41,  46,  71, 174,  18,   0,  78,  45,  94, 180,  82,  85,  26,  93,   4,  48,  87,  39,  19,   3,  52,  97,  91, 105,  99,  35,  42, 168,  81],
  [189,  26,  70,  41,  82,  38,  24, 169, 165, 174, 196, 186,   0, 133, 151, 187,  37, 179, 111, 162,  53,  40, 170, 132, 176, 168, 116,  51,  68,  93, 193,  90,  48,   3,  42,  30,  28,  19,  71, 157,  11,  66, 106,  69,  35, 144,  14,  49,   7,  46],
  [ 49, 163,  67,  48,   1,  69, 191, 189,  17, 188, 151,  61,  66,  93,  75,  88,  62,  65,  43, 175, 165, 109,  39, 160,  94,  78,  81,  18,  76,  99, 108,  87, 104,  20,  83,  77,  89,  90, 174,  42,  95,   2,   7,  64,  52,  16, 161,  71,  63,  74],
  [163,  67,  36,  37, 162,   0, 191, 165, 151, 174, 120,  51, 133, 132, 188, 145,  26,  42, 149,   7,  48, 164, 168,  40,  52, 147,  50, 143,   2, 173, 193,  70, 172,  49, 169,   8,  22,  66, 148, 192, 160,  24, 144, 134, 141, 170, 138, 109, 189,  20],
  [163,   2,  67, 165, 151, 162, 120, 169, 188,  48,  52, 173,  35,   7,  37, 172,  50, 132,  51, 143, 175, 193,  69, 149, 158, 171, 178, 138,  24,  36,  49,  20,  65, 174, 141,  26,  83, 192,  22, 189, 150, 145, 160, 142, 148, 139,  70, 186, 140, 147],
  [ 49,  83,  17,  20,  69,  48, 188,  46, 189, 175,  67,  94, 191,  93,  62,  65,   2,  18,  31,  40,  87, 163, 104,  90,  75, 108,  71, 109,  76,  77,  66,  99,  70,  72,  88,  39,  61,  35,  89,  63,  64, 103,  19, 151,  81,  16, 165,  95, 176,  79],
  [ 51, 162,   1,  48, 107, 189, 191,  43,  75,  49,  66,  65, 160,  62,  88,  37,  78,  82,  17,  46,  77,  61,  90,  76, 102,  67,  87,  16, 106, 176,  99,  63,  95,  93,  94, 174, 108, 151,  81, 165,  89,   3, 193,  80, 104,  71,  72,  18,  31, 109],
  [175,  40,  28, 189,  69, 151, 174,  41,  66, 177,  46,  26,  20,  83, 191,  97, 186,  13, 111,   7, 187, 104, 109,  48, 188,   0,  17, 165,  71,  65,  42,   2,  93, 113, 133, 145,  94,  59,  39, 172,  88,  47,  77,  62,  45,  81,  79,  43,  58, 105],
  [188,  67, 163, 191, 175, 109,  52,  49,  48, 189, 104, 137,   7, 151,  20, 174,  81,  66, 105, 123,  94, 180,  17,  64,   4,  61,   2,  62,  95, 186,  42,  13,  93, 187,  75,   0,  22,  26,  78, 108,  89,  91,  40,  80, 168,  46, 173,  90, 161,  41],
  [188, 163,  67, 189, 191, 151,  49, 175, 174, 109,   7,  48,  52, 137,  42, 180, 105, 104,  20,  81, 123,  64,  26,  66,   4, 187,   2,  62, 186,  61, 165, 160,   0,  94,  22, 173, 168,  13,  39,  93,  40, 172,  95,  75,  17,  37, 161,  41, 108, 169],
  [188,  67, 163, 175, 191, 151,  49, 137,   7, 109,  52, 189,  48, 123, 174, 105,  20, 104,  64, 180,   4,  81,  22,  42,  66,   2,  13, 186,  94,  17, 165,  26,  78, 187,  93,  61,  62, 168, 161,  41,  95, 173,  91,  75, 108,  82, 172,  40,  35,  89],
  [188, 175,  67, 191, 189, 151,   7, 163,  49, 109, 123, 137, 174, 105,  20, 104,  52,  48,  64, 180,  81,   2, 186,  66, 187,  42,   0,  13, 165,  40,   4,  26, 168,  94,  62,  95,  22,  17,  41,  61,  78, 173,  35,  46,  38, 172, 108,  91,  69,  39],
  [188, 163,  67, 175,  49, 189, 191, 109, 151, 174,  20,  48,  42,   7, 104, 165,  81,  66,  64,   4, 123,  52, 137, 187,  94,   2,  62, 105, 180,  13,  61, 186,  95,  17,  39,  46,   0, 108,  93,  78,  75,  90,  89,  80,  91,  18,  82,  38,  26,  63],
  [188,  67,  49, 189, 175, 163, 109, 191,  48, 151, 104, 174,  66,  81,  52,  20,  62,   7,  94,  42,   4,  61,  93,  95, 165, 137,  75, 108, 187,  90,  64,  89, 105, 123,  46,  17, 186, 180,  80,  82,  91,  83,  65,  78,  76,  39,  63,  77, 103,  13],
  [189,  42,  49, 174,   4, 191,  82, 187, 188,  39,   0, 163,  20, 109, 165, 186, 104,  66,  67, 180,  64,  94,  74,  26,  41, 151,  81,  14, 123,  46,  87,  90,  62,  48, 175,  19,  75,  12,  88, 168,  93, 133,  99,  17,  58,  18,  65,  38,  85, 173],
  [ 49, 188, 165,  67,  20, 104, 109, 163, 189,  42, 174,  94,  83, 151, 186,  69,  39,   2,  81, 191,  52, 175, 187,  75,  64,  65,   4,  62,  13,  90,  89,  95,  17, 103,  48,  71,  93,  74,  66,  18,  19,  61, 108,  87,  46,  15,  35, 190,  79,  85],
  [ 49, 191,  17, 163, 189, 188,  20,  46,   2,  67,  39,  94,  48, 174, 104,  93,  18, 109,  87, 151,  64,  41,  42,  71,  88,  62,  66,  65, 187,  40,  75,  83, 175,  78,  19, 186,  82,  99,  74,  85, 108,  69,  16,  61,  77,  43,  63,  81,  90,  76],
  [ 49, 188, 189, 109,  67, 174, 191,  20, 104,  48,  94,  46,  62,  42, 163, 187,  81, 175,  66,  17, 151,  39,  75, 186,  83,  65,   2,  61,  90,  93,  87,  40,   4, 165,  18,  89, 108,  76,  77,  13,  19,  95,  85,  63,  79,  82,  88,  64,  52,  78],
  [188,  49, 163, 175, 189,  67,  20, 151, 109,  48, 191, 174,  17,  94, 104,  46,  66,  42,  62,  93,   2,  81,  83,  65,  75,  61, 186, 108,  39,  90, 187,  69,  64,  87,  78,  89,  18,  40,  41,   7,  13, 165,  88,  52,  77,   4,  63,  95,  76,  71],
  [ 49, 188,  65,  48, 189,  62, 163,  20,  75,  66,  46, 174,  42,  94,  67,  17, 175,  61,  83,  93,  39, 104, 109,  88,  81,  90,  16,  40,  77,  89, 191,  76,  87,  63,  69, 107,  79, 108,  99,   2,  80, 103,  18,  19,  43,  95,  85, 160, 176, 151],
  [ 67, 188, 151,  48,  49, 109,  52, 191, 175, 163, 137,   7,  81, 189, 105,  66,  61, 165,  95,  75,  62, 104,  94, 160, 108,  83,  35,  17,  22, 120, 162,  89, 174,  93, 193,  78,  65, 119,  20, 103,  76,   2,  77,  37,  69,   1,  64,  63,  90,  80],
  [163,  67, 160, 165, 162,  50,  51,  65,  69,  37,  48, 172,   2, 188,  70,  83, 120,  35, 189, 132, 193, 178,  49,  42, 175,   7, 161, 190, 164, 158,  36, 177,  20,  23, 149, 173,  40, 139, 150,  81,  66,  62, 176,  47,  39, 169,  52, 147, 140, 107],
  [191, 188, 189, 175,  49, 174,  67, 163, 109, 104,  20,  42,  48, 187, 186,  41,  94,  81,   4,  40, 151,  17,  66,  62,  93,  13,  64,  39,  26,   7,  46,  61,  78, 180, 108,  90,   2,  18,  87,   0,  75, 123,  89, 137,  95,  71,  80,  52,  69,  63],
  [188, 163, 191,  67,  49, 189, 175, 151,   7,  20, 109,  64,   2, 104, 174,  52,  48, 186, 187,   4, 137,  42, 180, 123,  81,  39,  94,  17,  13,  41,  40, 173, 105,  62,  26,  18,  61,  66,  93,  46,  78,  38, 161,   0,  95,  75,  91,  69,  87,  90],
  [188, 163, 191,  49,  67, 189, 175,  20, 174, 187, 151,   7, 109,  48, 186, 104,   2, 137,  52,  26, 180,  17,  41, 173,  42,  13,  46,  94,   4, 123,  81,  64, 172,  62,  40, 168,  18,  39, 105,  66,  83,  78,  61,  90,  87,  75,  93,  82,  16,  91],
  [188, 163, 191,  67,   7, 180,  49, 123, 189, 137, 186, 151,  20, 187, 175,   2, 168,  52, 109,  64, 174,  26,   4, 104, 105,  13,  41,   0, 173,  42, 169,  17,  48, 172,  40, 184, 185,  39,  38,  81,  18,  94, 115,  22, 165,  46, 158,  78, 144, 157],
  [188, 191, 175, 123, 189,  49, 163,  67,  20, 180, 109,   4, 137, 187, 151,  64, 104,   7, 174, 186,  13,  52,  42,  38, 105,  41,  81,  94,  48,  17,   2,  26,  93,  39,  46,  78,  18,  66,  91, 168,  62, 185,  82,  97,  40,  45, 108,  80,  87,  10],
  [163, 188, 175,  67, 191, 189,  49, 151, 180, 174, 109,  52, 137,   4, 104, 123, 187,  48,   7,  20, 186,  64, 105,  42,  41,  26,  39, 161,  13,  81,   2,  78,  94, 173,  17,   0,  66,  38,  61,  22,  62, 168, 185,  18,  40, 172,  93,  63,  95, 108],
  [188, 163, 180, 123, 186, 191, 137, 175,  64,   7,   2,  20,  67,  41, 161,  49, 151,   4, 187,  13,  52,  26, 168,  22, 105, 172,  40, 173, 109, 185,  17, 174, 104, 189,   0,  78, 184,  42,  10, 115,  50,  35, 157, 169,  39, 158,  18,  45,  94,  48],
  [163,   2, 174, 189,  42, 188, 173,  67,  48, 172, 168,  24, 186,   4, 144,  26,  65,  37, 187, 180,   0, 157, 184,  36,  22, 155, 160,  49,  52, 137,  38,  50, 148,  39, 169,  20,  66, 139,  93,  51, 109, 165, 158, 138, 159, 171, 195, 151,  16,  23],
  [  9, 193, 146,   8, 135, 106,  37,   1,  23, 150, 132,  22, 122, 137,  51, 110, 194, 147, 121, 136, 192, 179, 164, 178, 149,   0, 151, 148, 162, 160, 118, 105, 189,  36,  50, 131, 117, 159, 139, 138, 182, 166, 144,  47,  48, 130, 140, 116,  53, 154],
  [ 21,  28,  68, 112,  47,  92, 101, 175, 121, 118,  50, 122,  59,  33, 117,  60,  57, 100,  32,   4, 113, 123,  80,  53, 125,  41,  82, 105, 102,  72, 135,  73,  29,  66,  90,  15,  55,  10,  96, 179, 185,  38,  12,  97,  77, 132,  87, 187, 176, 181],
  [119, 122, 160,  51,  23,  22, 162, 164, 144, 178,  37, 166, 163, 116, 146, 136, 188, 134, 193, 189,  36, 192, 149,  52, 131,   9,  47, 120, 150, 145,  67, 174,  50,   8, 139, 165, 173, 135,   0, 148, 109, 132, 180, 114, 124,  48, 172, 106, 143,  56],
  [  1, 194,  50, 165,  47, 132, 130, 135,  69, 167, 146, 158, 139, 140, 125, 100, 136, 161,  28, 128, 106, 181,   9, 124, 138, 175,  56, 150, 166, 113, 179, 183, 126, 164,  96,  24,  23,  37, 127, 195, 156,  22, 111, 153, 182, 129,  51, 154, 148, 193],
  [151, 189, 163,  67, 160, 162,   2, 165,  37,  49,  50, 191, 175, 149,  48, 120, 145, 193,  51, 188, 105,  52,  36,  22, 137, 178,  23, 134, 161, 135, 142,   7, 174,   4, 192, 132,   8, 143, 109, 172, 173,  61, 147, 184,  40,   9,  26, 158,  42,   5],
  [163,  67,  69, 175,  35, 188, 165,  52, 131,   7,  48,  50,  65, 161, 132, 120,  47,  81,  22,  61,  20, 103,  95, 158,  23, 178, 150, 160,  93,  91,  66,  42, 182,  51, 192, 191, 149,  83, 109,  62, 119,  38, 105, 107, 108, 164,  80,  76,  75, 136],
  [188, 191, 175,  67, 163,  64,  49,  39,  20, 174, 109,   4, 189,   2, 104,  18,  94, 187,  13,  74,  42,  17,  93,  79,  46,  81,  85,  62,  80, 186,  16,  15,  91,  89,  45,  73,  76,  63,  95,  66, 165,  61, 151,  77,  99,  58,  87,  48,  38,  78],
  [188, 175, 163, 191,  49,  20,  67,  64, 174,   4, 109,   7, 104, 189,  17,  42, 123, 161, 151,  13, 180,  41,  39,   2,  40,  78,  18,  48, 187,  94,  93, 186,  81,   0, 105, 165,  87,  46,  69, 108,  63,  66,  52,  62,  99,  91,  80,  61,  15,  95],
  [188, 163, 191, 175,  49,  20, 123,  67,   4,  64, 109,   2, 104,  52, 137, 187,  13, 189, 180, 151,   7,  17, 186, 174,  94,  42,  48,  18,  39, 105,  81,  66,  93,  74,  41,  61,  87,  12,  97,  10,  46,  91, 108, 168, 165,  95, 161,  62,  45,  89],
  [188,  20, 191, 175,  49, 163, 187,   4, 189,  67,  41,  17, 104, 186,  13, 109,  64,  40,  39,  46,  83,  94,   2, 174,  18,  16,  91,  10,  78,  81,  87, 123,  63,  48,  85,  71,  42,   7,  97,  52, 151,  62,  93,  45,  66,  95,  79,  12,  99,  89],
  [163,  67,  52, 188, 137, 191, 189,  48, 151, 109,   7, 105, 174,  49,  22, 175, 123, 104, 180,  81,  66,  38, 165,  61,  37,   4,  94,  42,  62,   0,  36,  78,  20, 173, 120,  64, 168, 172, 186,  95,  23, 160,  26, 144, 108, 161,   2, 192, 131, 133],
  [188, 175, 163,  67, 191, 123,   7,  20, 137, 109,  49, 189, 151, 105, 174,  13,  48,  41,  64, 104,  42, 180,   2,  22,  40, 161,  17,  81, 186,  93,  66, 187,   4,  78,  52,  46,  94,  62,  95,  37,  80,   0, 165,  50, 121, 108,  75,  61,  26, 135],
  [163, 188, 175,  49,  67,  20,  52, 174, 180,   4,  48, 191, 137, 189, 151, 109,  64,  42, 187,   2, 104,  22,  26,   7,  38, 123, 161,  13,  81,  62,  61, 186, 165,  94,  91,  17, 105,  12,  93,  66,  46,  69, 185,  18,  90,  41,  39,   3,   0, 108],
  [  0, 188, 175, 123, 174, 180,   4, 189, 187, 191,  38,  42,  20, 104,  82, 109,  49,  26, 185, 186,  13,  21, 137,  64,  41,  91,  67,   6,  74,  46,  39, 105,  68,  97,  94,  80,  14, 113,  81,  93,  89, 165, 133,  62,  10,  99,  95,  45, 163,  17],
  [  0, 183, 128, 182, 166, 139, 168, 184, 167, 164, 158, 155, 156, 100, 134, 111, 129, 169, 170, 153, 138,  23, 195,  10, 140, 171, 124, 131, 196,  50, 157, 180, 154, 146, 114, 148,  21, 147, 152, 127, 144, 113, 185, 194, 178,  38, 123,  53,  25, 130],
  [117, 177, 100, 118,  21,  60,  92,  53, 112,  28,  31, 111, 134, 121,  72,  32,  47,  59,  57,  86,  58,   5,  50,  34,  35,  74,  15,  33, 101, 183,  40, 125, 107,  73,  54,  91,  97,  69,  99, 122,  10,  44,  98,  64,   0,  56, 113, 178,  71, 197],
  [110,   9, 146, 118,   8, 106, 136, 130, 135,  23, 179, 122, 147, 154, 150, 116, 121, 125,  56, 196, 193, 129, 166, 132, 148,  22, 192, 194, 124,  51, 126, 149, 131, 128, 127, 152, 155, 112, 144, 159, 153, 167, 164, 114,  37, 145, 139, 197, 134, 170],
  [131,  69, 178, 177,  35, 100, 170, 197, 139,  50, 130, 182, 166, 194, 155, 128, 117, 192,   5, 152, 114, 134, 126, 113, 138,  25, 183, 129, 184, 102,  40, 171, 158,  27,  83,  57, 145, 190, 124, 196, 140,  47, 153, 146, 110, 132, 164,  56,  60,  55],
  [ 69,  40, 189,  49,  20,  83, 175, 188,  70,   2, 151,  35,  39,  64, 103, 191,  71,  87,  17,  85,  13,  88,  41,  99,  93,  25,  48,  46,  67, 162, 165, 186,  91, 177, 190,  75,  54,  77, 163,  16,  31,  26,  62, 176,  94,   6,  42,  50,  66,  15],
  [ 48, 188, 163,  67, 174, 191, 189,  49,  17, 160,  42, 109,  40,  66,  62, 104, 162,  75, 175,  81,  20, 151,   7,  94,   2,  65,  26,  61,  52,   0,  69,   3,  78,  46,  90,  71, 108,  19,  76,  89,  18,  37,  88,  93,  77,  43,  91, 161,  63,  80],
  [191, 188,  64,   4,  39, 187,  41, 186, 123,  20, 163, 180,  49,   0, 175, 189,  74,  17,  40,  93,  15,  13,  45,  42,  78, 109,  67,  99,  14,  97,   7,  18,  58, 104,  54,  10,  85,  73,  87,  88,  71, 174, 190, 185,  21, 161,   6,  19,  46,  72],
  [188, 137,  67,  52, 123,  22, 180, 163, 175, 151, 105, 191, 109,   7,  48, 178, 134, 133, 168, 189,   4, 131, 144, 174,   0, 173,  49, 185, 139, 143,  26, 192, 104, 142, 140, 138, 115, 114, 186,  23, 158, 172, 165, 126, 155, 187, 157, 145, 182, 127],
  [188, 123, 191, 175, 163,  67,  49,  20,  64, 109, 151, 137, 104,   4, 180,   7, 105, 174, 189,  52,  13,  17,  82, 187,  91,  41,  21,  48,  81, 161, 186,   0,  78,  93,  94, 165,   2,  38,  42,  40,  46,  22,  62,  35,  66,  18, 168,  15,  89,  79],
  [188,  67, 163, 175, 191,  52,  49, 109,   4, 189, 104,  20, 180, 137,  81, 123,   7,  64,  94,  48,  61, 105,  18, 174,  42,  17,  93,  13, 187, 108,  66, 151,  62,  95,  74,  91,  80,  89,  78,  63,  38, 190, 186,  35,  76, 165,  39,  79,  85,  75],
  [123, 188, 180, 175, 137,  21,   7, 163,  64,  67,  52, 105, 109,  38,  22,   4, 191, 186,  13,  35,  20, 185, 168,  49, 104,   2,   0, 131, 161, 178,  26, 187, 174, 151,  81, 158, 115, 134,  78,  95,  40,  66, 189, 184, 140,  42,  91,  50, 172, 157],
  [123,  21, 180,  64,  41,   4, 191, 188,   0, 185, 168, 105, 187,  20, 137, 186, 101, 175,  10,  13,  45,   7,  15,  40, 113,  22,  74,  82, 161, 112,  17,  38, 184,  50,   2, 109,  97,  78,  26,  71,  99, 163, 115,  33,  35, 134, 167,  58, 174, 104],
  [123,  21,  38, 185, 180, 137, 101, 113,   0,   4,  55, 112, 167, 196, 105, 175, 187, 168, 100,  22, 131, 133, 127, 121, 126,  26, 114, 115,  68, 129, 186,  64,  41, 188, 195, 170, 144,  82, 157, 184,  13,  97, 128,  35,  27,   6, 191, 155,  60,  10],
  [123,  21, 185, 180,   0,  38, 167, 112, 196, 101,   4, 113, 168,  26, 100, 137,  55, 187,  22,  27, 114, 129, 127, 131, 166, 126,  12, 115,  97,  64,  68,  60, 186, 184,  32,  41, 144, 170, 155,  28, 128, 157, 175,  13, 105,  33, 159, 140, 195, 188],
  [164, 177, 100,   0, 166, 178, 134, 128,  53, 197, 139, 183, 122, 149,  25,  50, 118, 111,  47, 162, 113, 154, 138, 194, 130, 129,  23,  72, 132, 182, 125,  27,   8, 196,  16, 195, 192, 153, 124, 145, 158,  57, 171,  21, 112, 131,  31,  35, 147, 155],
  [111,   9, 183, 130, 146, 182,   0, 166, 147, 139,   8, 128, 110, 170, 100, 154, 118,  35, 140, 197, 125, 164, 193, 167, 106, 135, 196, 124, 153, 132, 138, 129, 178, 148, 150,  51, 117, 194, 152, 177,   1, 136, 155,  23,  53, 131, 171, 156, 158, 179],
  [146,   9, 106,   8, 135, 196, 179, 118, 136, 130, 147,  23, 129, 150, 154, 194, 193, 192, 167, 148, 164, 132, 125, 128,  22, 110, 155, 144, 149,   0, 138, 170, 124, 116, 127, 126, 122, 159, 195, 139, 166, 156, 153, 182,  51, 121, 140, 145,  53, 183],
  [ 35, 100, 118, 177, 178,  21, 131, 130,   1, 167,  38, 170, 129, 117,  69, 194,  83, 128, 153, 126, 139, 164,   5, 190, 125, 124, 113,  25, 195, 196, 140,  60,  92,  96, 112, 136,  57, 158, 134, 165, 175,  32, 179, 132, 154,  28, 138, 150, 145, 127],
  [151,  69, 175,  48, 165, 189, 163,  67,  49, 162, 188,  20,  37,   2,  65,   7,  66,  24,  51,  17,  62, 160, 193, 120, 191,  40, 174,  75,  46,  93,  70, 109,  42,  81,  83, 169,  35,  50, 132,  61,  94,  90, 107, 103, 104, 149,  43,  88, 108,  77],
  [ 67,  48, 188, 189, 191, 175, 109,  49, 163, 151,  66, 174,  20, 162,  81,   7, 104, 160,  62,   2,  65,  52,  61, 165,  17,  94,  75, 137,  46,  83,  93,  40,  95, 108,  69,  77,  89,  90,  76,   0,  42, 172,   3, 173,  16,  71,  63, 120,  88,  18],
  [189, 188, 191, 186, 163, 137, 187, 174,  40, 168,  67,  26, 151,  49,  41,   2, 123,   0, 109, 180,   7,  20, 173, 104,  64,  13,  42,  39,   4, 169, 184,  48, 175, 172,  17, 105, 185,  52, 115, 161,  93, 155,  10,  19,  94,  81,  85, 144,  82,   3],
  [137, 123,   7, 188, 151, 163, 191, 180, 175,  67,  26,  64, 186,  49,   2, 168,  40,  22, 189,  41, 105,  20,  52,  13, 109, 104,   0, 161,  21,  17, 169, 185,  82, 174,  78, 115, 187,   4, 173, 184,  48, 172, 142,  37, 155,  35, 144, 157,  42,  18],
  [188, 191, 163, 175,  67,  49,   7,  20, 123, 109, 151, 189,  48,  52, 174, 104,  64, 137, 180,  17,  81,  46, 187,  42,  26,   4, 105,  41,  78,  66,   0,  93,  94,  13,  62,  35, 108,  61,  40, 186,  91, 168,  18, 161,  63,  95, 173,  38,  39,  75],
  [189,  67, 188, 163,  48,  49, 174, 109, 104,   2, 175,  62,  94,  81,  20, 191,  66,  52,  61,  65,  75,  42,  90,  26,   4, 187,  93,  17,  89, 186,  95,  79,  80,  39,  76,  16,  40,  77, 108,  18,  63, 151,  87,  46,  13,  19, 137,  83,  64,  85]],



