 [[ 97, 150, 163, 195,   6, 160, 151,  75,  95, 121, 166, 165, 149, 164, 147, 161, 153, 168, 146,  23,  91,  81,  47, 107,  62, 152,  61, 116,  26, 139,  70,   3, 148, 190, 194, 177, 132,  94, 118, 154, 181,  56, 196, 192, 115, 137, 124,  51, 109, 191],
  [152, 167, 108, 164,  77,  48, 151,  62, 191,  76, 111, 153,  94, 139, 107,  93, 161,  99, 178,  21,  79, 193,  80,   7, 150, 166,  35, 122,  49,  61, 112, 180, 165, 154,  38, 163, 195,  78, 126,  75, 121,  82, 146,  47,  85, 140,   6, 132, 110,  92],
  [128, 107,   1,  62,  93, 192, 161,  49,  76,  78,  79,  48,  92,   6, 176,  94, 121, 106, 143, 142, 153,  97, 116, 190, 164, 118, 104,  63, 132, 125, 105,  91, 186, 117, 151, 165, 188, 195, 180, 100, 191, 178, 123,  53, 110,  55,  35, 182,   7,  61],
  [128, 186, 116,  78, 143, 142,   1,  97, 190, 105, 192,  93, 107,   6,  49,  63,  79, 153,  81,  57, 161,  62,  26, 115, 106, 104, 125, 132, 119,  55, 188, 165,   7, 118, 102,  94, 131,  74,  44,  48, 195,  89, 180,  32,  85,  65,  76, 111,  54, 197],
  [128,  93,  49,   1, 143,  76, 190, 107, 116, 192, 121, 142,  48, 125,  62,  78,  79, 176, 132, 161, 186,   6,  92, 118, 120,  63,  94, 165, 104, 188, 180,  57,  37, 197,  65, 167,  26,  55,  97, 115, 117, 106, 139,  44, 100, 153, 131,  32, 114, 111],
  [128,  49, 143, 116,  93,  76, 192,   1, 176, 118, 142,  92, 190, 107, 117,  78, 132, 121, 125,  63, 161,  48, 186, 114,  65, 188,  90, 197,  16,  37, 105, 100,  62,   6, 115, 120,  44, 106,  32,  35,   5,  59,  73, 102,  89, 133,  46, 104, 157,  94],
  [181, 127, 112, 155,  38,  95, 113, 126,  31, 129, 167,  14, 124,  23,  84,  80, 111,  43,   9, 187,  71, 172,  56,  98,   4,   8,  27,   3, 193, 178,  67,  99,  11,  96,  34, 182, 122,  30, 146, 175,  28, 185,  18, 141,  82,  89, 163,  75, 145,  68],
  [ 99,  96,  66, 177,  28,  82, 127,   8,  70,  43,  24,  14, 183,  71, 111, 110, 146,  52, 123, 148, 159, 126, 149,  11, 137,  10,  81,   3, 136, 134,  38,  58,  83, 131,   9,  26,  51, 189, 145, 196,  39,  98,  55, 144,  56, 135,  40, 155, 124,  19],
  [128, 107,  93,  78, 143, 192, 186,   1,  97, 142,  49,  62, 116,  79, 190, 161,   6, 105,  63,  76, 106, 153, 104,  92,  57, 125, 132, 176, 118,  48, 121, 115,  89,  26, 195, 119,  81,  55, 180, 165,  94, 188, 100,  65,  74,  54, 120,  32, 131, 197],
  [128,  93, 192,  62,  78, 107,  49, 106, 121,  48,  76, 104, 118, 143,  63, 153,  79, 142, 161, 176,  77,  80,   1, 132, 190, 116, 105, 186,  57, 167, 119,  97,  81, 191,  35, 180, 151,  94, 108,  92,   6, 114, 188,  21, 117, 197, 103,  74, 131,  85],
  [186, 116, 195, 128,  97, 190,   1,  56,   6, 192, 142, 103,  49,  93,  26, 153, 143,  81, 161, 139, 176, 109, 118,  91,  37, 125,  23,  69, 154,  79,  70, 107, 187, 196,   0,  95, 106,  63, 165, 129, 147,  78, 124, 191, 168, 193, 180, 137, 111, 194],
  [128, 104,   1, 186,  97,  93, 143,   6,  26, 105,  57, 153,  81, 177,  55, 142,  79, 123,  78, 131, 176, 132, 190, 116, 180, 137,  87,  70,  54,  62,  56, 192, 138, 106,  63, 197, 148, 125, 161, 188,   0, 115, 183, 151, 144,  51, 150,  59,  44,  69],
  [128, 116, 161,   1,  93, 143, 142, 186,   6, 190, 192, 107,  49, 153, 125, 118,  97,  78,  94,  79,  76, 132, 176,  37, 180,  62,  26, 117, 165, 188, 195,  63, 109,  55, 121, 110, 182, 139, 105, 160,  91,  92,  56, 104,  65,  48,  15, 197,   7, 100],
  [128,  93, 107,  78,  76,  49, 192,  62,  97, 142, 143, 161,  63,   1, 121,  79,  48, 106, 118, 153, 104, 190, 176, 119,   6,  92, 180,  94, 132, 110, 188, 105, 120, 165, 116, 125,  57, 186,  81,  77, 167, 131,  55, 164, 115,   7, 151, 183,  21, 117],
  [128, 143,   1,  49,  26,  93, 125, 180,  37, 132, 177, 104, 186,  79, 116,  65, 190, 161,  44,  63,  16, 183, 176, 165,  76, 107, 192,  83, 120, 111,  55,  57, 105, 117,  54, 142,  78, 115,  97,  62,  94,  32, 188,  64,  92, 133,  48,  46,   6, 131],
  [128, 186, 161, 190, 192,   1, 107, 142,  79, 153, 116, 143,  93,  78,   6, 125,  62,   7,  49,  81,  89,  97, 191,  57, 195, 188, 106, 132,  26, 105, 176,  55,  63,  76,  94, 104, 118, 119, 110, 180,  48, 165,  91,  75, 115, 102, 109,  44,  92,  65],
  [128, 107,  78,  97,  49,  62,   6, 192,  63, 190, 116, 161,  94,  93, 153,  48, 165, 143, 105,   1, 186,  92, 121, 106, 132,  85,  79, 115, 119,   7, 104,  21, 125, 164, 123, 109, 151,  76, 195, 120,  74, 118,   0,  81, 176,  26,  91, 111, 167, 154],
  [128, 143,   6, 116, 142,   1, 192, 107,  49,  76, 125, 186,  93,  78,  92,  79, 132, 190, 161, 118, 176,  57,  89,  26,  62, 153, 104, 115,  48,  63, 106,  65, 121, 195,  74, 120,  55, 105,  54, 197,  44, 182, 188, 109, 100, 117, 160,  97, 139,   5],
  [  1, 128,  76, 192,  49,  78, 107, 106,  48,  93,  62, 176, 161,  92,   6, 190,  63,  79,  97, 142, 125, 119, 153, 121, 132, 116, 118,  35,  89, 143, 165, 151, 195, 115,  77, 164,  57, 186, 110, 120, 188,  55,   7,  94, 154, 167, 180, 104, 114, 123],
  [128, 143,   1,  93,  76, 107, 161,  49,  79, 142, 125, 116, 192, 190, 186,  92, 118, 176, 132,  62,  78, 105, 110, 188,  65,  55,  63,  97,  26, 117, 104, 100,  94,  48, 121, 197,  44, 180,  57,  89, 183,   6, 115, 165, 153, 106,  32, 114, 195,  53],
  [128, 116, 176, 107, 192,  49,  93,   6, 142, 186,   1, 190,  78,  76,  92, 161, 118,  62, 125,  48, 143,  79, 132, 153,  63,  89, 117, 195,  97, 106, 103,  77, 121,  57, 115, 100, 182, 191, 188, 140, 154, 110,   5, 104, 197, 160,  35, 164, 114, 165],
  [ 91, 109, 195, 163,  71, 150, 166,   6, 149,   0, 147,  47, 146,  56, 136,  97, 193, 151, 148,  82,  34,  31,  75,  89, 144, 123,   1, 103, 181,  20, 134, 137,  70,  15, 135, 160,  95, 154,  23, 172,   7, 187, 161, 132,  53,  41, 116,   5,  61,  14],
  [128,   1,  93, 143, 125,  79, 161, 190,  49,  62, 192,  78,  97, 105, 132,  26, 107,   6,  76, 186, 176, 180, 116, 104,  94, 165,  63, 142,  55, 188, 197,  92, 110,  48, 123, 153, 106, 111,  57, 195, 140, 168,  65, 183,  54, 115, 178, 131,  44, 114],
  [ 81,  99,  97,  79, 119,  26, 131,  55, 105,  98, 106,  57, 183, 142,  38, 143, 115, 186,  24, 101, 118,  69,  96,   1,  70,  44,  51, 194, 168, 110, 160, 109, 104, 139,  56,  83, 123,  89, 111,  23,  85,   8,  74, 120, 126, 193,  37,  84, 141, 128],
  [ 26,  83,  79, 128, 105, 142,  44, 104,   6, 131,  55, 183, 123, 111,  65, 177, 186,  99, 188, 140, 138, 143,  39,  57,   9, 144,  32,  58, 196, 100, 132,  66,   2,  46,  54,  37, 115,   8,  93, 125,  16,  98,  97,  59,  81,  73, 180,  51,  74,  52],
  [128, 186,  78,   1, 143, 116, 192, 190, 107,  49,   6,  93,  62, 132, 153, 142, 161, 125,  97,  63,  57,  89, 115,  79,  48,  76, 121,  81, 106, 195, 165, 176, 105, 119,   7, 180, 104,  26, 118, 188,  55,  92,  54, 197, 102,  44,  65,  94,  35, 120],
  [128,  78, 192,  62, 143, 107, 161, 153,  97,  49,  93, 190,   1,  63,   6, 186, 105,  48, 195,  79, 104, 116, 106,  81,  76, 132, 165, 125, 151,  92, 119, 118,  26, 164,  94,  57, 115, 121, 167,   7, 123, 180,  89, 142,  55, 120, 111, 183,  85,  54],
  [128, 143,   1,  97,  26, 161, 116, 132, 190,  93,  49, 186,   6, 125, 188, 142,  37,  63, 131, 115,  83, 192, 165,  79, 180, 195,  55,  44, 176,  78,  69, 105, 110, 111, 120,  57, 104,  76, 183, 153,  70, 197, 118, 140,  16, 107,  15,  92,  46, 109],
  [128,  93,   1, 186, 107, 116, 176,  49, 192,  76, 142, 143, 190,  79, 161, 132,  48, 118, 117,   6,  62,  35, 153,  78,  92, 125,  97, 139, 121, 180, 110, 100,  37,  57,  55, 188, 106, 195,  63, 104,  77,  69, 120,  44,  94,   5, 197,  53, 105, 191],
  [128, 125, 161, 143,   6, 116,   1, 186,  26,  97, 142, 180,  93,  79, 117, 190,  55, 132, 107, 110, 188, 176, 123,  49, 195, 160,  53,  44,  94, 140, 182, 104,  62, 105, 197,  76,  92, 177, 192, 100, 137, 139, 165,  37, 183, 148,  78, 153,  46,  65],
  [  1, 128,  79, 118, 107, 186,  97, 142, 161,  93, 105,  49, 192, 125, 116,  76, 188,  78, 190, 110, 143,  94, 153,  48, 106,  62, 191, 176,  81,  64, 119, 131,  92,  55,  63,  89,  85, 114,   0,   6, 140,  26,  77, 104, 182,   7, 154, 132,  53, 168],
  [128, 142,   1, 143, 186,  93,  78, 116, 105,  79, 107,   6,  97, 192, 190,  49, 115, 161,  57, 153, 125, 119, 188, 104, 132, 110,  63,  62,  76,  55, 106, 131,  26,  81,  37,  94, 118, 197,  65,  44, 140, 165, 121,  32,  48,  89, 120,  92, 176,  74],
  [128,   1, 107,  76, 161,  93,  49, 192,  62,  48, 118,  78, 121,  79,  94, 143, 176,  77, 142, 153, 125, 116, 106,  97, 190,  92, 110, 164, 117,  63,   6,  35, 105, 188, 151, 132, 191,  53, 168, 180, 186, 195, 104,  64, 154, 194,  89,  55, 119, 140],
  [128,  93, 143,   1, 161, 107,  79,  49, 192, 142, 186, 116,  76, 176,  62,  78, 132, 105, 118, 190, 125,  94, 188,  63,  48, 104,  92, 153, 117, 106, 110,   6,  97, 121,  26,  65, 100, 180,  55, 165,  44, 182, 195, 197,  57,  77, 114, 140,  89, 115],
  [129, 124,  37, 172,   8,  86,  69,  31,  71, 185, 142,  90,  46,  12,  41,  10,  52, 126,  40, 196,   4,  60, 127,  27,  96, 113,  58,  83,  28,  80, 144, 188, 169, 139,  45,  81, 174,  70, 187, 155,  30, 170, 136, 171, 173,  25,  43,   3,  99,  16],
  [196,  96,  90,  34,  28,  35, 187,   0,  71,  98,  52, 122, 185,   4,  40,  82, 129, 172,  12,  10,  69,  60,   8, 142, 119,  80,  99,  43,  31, 139,  86, 131, 168, 127,  85, 175,  70, 109, 114,  27, 191,  37, 155, 130, 173, 100, 124, 126, 169,  25],
  [128,   1,  93, 125, 161, 176, 140, 132, 186, 105, 110, 107, 143,  55, 192,  79, 104,  57,  26, 123,  49,  44, 197,  92,   9,  65,  97, 168, 142,  76, 117,   6, 195, 106, 182, 194,  53,  24, 188, 118,  48,  54,  62, 133, 116, 153,  73,  58, 100, 190],
  [116, 128, 186, 192, 153,  78,   6, 190,  93, 107,  97,  49,  63, 161,  62, 106, 132, 195, 118, 176, 165, 129, 103, 142,   1,   7,  48, 143, 121,  79,  35, 105,  76,  95,  57, 151,  81, 104, 154, 187, 164, 115, 125, 196, 119,  89, 138,  94,  80,  23],
  [142, 131, 110, 180,  79,  83,  26,  38, 188,  66, 176,  44, 186,  70,  46, 105, 128, 140,  57, 137, 197, 177, 187,  54, 133,  82,   6,  10,  74,  81,  39, 144,  13,  56, 104, 111, 123,  55,  58,   9,   8, 129, 185,   1,  17,  59,  24, 114,  93, 191],
  [128,  93, 192,  62, 107,  79, 104,  78,   1, 161, 143, 105, 186,  49, 153, 142,  97,   6,  63, 106,  94,  92, 132, 116,  76,  48, 176,  26, 180, 121, 190, 151, 118, 164,  57, 178, 125, 165, 111,  81, 177, 195, 123,  55, 160, 188,  65,   7, 191, 119],
  [128,  76,   1, 142, 161, 107, 116, 121, 143,   6,  93, 125,  49, 192,  97, 117, 186,  92, 190, 109, 195,  94,  62, 118,  78, 176,  55, 180, 110, 153, 139,  79,  37,  91, 132, 188,  63,   0, 100, 165,  48,  56, 160, 168,  53, 194, 154, 164, 106, 105],
  [128,   1, 107, 143, 116,  93, 186, 161,  97, 142, 105, 192, 118,  79,  49,  92,  78,  76, 125,   6, 190,  94,  55,  62, 153, 168, 104, 117, 110, 121,  26,  63, 188, 132, 194, 195, 176, 100,  44,  53, 180,  37,  65, 106,  48, 139, 123, 115, 109, 140],
  [128, 116, 186, 161, 192, 176, 118,   1,  97, 190,  49, 107,  93, 132, 142, 195,  91,   6,  79, 143, 188, 125,  26,  69, 154, 109,  92, 182, 106, 139,  89,  64,  16, 153, 194,  94,  44, 168,  55,  59,  37,  23, 197, 103, 160, 193,  74,  48,  62, 115],
  [128, 105,  93,  83, 104, 131, 188,  73,  97, 142, 123, 114,  78, 143, 107, 186,  90, 140,  26,  94,   6, 176,  49, 192, 110,  58, 144, 101, 115,  44, 161, 180,  48,  36, 100,  59, 159,  32, 157,   5, 177,   2, 117,  81,  37,   1,  53,  16, 119, 106],
  [128,  93,  78, 107,  62,   1,  76, 192, 161,  79, 104, 142, 143,  49,  92, 186, 105,   6, 116, 153,  97,  63, 125, 121, 106,  48, 190, 118, 132,  94,  57, 188, 176, 119, 123,  55, 117, 115,   7, 180, 100, 110, 164,  65,  89, 183, 165, 182, 120, 191],
  [128,  93,   1, 107,  49, 192, 161,  78,  62, 143, 176, 116,  79,  76, 186, 190, 142,   6,  48, 153, 132,  63,  97, 125, 106,  92,  94, 105, 118, 110, 104, 165, 188, 121, 115, 195, 117, 119,  57,  35, 180,  55,  89, 123, 100, 164, 168,   7,  26, 114],
  [128, 143,   1,  76,  93, 192, 107, 161,  49,  62,  78, 190, 116,  79, 125, 186,  92, 132,  63,  48, 153,  89, 142,  97, 105, 176, 104, 110, 106, 118, 121,  77,  94,   6, 180,  57, 165,  55, 120, 188, 117,   7, 195,  65, 167, 183,  26, 100, 164, 197],
  [ 26,  46, 183, 124, 148,  39, 134,  59, 197, 144,  65,  14,  57, 138,  56,   8,  44, 180,  67,  15, 137, 162,  22,  54,  83, 177,  45, 110,   3, 145,  50, 127, 184,  32,  30,  41, 133,  55, 156, 111, 159,  58, 135,  88, 170, 179,  27,  19, 171,  18],
  [187,  35,  34,  90, 129,   0, 103,  82, 172, 196,  40,  86,  91, 173,  42,  21,  31,  12, 152,  28, 124,   4,  75, 144, 122, 166,  60, 185, 108, 171,  74,   8, 175,  41,  51,  23,  48,  68, 181,  30,  80,  67,  87,  18,  85,  83,  33, 119, 102,  43],
  [  0,  91,  35,  34, 187, 152,  85,  75, 106,  48, 119,  78, 196, 151, 103,  21,  63, 154, 129, 109, 166,  62,   7,  23, 192,   6, 191,  82, 153, 121, 164,  49, 107, 122, 165,  98,  90,  95, 190,  40, 108,  28,  71,  64, 195, 150,  94,  74,   4, 146],
  [128,   1,  93, 107,  49, 192, 161,  79,  78, 142,  76, 106,  48,  62, 118, 176,   6, 119, 188, 186,  92, 105,  94, 104,  35, 143,  97, 153,  63, 110, 121, 132, 125, 131, 116, 191, 190, 114,  57, 180, 115,  64,  77, 165, 117, 100, 151,   7, 164,  83],
  [128,   1,  93,  49,  76, 118, 107, 176, 143, 192, 106,  48, 161, 142, 117,  79, 121, 188,  78,  91, 186,  97, 116,  57,  77,  35,   5,   6, 120, 125,  92,  37, 115, 100,  73,   0,  69, 131, 190, 114, 180, 104, 139,  89,  62,  63, 168, 132, 130, 110],
  [128, 116, 176,   6, 192, 190,  93,  49,   1, 161,  62, 153, 142,  78,  76, 107, 186,  48, 132,  63,  97, 125, 195, 180, 121, 117,  92, 151,  35, 154, 164, 103, 165,  94,  79,  57,   7, 106, 188, 143,  91, 191, 118, 167, 110, 104, 150, 109,  55,  74],
  [128, 186, 116, 143, 142,  97,   6, 107, 118, 161, 105,   1, 192,  93,  26,  79, 115, 125, 132,  44,  37, 190, 188, 121,  92,  49,  78, 131, 104, 160,  55,  69,  57,  16, 176,  89,  65, 109, 106,  74, 153, 194, 140, 182, 139,  46,  32,  15,  53, 197],
  [128,   1,  93,  78,  49, 192,  62, 107, 186, 161, 116, 153,  97,  79, 143, 190,   6,  48, 105, 106,  63, 132, 125, 142, 118,  94,  35,  76,   0, 104, 176, 188,  81, 121, 119, 195, 191, 165,   7, 180,  85, 131, 140, 115, 103, 197,  57, 151,  80,  26],
  [128,  93, 107, 192,  76,  49, 161,  62,  48,   1, 143,  78, 116, 186, 106,  79, 153, 121, 125,  94, 118,  63, 132, 190, 176, 117, 195,  92,   6, 164,  77,  89, 104,  97, 191, 154,  35,  91, 182, 151, 103, 165, 142, 160, 178, 180, 167,  21, 119,  81],
  [128, 186,  79,  97, 142,  81, 143,  57,  26,  93, 106, 131, 161, 132,  63, 116, 110, 195, 192,   6,  56, 115,  78, 153, 104,  98, 180, 119, 188,  44, 111, 139,  43,   1, 190, 107, 125,  55, 105, 187,  76,   7,  13, 183,  99,  38, 165,  16,  54, 121],
  [118, 106, 107,  79,  48, 192,  76,   1,  93,  49, 128,  94,  91, 176, 151, 161,  62, 142, 191,  64,  35, 154, 121,   6, 168, 119,  92, 164,  98,  97,  78, 194,  77, 188,  83, 166, 153, 152, 110, 178,  81, 190,  85, 167,  63, 195,  99,   0, 140, 131],
  [128, 143,  93, 116, 142, 105, 186,   1,  55,  92, 161,   6,  26, 125, 104, 132, 107,  76, 190, 118, 192,  97,  79,  65,  78,  49,  37, 117, 183,  44, 153, 110, 188, 180, 123, 100, 121, 120, 197, 160,  57,  63, 176,  62, 115,  94, 182, 165, 140,  59],
  [128,   1, 161, 192,  93,  62, 107,  78,  49, 143, 116,  76, 190,  63,  79,  97, 153, 186, 142,   6, 132, 176,  94, 165, 118,  92, 106, 125,   7,  48, 121, 105, 104, 188, 110, 115, 195, 164,  57, 119,  89,  55,  26, 183, 180, 167,  65, 120, 151, 178],
  [128,  93,   1,  76, 107,  49, 161, 192,  78,  62, 142,  48, 116,  94, 143, 121, 125, 117, 190, 186,  92, 176, 153,  63,  79, 106,  35, 180, 118, 110,   6, 100,  77, 132,  97, 139, 104, 168, 105, 188, 165, 195, 164, 120,  53,  57,  55,  89,  65,   5],
  [ 26,  46, 197,  39, 133,  83,  44,  14,  69,   8,  59,  22,  65, 144,  58,   3, 124,  57,  43, 134,  67,  30, 162, 145, 148,  41,  50,  87,  54, 171, 184,  19, 137,  32,  88,  16, 177,  27, 135, 170,  33,   9, 158, 156, 157, 172, 159, 113,  17,  45],
  [181,  82,  34, 187,  31,  42,  12, 173, 172, 129,  90,  75, 185,   4,  14, 146,  68,  71, 136,   3,  40, 124, 166,  86,   0, 145, 152,  33, 112, 127, 103,  67,  80, 134,  95,  41,  27,  28, 156,  19, 130, 149, 171, 196,  29,   8, 135,  43, 162,  25],
  [ 35,  91, 192, 106, 152, 103, 191,  48, 153, 151,  34, 187,  62, 107,  85,  21, 196, 154, 164,  94,  75,   0,  77,  97,  78, 118, 129, 161,  98, 112,  80,  63,  23, 176, 121,  93,  49, 108,  64,   7,  81, 150, 119, 166,  95, 181, 195, 146, 116,  84],
  [ 71,   1, 109,  69, 168,  70, 194, 196,  64,  98,   6,  34, 169,  31,  35, 186, 188, 139, 142, 125,  89, 147, 195, 185,   0, 166,  66,  55,  16,  81,  53, 131,   3, 191,  15, 146,  44, 150,  43,   5,  28,  26, 149,  37,   7, 137, 172,   4, 118,  54],
  [128, 107, 192, 161,  93,  62,  78,   1,  97,  49,   6, 118, 106, 153, 176,  48,  76,  92,  63, 104, 121,  79, 116, 151, 164, 186,  94, 105, 143, 132, 190, 119, 115, 142, 123, 125,   7, 191, 165, 117, 188,  61,  89,  57, 195,  35, 167, 160, 140,  91],
  [128, 186,  93, 116,   1, 143,   6,  78, 190, 192, 142, 132,  49,  79,  97, 105, 107, 153, 161, 115, 104,  63, 176, 125,  57,  62, 188, 131, 106,  76, 197, 195,  48,  55, 103,  37, 129, 165, 180, 100, 140, 114, 123, 110,  26,  54, 144,  44,  46,  32],
  [128,   1,  49, 116, 192, 176, 161, 190, 107,  93, 143,  76, 110,  92, 118, 142, 125,  78,  48,  63,   6, 188,  62,  97, 195,  79, 153, 186, 106,  77, 168, 132, 117, 105,  64, 109,  37, 114, 120, 165,  55,  35, 115, 121,  94,  89, 197,  44,  53, 140],
  [128, 143,   1,  93, 107, 142, 186, 161, 192, 116,  49,  79,  92, 125,   6, 190, 105, 176,  76,  78, 132,  26,  62,  55, 104, 118, 117,  94,  97, 153,  63,  65, 100, 180,  48, 121, 165, 106,  44, 110, 195, 188, 115, 183, 168,  57,  53, 160, 197, 123],
  [128, 107,   1,  49,  76, 142,  48, 106,  79, 192,  92,  93,  78, 143, 186, 125,  62,   6, 161, 118, 194, 100,  89, 104, 195, 119, 153, 117, 176, 168,  35,  63, 178,  94, 105, 120, 139, 116, 109,  57, 188,  65,  64,  98,  91,  83, 182, 191,  77,  37],
  [128, 143, 186, 116,  97,  26, 190,  78, 132, 107,   6,  81,  93,  49, 177, 115, 125, 105, 165, 161,  57,  63,  79,   1, 104, 153,  94,  37,  16, 192,  74, 169,  62, 120,  55,  65, 196, 124, 180, 160,  95, 121,  43, 102, 139,  44, 111, 118,  32, 131],
  [  6, 109, 193,  23, 144, 110,  71, 176, 125, 163,  15, 124,  70, 181, 146, 140,  38, 150,  56, 142, 195, 152, 141, 137, 149,  31, 182, 132,  26, 116,  57,   3,  37,  17,  69,   1, 147,  10, 127,   8, 148, 136,  79,  43,   5,  54,  14, 190,  44, 172],
  [128, 116, 143, 161, 186,  79, 142, 190,  93, 132, 125,   6,  97, 107,   1, 192,  76, 165, 105,  55,  63, 160,  94,  49,  62,  26,  78, 110, 188,  92, 153,  44, 182,  65, 115, 195, 109,   7, 183, 118, 111,  15, 176, 104, 168, 140, 197, 121, 133, 100],
  [128,  93, 107, 161,  79, 105, 192, 186, 132, 104,  62, 106, 142,  78,  92, 153,   1, 176, 140,  97,  76,   6, 143, 118,  49, 117,  48, 164, 116, 121, 194, 100, 110,  55,  44, 182,  63,  61, 123,  24, 125, 119,   7,  85, 195, 188, 160,   9, 178,  65],
  [128, 143, 116,  76, 121,  93, 161, 132, 190, 160, 117, 167,  62, 192,  92, 165,  49,  63, 153, 195, 107, 176, 109,  56, 164, 120,  77,  91,  97, 118,   6, 151,  78,  55, 154,  48, 180, 183,   1,  53,  26,  21, 115,  15, 125, 133, 100, 193,   5,  20],
  [ 43, 180,  69,  57, 133,  26, 172,  99,  51,  81,  40, 143,  41, 177,  96,  46,   8,  31,   1, 169,   2,  32,  83, 131,  44,   3,  87,  65,  86, 102,  70,  56,  45, 184, 115,  16,  14, 196, 197,  50, 135,  58,  39, 148, 109, 144, 145,  71,  33,  54],
  [ 95, 163, 152,  70, 124, 154, 146, 182, 150, 113, 103, 137,  23,  30, 176,  84, 181, 167, 132, 112, 193, 164, 151, 144, 160, 127,  79, 178, 149, 147, 141,  15,  76,   8, 126, 111,   6, 136,  98,  75,  91,  10,  14,   3, 173, 125, 162,  47, 195, 138],
  [ 86, 186,  22,  87,  66, 171,  51, 104,  12,  33,   2, 100,  47,  43,  19, 189, 101, 173,   5, 157, 184, 175, 159,  88,  36, 172,  46,  82, 170,  40,   8,  10,  68,  29,  24,  41, 142,  32, 134, 135, 177, 174,  96, 105,  74, 158,  72,  39,  60,  17],
  [ 77,  91, 152, 164,  75, 151, 103, 121,  21, 166, 154, 191,  62, 150,  76,  48,  23, 163, 167, 195,  61,  97,  35, 178,  94, 107,  95, 112, 108,   0,  98, 181, 192, 146, 106, 161,  34,  85,  84,  47, 126,  20,  80, 153, 168, 149, 193,  81, 165, 196],
  [182, 146,  38, 163,  82, 193, 166, 141,  61, 122, 181, 152, 140,  47, 149,  17,   9, 155, 109,  10, 124, 150, 127, 136,   4, 167,  42,  27, 125,  31, 175,  14,  96,  66,  89,  25,   5, 120,  29, 137, 179,  84,  85,  53, 148,  54, 108, 135,   3,  13],
  [180, 116, 190,   0, 154, 109, 196,   6,  94, 147,   1,  35,  56, 129, 187, 172,  83,  49,  37, 165,  34,  90, 142,  52, 148,  31,  42, 137,  69,  63,  91, 113, 124, 144, 150, 161, 135, 110, 149, 194, 155, 181, 195, 136,  46, 139, 117,  14, 103, 192],
  [  6,  97,   7,  78, 165, 196, 190,  62,  85, 153, 150, 151,  81,   1,  98,  79, 163, 119, 109, 195,  63, 147,  94, 123, 164,  70, 152,  49, 107,  57, 192, 142,  51, 115,   0, 154, 116, 161, 146, 106,  26, 149, 131,  23,  48, 132, 186,  95, 194,  99],
  [  1, 186,  37,  69, 128, 142, 139,  97,  44, 100,  56, 180,  83, 177, 168, 143,  93,  26,  43, 110,  55, 116, 133, 120,  46, 189, 144, 195,  32,   5,  13, 187,  57, 131,  58,  65, 197, 157,   6, 185, 111,  59,  99, 115, 117, 140, 172,  79,  16,  41],
  [ 48,  85,   1,  94,  49,  35,  76, 108, 178,  62,  80, 167,  93,  79,  78,  64, 111, 107, 151, 155,  57,   9, 164,   0, 152, 120, 140, 118, 180, 192, 188, 197,  92, 106, 104, 122, 125,   6, 190,  63,  98,  90, 182, 138, 154, 165,  54,  99, 176, 161],
  [116, 180,   6,  26, 143, 190, 186,  93, 153, 177, 124,  56, 137, 132, 147,  69, 148, 128,  57,  63,  59,  97,  46, 104, 187,  95, 176,  70, 150, 129,  49, 165,   2, 192, 197, 160,  78,  16, 161,  37, 144, 135,  87, 195, 125,  39, 139,  83, 169,  14],
  [190, 132,  97,  57, 165, 121, 115, 180,  81, 167,   6, 120, 128,   1, 143,  26,   9, 109,  23, 116, 147, 151, 195, 163, 131,  54,  51, 155,  43, 148, 177, 150,  56, 123, 144,  95, 111, 193,  55,  62, 183,  94,  89, 133, 125, 161, 124,  63,  49,   3],
  [128,   1, 161, 116, 107,  97, 192, 186, 190,  76,  93, 195, 143,  62,  49, 142,   6,  79, 176,  92, 125,  78, 132,  63, 153, 165, 110, 121, 105, 117,  55,  48, 168, 100, 109, 164, 118,  77, 154, 188,  94, 106,  91,   7, 103, 115,  37, 180,  53,  89],
  [128,   1,  76, 161,  93, 107, 143,  78, 192, 121,  62,  92,  49,  79,  97, 105, 142, 106, 110,  48, 180, 125, 117,  63,  94, 119, 104,  77, 100, 120, 168, 132, 123,  55, 164, 188, 153, 118, 165, 195, 178,   6, 151,  65, 183, 176, 131, 186,  53, 114],
  [128,   1, 107, 161,  93, 143,  76, 192,  79,  49,  62,  92, 142,  78, 125, 186, 105, 116, 132, 176, 110,  97, 190,   6, 104, 153,  63, 118,  94,  55,  48, 117, 106, 121, 188, 100,  65, 168,  26, 165, 180, 183,  53, 115,  44, 195,  89, 123, 164,  77],
  [142,   0, 143, 101, 105,  53, 139, 189, 130,  61, 100, 104,  73,   5, 110,  55, 157, 128,  83,  36, 159, 191,  38,  93, 118,  17, 140, 123,  77,  24,  42,  79, 117,   8, 131,   1,  96,  37,  29,  22,  81,  72, 197, 194, 183,  65, 114, 188,  99,  68],
  [128, 186, 161, 107, 192, 153,  97,   6,  78, 116, 105,  79, 132, 190, 142, 106,  62, 176,   7,  93,   1,  85,  63,  49,  23, 195, 119, 191,  55, 103, 143, 125, 121, 129,  89, 118, 188, 115, 154,  91, 110, 165, 102,  35,  81,  48, 164, 123,  92, 104],
  [ 89,  77, 110, 130,   5, 119,  33, 120, 101,  72,  96, 100,   4,  17,  51,  31,  13,  19,  12,   3, 157, 172, 185, 171,  34,  68,   8,  14,  82, 168, 173,  38, 184,  92,  40,  88,  32,  30,  41,  29, 175,  50, 189,  55,  10, 174, 114, 134,  57,  43],
  [117,  76, 130, 166,  20,  77, 143, 162, 118,   5, 100,  92, 189, 160, 187,  61,   0, 103, 156, 185,  73,  19, 154, 125, 157, 114, 159,  29,  69,  13, 121, 139,  21, 176,   8, 177, 145,  72,  22,  59,  89, 197, 194,  17,  30,  88, 158, 101,  68,  91],
  [ 35,  71, 187,  98,  34, 167, 165, 196, 108, 179, 111,  82,  85, 138, 122,  95, 126,  91, 193,  63, 178,  28,  21, 181,  48, 166, 146, 120, 152,  40, 119,  90, 175,  62, 195, 151, 173,   4, 112, 133, 129, 113, 147, 106, 124,  12, 103, 163, 141, 144],
  [109,  34,   6, 103, 195,  43,  71,  35, 147, 190, 129,  82,  95, 124, 169, 146, 172,  23, 196, 144, 138, 150,  31, 173, 153, 181,  56,   7, 133, 193, 137,  10, 165, 136,  40, 149, 113, 132,  91, 116,  75, 187, 141, 148,  89,   9,  67,  54, 179,  85],
  [116, 190,   6, 109,  97, 192,  91,  63, 195,  78, 165, 186,  49, 153,   1,  95, 115, 161,  23,  62,   7, 106, 128,  56,  71,  85, 103, 129,   0, 151, 132, 107, 147, 138, 144,  98, 119, 176, 118, 102, 196, 121, 154, 193,  94,  64, 187,  93, 179, 150],
  [128, 186, 142,   1, 125,   6, 107,  81, 143,  93,  78,  57, 188,  79, 105,  49, 131, 197, 104, 100, 192, 161,  97, 116, 176,  74,  48, 190, 106,  55,   0, 153, 191, 180,  35, 114,  58,  53,  54,  62,  37, 102,  16,  69,  26,  87,  65,  72,  43, 177],
  [ 85, 196,  98,  81,  38, 112, 146,  99,  79, 150, 186,  70,  66,  56, 147,  23, 139,   7, 194,  95, 191, 141,  75, 140, 138,  82,  71,  84, 163,  10,  24,  11,  97, 137, 182,  26, 111,  80, 152, 187, 142,  51,   6,   3, 151, 113,  83, 195, 149, 169],
  [ 43,  57, 144,  51,   5,   2,   6,  22,  66,   8, 131, 115,  83,  67, 124, 177,   3,  42,  17, 119,  81,  54,  86, 142,  33,  74,  87,  31,  69, 120,  70, 184,  32, 169,  46, 101, 171, 148, 122, 135,  16,  26,  39,  68,  88,  59, 132, 170,  14, 173],
  [  6,  49,  78,  93, 128, 186, 190, 153, 176, 196, 192, 116, 107, 187,  48, 132, 161,  57,   1, 142,  83, 165, 154,  97,  63, 194,  79, 139, 195,  62,   0, 106, 144,  69,  26,  94,  35, 118, 147, 151, 143,  91,   7,  81, 109, 115, 150, 131,  70, 137],
  [128,  76, 125, 143, 132,  92, 117, 180, 100,  62, 110,  79,  93, 195, 161, 133, 190, 116, 165, 176, 182, 178,  49, 197,  55, 140, 120,   9, 107,  65, 142, 111, 164, 160,   6,   5,  26,  94, 168, 138, 183,  44,  61, 121,  48, 192,  54,  63,  78, 162],
  [128,   1, 118, 194, 107, 161,  92,  76, 117,  93, 176, 143, 125,  49, 192, 139, 168,  79,  37,   6, 160, 142,  61,  73, 140, 116, 121,  94, 132, 100,  48, 106,  64, 186,   5,  97,  53, 182,  44,  20, 195, 105, 166,  26,  65,  24,  55, 164,  69,  62],
  [  1, 107,  79, 119, 105, 106, 161, 128,  97,  78,  85, 192,  62,  48, 142, 191, 153,  93,  94, 164,   7,  76,  92,  99, 110,  77,  49, 118, 151,   0, 168,  98,  81, 123, 194,  38, 186, 104,  53, 125, 195, 121,  63,  64,  55, 111, 139,  24,   6,  21],
  [186, 142,  56,  38, 138,  81,  12, 183, 129, 175, 179,  97,  43,  79,  26,  46,  96, 111,  87,  86, 105,  55, 116,   3,  40,  10, 115, 172, 141,  30, 160, 171,  75,  22,  70,  71,   7, 195, 190,  13, 124,   8, 127, 131,  14,  23,  99, 177,  32,  31],
  [123,   6, 180, 108,  93, 104,  62, 151,  80,  47, 163, 150, 176, 149,  61, 148,  78, 164, 178,   2,  90,   5,  63, 132, 137,   9,  49, 140,  94, 146, 147, 135, 167,  48,  35, 117, 128, 161, 152, 136, 145,  36, 166, 153,  42,  57,  39,  83, 192, 165],
  [128, 117, 189,  61, 100,  20, 139,  77, 187, 166,  93, 121, 194,   5, 130, 185,  73,  53,  47, 176, 103, 123,  24,  69, 106, 104,  48, 161,  35, 107,   0,   1,  29, 191,  97, 159, 162, 133, 180,  55, 164, 151, 105,  92, 145, 195,  76, 149,  19,   9],
  [ 84,  98,  82, 166, 196, 139, 187, 146,  24, 181,  71, 112, 185, 127, 191,  61,  38, 175, 194,  47,  96,  66, 122, 141,  10, 126,  52,  85, 140,  27,   4,  12,  99,  28, 189,  34, 106,  70,  64,  77,  29, 150,   8, 108,  42, 168, 163,  69, 130, 136],
  [166, 181,  31,  82,  42, 172,  29, 103, 173,  20,   4,  23, 185,  12, 168,   3,  51, 145,  95,  28, 130,  40, 162,  90,  34, 134, 156,   8, 133,  56,  33,  60, 141, 109, 136,  18, 124,  10,  19,  68,  41,  89, 174, 169,  17,  45, 158,  30,  72,  25],
  [ 35, 166,  48,  91, 192, 103,   6,  49, 151, 121, 153, 176,  78,  62, 161,  34, 195, 117, 116,   0, 107,  93, 152,   5, 164, 118, 150, 187,  76, 106,  90, 108, 180,  77,  82, 128,  61, 181, 132, 191,  63, 196, 154,  47, 143,  42, 139,  95,  64, 194],
  [192, 153,  93,   6, 106, 107,  97, 118, 103,  78,  48,  49,  79, 151,  62, 195, 190, 116, 186,  63, 196, 176, 143, 142, 191,  81,  76, 109, 121, 128, 104, 164,  95,  23, 152,  91,  57, 139,  75,  35, 119, 165, 187, 194, 132, 124,  84,  85,  98, 161],
  [  6, 128,  26,  79, 116, 186, 177, 143, 142, 190,  57,  97, 104,  74, 125,  83, 132, 160,  70,  81, 137, 144,  55,  93,   1, 196, 197, 180,  47, 131, 176, 161,  69,  99, 182,   0,  78, 152,  44,  46,  51, 188, 124, 111,  62, 107,   3, 153, 165,  87],
  [ 49,  93, 192,  35, 153,  48, 116, 190, 103,  63,  78, 128, 129,   6, 107,  62, 176, 195, 106,  34, 186, 165, 132,  97, 161, 118, 151,   0, 154,  81, 167, 196, 152, 180, 121,  80,  57, 111, 187,  95,  94,  91, 191, 143,   1,  76, 131, 164,  90, 104],
  [  6, 153, 116, 142, 190, 186, 192,  78,  81, 107, 196,  97,  93, 195, 118,   7,  63, 128,  49,  56,  95, 191, 106, 151,  57, 161, 129, 147, 165, 109, 176, 143, 132,  62, 131,  74, 103, 152,  23, 121, 169,  26,  70,   1, 124, 150, 187, 144,  75,  48],
  [190, 116, 192, 153,   6,  49,  78,  93, 142, 103,  35, 129,  48, 107,  63, 176, 161, 186, 118, 109,  62, 195, 128, 165,  97,  34,  79,  76, 106,  23, 132, 191,  91,  94, 188,  81, 152, 125,  57, 143,   1,   7, 151,  95, 131, 154, 197, 102, 144, 124],
  [105, 123, 128, 104,  78,  97, 107, 125,   1,   6,  92,  53,  62,  55,  94, 186,   2, 119, 100,  26,  79,  85,  21,   7, 143, 161, 180,  36, 196, 131, 142,  49, 122, 139,  74, 132,  81, 183,  52,  65,   0, 101,  24, 115,  96, 177,  16,  83, 194, 153],
  [128,  79, 107,  85,  76, 118,   1,  93,  94,  97,  77, 106, 105, 168, 164,  62,  48, 110, 161, 178,  53, 182, 192, 194, 104,  98, 125,  92, 140, 167,  81,  49, 112, 121, 143, 191, 111,  99, 183,  55, 139, 151,  24,  80,  64, 119,   9, 123,  61, 154],
  [ 75, 152,   7, 153, 179,  38,  85, 164, 151, 150, 138, 195, 190, 191, 163,  23,  95,  56, 109, 165,  71, 111,  79, 183, 112, 161,  63,  77,  81,  91, 167, 129, 110, 147, 141, 146, 181,  97,  62,  21, 119, 193, 116, 178, 192, 149,  89,  12,  10,  94],
  [116, 186, 132, 190, 115, 179, 176,  63, 138,  30,  89, 103, 165, 160, 143, 128, 192,  46,   6,  87, 153,  78,  22, 142,  32,  59, 102, 161, 195,  44,  62, 125, 173,  26, 133, 197,  15, 182,  65,  76, 171, 170,  54, 184,  79,   7, 144, 183,  88,  92],
  [122, 146, 163, 196,  71, 147,  85, 149, 136,  66,  52, 150,  10,  28, 169,  14, 194,  82,  47,  84,  11,  25, 166,  83, 135,   4, 148,  24,  51, 137,  42, 127,   2, 181, 141,  17, 179, 124,  39,  40,  68,  16,  90,  31, 172,  95, 108, 144,  27,  18],
  [194, 166,  61, 139, 196,  99,  84, 191, 189,  24, 107, 168,  98,  53, 121,  81,  73,  94,  85,   0,  77,  42, 140,  21, 130,  47,  80, 164,  20,  48, 105, 108, 118,  79, 151, 154, 152, 106, 100,  97,  82, 101, 149, 146, 126,  70, 185, 142, 112,  36],
  [176,  49, 128,  48, 118, 192,  93,  76,  62, 154,  35, 190,  78,  64,  63,   1, 106, 107, 161, 143, 132, 103, 188,  77,  79, 116, 117, 197, 114, 108, 151, 121, 104,   0, 153, 125,  92, 102,  94, 167,  91, 140,  74,  21, 164,  50, 152,   6, 165, 178],
  [160, 139,  95, 181, 118, 194,  47,  61,  56,  38,  17, 117, 163,  69,  84, 162, 193, 195,  29, 150,  14, 101, 166,  24,  20,  77,   3, 176,   5, 122, 186, 167,  36, 159,  13,  31, 154,  23,  82,  68, 108, 124,  37, 103, 151, 189, 130, 141,  59,  73],
  [163,   6, 177,  26, 151, 150,  91, 160, 195,  61, 111, 152,  82,  92, 166, 124, 123, 132, 164, 167, 120, 109, 149, 148, 141, 180, 183, 125, 144, 146, 165,  84,  47,  79,  54, 137,   0, 178, 193,  83,  70,  51,  36, 147, 159,   5,  55, 127, 104, 131],
  [128, 176, 107,  93, 192, 106,   6,  97,  79,  62, 151,  49, 118,  48, 190,  91, 121,  81, 153, 195,  78, 161, 196, 142, 186, 132, 165,  63, 164,   1,  94, 154, 191,  26, 116, 104, 188,  57,  98, 152,  75, 177, 105, 131,  35,  83, 150,  76, 111, 143],
  [192, 116,  97, 128, 190, 186,  49,  93, 143,   6, 103,  78, 195, 153,   1, 107, 106,  63,  48, 118,  57, 142,  81, 176, 109, 161, 125,  79,  62,  89, 115, 129,  76,  35, 132,  95,  23, 131,  91, 139,   0, 165,  56, 119, 121, 154, 104, 114,  54, 102],
  [  6, 109,  26, 190,  97, 116, 163, 177, 165,  70, 143,  51, 195,  83, 150,  81,  38, 124, 160, 142, 111, 125,  79, 153, 137,  55,  57, 183, 147, 182,  56, 152, 138, 186,  15, 148, 115, 146,  75, 180, 149, 151,   7, 139, 144,  99,  63,  23, 132,  62],
  [186, 128, 116,   6, 118, 192, 161, 190, 153,  97, 142,  49,  93, 107, 176,  81,   1, 132,  78,  57, 188, 131,  79,  26, 196, 143,  69, 195, 139,   0, 129, 154,  63, 194,  91, 115,  70, 125,  64, 106, 147, 105,  94,  23,  37,  74,  95, 140, 165,  59],
  [143,  57,   1, 186,  78, 190, 128, 153,   6,  81,  49, 105,  93, 104, 192, 116, 125, 107,  26, 118,  79,  97, 142, 197,  54,  62, 131,  43, 132,  51,  89,  55, 119, 161,  87, 106, 180,  48,  74,  92, 115, 102, 139,  65,  63, 120, 111,  80,  32,   0],
  [153,   7,  62,  78, 192,  75, 119,  34, 151,  85, 106, 164, 191,  63,  35, 152, 161, 107, 179,  21, 103,  89,  48,   6, 167,  91, 116, 186, 175, 150, 129,  95, 195, 108, 165,  97, 190, 166,  77, 132, 178, 105, 138, 146,  49,  93, 181,  38,  94, 173],
  [  6,  62,  79, 107,  98,  78,  92,   7, 119,  97,  85,  71, 121,   1, 122, 120,  91, 164, 165, 111, 110, 123, 106,  48, 142, 131, 100,  61, 128, 191, 105, 183, 167,  94, 151, 152,  76, 161,  21,  47, 115, 163, 153,  93,  63, 189,  28,   0,  96, 180],
  [128, 142, 107,  93, 143, 116, 176,   6, 161, 186, 192,   1,  92,  76,  49, 132,  79, 125, 118,  78, 105, 117, 100,  62, 121, 104, 190, 188,  55, 197, 194,  65, 160,  44, 106, 115,  97,  63,  26,  37,  94, 153,  69,  48,   5, 165,  57,  73, 140,  32],
  [128,  55, 143, 107,  97, 125,  92, 168, 105,   1, 132, 123,  53,  26,  93, 161, 110,  79, 183,  62, 194, 165,  76, 192, 180, 176,  44,   6, 164,  94, 106, 104,  49, 186, 163, 121,  65, 190,  78,  57,  48, 154,  20, 115, 120,   9,  24, 178, 100, 195],
  [106, 192, 128, 153,  79,  78, 119, 107,  62, 161, 186,  93, 195,  89,  81,  48,  77, 105, 191,  49,  97,  63,   1, 143,  91,   7,  75,  76, 190, 132, 151, 118, 164, 154,  35, 103, 142, 104,  98, 121, 178, 110,  85,  99, 116,  38,  57, 112, 176, 102],
  [128,  93, 107, 192,  78,  62,  49, 153,  48, 106, 142, 191, 118, 186, 104,  79, 176,  77, 121,  76, 161, 116, 143,  81,  21,  63,   1,   0, 105,  35,  80,  94,  91, 190,  97, 117, 103, 151, 119, 108,  74, 188,   7,  57, 164, 114,   6, 132, 167, 154],
  [128,   1, 186, 143,  79,  93, 107,  49, 125, 142, 192, 116, 161, 190,  76,  57,  78, 188,  97, 118,  26, 176, 104, 132,  92,   6,  62, 106,  89, 110, 105,  65, 120,  63, 115,  55, 197, 131,  54,  44,  48, 153, 102, 183, 121,  74,  81, 182, 114,  94],
  [128,   1,  49,  93, 190, 186,  79, 142, 116, 107, 143,  76, 192, 161, 125, 176,  78, 188,  57,   6,  62,  97, 118,  48,  63, 110,  92, 132,  26, 106, 104, 153,  89, 120,  94,  65, 180,  55, 165, 197, 131, 121, 114, 115,  44, 102,  54, 105, 195, 117],
  [128,   1, 190, 186, 116,  49,  57, 142, 143,  79,  93, 125, 188,  97,  26,  81, 192, 107, 161,   6, 176, 110,  43,  78, 131,  76,  63, 118,  89, 102,  54,  48, 197,  65, 114, 153,  55, 111, 120, 132, 180,  44, 115,  62, 104,  74,  94,  32, 106, 144],
  [128, 190,   1,  57, 116, 186,  49, 125,  43,  79,  81, 143, 188,  26, 142,  63,  93,  76,   6,  54, 111,  89, 120,  97, 110, 180, 176, 102, 129, 131, 192, 109,  56, 197, 144, 182, 161, 165,  94,  78, 138,  65,  46, 114, 195,  48, 153, 115,  74, 155],
  [  1,   0,  35,  49,  48, 190,  57,  43,  81,  34,  91, 128, 131,  89, 180, 116,  97,  78,  76, 188,  79, 161,  62, 176, 106,   6, 191,  99,  94, 118,  63, 114, 102,  70, 125,  54, 192,  64, 129,  71, 155, 109, 153,  90,  93, 119, 151, 107, 144, 120],
  [129, 103,  97, 187,   6, 186, 116, 153, 190, 195,  78,  43, 144,  81, 131,  63,  35,  34,  16,   0,  49, 128, 115, 192, 119,  93, 196,  74, 114, 177, 102, 142, 106,  82,  57,  95,  31, 147,  80, 176, 133,  54,  40,  10,  23,  90, 171, 137,  37,   3],
  [128, 116, 142, 140,  97,  93,   6, 190,  74,  26,  37, 188, 186, 182, 144, 111,  70,  59,  39,  58, 131,  44,  56, 118,  83,  57, 197, 110, 176,  15,  79, 104,  55,  81, 132,  46, 138, 129, 153,  65,  43, 137,  63, 105, 180,  54, 177,  51, 195, 148],
  [128, 186, 116,   1, 190,   6, 143,  79, 132,  93, 142, 125,  57, 176, 192, 153,  97,  49,  55, 195, 161,  78, 107, 103,  76, 197, 180,  37,  26,  63,  44, 131, 188,  62, 109,  54, 115,  81, 106,  89, 104, 111, 165, 144,  92,  69,  48, 110,  43, 133],
  [125, 122, 160, 133, 139, 108,  94,  20,  56,  21,  14, 193, 167, 181,  29,  47,  24, 163, 189, 168,  77, 166, 109, 182, 149, 180,   9,  42, 178, 132, 117, 121, 103,  27,  76, 162, 150, 148,  38, 124,  52, 112,  25, 145,  61,  95, 195, 143,  26, 154],
  [192,  62, 106,  48,  78, 107,  35, 151,  49,  77,  91,  76, 164, 153, 161,  63,  93, 119, 176, 195, 167, 103,  79, 166, 191,  92, 152,  21,   6, 178, 121, 118, 154,  89,  97,   1, 128,   7, 165,  75,  34, 187, 104, 108,  85, 132,  61,  64, 193, 116],
  [128,   1,  79, 118, 125,  64, 161, 143, 188,  26, 176, 105,  76, 112,  65,  55, 190,  49, 110,  94, 192, 111, 183, 107, 142, 106, 186, 182, 154, 102,  85, 197,  92, 165, 132,  44,  93, 114, 194,  15,  57,  62,  23, 168,  98,  97,  74, 116, 178,  16],
  [128,  93, 186,  78, 142,   1,  57, 143, 192, 132, 104,  79, 107,  49, 190,  63, 105, 116,   6, 161,  62, 153, 176,  97, 106, 125,  76,  26, 188, 180, 110,  65, 115,  81,  55, 131,  54, 123, 197,  48, 102,  32, 119,  74, 165,  44,  92,  89, 183, 120],
  [ 43,  57,  26, 144, 186,  46, 190,  56,   3,  14, 131,  54, 116,  58,  69, 129, 172, 124, 197,  39,  81,  67,  59,  50,  37,  44,  70,  31, 111, 180, 188,  87, 110,  41,   8, 133, 171,  83, 125,   1,  30,  15,  32, 142, 138, 155, 184, 102,  65, 113],
  [  1,  43,  57, 190, 186,  97,  81, 116,   6, 131,  49, 144,  79, 128,  71,  26,  89, 188, 142, 109, 125,  99, 129, 120,  54, 111, 102,  74, 155,   7,  78, 110, 192,  58,   3,  98,  67,  63, 196,  14, 115,  70, 114,  48, 107,  50, 187, 112,  35,  83],
  [128,   1, 190,  49, 116, 186,  57, 192,  93,   6,  79,  97, 176,  78, 125,  63, 188, 161, 107, 143, 142,  76,  26,  48,  62, 118, 131, 106, 120,  43, 132,  81, 153, 102, 165,  89,  54, 115, 104, 197, 144, 110, 180,  74, 114, 111,  94, 195, 167,  35],
  [ 57,  43, 186,   1, 190,  26, 128, 125, 144, 116,  54, 197, 188, 131,  46,  58,  65,   3,  39, 142,  14,  81,  67, 129,  69,  44, 102,  50, 120, 133,  32,  87,  59, 110,  89, 143,  79, 155,  74, 111, 172,  56, 124,  37,  16,  41, 182,  30,  83, 114],
  [ 43, 129,  57, 144, 172,  31, 187,  67,   3,  14,  71, 124,  81,  40,  82,  58,  54,  39,  50, 196, 171,  69, 173, 155, 131,   8,  34, 113,  87, 138,  46,  56,  41, 102,  70,  11, 127,  30,  86,  27,  66, 197, 147, 137,  83,  12, 169,  26,   4,  96],
  [187,  43, 196, 172,  82,  71,  31,  34,  69,  12, 129,  14,  40,   3, 144,  67, 124, 146, 181, 185,  96, 173,   8,  68,  57,  42,  81, 171, 127, 139, 169,  86, 136,  41, 155,  11,  33,  51,  50,  27,  58,  66,  47,  87, 175,  39, 147,  80, 137,  56],
  [ 71, 144, 172,  31, 124,  46,  56,  41,  43,  19, 134, 162,  82,   8,   3, 127,  14, 135,  69, 177, 148, 136,  67, 137,  20,   5, 173,  12,  30,  17, 113, 145, 174,  86, 187,  37, 158, 159,  26,  25,  91, 184,  33,  88,  15,  59, 149, 126, 170, 181],
  [187,  34,  71,  43, 172, 196,  31, 146, 144,  75,  40, 173,  12,  82, 175, 181,  96,   3, 136,  35,  67,  28,  81,  95,  86,  99, 185,  11, 147, 129, 169,  66, 113, 171, 127, 137,  10,  23,  30,  14,  41, 174,   4, 135, 177,  68,  91, 150,  33, 149],
  [ 98, 196, 111, 109,  81,  71,  95, 138,  99, 165, 113, 190,  85, 163,   7,  56, 124,   6, 154, 126, 168, 112,  26, 127,  97, 150,  23,  79, 147,  91,  70, 183,  64, 182, 195,  38,  10,  43, 155,  96, 151, 141,  51,  94,  83, 125,  11, 146, 106, 110],
  [  1, 128,   6,  49, 143, 190, 125,  79,  78, 116,  97,  26, 186,  93, 165, 192, 132, 161,  62, 180, 115, 120,  63, 111, 131,  57, 142, 107,  83,   0,  37,  76, 188, 197,  48,  92, 195,  94,  54, 104,  16, 153, 109, 140, 139,  81, 110,  55, 133,  44],
  [128, 192, 107, 161,  78, 116,  93,  49,   1,  62, 186, 143, 142, 190,   6, 153, 132,  63, 176,  97,  76, 121, 106,  92, 105, 118,  79,  48, 125, 115, 165, 119, 104, 188, 195,   7,  94,  89, 117,  55,  35,  91,  57,  74, 154, 180, 110, 164,  77, 100],
  [128, 143, 161,   1,  79, 125,  93, 142,  76, 132, 186, 105,  55, 107,  92,  26, 110, 104, 176,  65, 116, 192,  44, 183,  62, 160, 100, 188, 117,  97,   6, 123,  53, 182,  49, 140,  78,  94, 197, 180, 153,  61, 118,  57, 190, 165, 195, 115, 121,  63],
  [128,   1, 105,  93, 107, 142, 161,  97,  79, 186, 192, 143,  78, 110, 153,  92,  62,  76, 104,  55, 106,  49, 132, 125, 118, 116, 119, 176,   6, 123,  63, 188,  48, 121,  77, 190, 195,  65,  53,   7,  89, 191, 100, 117, 140,  57,  44,  26, 168, 164],
  [128,   1,  93, 186, 143, 161, 125, 192, 116, 107,  76,  49, 142, 104,  97, 105,  92, 132, 110, 176, 117, 118,  79, 188,  44,  26, 140,  78,  65,  57,  55, 100, 197, 106, 168,  89,  37, 182,   6, 190, 195,  62, 120,  63, 133, 180, 123,  53, 115, 153],
  [120,  95, 132, 167,  26, 143,  92, 144, 177,  89, 165, 179, 193, 109, 182, 163, 113, 116, 115, 190,   6,  63,  54,  97, 180, 133, 124,  49,  44,  83,  46, 192, 183,   9,  43, 181, 160,  13, 195,  14, 128,  57, 138, 104, 187,  76, 148, 151,  30,   3],
  [ 43,  82,  34, 196,   7,  71,  89,  66, 144, 119, 146,  96, 175,  75,  81,  40,  98, 187, 173,  67, 191,  12, 172,  31,  54,  28,  51,  57, 150,   3,  99,   6,  38,  47, 136, 131,  87,  68, 138, 171, 141,  79,   4,  10,  33,  50,  11, 152, 123, 155],
  [128, 116, 190,   1, 186,  49, 125, 143, 192,  76, 142,  93,  57,   6, 132, 161, 176,  63,  79,  26,  78, 188,  89, 107,  92, 197, 110, 182, 120, 118, 153,  44, 115,  62, 165,  54, 180,  65,  97,  55, 195, 109, 104,  32, 133, 102,  48,  46,  43, 114],
  [ 43,  57, 187, 190, 144, 186, 129, 172,  54,  67, 116, 124,   3,  81,  69,   1, 196, 102,  50, 113,  14, 131,  89,  95,  26,  71,  31,  98,  35,  58, 155,  34,   6,  30, 197, 138, 109,  23,  87, 127, 188,  39, 111,  70, 125,  46,  49,  83, 173,  74],
  [187,  43, 172,  31, 144, 129, 124,  71,  14,   3,  82, 181,  67, 196,  40,   8, 173,  69,  34,  12,  56, 171, 127,  39,  95, 146,  41, 113,  30, 136,  57, 147,  50,  68,  70, 137,  46,  86,  33,  11,  87,  27, 185, 134, 135, 155, 145, 148,   4,  23],
  [ 91, 154,  35,  48, 190,  49,  95, 187, 106,  98, 196,   0,  64, 192,  97,  89, 195,   1,  23, 165, 103,  71, 109, 107,  63, 151, 167,  76,  62,  34,   6,  78,  21, 120,  79, 118,  81, 119, 161, 116, 126, 176, 129, 131, 102, 112, 164, 121, 191, 155],
  [ 43, 142,  69, 129, 172,  57, 187, 144, 124,  39, 186,   8,  37, 109,  83,  31,  22, 171,  14,   3, 122,  16, 139, 197, 169,  46, 116,  87,  30,  42,  27, 133, 113,  33,  50,  58, 184,  72,  68,  52,  86, 170,  88, 140, 190, 185,  67,  41,   9, 174],
  [196,  64,   0, 154, 190,  95, 187,  49, 108, 147, 111,  83, 126,  70,  50,  48,  34, 137, 152, 138,  90, 127, 180, 197, 131,  35, 176,  26, 112, 165, 144, 148,  51,  54, 113,  18,  28, 132,  14, 155, 124, 135,  82,  63, 120,  13,  91, 151,  59, 102],
  [ 76, 182, 128,  57,  93,  79, 118, 143, 107, 176,  80,  77, 192,  48, 167, 120, 153, 104,  85,   1, 142, 111, 186, 103, 116, 190,  92,  62,  49, 197,   9, 140, 155, 106, 188, 152,  72,  89,  38,  63, 125,  94,  54, 164, 191,  35, 121,  78, 129,  74],
  [128, 192, 107, 106,   1,  62,  49,  78,  97,  48,  79,  93, 161, 195,  63,  76, 153, 176,   6, 190, 118, 116, 121, 151, 186, 142, 119, 164,  91,  92, 165,  77,  35,  89, 143, 191,  57, 120, 167,  98,   7, 109, 115, 104, 132,  81, 125, 103,  94, 105],
  [128,   1, 161, 107,  93, 143, 192,  79, 186,  76, 142,  78,  97,  62,  49, 116, 105, 125,  92, 153, 190,   6, 132,  63, 176, 110, 106, 118, 121, 104,  94,  55,  48, 195, 188, 165, 117,  26, 100, 115, 119,   7,  65,  89, 164, 180, 123, 168,  53, 183],
  [128,   1, 161, 143,  93, 107,  76,  79, 142,  49, 192, 116,  62,  97, 190, 125,  63,  94, 110, 186, 105,  78, 176, 132,  92, 165,  55, 180, 153,   6, 121, 117,  26, 188, 195, 118,  48, 183, 111, 168, 104,  65, 106, 100,  44, 164, 123,  53,  37, 160],
  [128, 143,  79, 142,  93,   1,  76, 105, 107, 118,  77, 186, 106, 110,  92, 125, 161, 100, 192,  55, 117, 104, 168,  49,  65, 188,  78,  53, 119, 191,  89, 183, 176, 114, 121,  57,  48,  73, 139,  62, 101, 153, 195,  72,  37,  97,  44, 130, 197,  38],
  [128,   1, 107,  49,  76, 161, 143, 192,  93, 142,  79,  78, 110,  48,  97, 190,  62,  63,  92, 106, 125, 116, 195, 176, 121,   6, 168, 105, 119, 165, 132, 186, 188, 109, 153, 115,  77,  37, 117,  35, 118,  55, 180,  94, 131,  91, 100, 154, 120, 114],
  [128,   1, 143,  93, 107, 161,  79,  76, 105, 192, 125,  49,  92, 142, 110,  78, 186,  97,  62, 132, 116, 190,   6, 176,  55, 104, 168,  94,  26, 188, 118,  63, 153,  65, 183,  48, 165, 123,  44, 100, 115, 117, 106,  53, 180, 121,  57, 140, 120, 111],
  [110, 128,   1, 143,   5, 180, 117, 133, 189, 125,  53, 142, 100,  37, 197,  42,  58, 139,  46, 123, 162, 140, 168, 148,  33, 134,  93, 149, 116, 157, 156,  72, 137,  77,  57,  61,  20,  10, 183,  56,  65, 135,  19,  55,  59, 130,  44,  70, 188,  29],
  [ 38,  71, 111,  98, 112, 122, 179,  14, 127, 178,  85, 108, 138,   7,  99,  56, 126, 109,  84, 193, 167,  96, 182,  95, 160, 129,  43, 175, 183,  27,  39,  79, 181, 164, 153, 194, 152,  15, 140,  64,  52,  80, 118,  21, 124,  63,  11, 163,   9,  40],
  [190,  49, 128,  63, 165,  97, 118, 192,   1,  48, 195, 154, 161,  76, 116,  95,  94, 125, 176,  93, 143, 168, 120,  57, 107, 109,  62, 188,  98, 106, 102, 115,  64,  35,  78, 180,  26,  81, 111,  23,  79,   6, 110, 114,  16, 126,  56,  83, 138,  99],
  [187, 190,  35, 103, 176, 196, 154,  49,  95, 144, 172, 129, 124, 113,  34, 116,  48, 165,  23,  30, 102,  63, 132, 173,  67, 138, 147,  90, 180, 155,  91,  50,  64, 181,  54,  69, 133,  98,  14,  83, 197,  70,  31,  43,   4, 126, 185,   6,  40, 195],
  [  1, 128,  76,  48,  49, 116, 176,  77, 190,  63,  62,  93, 192,  35, 167, 120, 164, 161, 151, 153,  92,  34, 103, 195, 121, 118, 107,  89,  97, 110,  57,   6, 117,  78, 180, 132, 193, 109, 165, 133, 152, 154, 143, 182,   5,   9, 125, 188, 150, 191],
  [192,  78, 116,  49, 153, 195, 128,  62, 190, 161,   6,  48, 103,  35, 107,  63, 106,  93,  91, 186, 121, 176,  89, 132,  97, 119,   1,  76, 151, 109, 118,  34,  77, 165, 191,   7, 143, 142, 187,  23, 154, 164,  95, 115,  57, 129, 125,  81,   0,  56],
  [142, 176, 187, 128,   1,  78,   6, 186, 106,  93,  49,  35, 188, 192,  48,  63,  57, 131, 190, 116, 129, 107, 153, 119,  98, 144, 102,  79,  74, 114,  97, 104,  83, 105,  34, 110, 115,  81, 138,  54,  44, 196,  58,   7,  50,  87,  62, 191,  39,  69],
  [143,  26, 132, 190, 179, 183, 105,  54, 186, 116, 104, 180, 115,  55, 128, 138, 177, 111, 123,  46, 165,  57,  44,   6,  87,   2, 131,  65, 144,  63,  22, 133,  32,  59,  78, 125,  51,  97, 148,  74, 197,  15,  39, 153, 182, 137,  81, 141, 147,   9],
  [128,   1,  93,  76, 116,  49, 161, 192, 107, 190, 125, 176,  48, 118, 132, 143,  79, 186,  62, 110,  63,  78,  97,   6, 153, 154, 121, 106, 188, 117, 182, 142,  92,  94, 165, 167,  35,  57, 180, 140,  64, 197, 120, 195, 114, 131,  77, 103, 104, 164],
  [128,   1, 161, 107,  93, 192,  76, 143,  79,  49, 142,  62,  78, 186, 116,  97, 125, 176, 105, 190,  92, 132,  63, 153, 118,  48, 106,   6,  94, 110, 121, 104, 188,  55, 195, 165, 117,  77, 164,  65, 100, 115,  89, 119, 180,  26, 168,   7,  53,  57],
  [128, 142, 186, 143,  79, 105,  93, 125,  55, 107, 116, 104, 100,   1, 110,  65,  26, 161,  44, 160,  78, 183, 153,  97,   6, 132,  92,  76,  37, 115,  62, 188, 140, 190,  57, 192,  38, 168, 197,  81, 182,   7,  32, 123, 119, 111, 195, 180,  94,  53],
  [110,  38, 168,  24, 183,  52,  53,  56, 123, 133,  96,  10, 194,  55,  28, 109,  66,  14,  44, 141, 105,   4, 136, 181, 179,  11,  29,  71, 147, 156, 149,  17, 134, 127,  99, 185, 145, 193, 189, 148,  45,   9, 163,   8,  37, 162,  25, 169,  68, 157],
  [ 21,  75, 178,   7,  94,  62, 152, 164, 191, 106, 142, 107, 165,  79,  85,  38, 108, 160, 150,  98,  99,  63, 138, 151, 119,  71, 163, 153,  77, 179,  92, 111, 183, 154,  48,  70, 192,  35,  81, 176,  82, 168, 105, 121,  76,  61, 112,  91,  84, 195],
  [123, 125,   7,  55,  92,   6,   1, 132, 183, 105, 133,   9, 179,  38,  62, 138, 128,  78,   2, 190,  26,  85, 182, 153,  65, 122, 104,  94, 111, 110, 186, 161, 165,  39,  66, 167, 164, 180, 193, 140, 163, 109,  15, 120,  97, 116, 149,  63,  53, 148],
  [128, 116, 143, 132, 142,  46, 186, 190, 117, 100, 176,   6, 197, 180, 133,  93, 125,  65, 160,  63,  57,  44,  55,   5,  92,  87, 161,  32, 138,  26, 165,  59,  39,   2, 144,  76,  22,  15,  49, 195,  37, 104,  78,  30, 157,  88, 184,  54, 192, 170],
  [ 91,  48,  62,  49, 192, 190,  78, 107,  35,  63, 109, 106, 153, 151,   1, 165,  94, 152, 154, 164,   7,  75,   6, 161, 119, 116,  76,  34,  21,  85, 167,  64, 118,  79,   0,  89,  97, 191,  95, 121,  23,  98, 196, 195, 103,  92, 166, 178,  71,  77],
  [172, 136,  10, 134, 124, 149, 148, 137,   3,  43,  96,   8,  46, 135,  14,  31, 169,  66,  51,  52, 144,  12, 145, 146, 177,  22,  39,  56,  33,  40, 133, 171,  86,  19,  41,  17,  29,  26,  25,   2,  11,  27, 147,  69, 127,  38, 184, 159, 170,  47],
  [ 34, 187, 196,  75,   0,  35, 152,  82,  91, 191, 166, 103, 150, 146,  95,  12, 151, 154, 129,  80, 181,  71, 106,  48, 119,  81,  31,  40, 172, 173,  28, 185,  47,   7,  98, 108, 147,  51,  23,  42, 112, 175,   4,  90,  84,  64, 153,  10, 149,  96],
  [128, 104,  81,  78,  93, 105,  97, 106, 143,  57,  79, 186, 107, 132, 131,  49,  74,  48,  26, 153,  63, 196, 177, 125, 123,   6,  54, 187,  62,   0,   9,  87, 114, 119,  99, 180, 192, 121, 142,  43, 176,  55, 138,  80,  65, 115, 140, 102,  76, 120],
  [  6, 116, 187, 124, 109, 186, 190, 196, 103,  95, 142,  56, 195, 113, 139, 144, 150, 153, 172, 180, 165,  91, 177,  69, 147,  31,  34, 146,  37,  94, 176, 169, 192, 137,  93,  70,  51,  49,  47, 129,  71, 194,   3,  43, 138, 181,  83,  63,  35, 163],
  [187, 129,  63,   6, 153,  38,   7, 186,  81,  34, 103,  43, 116, 190, 142,  78, 191, 109, 106, 138,  56,  80,  97, 196,   0, 192, 152, 144,  49,  85,  96,  35, 195,  95,  75, 165, 112, 124,  93,  14, 150,  48,  98, 181,  62, 111,  74, 119,  99,  57],
  [142,   6,  38,  81, 153,  97,  80, 180, 111,   7, 150,  99,  55, 195, 186,  75, 138,  57, 163,  85,  26, 152,  56, 151, 178, 123, 146, 164, 190, 165, 104,  70, 177, 183,  98,  78, 182,  51,  79, 147, 137, 125, 155, 105, 124,  62, 149,  63, 148,  84],
  [128,   1,   6,  78, 107,  49, 116,  62, 192, 142,  76,  93,  79,  92, 143, 125, 190, 161, 186, 121, 153, 132,  48,  63,  97, 104, 176, 180, 109, 118, 115, 165, 120,  26, 188, 106,  57,  94, 119,   7,  55, 105, 131,  89, 110, 117,   5, 100,  91, 164]]]

