[[[126, 114,  70, 144, 195,  69, 103,  59, 146,  60,  71, 145, 186, 105, 115,  93,   6,  20, 104, 185, 158, 164,  21,  22, 171,  77,  34, 108, 107,  68, 192,   8, 102, 119,  58, 156, 134,   9,   7,  36, 170, 178,  38, 181, 161,  37, 140, 122,  23, 106],
  [ 85, 182,  84,  83,  86,  75,  66,  19,  99,  50,  51,  74,  52,  25,   5, 131,  48,   3,  16,  29,  17,   4,  13,  28,  89,  27,  42,  12,  18,  15,  43,  14,  41,  26,   2, 127,  11,  30,  49, 113, 167,  76,  33,  87,  32, 180,   0,  40,  31,  82],
  [ 86,  84,  61, 182,  85,   1,  83,  82, 167,  52, 180, 186,  72,  51, 131, 170,  99, 127, 197,  89,  33,  48,  98,  25,  74,   5, 113,   3,  29,  16,  41,  40, 188,  11,  18,   4,  13,  28,  27,  12,  32,  15,  26,   2,  50,  49,  14,  66,  42,  17],
  [ 86,  84,  61, 182,  85,   1,  83,  82, 167,  52, 180, 186,  72,  51, 170, 131,  99, 127, 197,  89,  48,  33,  98,  25,  74,   5, 113, 188,   3,  29,  16,  41,  50,  11,  18,   4,  40,  28,  13,  27,  12,  32,  15,  49,  26,   2,  66,  14,  42,  17],
  [ 86,  84,  61, 182,   1,  85,  83, 167,  82,  52, 180, 186,  72,  51, 131, 170,  99, 127, 197,  89,  48,  33,  98,  25,  74, 188,   5, 113,   3,  50,  29,  16,  49,  41,  11,  18,   4,  40,  28,  13,  27,  12,  15,  32,  26,   2,  66,  14,  42,  17],
  [182,  61,   1,  86,  84, 180, 186, 131,  72,  85, 167,  83, 170,  52,  82, 188, 197,  51,  48, 128, 142, 158,  89,  99, 127,  68,  66, 108,  90,  71, 176, 116, 195, 156, 149, 165,   8, 129,  95,   7, 177,  98, 189, 139,  50, 135,  33, 146,  49, 153],
  [ 46, 141, 144, 125, 101, 103, 104, 114, 102, 196, 181,  24, 193,  96, 185,  92, 145,  35, 124,  20,  93,  91,  23,  53, 178,  21, 184,  54,  45,  22,  88, 143,   6, 106, 166,  63,  77, 173, 140, 172, 194, 133, 115,  57,  76,  38, 107, 174, 192, 126],
  [ 46, 141, 125, 144, 101, 103,  24, 114, 181, 104, 102, 196,  96, 185, 193,  91,  76,  53,  35,  88,  92,  54, 124,  20, 184, 143, 194,  93, 166,  23,  63,  21, 106, 178, 173,  22,   6, 126,  77,  57, 140,  45,  38, 133, 174, 172, 145, 115,  59, 105],
  [ 46, 141, 144, 125, 101, 103, 114, 181, 104,  24, 196, 102,  96, 185, 193,  91,  35,  92,  20, 124,  76, 143,  93,  23,  21, 194, 173, 166,  53,  22, 178, 106, 184,  77,   6, 140,  63,  38, 133, 174, 172, 105,  88, 115, 107, 145,  59, 192, 109,  34],
  [141,  46, 144, 125, 101,  24, 181, 103, 185, 102, 114, 104, 193,  91, 196,  92,  96,  76,  93,  35,  20,  23, 143, 166, 184, 194, 124,  21,  63,  22, 145, 173, 178,  45, 126, 106,   6,  38, 133,  77, 174, 115, 107, 179,  88, 140, 105,  53, 172,  59],
  [ 83,  84,  85, 126,  25, 127,   3,  41,  40,  99,  11,  29,  15,   2,   4,  16,  13,  12,  42,  28,  14,  27,  26,  18,  17,  98,   1,  43, 113,  32,  86,  31,  30,   5,  54,  97,   0, 112,  88,  55,  74,  61,  44,  19, 167,  56,  33,  70,  39,  82],
  [ 86,  84,  61,   1, 182,  85,  83, 167,  82,  52, 180, 186,  72, 131,  51, 170,  99, 127, 197,  89,  48,  33,  98,  25,  74,   5, 113, 188,   3,  29,  16,  41,  40,  11,   4,  18,  13,  28,  27,  32,  12,  15,  49,  26,   2,  50,  14,  42,  66,  17],
  [ 84,  86,  61, 182,   1,  85,  83, 167,  82,  52, 180, 186, 131,  72,  51, 170,  99, 127, 197,  89,  48,  33,  98,  25,  74, 188,   5, 113,  50,   3,  29,  16,  49,  41,  11,   4,  40,  18,  13,  28,  27,  12,  15,  32,  26,   2,  14,  66,  42,  17],
  [ 86,  84, 182,  61,   1,  85,  83,  82, 167,  52, 180, 186,  51,  72, 170, 131,  99, 127, 197,  89,  48,  33,  74,  98,  25,   5, 113,   3,  50,  29,  16,  41,  40,  11,   4,  18,  13,  28,  27, 188,  12,  32,  15,  49,  26,   2,  14,  42,  66,  17],
  [ 86,  84,  61,   1, 182,  85,  83, 167,  82,  52, 180, 186, 131,  72,  51, 170,  99, 127, 197,  48,  89,  33,  98,  25,  74, 188,   5, 113,   3,  50,  29,  16,  41,  11,  40,   4,  18,  49,  28,  13,  27,  12,  15,  32,  26,   2,  66,  14,  42,  17],
  [ 86,  84,  61, 182,   1,  85,  83, 167,  82,  52, 180, 186,  72,  51, 131, 170,  99, 127, 197,  89,  48,  33,  98,  25,  74, 188,   5, 113,  50,   3,  49,  29,  16,  41,  40,  11,  18,   4,  13,  28,  27,  32,  12,  15,  26,   2,  66,  14,  42,  17],
  [ 84,  86,  61, 182,  85,   1,  83,  82, 167,  52, 180, 186,  72,  51, 170, 131,  99, 127, 197,  89,  48,  33,  98,  25,  74,   5, 113,   3, 188,  29,  16,  41,  49,  50,  11,   4,  18,  40,  13,  28,  27,  12,  15,  32,  26,  66,   2,  14,  42,  17],
  [ 86,  84,  61, 182,   1,  85,  83,  82, 167,  52, 180, 186,  72, 170, 131,  51,  99, 127, 197,  89,  33,  48,  98,  25,  74, 113,   5,   3, 188,  29,  16,  41,  40,  11,  18,   4,  28,  13,  27,  12,  32,  15,  26,   2,  66,  14,  42,  17,  50,  49],
  [ 86,  84,  61, 182,  85,   1,  83,  82, 167, 180,  52, 186,  72, 170, 131,  51,  99, 127, 197,  89,  33,  98,  25,  48,  74,   5, 113,   3, 188,  29,  16,  41,  40,  11,  18,   4,  66,  28,  13,  27,  12,  32,  15,  26,   2,  50,  49,  14,  42,  17],
  [182,  61, 131, 180,  72,   1, 186, 188, 167,  86,  52, 128,  84, 197,  48, 142,  83,  85, 176, 170, 116, 158, 108,  66, 149, 165, 129, 189,  68, 177, 156, 139,   8, 135,   7, 157, 153, 117, 122,  71, 137, 152, 120,  51, 150, 195, 154, 121,  36, 162],
  [ 46, 141, 125, 101, 144, 103, 196, 104,  53, 114,  96,  24, 102,  92, 181,  91,  63, 145,  54, 193,  35,  45,  93,  57, 111, 124, 178, 184,  88, 185,  20,  23,  21, 100,  47,  22, 106,   6, 173, 172, 179, 140, 187, 133, 143, 174,  77, 107, 192, 166],
  [ 46, 141, 125, 101, 103, 144, 104,  53, 196,  96, 114,  54, 102,  24, 181,  57,  91,  92, 184,  63, 145, 193,  88,  45,  93,  35, 124, 111,  47, 185,  20,  21, 178, 106,  23,   6,  22, 173, 100, 172,  55, 140, 187, 143, 133, 109,  58, 107,  10,  77],
  [ 46, 141, 125, 101, 144, 103, 104, 196, 114,  53,  57, 102,  96,  54, 184,  45,  24, 181,  88,  92,  91, 145,  93,  35, 193, 100,  63,  20, 178, 124,  47,  21, 185,   6,  23, 111, 106,  22,  55, 173, 172, 140, 107, 133,  77,  34, 192, 143, 109,  58],
  [ 46, 141, 101, 125, 144, 103, 196, 104, 114, 184,  53, 102,  24,  57,  45,  96,  54,  88,  92,  91, 181,  93, 100, 145, 185, 193,  20,  35, 178,   6,  21,  63,  23, 111, 124,  47, 106,  55,  22, 173, 172,  59, 107, 140, 133,  34, 143,  58, 115, 105],
  [126,  24,  46,  54,  88, 101, 141, 185,  45,  70,  55, 112, 184,  97,  92,  40,  91,  43,  42,  25,  30, 194,   0,  17,  93,  15,  14,  11,   2,  27,  31,  41,  56,  13,   3,   4,  26,  68,  29,  32,  96, 111,  12,  16,  71,  18,  28, 113, 163,  76],
  [ 86,  84,   1,  61,  85, 182,  83,  82, 167,  52, 180,  72, 186, 131,  99, 170,  51, 127,  89, 197,  33,  25,  74,  98,  48,   5, 113,   3,  29,  16,  40,  41,  11,  18,   4,  27,  28,  32,  13,  12,  15,  26, 188,   2,  66,  42,  14,  17,  68,  30],
  [ 84,  86,  61, 182,  85,   1,  83, 167,  82,  52, 180, 186,  51, 170, 131,  72,  99, 197, 127,  89,  33,  48,  98,  25,  74,   5, 188, 113,   3,  29,  16,  49,  41,  50,  11,  18,   4,  40,  28,  66,  13,  27,  12,  15,  32,  26,   2,  14,  42,  17],
  [ 86,  84,  61, 182,  85,   1,  83, 167,  82,  52, 180, 186,  72, 131,  51, 170,  99, 127, 197,  89,  48,  33,  98,  25,  74,   5, 188, 113,   3,  29,  16,  50,  41,  11,  49,   4,  18,  40,  13,  28,  27,  12,  15,  32,  26,   2,  66,  14,  42,  17],
  [ 86,  84, 182,  61,  85,   1,  83,  82, 167,  52, 180, 186,  72,  51, 170, 131,  99, 127, 197,  89,  48,  33,  98,  74,  25,   5, 113,   3,  29,  16,  50,  41,  40,  11,   4,  18, 188,  28,  13,  27,  12,  32,  15,  26,   2,  49,  66,  14,  42,  17],
  [ 84,  86,  61, 182,  85,   1,  83, 167,  82,  52, 180, 186,  72,  51, 170, 131,  99, 127, 197,  89,  48,  33,  98,  74,  25,   5, 113,   3, 188,  29,  16,  41,  50,  11,  18,   4,  40,  28,  13,  27,  12,  15,  32,  26,  49,   2,  14,  42,  17,  66],
  [ 84,  86,   1,  85,  61,  83, 182, 180, 167,  52,  82, 131, 186,  72,  99, 197, 170,  51, 127,  33,  89,  66,   5,  25, 188,  98,  48, 113,  50,   3,  16,  29,  41,  18,   4,  11,  27,  13,  28,  12,  26,  15,  74,   2,  49,  40,  42,  14,  17,  32],
  [ 84,  86,  83,   1,  85,  61,  52, 167, 180,  72, 182, 131,  82,  99, 127, 186, 197,   5,  33,  66,   0,  89,  51, 170,  25,  74,  98, 113,   3,  16,  29,  18,   4,  41,  15,  13,  28,  27,  26,  11,  12,   2,  42,  17,  14,  49,  50,  40,  32,  48],
  [ 84,  86,   1,  61,  85,  83, 182, 167,  52,  82, 180, 131, 186,  72, 170,  99, 127,  51, 197,  89,  33,  98,  25,   5, 188,  66, 113,   3,  29,  41,  16,  40,  11,   4,  18,  48,  27,  15,  28,  13,  12,  26,   2,  32,  42,  14,  17,  49,  74, 142],
  [131, 180, 182, 159, 188, 176, 142, 186,  66, 128,  49,  61,  72, 157, 187,  78, 168, 108, 116, 139, 149, 135, 129, 151, 183, 197, 165, 117, 191, 190, 132, 147, 189, 137, 109, 169, 162, 123, 120, 122,  77, 153, 154, 155, 121, 158, 148, 177, 152,  36],
  [ 46, 141, 101, 125,  53, 144, 103, 196, 104,  96,  54, 114,  57,  24, 102, 184, 181,  63,  55,  45,  91,  88, 111,  47, 193,  10,  92, 124,  35, 185, 106,  56,  20, 178,   6,  21,  93,  23, 100, 173, 145, 194,  76, 143,  69,  22, 140, 172,  58,  81],
  [ 46, 141, 125, 101, 144, 103, 104,  57, 196,  53, 114, 102,  88, 184,  96,  24,  91,  54,  92,  45,  47,  55, 145, 181,  63, 100,  93, 193,  20,   6,  35,  56, 185,  23, 106, 178,  21, 111, 124,  22, 172, 133, 107,  59,  81, 173, 140,  10,  58,  76],
  [ 46, 141, 101, 125, 144, 103, 114, 104, 196,  96,  53, 102, 181,  57,  24,  91, 184,  63,  92, 193,  93,  35,  47,  45,  88, 145,  20,  21, 124, 185,  54, 178,  23, 106,   6, 111,  22, 173, 172,  55,  77, 140, 187, 133, 107, 143, 100, 192, 105, 174],
  [ 46, 141, 101, 125, 144, 103, 104, 114, 196,  96,  53, 102,  57,  24, 181, 184,  91,  63,  93, 193,  92,  88, 185,  35,  45,  47,  20, 145,  21, 124,  54, 106,   6, 178,  23,  22, 111, 173,  55,  76, 172,  77, 140, 107, 133, 100, 143, 187, 105, 174],
  [ 46, 141, 101, 125, 144, 103, 114, 104,  24, 102, 196,  53,  96, 181, 184,  57,  91,  92,  88, 193, 185,  45,  47,  93, 145,  63,  54,  35,  20,  55, 111,  23,  21, 106,   6, 124, 178,  76,  22, 100, 173,  56, 143, 126, 107, 172, 133, 140, 174,  59],
  [  1,  84,  83,  61,  85,  86,  52, 167, 182,  72, 131, 180,   0,  99, 170, 186,  82, 127, 126,  71,  68, 188, 197,   5,  70,  33,  25,  48,  98,  67,   3,  29,  41,   4,  11,  15,  16,  40,  26,  18,  12,  27,  28, 113,  13, 128,  42,   2,  17,  14],
  [ 84,  86,   1,  61,  83,  85, 167,  52, 182,  82, 180, 131, 186,  72, 170,  51,  99, 197, 127,  89,  33, 188,  48,  98,  25,  49,   5,  66, 113,  74,   3, 128,   0, 142,  29,  16,  41,   4,  18,  11,  40,  27,  15,  28,  26,  13,  12,  68,   2,  32],
  [ 84,  86,  61,  85,   1, 182,  83, 167,  82,  52, 180, 186,  72, 131,  51, 170,  99, 197, 127,  89,  48,  33,  98,  25,  74, 188,   5, 113,  49,   3,  50,  29,  16,  41,  11,   4,  18,  28,  13,  27,  12,  40,  15,  66,  26,  32,   2,  14,  42,  17],
  [ 84,  86,  61, 182,  85,   1,  83, 167,  82,  52, 180,  72, 186, 131, 170,  51,  99, 127, 197,  89,  48,  33,  74,  25,  98, 188,   5, 113,   3,  50,  66,  29,  16,  41,  11,  18,   4,  13,  28,  40,  27,  12,  15,  26,  32,   2,  14,  42,  17,  49],
  [ 86,  84,  61, 182,   1,  85,  83, 180, 167,  52,  72, 131,  82, 186,  51, 170, 197,  99,  48,  89, 188, 127,  66,  50,  49,  33,  74,  68,  62,  98, 128,  25, 142, 158,   5,  90, 113, 108, 156,  71,   3,  29,  16,  41,  11,  18,  13,   4,  27,  12],
  [131, 180,   0,  86,  83,  66,  84,  72,   1,  52,  85, 167, 197,  61, 188,  87, 186, 182, 100, 128, 142,  99,   5,  49, 171, 108,  71, 189, 127, 168, 129,  58, 177, 176, 156,  82,  89,  33, 149, 190, 116, 157, 163,  19,  68, 139, 191, 153, 151, 169],
  [131,   1, 180,   0,  86, 197, 100,  52,  72,  84,  87,  61,  85, 171,  66, 142, 167,  83, 188, 189, 163,  71, 108, 128, 168, 156, 150, 129, 157, 147,  68,   5,  99, 176, 191, 149, 165, 190, 177, 169, 183, 136, 161, 137, 116, 139, 151, 117, 153, 145],
  [100, 145,   1, 171,  93, 197, 196,  88, 142, 101, 104,  69, 144,   0, 125,  68, 131, 168, 164, 156, 184,  90,   6,  71, 108,  92, 178,  53, 172, 175,  87, 110, 167, 161,  45,  67,  60,  54,  44,  20, 180, 151, 169, 179, 107, 136, 137, 154, 140, 191],
  [131, 171, 125, 177, 142, 164, 102,  58, 178,  20, 107, 163,  59,   6, 151,  22, 128, 109, 176, 129,  60, 175, 161, 104, 145, 156, 182, 137, 180,  21, 153, 152,   0, 103,  34, 119,  23, 117, 192, 172, 154, 144, 162, 122,  36, 118, 139, 169,   7, 138],
  [141,  46,  76, 101, 194, 103,  96, 125, 114,  63,  47,  24, 126,  57, 181, 184,  78,  79,  55, 102,  73, 104, 185, 193,  77,  65, 144,  35,  91,  56,  75, 111,  45,  81, 196, 174, 115,  20,  80, 173,  21, 166,  22, 112, 106, 143,  38, 105, 124,  23],
  [ 85,  83,  50,  49,  84, 170, 182,  74, 189,  86,  51,  73,  66, 112,  99,  75, 127,   5,  89, 113,  98,  28,  17,   3,  18,  41,  12,   2,  26,  27,  16,  29,  13,   4,  11,  14,  15,  82,  42,  19,  63,  43, 188,  32,  25,  48,  30,  78, 186,  65],
  [ 83,  85,  66,  74,  50, 112,  31,  84,  86,  43,  19, 113,  17,  30,  28,   2,  11,  42,  10,  99,   5,  25,  16,  29,  41,  14,  12,  32,   3,  18,  15,  26,  27,  89,  13,   4, 127,  55,  40,  87,  98,  75,  49,  56,  65, 182,  51,  64,  63,  39],
  [ 49,  50,  65,  51,  89,  63,  75,  85,  84,  66,  83,  86,  64,  78, 112,  82,  80,  74,  99,  97, 182,  62, 113,  79,  19,  43,   2,  30,  17,  18,  28,  42,  26, 170,  14,  27,  12,  11,  32,  29,   3,  41,  16,  25,  13,   4,  15,  98,   5, 127],
  [ 76, 185, 144, 166,  77, 181, 194,  48, 143, 159,  91, 195, 193, 170, 174,  65, 114, 105, 146, 133,  38, 187,  24,  35, 115,  73,  79,  63, 148, 173,  78, 130, 141, 183, 132, 107,  96, 165,  93, 109, 136, 116, 157,  37, 135,  34, 162, 158, 121,  50],
  [126, 194, 196,  24, 141, 181, 125, 143, 166, 110,  92,  69,  53,  68, 124,  54, 193, 102, 179,  10, 130, 145,  58, 163,  38,  93,  97,  23, 173, 177, 174,  20,  59, 140, 103, 144, 114, 104, 152,  70,  34,  37, 109, 106,  71, 108, 156, 115, 129, 118],
  [  1,   0,  83,  86,  74, 100, 126,  54,  84, 127,  99,  88,  42,  25,   3,  40,   5,  15,  41,   4,  16,  17,  13, 167,  29,  27,  18,  26,   2,  11,  43, 113,  14,  28,  12,  98,  32,  68,  44,  30,  31, 112,  87,  10,  97,  70,  71,  55,  85,  67],
  [ 86,   1,  83,  84,   0, 167,  85,  52,  99, 127,   5, 180, 131,  25,  98,  33,  61,  72,  66, 113,  82, 100,   3,  16,  87,   4,  18,  41,  29,  15,  13,  42,  27,  26,  28,  11,  12,  40,  17,   2,  14,  74,  32,  44,  43, 197,  30,  89,  19,  54],
  [131,   1, 180,  52, 167,  86,   0,  83,  84, 197,  61,  72, 186,  85,  66, 188, 142, 128, 156, 171, 182,  49, 129, 176, 108,  51, 149, 189,  48,  68, 168, 165,  71, 116,  99, 177, 150, 147, 153, 100,  82,  89, 151,  90, 139, 135, 161, 157, 163, 137],
  [131,  66,   1, 180,   0, 100, 197,  86,  83,  87,  52,  84, 167, 142, 186,  72, 171, 168,  44,   5,  85,  99,  89, 188, 176,  53, 127,  49,  54,  61, 128,  33, 156, 164,  19, 108, 129, 151, 189, 191, 178, 182, 169,  80, 157, 190, 139, 177, 147, 137],
  [ 46, 141, 125, 101,  88, 103,  24, 114, 104, 144, 102,  54, 196,  69, 185, 181,  53, 193, 126, 111, 184,  70,  58,  57,  55,  59,  20,  76,  96, 124,  91,  60,  21, 178,  35, 106,  68,   6,  71,  22, 143,  10, 194,  23,  45,  92,  67, 140,  47, 173],
  [ 46, 141, 101, 125, 103, 144, 104, 114,  88, 102,  24, 181,  96, 196,  76, 185,  91, 111,  54,  57, 193,  53, 184,  47,  20,  35,  92, 124,  21, 178, 106,  55, 145,  45,  22,   6,  23,  93,  77,  58, 140,  69, 143,  59, 173, 194, 100, 172,  56,  63],
  [ 46, 141, 101, 125, 144, 103, 104, 114, 111,  47,  96,  88, 181, 196, 193, 102, 184,  76, 185,  57,  24,  91,  53,  54,  35,  45, 145, 124,  20,  21,  92,  77, 106, 100, 178,  23,  63,  22, 140,   6, 194,  93,  55, 172, 173, 115,  58, 192, 107,  59],
  [ 46,  56,  55,  57, 141,  31,  87,  40,  30,  43,  19,  32,  39,  74,  42,  47,  45,  76,  17,  41,  44,  14,  53,   4,  27,  16,  11,   2,  26,  15,  28,  18,  12,  29, 111, 113,   3,  13,  75,  25,  10,  98, 112,  82, 100,   5,  54, 127,  81, 101],
  [126,  74, 112,  83, 167,  43,  10,  40,  90, 113,  31,   2,  14,  30,  15,  17,  28,  42,  11,  32,  13,  12,   4,   3,  18,  29,  41,  27,  16,  55,  26, 194,  98,  25, 127,  56,   0,   5,  19, 141,  99,  53,  81,  50,  45,  39,  92,  24,  63,  97],
  [145,  92, 125, 102,  80,  93, 144, 167,  79, 114, 197, 163, 164,  20, 103, 133,  23,   6, 109, 160, 161, 196, 176, 175, 126, 158,  22, 131,   9, 104, 166, 146, 156, 141,  77, 105,  34, 162, 110,  65, 142, 135, 119, 149, 137, 174,  21, 153, 134,  53],
  [167,   0,  80,  66,  45,  82,  89,  92,  75, 131,  63,  86,  79,  49,  51, 197, 146,  64, 100,  52,  65,  44,  83,  81,  99, 145, 170,  57,  93, 182, 163,   5, 128,  50,  10,  98, 127, 171, 112, 126, 179, 113,  97,  56, 186,  43,  30, 102,  40, 158],
  [167, 145,  80, 197, 146,  92,   0, 102, 144,  93, 131, 171,  79, 158, 163,   9,  75, 133, 126,  89, 128, 164, 107,  95,  20,  94,  45, 161, 149, 195, 134, 105, 125, 119,  34, 137, 135, 153, 115, 176, 114, 175,   6, 174,   7, 160, 162, 154,  23, 179],
  [  0, 170,  83, 167, 197, 131,  69,  50, 109, 196, 102,  53,  71, 100, 144, 168,   1,  44, 146,  57, 164, 128,  66,  20, 188,  60,  74, 171, 114,  84, 125, 127, 180, 126,   6,  34,  31,  45, 107,  98,  99, 154, 176,  54, 169, 137,  93, 161, 129, 142],
  [ 76,  46, 101, 185, 144, 111, 141,  77, 194,  96, 103,  47, 114,  75, 104, 193, 125,  57, 181,  91,  63,  65,  73,  19, 195,  56,  35,  55, 187,  78,  88, 184, 124,  85,  43,  31,  79, 166, 115,  30,  70,  20,  17,  14, 105,  24, 190,  26,  27,  42],
  [ 46, 141, 185, 181,  24, 101,  70,  96, 193,  69,  91,  88,  71, 194,  58, 103,  59,  67,  76, 143, 125,  73, 111,  68, 196, 114,  60, 126, 104, 102, 166, 124, 144, 130, 173, 178, 106,  53,  35,  20,  21,  38,  54, 140,   6, 105,  23,  22, 163, 109],
  [ 46, 141, 103, 181, 114,  24, 125, 126,  54,  96, 102, 104, 194,  88, 193,  69, 196, 144, 124,  76,  10, 185,  77,  58, 143,  53, 101,  21, 178, 111,  20,  59,  70, 166, 140,  38,  68,  22,  23,  92,  55,  35, 106,  91, 112, 173,  60, 174, 192, 130],
  [ 46, 141, 101,  76, 144, 103, 125, 185,  96, 104, 114, 181, 184, 193, 111,  77,  88,  24, 102,  91,  47, 194,  35, 124,  20,  70, 178,  21,  59,  22, 106, 140,  57,   6,  58, 143,  23,  69,  60, 115, 107, 105, 173,  38,  55, 192,  54,  93, 166, 126],
  [ 46, 141, 101, 125, 103, 144,  76, 114, 104, 181, 185,  96,  24, 193,  88, 102, 184,  77,  91, 111,  47, 124, 194,  35,  20,  21,  70,  55,  59,  54,  69, 196,  58, 143,  22, 106, 140, 178,  23,  57,   6,  60, 126, 166, 115, 173, 105, 172,  38,  56],
  [141,  46, 103, 114, 125, 181,  76,  96, 194, 126,  70,  24, 102, 101, 184, 104, 193,  47,  59,  88,  69,  58, 185, 105, 130,  91,  67,  60, 124,  20, 106,  73, 143, 144,  77,  21,  22,  23,  53,  38,  71,  35,  68,   6, 166,  56, 182, 115, 145,  55],
  [141,  46,  76,  96, 181,  24, 103, 114,  77,  55, 125, 194, 102,  56,  91,  88, 101, 193,  70,  39, 166, 185, 104, 144, 184, 124, 126,  57,  53,  73,  59, 105,  54, 106, 143,  21, 130, 182, 112,  20,  31,  10, 111, 140,  23,  79,  35,  60, 173,  38],
  [ 83,  84,  85,  86,  74,  50,  99, 112, 127,  25,  61, 113,  66,   3,  98,   2,  49,  17,   4,  51,  18,  29,  16,  41,  11,  28,  12,  13,  26,  15,  42,  27,   5,  14,  32, 182,  82,  43,  40,  19,  30,  89,  73,  97,  78,  72,  62,  10,  39,  48],
  [197, 131, 180,  66, 188, 171, 142, 145,  72, 176, 186, 129,  61,   0, 167, 189, 190, 164, 128, 100, 168, 159, 165, 191,   1, 139, 149,  47, 116, 161, 154,  90, 169, 146, 108, 175, 147, 135, 117, 137, 151, 123, 122,  80, 183,  35, 104, 136, 150, 153],
  [ 63,  80,  79, 145,  96, 144,  92,  77, 114,  47,  78,  65,  93, 104, 125,  35, 179,  90, 174, 178, 103, 196,  94, 101, 171, 141, 159, 146, 102, 192,  23, 175, 132, 123,  22,  53, 124, 147, 173, 154,  20, 151, 155,  66, 133,  21,  89, 140, 161, 118],
  [144, 125, 141, 145,  46, 114, 102,  93, 104, 103,  92,  63,  80,  79,  45,  77, 101,  35,  20, 184,  57,  23, 178,  65,  22, 133,  24,   0,   6,  96, 124, 100, 164,  21, 163, 107, 146, 174,  34, 193, 196, 126, 115, 179, 175, 119, 181, 171, 192, 106],
  [125, 141, 145, 102, 103,  92, 114, 104,  46, 144,  53,  93, 196,  20,  23,  21,  22,   6, 163,  57,  88, 124, 119, 106, 164,  35, 133,  34, 142, 177, 178,  24, 109, 126, 161, 162, 179,  80, 175,  58, 174, 105, 107, 160, 151, 143,   9, 137,  59,  45],
  [144, 145,  80, 125,  93,  79, 102,  92, 114,  77, 104,  63, 141,   0,  35, 163,  20, 133,  23, 196, 146,  45, 103, 109, 171, 166, 124, 175, 179, 161, 174, 164,  22,  34, 115, 154, 105,  65, 167,   6, 137, 162, 107, 126, 152, 149, 178, 119, 173, 176],
  [ 92,  24,  80,   0, 126, 194, 163, 141, 102,  79, 166, 145, 112,  65, 167,  93,  97, 179,  78, 144, 125,  63,  45, 143, 110,  23, 177,  10, 128, 158,  54,  77,   9, 109, 114,  53,  20,  64, 174, 133, 181, 196, 124,  35, 149,  38, 173, 152,  34, 135],
  [ 54,  10,  66,  97,   0, 112,  83,  55,  44,  53,  45, 100, 127, 126,  39,  31,   5, 194,  58,  98,  40, 111, 113,  80,  25,  57,  11,   4,  41,  26,  15,  18,  29,  32,   3,  99,  28,  13,  16,  12, 131,  42,  17,   2,  27, 196, 177, 179,  61,  14],
  [ 85,  84,  72, 186, 180,  49, 170,  83,  82, 197,  73, 131,  52, 189, 195,  86,   1, 182,  61,  51, 128, 188,  90, 187,  48,  33, 165,  89, 116, 108,  99, 129, 172, 136, 105, 139, 190, 169,  37,  36, 183, 135, 171, 121,  50, 154, 192,  34, 168, 147],
  [ 82,  86,  84,  89,  85, 182,  51,  74, 170,  73,  99,  61,  49,   1,  83,  48,  33, 186,  98,  25, 127,  40,  32,  11,  52,   3,   2,  27,  29,  28,  41,  17, 113,  16,  42,  50,  30,   4,  12,  14,  15,  13,  26,  43,  18,  75, 167,  72,   5, 126],
  [182,  85,  84,  86,  82,  51,  50, 170,  61,  48,  72, 186,  49,  89,  83,  75,  74,  62,  99,  73,  52,  33,  78, 180, 127,  25,  66,  98, 113,  64,   1,  32,   3,  28,   2,  29,  16,  11,  27,  12,  18,  41,   4,  13,  14,  26,  17,  19,  15,  30],
  [ 50, 182,  85,  86,  84,  82,  75,  62,  78,  51,  89,  48,  33,  66,  64,  74,  49,  72,  65,  83,  99,  73,  61,  19, 170,  25, 113, 127,  98,  30,  17,  16,  32,  18,  13,  28,   2,   3,  12,  14,  27,   4,  43,  42,  29,  11,  26,  41,  15, 186],
  [ 85,  84,  83,  86, 182,  61,  72,  99, 127,  25,   5,   3,  19,  82,  29,  16,  33,  18,  11,  13,   4,  12,  28,  27,  15, 113,  41,  26,  14,   2,  42,  17, 131, 170, 180,  30,  32,   1,  98,  43,  66,  40,  52,  51,  74,  50, 186,  75,  31, 197],
  [ 83,  84,  85,  86,  99,  87,   5, 113,  33, 127,  19,  18,  25,  16,   3,  26,  98,  28,   4,  17,  13,  29,  66,  15,  41, 180,  27,  12,   2,  14,  42,  11,  61,  72,  32, 100,  43,  44,  50,  30,   0,  75, 197,  40,  89,  74, 170,  31,   1,  97],
  [111,  54, 194,  55,  97,  19, 112,  47, 101,  10,  74,  42,  43, 141,   5,  53,  26,  14,  17,   4,  29,  15,   2,  39,  24,  13,  18,  12,  31,   3,  27,  32,  28,  16,  11,  83,  41,  40,  30, 113, 100,  25, 127,  99,  56,  44,  67,  98,  46,  84],
  [ 66, 197, 180,  49, 186,  83, 131,  84,   0, 100,  89,  87,  85,  75, 171, 170, 188, 189,  45,  63, 190,  33,   5,  78, 168, 129,  57, 128,  44, 172,  99, 187,  19, 195,  90, 178,  80,  86, 109, 169,  72,  53, 144, 191, 139, 154, 173, 113, 192, 142],
  [178, 142, 103, 114, 183,  53, 172, 125,  20,  22, 181, 101, 102,  21, 132, 162, 192,  35, 105, 173, 185, 151,  76,  92, 147, 164,  23, 148, 131, 169, 107, 187, 124, 144,   6,  93, 139,  34, 121, 137, 140, 155, 122,  36, 168, 123, 175, 176, 157, 100],
  [ 46, 141, 101, 125, 144,  24,  76, 185,  96, 194, 126, 102,  54, 104, 103,  53, 196, 114, 184, 181, 193,  57,  88,  92,  91,  55,  47,  45,  63, 166, 124, 111, 143,  20,  93, 163,   6,  23,  35, 106,  56, 112, 145, 109,  81, 178, 174, 110,  77,  79],
  [144, 125, 185, 104, 102, 145,  92,  93, 141, 101, 196,  46,  20, 103, 143, 193,  23,  35,   6, 181, 114,  22, 107, 124, 178, 115, 109, 126,  34, 110,  21, 173, 133,  24, 105, 106, 179,  38, 140, 166,  59, 163, 171, 119,   9, 172,  91, 192,  37, 136],
  [144, 125,  46, 141, 104, 101, 103,  93, 196, 145, 102, 114, 185,  92,  63, 181, 193,  20,  35, 178,  23, 100,   6,  45,  77,  24, 124, 133,  21, 172, 164,  22,  53, 179, 107,  96, 140,  91, 143, 106, 173, 168, 175,  79,  34, 118, 166, 109, 161, 192],
  [ 46, 144, 101, 141, 125, 181, 103, 185, 102,  24, 114,  76, 193,  91,  96,  35, 104,  93,  20,  92, 184, 178, 173,  21, 133, 166,  22,  23, 143, 106, 145, 107, 192, 183,   6,  34,  77, 174, 124, 105,  38, 140, 196, 115, 130, 172, 147, 148, 164, 155],
  [141,  46, 144, 101, 185,  24, 196, 194, 125, 181,  76, 166,  91, 193, 104,  63, 114, 103, 179,  93, 143,  45,  35, 102,  54,  97, 124, 173,  77, 174,  96,  20,  23,  92, 112,  38, 178, 126,  65,  22,  90, 109, 172, 115, 133, 163, 140,  80,  53,  21],
  [141, 126,  24, 125, 144, 194,  96,  46, 102, 104, 114, 166, 103,  93,  69, 196, 181, 143, 145, 185, 124,  71,   6, 193,  70,  59,  20, 174, 105,  88,  23,  60,  77, 163,  21, 133, 106,  91,  68,  35,  22,  92, 115, 160, 140, 173, 110,  38, 119, 164],
  [  1,  86,  84,  82,  74,  33,  99,  85,  42,  25,   3,  43,  41,  29,  27,  16,   4,  15,   2,  11,  40,  14,  26,  12,  13,  17,  28,  18,  52, 167,   5,  98,  32, 113, 127,  30,  87,  51,  83, 126,  19,  89,  31,  70, 170,  48,  67,  56,  44, 100],
  [ 84,   1,  86,  85,  52,  83, 131, 182,  82,  61, 167, 186, 180, 170,  51, 197,  99,  33, 127,  72,  89,   5,  49,  66,  25,  98,  48,   3,  29, 113,  41,  16,  28,   4,  18,  11,  87,  27,  15,  26,  12,  13,  42,   2,  40,  14,  17,  32,  74,  19],
  [ 84,  86, 182,  85,  83,  61,   1,  82, 186,  51,  72, 180, 170,  52, 167, 131,  99, 127, 197,  89,  48,  98,  33,  25,  50,   5,  49, 113,  66,  74,   3,  29,  16,  28,  18,  41,  11,   4,  13,  12,  27,  15,  26,   2,  32,  14,  42,  17,  40, 188],
  [ 90, 100,   0,  72,  86, 180,  83,   1, 197,  97,  61,  84,  87, 184, 131,  44,  45,  54, 108,  85,  88, 142, 179, 111, 128,  89, 177,  52, 178,  58,  62,  99, 129, 101, 156,   5, 172,  81,  68, 189, 190, 188, 171, 191,  82,  33, 167,  71, 186, 169],
  [104, 144, 101,  96,  46, 125, 196, 141, 185, 193, 111, 114,  77,  24, 103, 124, 178, 181, 194,  54,  35, 140,   6, 173, 172,  93,  20, 108, 184, 102,  21, 190,  91, 179, 110, 143, 168,  47,  23, 192, 120, 164,  53, 106, 166, 118,  58, 123,  22,  59],
  [ 46, 141, 125, 196, 101, 104, 144,  92,  54,  53, 145, 103, 181,  24, 193, 114,  96,  91, 179, 111, 124, 102,  93,  35, 178,  23,  88, 143, 140,  20, 106,  21,  45, 110,   6,  47,  22,  58, 173, 168, 172, 100, 177, 185, 174, 192, 118,  63, 175, 166],
  [ 46, 125, 141,  53,  54, 104, 103, 101,  88,  57, 144, 196, 102, 114, 100, 145,  45,  55, 184,  96,  69,  92, 124,   6,  20, 178,  58,  21,  10,  93,  35, 106, 168, 181,  23,  59,  47, 172,  22, 140,   0,  24, 109,  56,  60, 164, 193, 173,  44, 126],
  [ 46, 125, 141, 101, 144, 100,  88,  57, 102, 104, 184, 103, 145,  45, 114,  92,  54,  53, 196,  93,  47,  55,  20,   6,  24, 193,  56, 185, 178,  91,  23,  96,  21, 164,  35,  22, 181, 107, 106,  60, 124,  59,  81, 172, 133, 183, 171,  44, 140, 175],
  [ 46, 141, 125, 144, 103, 101, 104, 114, 102, 196,  53,  57,  96, 181, 145,  92, 193,  91,  24,  88, 185,  20,  47,  63,  35,  21,  93, 184,  23,  77, 124,  45,  22, 178,  76, 106,   6, 111,  54, 172, 107, 133, 140, 173, 164, 100,  34,  55, 105,  79],
  [ 46, 141, 125, 101, 144, 103,  53, 114, 104, 196, 102,  96,  24,  88,  57,  54, 181,  92,  91, 184, 193,  45, 145,  55,  93,  20,  47, 185, 124,  63,  35,  23,   6, 106,  21, 178,  22, 100,  76, 194,  56, 173, 143, 111, 166,  10, 126, 133, 140,  59],
  [ 46, 101, 141, 144, 125, 103, 114, 104, 196,  96,  63, 102, 184, 181,  91, 185,  92,  93,  35, 193,  53, 145,  20,  47,  77, 178,  23,   6,  57,  21,  22,  24, 106, 172, 124, 107, 173,  76, 187,  79, 133,  45, 140, 105,  34, 174, 192, 115, 111, 179],
  [141,  46, 101, 125, 144, 103, 196,  96, 114, 104, 102, 181,  91,  24, 185, 193,  53,  93, 184,  35,   6,  20,  92, 106,  23,  21, 124, 133,  63, 107, 143,  22, 173, 105, 178, 145, 166, 172, 174, 187,  77, 140,  59, 115,  38, 179, 194,  76, 164, 132],
  [ 46, 141, 125, 101, 103, 114, 144,  53, 184,  57, 102, 104, 196,  88,  96,  47,  92, 145,  24,  45, 181,  63,  81,  55,  91,  54,  56,  93, 193,  20, 100,  23,  35, 126, 124,  21, 106, 178,  22,   6, 185,  76,  10,  58, 194,  69,  59, 111,  34, 133],
  [101, 144, 125,  46, 185, 141, 104, 102, 114, 103, 196, 184, 107,   6,  20,  93, 193,  91, 171,  59,  60,  35, 178,  21,  22,  23, 133, 105, 106, 181, 115, 164, 172,  24, 183,  70, 145,  67,  34,  88, 173, 195,  92, 161, 175,  96, 124, 192,  76, 136],
  [171,  69, 114,  90,  93,  94, 107, 104, 125,  96, 103,  59, 145, 144, 126,   6, 195, 105, 115,  22,  58,  35,  21,  34, 178, 189, 146, 196, 172,  20, 174,  77, 119, 154, 173, 175, 192, 169, 161,   7, 123, 116, 106,  36, 185, 140, 101,  37, 132, 136],
  [  1,  84,  83, 126,  86,  85, 167,  70,  52,  72,  68, 127,  71,  74,  61,  25,  99,   0,   3,  82,  29,  11,  15,  41,  13,  42,   4,   2,  27,  12,  28,  40,  17,  14,  26,  16,  98,  18, 113,  43, 170,  32,  48,  73,  30,  67,   5, 182, 112,  69],
  [ 86,  84,  85,   1,  61,  83, 182,  82, 167,  52, 180,  72, 186,  99, 131,  51, 170, 127, 197,  89,  33,  98,  25,   5,  74,  48, 113,   3,  29,  16,  41,  18,   4,  11,  28,  13,  27,  12,  15,  26,  32,   2,  40,  42,  14,  17,  50,  66,  49, 188],
  [ 46, 125, 141, 104, 144, 103, 101, 196, 114,  96,  53,  35, 102, 181, 124,  21,  54, 145, 178, 193,  20, 106, 173, 172, 140,   6,  22,  23, 192, 168,  58, 111,  91,  92,  93,  88, 177,  34, 187, 133, 118,  24, 123,  59,  37, 184, 164, 169, 175, 109],
  [ 46, 141, 125, 101, 144, 103, 104, 114,  57,  47,  96, 102, 196, 145, 184,  53,  91, 181,  88,  92, 193, 100,  63,  93,  35,  45,  20,  77, 185,  21,  24, 178,   6,  22,  23, 106, 124,  76, 111, 107, 172, 140, 133, 164, 173,  79, 192,  55,  54, 183],
  [ 46, 141, 125, 101, 144, 103, 114, 104,  96, 196, 181, 102,  91,  24,  53, 184, 193,  92, 185,  93,  35,  63,  57,  20,  88,  23,  21, 106, 145, 124,   6,  22,  76, 173, 178,  47,  45, 172, 143, 187, 107, 133, 105, 140,  59,  77, 174, 115,  34,  38],
  [ 46, 141, 101, 125, 144, 103, 114,  96, 104, 196,  53, 102,  24,  63, 184,  91, 181,  57, 185, 193,  92,  93,  76,  35,  45,  88,  20,  47, 124,  23,  54,   6, 106,  21,  55, 178,  22, 173, 145, 187,  77, 194,  79, 172, 133, 166, 143, 107, 105, 140],
  [ 46, 141, 125, 101, 144, 103, 196, 104, 114,  24,  53, 102,  96,  57, 181,  91, 184,  63,  88,  45,  54, 193, 185,  35,  93,  92,  20,  55, 124,  23,   6,  21, 106,  47, 145, 178,  22,  76, 100, 173, 133, 166, 172, 143, 140, 107, 187, 105, 174, 111],
  [ 46, 141, 125, 101, 144, 103, 114, 196, 104, 102,  53,  24,  96, 184, 181,  91,  57, 185,  92, 193,  45,  88,  93,  63,  35,  20,  54,  23,   6, 178, 124,  21, 106,  22, 145, 173,  55, 107, 133, 172, 143, 140,  59, 100, 166,  76,  34, 105, 115, 109],
  [ 46, 141, 125, 101, 144, 103, 196, 104, 114,  96,  53,  24, 102,  91, 181, 184,  57,  88, 193,  92, 185,  54,  63,  35,  93,  20,  45,   6, 124,  23, 106, 145,  21,  55,  22, 178, 173, 133,  47, 166, 143, 107, 174, 172,  59, 140,  76, 105, 187,  10],
  [ 46, 141, 125, 101, 144, 103, 196,  53,  96, 114, 104,  63,  24, 102,  91, 181,  92,  57, 184, 193,  54, 145,  35, 185,  93, 124,  23,  20,  47,  45,  88, 106,  21,   6,  22, 166, 173, 133, 178, 143,  76,  55,  79,  77, 174, 187, 194, 111, 172,  80],
  [ 46, 141, 101, 125, 144, 103, 196, 104, 114,  53,  96, 102,  24,  57, 184,  91, 181,  63, 185, 193,  88,  92,  45,  93,  35,  54,  20, 145,  47,  23,  21, 124,   6,  55, 106,  22, 178,  76, 173, 100, 111, 172, 133, 107, 187, 143, 140, 174,  77, 105],
  [ 46, 141, 125, 101, 144, 103, 196, 104, 114,  96,  53,  24, 102,  91, 181, 184, 185, 193,  57,  93,  88,  63,  35,  92,  20,   6,  23, 124, 106,  21,  54,  45,  22, 145, 178, 173, 133, 172, 143, 187, 107, 166,  55, 140,  59,  47, 174, 105,  76, 109],
  [ 46, 141, 101, 125, 144, 103,  53, 104,  88, 196, 114,  96, 102, 184,  57,  24,  54,  91, 181, 185, 193,  93,  92, 145,  20,   6,  35,  45, 124, 106,  21,  55,  69,  47, 100,  23,  63, 178,  22, 173,  59, 133, 107, 140, 172, 105, 187, 115,  58,  34],
  [ 46,  54, 100,  88, 101, 141,  57, 125,  53,  45,  92, 144, 102, 184, 104,  55,  47,  44, 103, 196, 145,  56, 126,  87, 114,   0,  93,  24, 111,  81,   6, 178,  20,  58,  69,  31,  97, 193, 185,  10,  23,  91,  63,  96,  21,  60, 124, 106,  22,  35],
  [ 93, 185, 104, 144, 108, 107,  70,   6, 161,   9, 145, 129, 192, 193, 181, 150,  59, 178, 156, 119, 134,  21,  35, 195, 138, 171, 147, 172, 136, 140,  20, 142,   7,  71, 117, 123,  60, 164, 133, 106, 137,  22, 154, 101,  94, 105, 151, 169, 175,   8],
  [ 84,  86,  85,  83,   1,  82,  61, 167, 182,  52, 170,  99, 127, 186, 131, 180,  51,  72,  33,  25,  98,   5, 197,  89,  74,   3, 113,  29,  41,  16,  11,   4,  28,  18,  27,  15,  26,  12,  13,  40,   2,  42,  14,  32,  17,  48,  30,  43,  66,  49],
  [ 46, 141, 101, 125,  24, 144, 103, 181, 114, 184,  96,  91, 196, 102, 185, 104,  53,  57,  76,  93, 193,  92,  45,  55,  35,  54,  20,  88,  63,  23, 124, 143, 178,  21, 173, 106, 111,  56,  22, 130,  81, 194,   6, 166,  47, 105,  77,  38,  59, 172],
  [ 46, 141, 101, 125, 144, 103, 114,  57,  53, 104, 196, 184, 102,  63,  91,  76,  96,  24, 181, 185,  45,  55,  92,  47,  56,  88, 193,  93, 111,  20, 145,  35,  81,  23,   6, 106,  54,  21,  79, 124,  77,  22, 107, 178, 172, 194, 105, 173,  65, 126],
  [ 46, 141, 101, 125,  24,  54,  55,  53,  57,  88, 196,  76, 144, 103, 126, 102, 114,  56,  63,  91, 185,  96, 194, 181,  45, 104, 112,  92, 193,  31, 111, 166,  10,  65,  97,  47,  44,  69,  93,  20, 124, 143,   6,  43,  81,  79, 106,  23,  35,  21],
  [194, 141, 114, 185, 144,  76, 181,  96, 103, 125, 174, 166, 102,  63,  94,  91, 105, 143, 109,  77, 196, 182,  78,  38, 193,  35,  80, 115, 173,  24, 124,  20, 133,  23, 107, 126,  65,  92,  34, 106, 163,  59, 132, 187,  22, 159, 104,  79, 158,   8],
  [ 46, 141, 101, 125, 144, 196,  63,  24, 103,  53,  96, 114, 104,  91, 181, 102,  54, 185,  57, 184,  45,  76, 193,  55, 194,  92,  88,  65,  35, 166,  79,  10,  93, 124,  20,  81,  23,  77, 111, 143, 106,  47,   6,  21,  80, 173,  56, 133, 112, 126],
  [ 46, 141, 125, 101, 144, 103,  24, 196,  53, 104,  96,  63, 114, 102, 181,  91, 184,  92,  45,  57,  54, 185, 193,  88,  93,  55,  76,  35, 145,  23,  20, 124, 166, 106, 111,  21,  10, 143, 133,  22,   6,  47, 173, 194,  81, 178,  79,  77,  80, 174],
  [ 46, 141, 101, 144, 125, 103, 114,  96, 104, 196,  63, 184,  24, 102,  53,  57, 185,  91,  45, 181,  93,  92, 193,  88, 145,  76,  54,  35,  20,  55,   6,  23,  79,  21, 124, 106, 133,  22,  47, 100, 166,  77, 178, 173, 107, 126, 174,  56,  81, 105],
  [141,  46, 125, 144, 101, 196, 103,  24, 104,  53, 114, 181,  96, 102,  91, 193,  63, 185,  35,  54,  92, 184,  93, 124,  23,  20, 166,  21,  45, 106, 173, 143,  57,   6,  22, 133, 172,  88, 178, 187, 109,  10,  55, 140, 194, 111, 145, 174, 107,  38],
  [ 46, 141, 101, 125, 144, 103, 196, 104, 114,  96,  91,  53, 102, 185, 181,  24,  63, 184, 193,  93,  35,  92,  20,   6,  23,  57,  76, 124, 106,  21, 145, 187,  77,  22, 133,  88, 173, 143, 178, 166, 172, 107, 174, 105, 140,  47, 109,  38,  45, 115],
  [ 46, 141, 101, 125, 144, 103, 196, 104,  96, 114,  53,  24,  91, 102, 181, 184,  63, 185, 193,  57,  93,  35,  92,  88,  45,  20,  54, 124,  23, 106,  21, 145,   6, 173,  22,  76,  47, 178, 187, 133, 166, 172, 143, 174, 107, 140, 105,  55,  77,  38],
  [ 46, 141, 125, 101, 144, 103, 196, 104, 114,  96,  24, 102,  53,  91, 181, 185, 193,  63, 184,  93,  35,  92,  57,  20,  23, 124,   6,  21, 106,  88, 145,  22,  45, 178, 173, 133, 172, 107, 166, 143,  54, 187,  76, 174, 140, 105,  77,  47, 109,  38],
  [ 46, 141, 101, 125, 144, 103, 196, 114, 104,  96,  53,  63,  24, 102, 181,  91,  57, 184,  35, 193, 185,  93,  20,  92, 124,  45,  21,  23, 106,  54, 178,   6, 173,  22,  88, 187, 172,  47,  77, 133, 145, 143, 140,  76, 107, 166, 174,  55, 111, 105],
  [ 46, 141, 101, 125, 144, 103,  96, 114,  53, 104, 196,  57, 102,  24,  63, 184,  91, 181,  88,  92,  93,  54, 145,  47,  45, 193, 185,  35,  55,  20,   6, 124, 106,  23,  21, 178, 100,  22,  56, 133, 173,  76, 187, 172,  79, 140, 174, 107, 105, 111],
  [ 88,  46, 126,  54, 100,   0, 101,  55, 184,  45, 141,  24,  68,  57,  44, 125,  92,  56,  70,  71,  69,  31,  40,  43,  97, 102, 112,  53,  42,  15,  41,   4,   3,  13,  11,  25,  14,  27,  29,  16,  17,   2,  26,  18,  12,  28,  30,  32,   5,  10],
  [144, 125, 104, 103,  35, 114, 196, 178,  46, 141, 193,  93, 173, 181, 102, 101, 172,  20, 107, 124, 185,  23, 140,  21,  22, 192,  34, 187, 143,  37, 133, 109, 115, 169,  63, 177, 155, 123, 154,  36, 118, 171, 106, 168,  92, 136, 175,   6, 129, 132],
  [141,  46, 125,  24, 144, 101, 196, 102,  91,  92, 181, 114, 103, 126, 185,  53, 104, 193,  93,  88, 184, 145,  20, 163,  96,   6,  23, 166,  94, 130, 143, 106, 133, 107,  35, 124, 179,  63, 178,  21,  38, 174,  59,  22,  70,  69, 173,  54,  34,   9],
  [ 46, 144, 125, 101, 141, 100, 145, 114, 104,  57, 103,  45, 184,  92, 102, 185,  47, 196,  93,   6, 171,  20,  88,  23, 178,  35, 107,  53, 193,  22,  21,  63, 172, 164,  96, 115, 106, 181,  91,  79, 105, 124, 133, 192,  77, 179,  34, 175,  94, 168],
  [144, 185, 125, 100,   0,  46,  45, 126,  92,  94, 102, 171, 101, 196, 178, 163, 179, 104,  53,  20, 107, 167,  93, 184, 109,   6, 114,  23, 177, 193,  35, 168, 173, 115, 129, 172,  34, 175,  37, 169,  36, 154,  22,  24, 156,  63,  21, 161, 133, 137],
  [144, 125, 101, 114, 103, 104,  35, 185, 141,  63,  46,  77,  93, 184, 102, 193, 107,  20,  22, 181, 133,  21,  23, 187, 115, 173,  91,  96,  34, 105, 172,  92, 192, 174,  80, 178, 164,   6, 106, 145, 159, 179, 146,  37, 118,  36, 195, 155, 140, 109],
  [ 46, 141, 125, 144, 101, 196, 103,  63,  24, 114,  53,  96, 102, 104,  91, 181, 185, 184,  92, 193,  57,  93,  35,  20,  45, 166,  23,  76,  79, 124,  54,   6, 143, 106, 133,  55,  21,  80,  65, 173,  22, 145, 187, 174,  77, 178,  88, 172, 109, 107],
  [ 46, 141, 125, 101, 144, 103, 196, 114,  24,  53, 104,  96, 102,  91, 181,  63, 185,  92, 193, 184,  57,  93,  35,  45,  20,  76,  23, 145,  88, 124,   6, 106,  21,  54, 166,  22, 133, 143, 173,  55, 178, 174,  77, 107, 187, 172, 105,  38, 109,  47],
  [ 46, 141, 101, 125, 144, 103,  24, 196, 114,  96, 104, 102, 184, 181,  91,  53, 185,  63,  92, 193,  93,  35,  20,  23,  45,  88,  57, 166,   6, 106, 124, 133, 173,  21,  76, 143,  22, 178, 107, 145, 174, 105,  38, 172, 194, 179,  59, 115, 187,  54],
  [141,  46, 101, 125, 144,  24, 196,  96,  91, 103, 181,  53, 114,  63, 104, 102, 185, 184, 193, 194,  76,  92, 166,  93,  35, 143,  23, 106, 124, 130,  20,  55,   6, 133, 163, 174,  57, 173,  54, 187,  88,  10,  21, 105,  79,  38,  65,  22,  45,  80],
  [ 46, 141, 101, 125, 144, 103, 196,  63,  96,  53, 114,  24, 104,  91, 181, 102, 185, 184, 193,  54,  35,  93,  57,  92,  45, 124,  20, 166,  23, 173, 187, 106,  21,  79,   6, 133, 178, 143,  80,  76,  55,  22, 172,  77, 174, 109,  65, 140,  88, 107],
  [ 46, 141, 101, 125, 144, 103, 196, 104, 114,  96,  53, 102,  24, 184,  91, 181,  63, 185,  57, 193,  93,  35,  92,  88,  20,  45,  23,   6, 106,  21, 145, 124,  47,  22, 178, 173, 133, 107,  76,  54, 172, 174, 187, 105, 166, 140, 143,  55,  77, 115],
  [ 46, 141, 101, 125, 144, 103, 196, 114,  96, 104,  53,  24, 102,  63, 184,  91, 181, 185,  57, 193,  35,  93,  92,  45,  20,  23, 124,   6,  76, 106,  21, 173,  22, 178,  47, 187,  54,  88, 133, 143, 145, 166,  77, 107, 172, 105,  55, 174, 111, 140],
  [ 46, 141, 101, 125, 144, 103, 196, 114, 104,  53,  96, 102, 184,  24,  91,  57, 181,  63, 193,  92, 185,  93,  35,  88,  45,  54,  20,  47, 124,  23,   6, 106,  21, 178, 145,  22,  55, 173,  76, 172, 187, 133, 143, 107, 140, 111, 166, 105, 174,  77],
  [ 46, 141, 101, 125, 144, 103, 196, 114, 104,  96,  53, 102,  24, 181,  91, 184,  57,  63,  93, 193,  92, 185,  35,  45,  20,  88, 124,  21,   6,  23, 106, 145,  47,  54, 178,  22, 173, 172, 187, 133,  55, 111, 107, 140, 143,  77,  76, 105, 174, 166],
  [141, 144, 101,  46, 125, 196,  24, 184, 185,  63,  91, 103, 104,  53, 181, 102,  45,  92,  93, 114,  96, 193, 179, 107,  35, 145,  23, 133,  20, 171,   6,  57, 173, 163, 106, 178,  21, 174,  22, 111, 166, 172, 105, 124, 130, 187,  80,  76,  34,  38],
  [141, 144,  46, 125, 196, 101, 185, 194, 114,  96,  63,  24,  91, 104, 103,  76, 166, 102, 181, 193,  53, 143,  35,  65, 124,  20, 133,  93, 174, 109,  77, 187,   6, 173, 168,  23, 106, 107,  38, 105, 115, 163, 160,  22,  79, 140, 132,  21, 172,  80],
  [ 46, 141, 101, 125, 144, 103, 104,  57, 196, 114,  63,  96, 184, 102,  45,  47,  24,  53,  35, 181,  91, 193,  55,  20,  54, 100,  93,  10,  21, 185, 111, 106, 124, 178,  92,  22,  23, 145, 173,  88, 133,   6, 172, 187,  56, 140, 107,  34, 143, 192],
  [141,  46, 125, 101,  24, 103, 144, 114, 102, 196,  88, 104,  91,  96, 181,  53,  55, 184,  92,  10, 194, 126,  54,  57, 193,  69, 185,  20,  23,  93,  59,  76, 166,  56,  35,   6,  45, 124, 106,  21,  22, 145, 143, 174,  58, 112, 133,  60, 178,  63],
  [141,  46, 144, 125, 101, 196,  24, 185,  96,  53, 103, 102, 104, 114,  91, 166, 181, 193,  63,  93, 184, 143, 163, 194, 126,  35,  20, 124,   6, 109,  23, 133,  92,  54, 173, 106, 174,   0, 105, 107,  21,  88,  38,  22,  59, 160,  69, 115,  76, 187],
  [ 46, 141, 144, 125, 101, 196, 103,  24, 114, 104,  96,  53,  91, 102,  63, 185, 181, 193,  92, 184,  93,  35,  20,  23,  57, 166,  45, 124,   6,  54, 133, 106, 145, 187,  21,  76, 143, 173,  88,  22, 178, 107, 172, 174,  55, 109, 140,  77, 163, 105],
  [ 46, 141, 125, 101, 144, 103, 114, 196,  96,  24, 104,  53, 102, 181,  91,  63, 184, 185,  92, 193,  93,  35,  57,  45,  20,  88,  23,  54, 124, 106, 145,   6,  21, 166, 173, 178,  22, 143, 133, 174, 107, 172,  76, 187,  55,  38, 140, 126, 105,  34],
  [ 46, 141,  24, 101, 126, 125, 144, 102, 185,  54,  45,  88, 196, 114,  92, 103,  91, 184,  55, 166,  96, 104, 181,  93, 194, 193,  53, 145, 143,  20,  76,  57, 112,  70,  56,  23,  59,   6,  97,  60,  35,  94, 124, 163, 110,  38, 106, 105, 174,  21],
  [ 46, 141, 125, 144, 101, 103, 196,  63, 104, 114, 102,  53,  96,  45,  24,  54,  57, 145,  92,  91, 181,  35, 193,  23,  20,  93, 124, 184,  21, 100, 185,  88,  22, 178,  80, 133, 106, 179, 173, 187,   6, 172, 111, 166, 140, 109, 107,  47,  77, 174],
  [ 46, 141, 125, 144, 101, 103, 114,  96, 102,  53,  24, 196,  57, 104, 181,  63,  92,  91, 185, 184, 193,  45,  76,  93,  55,  88,  20,  35,  23, 145,  21,   6, 106,  56, 124,  54, 126,  22, 166, 133,  47, 107, 173,  77, 178, 105, 143, 174,  79, 172],
  [ 46, 141,  24, 101, 125,  92, 184, 126,  88,  45,  55,  57, 102, 145,  54, 144,  96,  91,  53,  56, 103, 114,  63, 100,  81,  93, 181, 185, 104,  76, 193, 196,  79, 112,  47,  10,  65,  44, 194,  23,  20, 130, 166, 163,  31,  80,   6,  94,  97, 111],
  [144,  35,  34, 192, 107, 195, 173,  37, 116, 172,  36, 129, 178, 155, 146, 154, 133, 105, 128, 169, 181, 147, 136, 153, 143, 138, 108, 148, 123, 115, 185,  22, 122,  21, 121, 139, 137,  20, 193, 152,  38, 179,  93, 135, 177, 187, 161, 109, 119, 117],
  [141,  46, 125, 196, 144,  24, 101,  53,  91, 103,  63, 194,  96, 181, 114, 102, 166, 104,  54, 193,  65,  92,  76,  88, 185, 124, 143,  23, 174,  35,  80, 106,  20, 133,  38, 173, 179, 187,  55,  93,  21, 109,  79,  22, 163, 145,   6,  78,  77, 130],
  [ 46, 141, 101, 125, 144, 103, 196, 114,  96,  53, 104,  63,  57, 102,  24,  91, 181, 184, 185,  93,  45, 193,  92,  35,  54,  47, 124,  88,  20,   6,  21, 106, 145,  23,  76, 178,  55, 187,  22, 173, 172, 111,  77, 133, 140,  79, 166, 143, 105, 174],
  [ 47,  50,  63, 187,  80,  62, 159,  66,  78,  79,  65,  75,  49,  64, 183,  77, 189, 190,  96, 101,  89, 157,  51,  76, 111,  35,  53,  19, 191, 168,  91,  81, 132,  87, 131, 147, 172,  57, 181, 169,  48, 144, 146, 139, 173, 130, 165, 176,  85, 150],
  [144,  46, 101, 125, 103, 185, 114, 104, 184,  57, 196, 171,  35,  20, 107, 102, 178, 141,  45,  93, 172,  21,   6,  53,  22, 193, 100, 105, 173, 109,  34, 115,  23, 133, 164, 192, 190, 106, 181, 195, 124, 187,  37,  76,  63, 155,  47, 169,  36, 161],
  [ 46, 141, 101, 125, 144, 103,  57,  63, 104, 114, 196,  96,  45,  53,  47,  76, 102, 184, 185, 111,  91, 181,  55,  54,  24,  88, 100, 193,  77,  35,  93,  56,  20,  92, 145,  79, 124,  21,   6,  65, 106, 187,  22,  23,  81, 173, 178, 172, 107,  80],
  [ 46, 141, 125, 101, 103, 144, 114, 104,  96, 196, 102,  53, 181,  91,  24, 145,  93,  92,  57, 185, 184, 193,  20,  35,  21,   6, 124,  23, 106,  22,  88, 178,  63,  77, 133,  47, 173,  76, 107, 105, 172, 140, 143,  45, 174,  34,  59, 164, 187, 115],
  [141,  46, 125, 103, 101, 144,  53, 196,  24,  96, 102, 114, 104,  92, 181,  91, 145,  88, 193,  54,  93,  23, 184,  20,  21, 106,  57,   6, 124,  35,  22, 185, 166, 133, 143, 178,  45, 173,  59, 174, 163,  58, 105,  55,  38, 130, 107, 140,  34, 160],
  [ 46, 141, 125, 101, 144, 103, 196,  53, 114,  96,  24, 104, 102,  63,  91, 181, 185, 184,  92,  54,  57,  45, 193,  93,  88,  35,  20,  23, 145, 124, 166,   6,  21, 106,  55, 173, 133,  22, 178,  76, 143, 174, 109, 172, 187, 107,  38, 194, 140, 105],
  [ 46, 141, 125, 101, 144, 103, 114, 196, 104, 102,  96,  53,  24,  63,  57, 185, 181,  45,  91, 193,  35, 184,  20,  88,  54,  93, 124,  21,  23,  76,  92, 173, 106,  22,  55, 178,   6, 166, 133, 107, 172, 109, 187, 115, 140, 174, 143, 105,  34,  38],
  [ 46, 141, 101, 125, 144, 184,  57, 103,  24,  45, 114,  88, 196, 104,  92, 100, 102,  93,  54,  91,  55,  53,  96, 185,  63,  47,  56, 181, 145, 126, 193,  76,  81,  20, 111, 178,  35, 179,   6,  23,  44,  21,  22, 106,  79, 173, 107, 124,  59, 143],
  [144,  46, 125, 103, 101, 141, 196, 114, 104,  96, 181,  93,  35, 178, 185,  53,  92,  91, 102,  21, 124, 193,   6,  20, 173, 172,  23,  22, 143, 106, 145, 140, 187,  24, 133,  34, 107, 192, 174,  77, 105, 118,  37,  38, 123, 109, 155, 132, 115,  59],
  [ 46, 141, 125, 101, 144,  92,  24, 102,  45, 103,  88, 196, 184,  57,  53,  93,  54, 145, 104, 114, 185,  91,  55, 181, 100,  20,  23, 193,   6, 163, 179, 178,  56, 126,  21,  81,  22,  96,  59, 166, 106,  97,  60, 110,  35, 107, 133, 143, 124, 173],
  [141, 144, 103,  63, 125, 114, 181, 196,  77,  35,  96, 187, 104, 124, 193,  79, 102, 133, 172, 132, 166, 173,  65, 159, 174, 105, 106,  23, 109,  21, 192, 140,  38,  20, 143,  46,  22, 130,  34, 115,  53,  80, 118,  91, 107, 146, 155,  37, 123, 191],
  [ 46, 141, 101, 125,  24, 144,  96, 103,  91, 114, 185, 181, 126, 104, 184, 102,  76, 196,  93,  92,  53,  45,  88,  54,  57,  55, 193,  63, 194, 145,  20, 166, 111,  56, 124,   6, 106,  23,  35, 143, 163,  21, 174, 133, 173, 105,  70,  59,  79, 107],
  [103, 144, 114,  35, 104, 125,  77, 102,  20,  22,  21, 141, 178, 143, 124, 140,  34, 106, 173, 109, 192, 115, 133, 174, 118,  23, 123, 107, 105,  37, 164, 119, 155, 196, 161,  36, 193, 175, 154, 190, 120, 159, 183, 117,   6,  46, 122, 169,  93, 121],
  [141,  46, 196, 125, 101, 144, 103,  53, 114, 104,  96,  63,  24,  91, 181, 102,  54, 194,  92, 124,  93,  35, 193,  23, 166, 178, 179, 174,  20,   6,  77, 143, 106,  22, 185, 187,  21,  69, 173, 145,  65, 109, 172, 184,  88, 140,  78, 133,  80,  57],
  [ 46, 101, 144, 104, 103, 178, 184, 114,  93,   6,  69, 196,  20, 125,  21,  71,  58,  35,  60,  59, 172, 190, 111, 124, 108, 102, 140, 185,  22, 164,  96, 105,  77, 192, 161, 173, 142, 106, 123, 110, 181,  23, 115, 183, 120, 169, 107, 118, 155,  37],
  [141, 144,  96, 125, 101, 114, 145, 181, 185,  92,  77, 103, 104,  91, 193,  46,  93, 102,  79,  76, 194,  35, 174,  23, 105,   6,  20, 124, 132, 107,  22, 143,  21, 133, 115, 106, 172, 196,  63, 187, 140, 178,  94, 166, 173, 192,  38, 184, 119, 160],
  [ 77, 144,  63,  35, 187, 159, 103, 192, 181, 172, 146,  21, 193, 107, 195,  34,  22, 177, 173,  37, 155, 133, 179,  80, 129, 114,  36, 174, 104, 140, 154, 123, 115, 118, 117, 151, 111, 169, 132, 121,  23, 152, 147, 183, 138, 122, 119, 120, 190, 105],
  [ 46, 141, 125,  55, 101,  57,  63,  56,  96, 114, 103, 144,  53,  54,  76, 194,  65,  24, 102,  45, 112, 196,  31, 104,  10,  47,  81, 126,  88,  91, 181,  79,  39,  44,  43,  77,  75,  19,  92,  64,  30,  80,  97, 124, 184, 193, 185, 166,  78,  40],
  [ 46, 141, 125, 101, 103, 114,  57, 144, 104,  53, 184, 102,  96, 196,  55,  24, 181,  56,  88,  91,  45,  47,  93,  21,  35,  20, 193, 124,  76, 106,   6,  23,  22,  59, 172, 105, 185, 178,  92,  54,  77, 173, 107, 145, 115,  10,  60, 140, 187,  34],
  [ 46, 141, 125, 103, 114,  76, 101, 144,  57,  96, 102, 104,  53,  55,  77,  24,  56, 184, 181,  91,  63, 196,  79, 124,  20,  65,  93,  81, 185,  47,  45,  21,  23,  35, 105,  88, 106,  92, 193,  22,   6, 194, 109,  75, 133, 145, 166,  54,  10, 172],
  [ 46, 141, 125, 101, 103, 144, 114, 104,  57, 184,  53, 196,  96, 102, 181,  88,  91,  24,  47,  93,  35,  20,  76,  21,  55, 185,   6,  92, 106, 193,  63,  45,  23,  22, 124, 145, 178,  56,  77, 105,  59, 172, 107, 133,  69, 173, 187, 109,  81,  54],
  [ 46, 141, 101, 125,  57,  53, 144, 103,  54,  45,  55, 196, 114,  47, 104,  63, 102,  96, 184,  56,  88, 100,  81,  24, 111,  44,  10,  92,  91, 181,  76, 193,  31, 124,  35,  20, 185,   6, 106,  65, 112,  23,  21,  93, 178, 145, 194,  69,  79,  22],
  [ 46, 141, 101, 125, 144, 103, 104,  96, 196, 114, 184,  57,  53,  24,  91, 181,  63, 102,  45,  47, 185,  93, 193,  92,  35,  88, 111,  20,  54,   6, 145, 178, 124,  21, 106,  23,  55, 100, 173,  22, 187,  76, 172, 107, 133, 140,  56, 105, 174,  77],
  [ 46, 101, 141, 125, 144, 184, 114, 145, 103,  92, 102,  88,  91,  93, 185, 104,  24, 196,   6,  96,  57, 181,  94, 126,  47,  20, 193,  59,  45, 107,  23, 106, 171,  53,  67,  22,  35,  21, 178, 105, 100,  70,  60, 174, 115, 133,  56,  34, 130,  55],
  [141,  24, 125, 181, 102, 193, 194, 126, 145, 130,  92,  88,  94, 103,  91, 143, 163, 166, 104,   9, 179, 174, 110,  68,  46,  20,  38, 114,  23, 106, 185, 119,  95,  21,  35,  96,  22, 177,  93, 124, 196, 160,  59, 162,   8, 133, 161, 175, 173, 138],
  [144,  77, 114,  35, 104, 187,  63, 181, 125, 103, 193, 185, 159, 141, 101,  91,  96, 107,  93, 172, 192, 133,  21,  22, 195, 173, 174, 105,  23, 115,  20, 179, 132,  80, 146, 140, 155,  79,   6, 118,  37,  34, 183, 106, 178, 164, 151, 196, 121, 123],
  [ 46, 141,  54,  24,  55, 125,  88, 101,  57,  53,  45,  56, 102, 126,  97, 194, 103,  44,  76, 181,  92,  81, 111, 114, 112,  10, 193, 196, 100,  39,  47, 185,  31, 144,  91, 104, 166, 124,  96, 184,  20, 143,  23,  63,  93,  40, 178, 163,  43,  58],
  [ 47, 187, 144,  63, 159, 111,  96, 196, 181,  53,  80,  35,  77, 172, 193, 103, 104, 173, 190, 101, 125, 114, 183, 109, 132, 191, 155, 168,  37, 133, 107, 118,  78, 192,  91, 141, 124,  23, 123, 169, 140, 105, 106,  36, 178, 151,  21,  22,  79,  34]],

