 
 
 [[ 44,  47, 114,  30, 169, 100,  26,  57, 126,  98, 129,  55, 155, 154, 156, 158,  71, 113,  37, 139,  41, 115, 143,  83, 127,  84, 141, 157,  54,  56,  45,  85, 118, 170,  75,  86,  11,  79,  43,  99, 133, 168,  39,  70,  20,  13,  27, 142,  31, 130],
  [121, 152, 108, 153, 118, 133, 126, 117,  11,  13, 130,  61,  94, 125,  46,  75, 139, 107, 182, 166, 124, 144,  22,  47, 147, 172,  25,  74, 181, 102,  26, 104, 123,   8, 162, 197,  14, 149,  27,  45, 192, 111, 151, 135, 143, 187, 171,  12, 176,  60],
  [ 49,  79,  53,  30, 159,  97,  89,   9,  62,  87, 112, 167,  75,  34, 108, 100,  36,  18,  43,  83,  86,  52,  88, 140,  66,   0,  78, 169,  96,  39, 155, 101,  68,  95, 141,  20, 127,  35, 113, 129,  37, 148, 151, 156,  33,  82,  57,  85,  70,  29],
  [ 49,  79,  53,  97,  89, 159, 167,  62, 112,  30,  34,   9,  87,  83,  52, 108,  50, 100, 140,  75,  68,  36,  38,  66,  96,  43,  82,  51,  37, 122, 127,  86,  78,  18,  95,  57,  90,  76,  35, 113, 101,  39,  88, 169,  77,  65,  81,  80, 157,  20],
  [ 49,  79,  53, 167,  89, 159,  30,  97,  34,  62,  87, 100, 112,   9,  68,  83,  82,  75,  96,  52, 169, 140, 101,  50,  36,  38,  43,  90,  39,  44,  66,  37, 108, 127,  86, 129,   0,  18, 141, 155,  95,  20, 110,  57, 156,  54,  80, 151,  76,  78],
  [ 53,  49,  79,  30, 112, 100,  97,  43, 167,  34, 159,  87,  39,  83,  86, 169,  89,  44, 113, 101, 140, 129, 155,  18,   9, 141,  57,  68,  75,  62, 156,  36,  56,  54,  85, 127, 158,   0, 154,  35, 148,  88, 114,  20,  70,  71,  38, 108,  52,  96],
  [ 79,  53,  49, 159,  30,  87,  89, 167, 112,  97,  43,  83,   9,  34,  68,  18,  36,  86, 100, 108, 141,  38,  62, 140, 148,  40, 169,  65, 101,  75,  50,  52,  88,  20, 156,   0, 151,  96,  37, 146,  70,  29,  82,  39,  78, 155,  33,  21,  85,  54],
  [ 53,  49, 167,  97,  79, 159, 112,  89,  34,  83,  87,  68,  62,  30,  50, 100,  38,   9,  43,  52, 140,  36,  82, 101,  96,  39,  90,  86,  18,  66,  78,  76,  64, 108,  57,  75,  51,  44, 141,  37, 169,   0,  95,  65, 127, 151,  20, 122,  33, 129],
  [155, 169, 140,  79,  97,  60,  43,  44,  56,  57,  74, 154,  84,  99,  54,  37,  59, 112, 157,  70,  18,  53, 141, 113, 159,  71, 156, 101,  69, 129,  85, 100, 114,  58, 168,  30,  26,  39, 181,  55,   0, 125,  73,  35,  29,  75, 127, 182,  27,  87],
  [123, 167,   0,  64, 136,  38, 100,  79,  53, 119, 140, 169,  89,  83,  82,  68,  52,  50, 112,  99,  65,  51, 106, 134,  87,  90, 155, 168, 164,  96,  72,  74, 156, 127, 101, 143,  20, 128,  22,  61, 154, 159,  49, 103,  98,  62,  86,  35, 129, 115],
  [ 49,  79,  53,  30,  62,  97, 167,  89,   0, 159, 100,  75, 112, 140, 108,  34,  52,  37,  66,  83,   9,  39,  86,  87,  44,  43, 129, 113,  95, 127, 155, 169,  78,  18,  82,  38, 110, 122,  90,  96, 101,  35,  81,  70,  36,  33,  65,  67,  56, 156],
  [ 18,  97,  33,  49,  30,  79,   9, 159,  75,  43,  53, 157,  62,  66, 156, 167, 146,  44,  87, 108,   0,  89,  36,  20, 110,  78, 140,  88, 113,  29,  34,  27,  74, 148, 125,  37,  85,  39, 169,  70,  35, 138,  51,  57, 122, 141,  10,  81, 166, 129],
  [159,  49,  97,   9,  53,  79, 167,  89,  95,  30,  62, 108,  90,  78,  34,  36,  18,  66, 151,  87,  52,  68,  50, 112, 147,  76, 100,  82,  75, 157,  91,  20, 101,  83,  57,  43, 145,  81,  96,  33, 122,   0,  44,  77,  51,  80, 148,  29, 169, 116],
  [ 30,  79,  49,  75,  43, 108,   9, 159,  29,  36,  18, 148,   0, 141,  85,  27, 157,  88,  86,  20,  87,  53, 151,  37, 100, 169, 129,  89,  74, 156,  44,  17,  39, 155, 146,  62,  11,  84, 125, 112,  70,  33,  97, 139, 138, 158,  15, 101, 154,  99],
  [ 30,  49,  79,  97,  43,  18, 113,  33,  75,  44, 169, 129,  34,  89,  53, 127, 100,  86, 112, 140,  37,   9,  71,  62,  57, 159,  87, 157, 156, 155,  83,  36,  85, 141,  20, 101,  35,  88,  39, 154,  54,   0, 114,  27,  99, 148,  56, 158, 167,  84],
  [ 49,   0,  30, 108,  43,  97,  53,  44,  75, 112,  33,  62, 159,  89,  65,  52,  18, 101, 140,  79, 100, 129, 113,  56, 155,  86, 154, 141, 127,  85, 125,  66,  96,  70, 151,  95,  78,  11,  82,  39,  29,  37,  54, 169, 114,  80,   1,  67, 146,  34],
  [159,  79,  49,  87,  53,   9,  97,  34, 112, 167,  30,  36, 100, 157, 169,  62,  43,  18,  86, 140,  83, 141,  89, 108,  75,  70, 151, 148, 155, 129, 101, 113,  37,  20,  85, 156,  39,  27,  56,  57,  29,  68,  35,   0,  74, 154, 127,  33,  65,  69],
  [ 79, 100, 112, 108,  30,  37, 169,  43,  44,  49,  53,   0, 129,  56,  99,  75,  97, 140, 141, 155,  18,  89, 113,  86, 154,  34,  84,  39,  29,  70, 156,  54,  57, 114, 127,  85, 159,  35, 139,  27,  87, 157, 101,  60, 115, 167,  62,  36,  20,   9],
  [167,  89,  79,  49,  30, 159,  97,   9,  53,  87,  36,   0,  18,  62,  68,  43,  34, 145,  20,  50, 156,  86, 141,  88,  90,  37,  38,  64,  83, 146, 119,  66, 169, 148, 110,  39, 108, 122,  28,  95,  93,  96,  44,  75, 106, 100, 140,  82, 129,  40],
  [ 97,  49, 159,  53,  79, 167,   0, 110,   9, 140,  62,  89,  96,  87, 108,  70, 112,  30,  66,  34,  90,  75, 122,  43,  52,  18,  95, 113, 100,  81,  68,  56,  36,  37,  82, 141,  76,  88,  57,  67,  77,  50, 157,  65,  38,  35, 156,  80,  44,  86],
  [ 30,  75,  49,  79,  37, 108, 159,  43,  18, 155, 151,  89,  27,   0,  70,  44, 100,  29, 125,  74, 158, 156,  86,   9,  56, 169, 157,  53, 140,  60,  59, 154,  20,  84,  87,  36,  97,  34,  21,  11, 181,  10,  69,  65,  88,  26, 167, 138, 148, 129],
  [ 79,  97,  53,  49, 159, 169, 112,  62, 155, 140,  70, 113,  74,   9, 101,  34, 157,  43,  87,  89,  18,  33,  35,  30,  37,  57,  20,  54,  27,  75,   0, 100, 154,  83, 110,  52, 141, 122, 116, 156,  44, 151,  86,  68,  66,  82,  56, 114, 167,  65],
  [  1,  79,  50,  68,  40,  91,  83,  88,  78, 167,  87,  49,  89,  52,  64,  34, 104,  38,  96,  76,  80, 105,  53,  82,  24,  97, 145,  77,  31, 126, 116,  63,  90,  54, 147,  62, 148,  92,  81, 112, 106, 122,   9,  42,  66,  32,  35, 159, 169, 101],
  [145,  98,  60,  31, 183, 124, 106,  46,  84,  42, 164,  99,  32,  64, 150, 102,  40, 126,  72,  54, 100, 169,  58,  47, 182, 171,  79, 117, 165, 161,  24,  12, 114, 132, 142, 163, 160, 154,  25,  28, 149, 144,  45,  41,  48,  55,  89,  74, 168,  14],
  [109, 123, 122, 106,  96, 102, 152,  82,  48,  63, 103,  22,  80, 181,  67, 111,  76, 119,  52, 159,  81,  23, 105,   0,  77,  91,  95, 173, 104, 107, 164,  90, 121,  61, 176, 151, 134,  93, 165, 153,  65, 110, 163, 116, 171, 140,  97,  32, 136,  62],
  [ 97,  18, 112, 108, 169, 154,  33,  34,  44, 146, 159, 129, 113,  79, 141,  53, 116,  49,  54, 160,  36, 140, 155, 167,  48,  61,  78,  65, 157,  46,  20,  87,   9, 156,  30,  83, 100,  85,  57,  86,  82,  59,  32,  52, 101,  70, 138,  96,  56, 127],
  [ 30,  75,  49,  43,  44, 155,  37, 156, 139,  79,  18,  70, 125, 129, 169,  27, 157,  85, 108, 127, 100,  86, 113,  11, 159, 141,  56, 140, 158,  97,  36, 151,   9, 148,  21,  87, 168,  39, 154,  88,  62,  17, 114,  29,  20, 101,  15, 143, 170,  84],
  [ 49,  30,  97,  79,  53,   0,  89,  43,  18,  44, 112, 100, 169, 167, 159, 140, 108,  75, 113,  86,  62, 141,  34, 155,  87,   9,  39, 156, 101, 129,  37,  33,  70, 154,  96,  54,  29, 110,  20,  83,  52, 127,  66,  56,  88,  57,  35, 114,  99,  36],
  [ 83,  43, 112,  53, 101,  87, 141,  40,  30,  44,  86,  33,  38,  39,  97,  68, 100, 159, 156,  99, 169,   0,  34, 129,  49, 154, 140, 148,  79,  20, 113, 167,  18,  51,  56, 155,  36,  89,  85,  71,  65,  84, 146, 114,  54,   9,  57,  27, 157, 183],
  [ 49,  79,  97,  53,  96,   0, 141,  30, 108, 112,  75, 140,  56, 154,  52,  18, 113,   9,  66, 159, 169,  62,  61, 157,  35,  44,  74,  57, 100,  34,  84, 167,  88,  67, 129,  89,  87,  95,  43, 130,  82, 155,  70, 123, 127, 110,  54,   8,  39,  27],
  [108,   0,  49,  44,  62,  75,  30, 100, 129, 140, 139, 169,  61, 113,  66,  53,  97,  89,  93,  18,  37,  67, 136, 110, 155, 141,  90,  95,  79,  70,  60,  81, 125,  32, 166,  33,  99,  29, 167, 112, 156, 101, 120, 168,  11, 154,  59, 127,  39, 135],
  [ 97,  49,  34,   9,  66,  88,   1, 157,  33,  62, 122,  91, 150, 148, 120,  57,  28, 110,  53, 167,  78, 116,  52,  81, 106, 107,  77, 105, 129, 159,  96, 146,  90,  93, 104,  87,  67,  31,   8, 113,  51,  76,  19, 160,  23, 109, 119, 147,  40,  95],
  [166, 139, 157,  59,  70,  61,  14,  33, 125, 128, 113,  18, 118,  20,  44,  11,  16, 170,  56,  55, 156,  29, 196,   8,  27,  30,  85,   2, 141,  57, 172,  10,  75,  13,  73, 160, 187, 197, 154, 169,  17, 155, 168, 183,  86,   3, 185,  35, 184, 114],
  [146, 196,  18, 189, 185, 186,  16,   7, 116, 175, 184,   3, 193, 187, 178, 195, 172, 192,  88,  78, 179, 180,   4, 108,  94, 177,   2,  73,  74,   6,  10, 188, 194, 176, 124, 160, 190,  33, 191,  28, 197, 163, 121, 148,  29, 166,   8,  22, 174,  20],
  [ 10,  11, 160, 108, 172, 181,   6, 197, 166, 146, 170,   0,  59, 185,  14, 192, 184, 165,   2, 153,   7,  73,  28,  30, 183, 186, 161,  19,   4,  74, 175,   8, 171, 180, 191, 190, 177, 189, 179, 196, 194, 195,   3,  15, 188, 149, 176, 150, 124, 120],
  [156,  30,  18, 136,  11,  17,  10, 139,   3,  28,   6,   7, 166, 110, 181,  88, 167, 186,  27,  74, 196,  14, 192, 170, 164,   5,  87, 148,  75, 193, 190,  73, 194, 191,   2, 180, 174,  16, 189, 176, 177, 195, 143,   4, 188, 178, 179,  43, 187, 172],
  [167,  53,  89,  90,  64,  68, 159,  82,  49,  97,  78,  50,  79,  52, 112,  34,  87,  83, 119,  81,  96,  76,  66,  77, 105,  18,  62, 151, 123, 109, 136, 140, 120, 108,  63,  38,  93,  20,   0,  24, 146,  36,  67,  65,  80, 141, 101,  92,  51, 100],
  [167,  89,  97,  34,  50,  37,  66,  53,  79,  57, 122, 106,  64,  49,  62,  90, 145, 119,  76, 136, 157, 164,  67, 100,  83,  51, 159, 113,  92,  44,  95,  18,  77,  54,  81, 140,  63,  31,  98, 169,  93, 110,  23, 118,  82,  91, 151, 109,  96, 108],
  [121, 124,  22, 165, 163, 184, 152, 134, 132, 185, 117, 172, 153, 171, 106, 160, 189, 192, 176, 162, 197, 195, 175, 196,  94, 180, 149, 187,  13, 173, 182, 191,   2, 179, 194, 186,   8, 181,  58, 177, 166,   6, 188,  92,   7, 190,  31, 178,   3, 183],
  [ 44,  30,  86, 113, 155,  57, 100, 169,  43, 114,  54,  97, 136,  56, 129, 139, 126,  49, 156,  75,  70, 115, 158,   0, 116,  45,  39, 168,  18, 128, 154,  99, 141, 125,  85,  55,  88, 159,  59,  71, 101, 130, 133,   1,  35,  33,  20,  84, 143, 140],
  [ 53, 167,   0,  68,  24,  23,  52,  96, 159,  78, 119,  87, 112,  33,  97, 141, 108,   9, 120,  39,  90,  82,  86,  93, 101,  62,  76,  30,   8,  34,  50,  49,  38,  40,  81,  35, 148, 150,  10, 122,  51,  67,  65, 129,  56,  95,  83,  80,  26,  20],
  [ 30,  75,   0, 139,  11,  70, 108, 166,  86,  27,  43, 125, 129, 157, 155,  10,  56, 113,  44,  29, 156, 169,  85, 141,  37, 148,  79,  39,  14,  18,  49, 170,  21, 158,   8,  17,  15, 128, 143,  20,  12,  60, 140,  26, 127,  84, 154, 181,  33,  55],
  [ 30,  75,  43, 139,   9, 156,  27,  18,  11, 141,  10,  79,  49,   0, 108,  85,  88, 148, 129, 157,  17,  44, 125,  70,  29,  36,  21,  56,  86, 155,  37, 181, 169,   4, 146,  20,  16, 113,   3,  87,  97, 150,  39, 166,   8,  59,  15, 158, 159, 154],
  [  0,  33,  66, 113, 141,  61,  62, 139,  93, 107,  18,  43,  97,  39,  44,  67, 129,  49,  30,   8,  95,  23,  99,  48,  85,  53, 125, 183,  81,  51, 123,  56,  29, 110, 154, 136,  79, 166, 122,  20, 150,  52,   9,  35, 161,  96,  82,  88, 114, 111],
  [108,  25, 139,  30, 129, 141,  44,  33,  85,  48, 113,  18, 100, 125,  99, 169,  39,   0,  29, 130,  20,  17, 156, 166, 155,  43, 135,  71,  75,  11,  86,  27, 133, 118,  56, 154, 101,  45, 126, 146,  26,  46,  59,  36,  49,   9, 128,  12, 159,  13],
  [ 30, 108,  33,  75,  11,  85,  49, 113,   9, 157,  86, 129,  97,  70, 141, 155,  18, 148,   0,  36, 170, 139,  27,  78,  25,  29,  15,  20,  44, 159,  62,  10,  56,  43, 156, 125, 158,   8,  14, 166, 112, 151,  95,  17, 127,  55, 101,  57, 169, 130],
  [139, 181, 172, 138, 150,   4,  11,  10,  16,   7,  27, 146, 185, 166,  61,   9,  69,   2, 175, 177, 180, 178, 191, 192,  73, 184,  59, 190, 187,   3,  14, 195, 179,  18, 186, 118, 194, 193,  30, 165, 108, 176,  21,  12,  29, 170,   8,  17, 162, 125],
  [152, 172, 181, 166, 162, 153, 118,  59,  11,  74, 160,  44, 125,  61, 124, 133, 108, 155,   2,  12, 184, 139, 185,  30, 197,  73,  18, 195, 180, 154, 130, 175,  75,  14, 121,   3,  25, 187, 196, 186, 136,  16, 192,   7, 157,  27,  60, 182,  19, 128],
  [ 33,  13,   2,  25, 146, 149,   4, 165,  73,  15,  85, 166, 171, 172, 125,  10, 150, 116, 173, 184, 160,  59,   6, 185, 141,  14, 162, 155, 197,  17, 170,  45,   7, 139, 156,   8, 128, 196,  74,   3, 163, 192,  20, 195,  55,  26, 133, 118, 180,  11],
  [ 61, 121, 182, 124, 162, 171, 163, 144, 184, 183, 117,  58, 165, 152, 172,  13, 132, 164,  14, 139, 166,  26, 128, 161, 130,   2,  45, 142,  59, 185,  60, 196,   7, 175, 187, 181, 153, 118, 160,  12, 180, 195,  22, 197,  99,  46,  55,   3, 192, 176],
  [121, 152, 124, 117, 160, 104,  22, 162, 171, 128, 105, 165, 163,  61, 153, 144, 149,   1, 109,  11,  31, 172, 183,  58, 197,  94, 134, 116,   8, 185, 181, 170,   6, 120, 192,  10, 182, 107, 166,  19,  32, 189, 123,  13, 132, 126, 176,   2, 142,  14],
  [ 31, 117, 153, 124,  42, 126, 150, 165, 189, 149,   6,  13, 144,  22, 188, 187, 152,   1, 192, 185,  17, 132, 164,  98, 163, 171, 182,   7, 197, 143,  28, 180, 142, 172, 162, 181,  16, 194, 195, 191,  40, 177, 178,   3, 179,  55,   2, 196, 175, 176],
  [121, 124, 163, 117, 162, 182, 184, 132, 165,   7, 171, 187, 161, 183,  13, 176, 185, 180, 181, 192, 195, 166, 172, 139, 175, 191,  61, 177, 142, 194, 150, 196,   3, 164,   2, 179, 152, 186, 189, 144, 118, 190,  12,  14,  58, 178, 188,  11, 197,   6],
  [121, 134,  22,  23, 162, 163, 171, 135, 185, 184, 124, 164, 117, 165, 106, 132, 136, 152,  61,  94,  13, 161, 183, 196, 173, 176, 180, 175, 195,   2,   6, 172, 166,  45, 187,  72, 186,  26, 191, 177, 192,   7, 179, 188,  10, 149, 144, 189, 194,   5],
  [ 30,  33, 108,  11, 139, 113,  85, 170,   0, 125,  75, 157, 166,  25, 141, 129,  27,  56,  43,  44, 154, 130,  49,  70,  86, 155,  10,  15, 148, 156, 114, 169,   8,  39, 197,  14, 128, 151, 133,  45, 118, 100,  54,  18, 144, 146,   2, 149,  62, 116],
  [ 30,  75,  43,  49,  18,  33, 108,  44, 141,  79, 159,  27,  86, 139,   0,  37, 157,   9, 129, 155,  85,  29, 125,  20,  70,  39,  56,  36,  11, 156, 148, 113,  17,  97, 151,  88, 100, 146,  59, 166,  10, 154, 169,  25,  57,  15, 118,  84,  62,  16],
  [108,  49,   0,  30, 129,  33,  95,  97,  56,  44, 113,  85,  62,  11, 125,  75, 159, 170, 155, 157,   9,  66,  71, 151, 101, 141, 139, 154,  27,  25, 105,  20,  43,  70,  46, 122, 140,  10,  14,  29, 118,  67,  15,   8,  78, 130, 114,  18,  94, 133],
  [108,  30,  49,  33,  95,  75, 152,  94, 151, 159,  11, 166,  10,   8,   0,   9,  18, 105, 129,  66,  27,  67,  93,  29, 146, 116, 118, 139, 120, 141, 119,  97,  25, 172,  62,  20, 130, 133, 155, 125,  86,  23,  81,  44, 113,  17,  16,   6,  59,  76],
  [ 30,  33, 159, 108,  43, 141,  49,   9,  44,  18,  85, 129,  75, 155,  37,  39,  86, 113,  20,  79,  36, 148, 157,  53,  87,  97,  29,  27,  11, 151, 156, 139, 112,  56,  62,  17,  34,  15, 125, 101, 127, 170, 167, 158, 100,   0,  89,  70,  71,  78],
  [112,  79,  30,  49, 129,  33, 159,  97,  34,  18, 100, 157, 148,  75, 169, 141,  44,  43,  86,  85,   9,  20, 155,  53, 108,  87,  36,  57,  56, 113,  70, 156,  27,  35, 154,  62,  39,  71, 101,  83, 127, 139, 114,  29,  78,  54, 151,   0, 140,  99],
  [ 97,  49, 122,  62,  66,  30,  53, 168, 159,  78,  44,  95,  91,  75,   1, 110,  18,  57, 113,  79, 167, 157,  52,  89,  90, 108,  33, 140,  81,  76, 112,   9,  77, 114,  34, 127,  82,  43,  67,  96, 105, 129, 155,  37,  88,  93,  71,  70, 147, 100],
  [ 79,  37,  36,   9,  30,  43,  87,  75,  27, 145, 159, 157,  17,  20,  88, 139, 156,  18,  29,  86, 167,  57,   4, 141,  33,  16, 118,  69, 138, 169,  39,   3, 146,  84,  28, 133, 148,  97,  85, 150,  12,  15, 116,  10,  89, 193,  74, 174,  73, 187],
  [121, 124, 152, 163, 162, 164, 117, 184, 171,  61, 182, 165, 172, 132,  31,  22, 185, 183, 166, 160,  13, 150, 175, 187, 180, 196, 153, 144, 192,   7,  42, 161,  46, 189, 181,   2, 195,   3, 176,  16,  58, 191, 197, 186, 194, 177, 179,  14,   6, 190],
  [121, 163, 165, 117, 124, 162, 144, 152, 132,  13, 171,   8, 104, 184,  46, 150, 173,  25, 185, 134, 149, 142,  47,  92,  48, 182, 126, 172, 183, 137, 192, 187, 103, 118,  61, 195, 176, 106, 107, 175, 102,  94, 161, 191,  58,  72,   6, 145, 180, 120],
  [149, 148, 117,  10, 189,   2,   6, 160,  31,  78,   8,  21,  19,  40,  85, 188, 192,  11, 144, 197, 196, 185, 157, 177, 180, 187, 162, 195, 193, 179, 178, 176, 191,  73,  72, 172,   7, 166, 142,   3, 175,  16,  15, 194,  13, 132, 190,   1, 153,   5],
  [ 30,  31, 148,  18,  11, 141,  16,  36, 139, 156,  20,  17,  86, 146,  33,  10, 157,  19,  85,  42,  29, 166, 126,  40,   3, 169, 193,   6, 188,  88, 142,  21,   5,  99,   8,  34, 187, 149,  27, 189, 131,  84,  87,   7, 177, 192, 180, 196,   2,  39],
  [124, 121, 163, 165, 106, 171, 134,  22, 132, 164, 130, 184, 152, 126, 117,  46, 144, 183, 162, 153,  42, 104,  58, 172, 145, 182, 103,  31, 173,  48,  47,  61,  92,  63, 102, 150,  98, 185,  32,  94,  13, 135, 137, 161,  23,  99, 118, 175, 109,   6],
  [152, 121, 124, 163, 117, 171, 165, 162,  22, 126, 132, 184, 164, 144,  94, 107,  46, 104,  13, 172,  31, 182, 134,  25, 150, 183, 185,  61, 153, 160, 133, 166, 118, 161, 187, 192,  92,  14, 173, 197, 103, 180, 175,   2,  42, 196, 189, 195,   6, 181],
  [121, 134,  22, 152, 162,  23, 163, 109, 165, 117, 171, 173, 106, 124, 176, 104,  94, 119,  61, 132,  63, 107, 185, 130, 105,   8, 123, 160, 135, 149,  92,  13, 120, 184, 102, 175,  65,   6,   2, 161, 103, 144, 153, 195, 111, 192, 186,   5, 197, 180],
  [ 49, 108,  30,  97,  53, 159,   9, 112,  75,  36, 167,  62,  79,  34, 141,  37,  89,  18,  33, 157, 129,  20,  39, 155,  87,  56, 100, 151, 127,   0,  86, 140,  70, 113,  65, 148,  95,  43,  29,  78,  44,  52, 101,  57, 169,  27, 154, 156,  85, 170],
  [ 30, 113,  33,  43,  18, 129,  97, 141,  86,  44,  85, 156, 108, 169,  20, 157,  36, 159, 155, 139, 112, 140,  39,  49,  75,  11,   9,  79,  57, 100,  27,  56, 154,  29,   0, 170,  71,  70, 148,  99,  37, 127,  34,  15, 167,  87, 114,  25, 125,  10],
  [ 30,  11, 139,  43, 108, 166,   0,  75,  33,  44,  27, 181, 141, 129,  10,  25,  29, 125,  85,  59,  17, 118, 155,  12, 172, 154,  56,  86,  18,   2, 133,  37,  70, 197,  16,   3, 157,   7,  14, 170, 113,   8,  21,  61, 180,   4, 130, 156,  20, 183],
  [ 49, 159,  30, 108,  53,  75,  97, 151, 167,   9,  62, 112,  86,  70,  79, 100, 127, 155,  36, 157, 141,  87,  18,   0,  89, 113,  43,  65, 140,  96,  95,  37, 129,  78, 122,  52,  33, 101, 116, 156,  34,  39,  27,  66,  56,  57,  44,  90, 170,  80],
  [ 49,  53, 159,  97,  79, 167,  89, 112,  62,  30, 100,  34,  87,  68,  83,  52,   9,  38,  82,  96, 101,  86,  43,  75,  39,  50,  33,  66, 108, 141,  36, 140,  18, 127,  65, 122, 151, 155,  90, 129,  80,  76,  37,  95, 113,   0,  57,  44,  78,  81],
  [ 79, 167,  37,  89,   9, 145, 159,  36,  30, 141,  53,  39,  83,  97,  20, 112,  87,  18,  75,  49,  34, 138, 108,  21,  86,  62, 127,  29,  57,  51,  16,  50,  88, 146, 174,   0,  65, 157,  17,  84, 137,   4, 156, 140, 169,  27, 193,  69,  43,  56],
  [168,  44, 140, 113,  97,  57, 114,  18, 157, 155, 164,  33,  99, 110, 169, 170, 116,  55, 154,  61,  98, 136,  59, 139, 126, 127, 182,  71, 156,  37, 172, 115,  74,  73,  14,  31,  51, 166,  22, 103,   1, 153,  60,  84, 138,  83, 118,  26,  64, 167],
  [121, 152, 124, 163, 117, 165, 162,  22, 134, 171, 132, 104, 184, 107,  61, 185, 161, 144,  94, 150, 172, 182,   8, 102,  13,  92, 176, 192, 173,  46, 149, 106, 175, 183, 160, 195, 103, 120, 187, 166, 153,   6, 126,  58, 189,  23, 180, 191, 142, 109],
  [121, 152, 104, 134, 102, 124, 107,  22, 103, 111,  94, 109, 120, 165,  23, 163, 117, 171,  92,  63, 162, 105,  91, 132, 173, 106, 172, 123, 133,  61, 184,  67, 144,  48,  47, 153, 182,  46,  13,   8,  76,  81, 118, 119, 183, 160,  93,  25, 185, 161],
  [121,   1, 181,  11, 158,  43, 182, 117, 176,  41,  60, 110,  12, 143,  21,  58, 124,  14,  70,   7, 142, 139, 163,  38, 152, 144, 170,  72,  40,  99, 161,  55, 162,  35,  61, 183, 101,  42,   5,  10, 164,  45, 140, 125,  19, 166, 192,  69, 190, 138],
  [ 61, 139, 136, 183,  44, 181,  60, 156,  70, 164, 143, 125, 128, 155, 110,  43, 168, 114,  59, 140, 182,  12, 170,  14, 161, 157,  27,  56, 154, 166, 171,  26,  37, 169, 129,   5, 113, 115,  58,   2, 118, 127,  11,  84,   7,  99,  74, 133, 197, 160],
  [121, 152,  61, 124, 144, 163, 117, 126, 162, 182,  46, 165, 183, 134, 103, 171,  48, 104, 150,  47, 132,  58, 107, 123,  13,  22,  98, 111, 184, 142,  42,  45, 161, 145, 102, 172,  99,  31,  60, 133, 173, 139,  25, 160, 118, 135,   8, 137, 114,  64],
  [152, 121, 124,  22, 104, 134, 163, 171, 117,  94, 165, 107, 103, 126, 164,  46,  92, 132, 184,  91, 109, 106, 102, 162, 120, 144, 153,  31,  63,  23, 111, 172, 123,  13, 105, 182,  64, 173, 160, 161, 149, 145, 185, 183,  42, 150, 133, 136,   6, 192],
  [121, 163, 124, 117, 152, 165, 162, 184,  13, 134, 171, 144, 132,  22, 161, 185, 176, 173, 150, 149, 182,   8, 107, 187, 166, 195, 192, 172, 180, 175,  94, 191,   7, 183,  45,   2, 177, 179, 189, 186, 196, 181, 194,  61,  23, 142, 135, 188, 190,   3],
  [181, 108, 172, 166, 152, 139, 185,  11, 121, 153,  10, 187,  30, 118, 195, 176,   7, 175,   2,  16, 162,  13,  21,  27, 180, 192, 184,   4, 177, 178, 186, 130,  59, 179, 191, 197, 196, 188, 194, 190,  73,   6,   3, 136, 135, 189,   8, 124,  20,  61],
  [108,  33,  30,  49, 159, 129,  43,   9,  62,  97,   0, 141, 139,  75,  95,  27,  20,  44,  53,  18, 151,  11,  36, 125, 157, 122,  56,  37,  29,  85, 170,  39,  10, 113, 155, 112,  66, 156,  86,   8,  15, 166,   4,  70, 146,  17, 118, 148,  74, 133],
  [ 30,  18, 139,  33,  44,  75, 129,  49,  27,   0,  43,  11, 156, 113, 125,  20, 108, 166,  97,  10,  88, 155, 136,  29,  70,   9,  85, 141,  17,  59,  62, 154, 181,  25, 157,  14, 122,  56,  74,   2, 169,  86,   4,   3,  66, 118, 116, 170,  12, 133],
  [ 75, 113,   0,  30,  11, 129,  56, 155,  44,  43, 108, 125,  70, 139, 128, 127, 170,  61,  85,  14, 115, 157,  27, 143, 158, 130, 141, 118, 166, 181, 100,  29, 114,  37,  45, 168,  49,  33,  99,  10, 183,  12, 140,  15,  86,  59,  60,  55,  18,  84],
  [  0, 100, 159,  89,  49,  86,  53,  43, 112, 167, 108,  30, 141,  38, 113,  44, 129, 119,  65,  96,  79,  87,  52,  97, 130,  62,  39, 161,  18,  34,  37,  99,  75,  56, 151, 140, 169,  95,  36, 137,  70,  20,  10,  50,  82,  68,  27, 155, 135, 154],
  [129,  53,  97, 112,  44,  48, 154, 122,  33,  49, 108, 167, 141, 159, 123, 113,   0, 130,  62,  39,  20,  52, 100, 139,  56,  61, 140, 183, 114,  34,  79,  27, 110,  51,  66, 119,  82, 150,   9,  86,  25, 144,  99, 115,  57, 156,  98,  67, 160,  71],
  [164, 136,  22,  61, 134, 152, 124, 109, 171, 123, 168, 183, 162,  64, 160, 153, 128,  44,  31, 103,  98, 135, 172, 154, 114, 170,  46, 182,  59, 121, 118, 110,  99, 102, 169, 117, 185, 197, 184, 139, 166, 133, 132,  14, 105, 140,  54,  25, 111,   2],
  [124, 121, 152, 117, 163, 126, 171, 165, 144, 104,  58, 160, 134,  22,  94, 149,  92, 132,  46,   1, 162,  13,  72, 184, 182,  45,  42, 150, 120, 183, 102, 172, 153, 185, 142, 176,   6, 123, 189, 161,   8, 192,  24,  31,  47, 105, 173,  98, 107,  32],
  [121, 124,   1, 104, 152, 117, 126, 120,  22, 134, 163,  47,  94, 165, 107, 149, 182, 102, 144, 103, 132, 171, 162, 111, 172,  92,  78,  46,  91, 109,  13, 150, 160, 105,  80,  58,  63, 161, 142, 176,  21, 184, 185,  24, 192,  45, 153, 181,   8,  19],
  [ 63, 109, 102, 104, 152, 111, 119,  82,  67,  76, 106, 105,  91,  80,  81,  96, 103,  77,  90,  66,  52, 122, 123,  94, 134, 107,  95,  93,  50,  38,  65,  22,  64,  62, 110,  23, 136,  32,  92,  49,  53,  68,  48, 121, 147, 164, 151, 124,  51, 116],
  [121, 124, 152, 163, 165, 117,  22, 171, 132, 184, 134, 182, 164, 104, 172,  94, 144, 173, 162,  13, 103, 183,  92,  46, 153,  31, 185, 106, 107, 161, 126, 160,  61, 150, 175,  58, 192, 102, 123, 187,  98, 189, 109, 118, 196,  47,   6,  23,  42, 195],
  [104, 152, 147, 151, 168,  78, 109, 121,  91, 107,  94, 110, 105, 133, 153,  25,  81, 111, 122,  77,  11,  67,  76,  66,  80, 106, 103,  22, 102,  63,  95, 136, 172, 170,  74,  62, 166, 162, 157,  32,  14, 164,  75,  93,  19, 145,  90,  82, 124,  46],
  [121, 152,  92, 124, 134, 165, 163, 117, 109,  22, 126, 104, 120,  94,  46, 123, 173, 103, 132,  63, 184, 107, 137, 171, 182, 144, 172, 102, 135,  64,  91, 162, 160,  48, 111,  61, 153, 105,  24,  50,  23, 185, 118,  13,  98, 161, 133, 150, 183, 145],
  [121,  22, 152, 163, 134, 171, 165, 103, 106,  13, 117, 144, 124, 184, 107, 132, 104,  94, 173, 161, 172,  48, 185,  23,  25, 130, 153, 133, 162, 187,   2,  92, 182, 123, 118, 195, 196,  14, 166,  61, 183, 175, 135, 136, 192, 137,  58, 176, 180, 142],
  [152, 134, 162, 171,  46, 121,  61, 117, 124,  22,  13,  45,  25, 163, 160, 135,  94, 144, 149,   0, 165, 172, 185, 183, 128, 153,  23,  48, 118, 184, 126,   2, 123, 146, 139, 120, 166, 132, 130, 133,   6, 161,  72,  58, 136,  10,  14, 150, 129,  26],
  [139,  11, 141,  33,  30, 108, 156,  85, 157,  70, 170,  10,  86,  36,  27, 146, 148,  25,  17, 113,  20,  14, 129,  18, 166,  15,  75, 125,  43, 169, 151,  56,   9, 149,   2,  21,   8,  61,  78,   6, 138, 183,   4,  44,  29, 159,  99, 155, 144,  69],
  [108,  95,   0,   9, 146,  94,  75, 107,  78,  66,  23,   8,  93, 172, 136,  10,  30,  49,  33, 105, 166,  11, 120, 118,  81,  67,  14, 184,   4,  25, 109, 185, 159, 181, 170,  27,  90,  18, 119,  62,  77, 192, 122, 125,  97, 111,   6,  20,   2,  36],
  [108, 172, 166, 113, 170,  10,  11, 181, 133, 139, 116,   0,  95, 152, 136, 122, 118,   2, 153,  22, 107,  14,  94,  61,  13, 185, 130,  30, 162,  33,   8,   6,   4, 184, 197,  78, 120,  75,  73, 121, 105, 165,  85, 150,  27,  91,   7, 175,  23,  15],
  [108, 152, 139, 107,   0, 133, 166,  61, 121, 136,  22, 125, 118,  75,  30,  33,  11, 135,  95, 172,  25, 134,  27,  93, 113, 170,  44, 129, 162,   8, 181, 111,  67,  94,  17,  13,  21,  23, 130,   2, 146,  14,  10,   4,   7, 161,  29,  56, 128, 197],
  [152, 104,  22,  46, 134, 107,  94, 105, 116, 121, 111, 133,  33,  23,  66,  91,  61,  13, 124, 163, 165, 170,  67,  63, 103, 109,  71, 118, 117,  14, 102, 171, 166, 153,  52,  25, 172,  81,  48, 113,  76, 136,  78, 184, 162, 119, 160,  32, 145, 144],
  [  1,  11,   8, 172,  19, 117, 166,  78,  85, 121, 147, 157,  30, 149, 138, 192, 126,  15, 125, 108, 148,  25, 187,   2,  13, 170, 142, 185,  21, 165,  16,  33, 144,  10,  75, 177, 195,   6, 160, 163,  74, 189,  14,  27, 162, 197, 180,   3,  69, 153],
  [126, 144,  47,  46,  99,  71,  58,  98,  45,  42, 130, 117, 154,  84, 114,  56,  85, 121,  13, 113, 112, 115, 142,  33,  55, 183,  32,  25, 150, 108, 129,   8, 157, 170, 182, 141, 124,  60,  15,  69, 143,  61,  31, 140,  11,  72,  28, 163, 166,  86],
  [  1, 121, 104, 117, 152, 105, 124,  78,  92, 160,  91, 126, 109, 144, 165,  46, 163,   8,  94, 147, 107,  31, 120,  63,  24,  47,  22,  19,  32,  80, 134, 150, 132, 149,  50, 182,  76,  52, 103, 162, 197, 189,  54, 111, 116, 172, 185,  13, 173,  42],
  [ 50,  38,  96,  82,  76,  63,  52, 106,  64,  80,  53, 119,  89,  67,  91,  68, 109, 111,  51,  49,  81,   0,  77,  62,  95,  90, 105,  93,  65, 167, 122, 102,  92,  66, 103, 104, 123,  48,  83,  97, 134, 100,  40, 140,  78, 145, 107, 101, 136,  98],
  [ 31, 117, 126, 144, 150, 182,  46,  98,  42, 124,  13,  47,  99, 145, 163,  74,  25,  12,  60,  71, 142,  84,  41,  45, 132,  55, 183, 165, 172, 171,  85, 121,  88,  26, 143, 154, 187, 161,  29, 152, 149,  69, 160, 158,  72,   7,   1,   3, 114,  54],
  [ 61, 140, 168, 121, 110, 162, 127, 102,  48,  66,  32, 115, 183, 182, 123,  46, 111, 108, 124,  19,  62,  14,  94, 103,  51,  93,  37,  35, 163, 152, 112, 134, 164,  60,  67,  63,  81,  99, 165, 109,  69,  33, 128, 144, 139, 120, 160, 157,  52,  78],
  [104, 106, 109,  92,  23,  50,  68,  63,  64, 119, 105, 134, 173,  91,  24,  38, 137, 120,  76,  82,  77, 152,  22,  40, 149, 107,  81,  94, 163, 165, 122, 103,  90,  96,  93, 123,  67, 102, 111,  52, 150, 132,   1, 171, 117,  51, 121,  80, 116,  95],
  [167,  23,  64, 106,  89,  90,  50, 134, 120, 135,  33,  81,  77,  92,  94,  76, 119,  91,  82,  93,  63, 145,  78,  51,  67,  95,  66,  24,  53, 161,  28, 102,  68,  26,  20, 107, 136, 105,  38, 109,  22,   6,  97,  83, 173,  52, 137, 164,  62, 104],
  [152, 121, 124, 117, 163, 172, 104, 165, 162,  13,  22, 153, 107, 126, 184,  46, 144, 166,  94, 132, 118, 171,  25, 133, 185, 182,  31, 197, 187, 192,  11,   8,   2, 170,   1,  14,  61, 196, 160, 175, 195, 188, 180, 164, 189, 150, 173, 191, 120,   6],
  [ 11, 172, 170, 185,   7,  10, 162, 186, 121, 166,   6, 136, 184, 181,   2, 175,  23, 188, 192,   4,   3, 176, 191, 177, 195, 180, 108, 178, 179, 194, 190, 173, 187,  14,  73, 161, 193, 120, 196, 165,   8, 106, 135, 132, 163, 174, 118,  17, 189,  30],
  [139, 166,  30,  11, 125,  33,  14,  10,  75,   0, 118,  27,  85, 172,   2,  25,  17,   3,  18,   8, 113, 156, 181,   4, 136, 170,  29,   7, 128,  61,  59, 162,  13, 197, 129, 180, 133,  16, 183, 195,  73, 184, 192, 152, 187, 108,  20, 196,  44, 146],
  [ 30, 139,  33, 170,  44,  11,  25, 166, 113,  43, 129, 156,  85,  17, 133, 125, 157,  27,  75, 118, 108,  10,  18, 141,  86,  29,  15,  14, 155,   2,  13,   0, 172, 130,  70,  59,  56,  39,  26,  20,   3,  45,   6,   4,  55, 197, 183,   7, 154,  12],
  [108,  11, 118, 139, 166,   0,  25,  30,  75, 170, 113,  33, 172,  14, 125, 152, 136, 133,  29,  10,  27, 162,  43,  44,  18, 181,  95,   8,   4,  85, 151, 129,  61, 153,  17,  12,   2, 168, 184,  94,  13, 107,   7, 135,  59, 185, 115,  37,   3,  49],
  [ 33,   0,  13, 108,   4,  20, 137,   8, 166, 159,  25,  14,  86, 144, 130,  69, 184,   6,  29,  27,  10, 163, 139,  11,  39, 138, 151, 118,  30, 187, 113, 170,   7,   2,  28,  47, 196, 175,   9, 117, 150, 195,  75, 177, 173, 146, 172, 165,  55,  94],
  [ 30,  79,  43,  37,  18,   9,  75, 159,  36,  20,  87,  86,  88,  27, 157,  85,  70, 169, 156, 141,  29, 148, 155,  44,  49,  39,  97,  57,  34,  11, 125, 158,  16, 113,  84,  17,  33, 139,  74,  10, 138,  56,  69,  15, 151, 167, 129, 154,  28,  41],
  [ 49,  97,  53,  79,  89,  34,  62,  66, 112,  83, 167, 140,  50,  18,  82,  30,  52,  44,  33,  37, 157, 101,  71, 100, 110, 154,  57, 114, 169,  75, 113,  76,  54,  90,  91,  51,  96,  81, 127, 108, 129, 159, 168,  77,  67,  98, 151,  68,  87,   1],
  [121, 163, 152, 117, 165, 171, 124, 162,  22, 132, 161, 106, 107, 164, 184, 104, 134, 173, 185,  94,  25,  92,  13, 176, 182, 172, 192,  61, 175, 180, 153, 195, 191, 181, 149, 150,   2, 133, 109, 160, 144, 186, 183, 187, 189,   6, 190, 166, 179, 177],
  [106, 124, 104, 163,  92, 109, 165, 152,  94,  24,  63, 121,  22, 123, 117, 132, 116,  91,   1, 171, 105, 147, 173, 160, 103, 144, 164, 184, 134,  68,  58, 153, 137,  46,  32,  96, 185,  76, 182, 172, 131, 189, 150,  50, 175, 102,  40,  80,  74,  77],
  [ 79, 110,  89,  75,  62,  49, 167,  97, 140, 147,  37,  30,  87,  53,   9,  88,  83,  36, 168,  78,  18, 127,   1,  35,  66, 145, 157, 122,  38,  43,  52,  50, 151,  40, 156,  51,  77, 159,  80, 170,  91,  47, 113,  81,  34,  70, 169,  64,  19, 138],
  [106, 104,  94,  64, 119, 134,  22, 152, 121,  63,  92, 107,  91, 123,  23, 161, 109, 136, 102, 145, 111,  82, 103,  77, 163,  93,  81, 171,  67,  24,  90,  50,  66, 164, 120, 105,  76,  38, 165, 124, 117,  80,  46,  68,  96, 132, 173,  32, 133, 160],
  [147,  65, 106,  64,  91, 103,   1,  50, 109,  83,  40,  47, 121, 104, 116, 102,  92, 165, 170, 151, 112,  38,  51,  22,  52,  80,  68, 171,  98, 158, 163,  58,  78, 111,  94, 122, 119, 157,  63,  76, 159,  96, 105,  19,  57,  72,  77, 173, 138,  82],
  [ 79, 159,  30,  36, 112, 151,  49,  87,   9,  53, 147,  34, 167, 148,  43,  97, 157,  89,  86, 108,  83,  75,  62, 141,  37,  78,  33,  68,  20,  65,  39, 100,  18,  85,  52,  50,  29,  70, 101,   0,  27, 140,  15,  57, 169,  28, 113, 122,  96, 145],
  [ 97,  30,  44,  57,  79,  18,  34, 113,  33, 169,  49, 114,  75,  37, 154,  71,  20,   1,  88, 141, 100,  54, 126,  39, 157, 155,  35,  85,  31, 129,  86,  43,  89,  83,  84,   9,  47, 112,  28,  36, 156, 159,  55,  29,  56,  53,  99, 139,  98, 147],
  [152, 162, 172,  61,  48, 165, 184, 163, 181, 185, 121,  14, 118, 132, 175,   2,  25, 153, 171, 192, 124, 176,   4, 195, 173, 170, 133, 164, 180,   7,   3,  11, 166, 191, 187,  23, 151, 117,   6, 186, 177,  13, 190, 179,  74, 136, 135,  73, 130, 139],
  [108,  30, 139, 166,  18,  33,  75,  11,  37,  17, 133,  44, 118, 135, 172,  29, 170, 151, 125,  25, 157, 156, 136,  10,  27,  70,  14, 113,  59,   7,  97,  36, 186,  86, 168,  61,   3,   2, 196,  16,  73, 138, 185, 192,   6,  43, 175, 116,  49, 162],
  [ 30,  33,  75, 108,  43,  97,  18, 113, 139,  49, 129,  37,  44,   9,  85, 156, 157,  27,  86,  36,  11,  79, 125, 127,   0, 141,  62, 166, 155,  35, 169,  56,  20, 170,  39,  29,  70,  17, 159,  57,  21, 146, 112,  71, 148,  95,  88,  78, 118, 140],
  [139,  33, 108,  44,   0, 141,  30,  11, 129, 113, 166,  85,  18,  61,  43, 156,  10,  56, 125, 155, 170, 146,  14, 172,   2,  86,  17,  20,  27,  99,  73,  29,  59,  26,   4, 157,   3,   7,  16,  13,  15,  45,   9, 150,  97, 168, 130, 181, 148,  25],
  [108,   0,  49, 113,  62,  48,  95,  97, 112,  33,  52,  67, 140,  53, 111,  65,  66, 159,  93, 102, 127,  96,  61, 100,  85,  71, 129, 119, 141,  56, 151, 146,  76,  51,  25,  86,  30,  81,  75,  90,  46,  32, 101,  99,   9, 170, 169, 125,  43, 115],
  [ 53, 159,  49, 112, 167,  97,  50,  96,  52, 119, 106,  82,  68,  62,  89,  76,  90, 108,  65, 122,  95,  38,  66, 100,  80,  81,  67, 151,  64,   9,  77,  79,  63,  34, 109,  93, 102,  51,   0,  83,  87, 140,  57, 123,  92, 111,  91,  36, 105,  86],
  [ 79, 159,  49,  53, 167,  97,  87,  34,   9,  30, 112,  89,  36,  68,  62,  83, 100, 147,  50, 151,  43,  75,  86,  52,  18,  96, 122,  82,  78,  39, 141, 101,  38, 140,  37,  57,  20, 157, 148,  88, 108,  66, 155, 169,  65,  70,  33, 116,   1, 127],
  [ 44,  30, 154,  18, 126, 114,  79, 169,  43, 139,  71,  54,  46, 155,  85, 129,  88, 156,   1,  99,  25, 168, 158,  33,  41,  75, 125,  29,  84,  98, 157,  49,  20,  31,  97,  17,  60, 113, 143, 141,  39,  86,  70, 100,  34, 101,  55,  74, 148,  11],
  [  1,  40, 147,  31, 104,  88,  19,  46, 126, 149, 145,  91, 117,  42,  47, 165, 150, 148, 105,   8, 124,  54, 152, 157, 116,  78,   9, 109, 162, 163,  71, 143,  21,  85, 189, 121, 138,  92, 188,  28, 153,  57, 132,  87,  84,  34,  98,  41,  11,   6],
  [ 53,  97, 112, 167, 140,  49, 159,  89,  36, 108,  51,  65,  62, 127,  83,  50,  78,  34,  87, 168,  52,  96,   9,  64,  40,  18,  79,  68, 157,  82, 109,  38, 151,  90, 146,  33,  57,  76, 100, 113, 169,  98,  66,  37,  86, 114,  80,  81, 138,  35],
  [ 79,   1,  91, 167, 147,  49, 122,  88,  78,  64, 126,  30,  83,  50,  97, 116, 148, 159,  89,  43,  34,  62,  87,  18,  36,  41,  53, 157,  66,  57,  31,  40,  92,  77,  25,   9,  68,  82,  75,  76, 104,  38, 151,  24, 145, 156,  98,  28,  52, 106],
  [106, 109,  65, 108, 167, 159, 119,  53,  80,  64,  50,  92,  63,  89, 102, 151,  90,  49, 168, 123,  76,  96,   9,  94,  77, 116,  52, 103,  81,  82, 112, 165, 147, 145,  66, 127, 146,  51,  67,  95,  68,  62,  91,  93, 111,  40, 100,  22, 105,  97],
  [ 49, 159,  79, 112,  53,   9,  87,  34,  68,  30,  74,  20,  36,  39, 108, 141, 151,  75, 147, 157,   8,  18, 167,  97,  32, 140,  27,  33,  29,  35, 148,  56,  89,  69,  96,  86,   5,  62, 155, 160,   0,  28,  70,  65, 129,  52, 100,  10,  84,  43],
  [ 97, 167,  18,  33,   9, 156,  30,  79,  20,  57,  87, 157,  44,  36, 169,  43,  88,  34,  74,  49, 113, 148, 159,  29,  85,  27, 141,  73,  17, 129,  86,  53,  37,  39,  16, 146,  15,  71, 116, 170,   3,  75,  28, 155,  10,  99,  35,  84, 139, 110],
  [ 30, 108, 166,  11, 139,  75,   8,  33, 125,  10,  27,  43, 118,  17,   7,  18,   3,  20,  29, 192,  21, 187, 133,   9, 180, 186,   4, 107,   0,   2, 177, 172, 181,  16, 170, 191, 193, 195, 175, 194, 190,   6, 176,  36,  14, 179, 178,  37, 121, 196],
  [141, 108,   9, 129, 167,  30,  37,  33,  86, 113,  97,  18, 156,  43,  36, 100, 139,  53,  79, 159,  62,  29,   0,  48,  87,  44, 146,  88, 155,  25,  49,  99, 169,  20,  17,  27,   4,  75,  85,  89,  95, 140,  70,  16, 130,  10,  39, 127,  56,  59],
  [ 30,  97,  49, 113,  43,   9, 159,  79,  75,  18, 157, 129,  53,  33, 169, 141, 108,  62,  86, 155,  87,  44,  37,  85, 156,  57,   0,  70, 127,  36, 112, 140,  27, 100, 167,  56,  39, 101,  29,  20,  88,  34,  89,  74, 168, 170, 139,  15,  99, 148],
  [ 30, 139,  33, 108,  43,  18,  37,   9,  11,  75, 141, 113,  97,  29,   0, 156,  27,  44, 166, 129, 110,  20, 125,  85,  36,  88,  17, 170,   4,  14, 181,  70,  79,  10, 118,  49,  62, 138, 159, 155,  21,  69,  56,  86,  25,  16,  12,   7, 157,   3],
  [108,  49,   9,  30, 159,  78,  33,  11, 151,  95,  62,  18,  10, 116,   0,  75,  97, 122,  36,  27,  20, 113,  66, 148,  43,   6,  85,  86,  91,  94,   8,  52,  77, 139,  81,   4,  53,  29,  70,  74,  15,  87,  90, 129,  25,  14,  93, 157,  69, 170],
  [ 49,  97, 122,  96,  90,  53,  76,   1,  82, 105, 110,  66,  52,  67,  91,  63,  81,  50, 119,  80,  68,  77, 109, 167,  89, 159,  93,  95,  62, 123,  38, 111,  34,  88, 112,  54,  48,   9, 126, 120,  51, 104,  30,  44,  92, 101,  79, 108, 150,  78],
  [167,  34,   9,  79,  78,  87,  97,  24,  36,  40, 112,  50,  53,  83,  19,  68,  35,  88, 159, 140, 157, 148,  20,  57,  51, 138,  16,  92, 108, 109,  28, 169,  49, 174, 131,  18,  52, 147,  73, 156,  10, 193,  64,  70,  74, 173,   8,  98,  96,  86],
  [ 30,  75,  79, 139,  18,  29,  11,  88,  37, 166, 156, 148,  27,  74, 169,  43, 138,  21,  60,  17,  10, 145, 157,  44, 125,  84, 146,   3,   7,   5,  49,   1,  59, 158,  12,  19,  70, 181,   0, 151, 154, 141,  55,  36, 186, 174, 196,  89, 180,  20],
  [ 34, 167,  87, 112,  53,  79,  30,  86, 141,  39,  97,  43,  20, 159,   9,   0,  83,  58, 155,  40, 113,  84,  57, 154,  24, 140,  26,  47, 156,  36,  49,  68, 157,  44,  70,  33,  56, 169, 129,  27,  28,  85, 150,  88,  10,   5,  96,  35, 158, 100],
  [ 79,  34,  30,  49, 112,   0,  53,  97,  87, 159,   9, 148,  88,  39,  86,  78,  68,  40,  75,  33, 167,  52,  83,  36,  20,  96, 157,  35, 141,   1,  62,  43, 169,  18,  57,  89,  85,  70,  66,   8, 100,  10,  54, 147, 140, 129, 146,  27, 156,  71],
  [159, 167,  79, 122,  68,  53, 119,  64,  38,  91,  82, 123,  44,  87,  49, 100,  50,   9,  20,  62,  83, 116,  66,  98,  34,  57, 133, 151, 169,  90,  74, 101, 141,  27,  25,  71,  97,  89, 155,  41,  26, 106,  28, 112, 137,  52, 129,  99,  36,  76],
  [ 49,  30, 108,  75,  78,  33,  18,  95,  89,  66, 105,  34,  62, 146, 159, 120,  97, 148,  93,  81,  53, 151,  90, 167,  77,  52,   9,  79,   0,  39,  80, 129,  20,  76,  67, 119,  36,  88, 112, 136,  44, 157,  86,  32,  21,  17,  82, 100, 166,  96],
  [ 79,  30,  37, 126,  88, 145, 154,  75,  16,  34,  84,  31,  29, 139,  36,   9,  47, 118, 141,  42,  54, 138,  20,  18,  39,  41,  98, 169, 147, 133,  71,  25, 157,  86, 148,  57,  85,  17,  46, 137,  99, 108, 114,  89, 150, 144,  55,  27,  32, 130],
  [ 79, 167,  49,  89, 159,  53,  83,  78,  68,  62, 112,  97,  64,  50,  36,  87,  34, 148,   9,  30,  52,   1, 151,  18,  38,  65,  66,  43,  86, 146, 108,  90,  33,  82, 145,  39,  75, 100,  51,   0,  40,  91,  96,  80,  76,  29,  37, 147,  20, 157],
  [ 30, 139,  20,  43,  33,  86,  27, 156, 148,   0,  39,  10,  21, 108,  44,  18,  85, 129, 159,   9, 125,  49, 141, 166, 155,  17,  75,  11,  29,  70,  36, 169, 113,  56,  78,  79,  16,  97,  26,   2,   6,   4, 146,   8,  15, 149,  35,   3,  73, 157],
  [ 33, 113, 139,  30,  44, 125,  43,  18, 155,  85,  29,  27, 170,  86,  56, 129,  11, 141, 166, 157,  70,  39, 156,  17,  14,   0,  75,  20,  12,   2,  37,   4,  59, 118,  99, 169, 108,  25,   3, 168, 159, 127,  15,   7, 148,  10,  55,  73,  61,  57],
  [  0, 108,  49,  33,  30,  97,  44, 129, 141,  43, 159,  53,  89, 113,  18,  20,  62, 112,   9,  86, 154, 155, 146, 100, 139, 140,  79,  36,  56,  95, 101,  39, 156,  85,  52,  99,  29,  51, 169,  27, 151, 125,  75,  25,  37,  90,  66,  45,  10,  34],
  [ 30,  97,  33, 108,  18, 129, 140,  49,  75, 113,  86,  78,  37, 127, 112, 141,  39,   9,  88, 167,  20, 157,  79,  43,  85,  62, 156,  89,  71,  53, 139,  57, 170,  87,  36,  44, 155,  56, 116, 169,  83,  34,   1, 159, 148,  66,  17,  29,  11,  27],
  [108,   0,  49,  75,  30,  62,  95,  66,  43, 133, 139, 125,  67, 129,  44, 113,  93,  52, 122,  37, 159,  33,  27, 107,  81, 136,  11, 127, 118, 111, 100, 151,  89,  80,  79, 155,  97,  29,  86, 119,  56,  25,  70,  32,   9, 152, 166,  53,  96, 141],
  [  0, 184, 171,  22, 163,   2, 165,  45, 185, 160, 186, 125, 175, 136, 152,  94,   5, 196, 195,  58, 180,  73,  26,   4, 193,   7, 176, 177,  59,   3, 179,  16, 178, 172, 190, 132, 173, 191, 188, 128,  13,  23, 197,  10, 194, 181, 192, 189, 182, 187],
  [159,  30,  97, 167,  87,  43,  18,  20,  86,  33,  36, 112,  79,  44,  57, 155,  34,  39, 157,   9, 156, 140, 113,  83,  37,  53,  85, 129, 141, 169,  26, 148,  56,  71,  27,  70,  15,  49, 158, 170, 151,  29, 116, 100,  16,  84, 114,  78, 154, 108],
  [ 30,  18,  88,  97,  49,  34,  53,  79, 167,   9,  75,  37,  57,  87, 154, 157, 100, 129, 141,  44, 113, 112,  85,  43, 169, 168, 155,  36,  89,  56, 159, 108,  70, 156,  54,  29, 114,  84,  27,  98,  16, 140, 143,  20,  33,  62, 158,  74,  47,  39],
  [167,  79,  97,  34,  53, 159,  87,  49,   9,  18,  33,  36,  88, 112,  89,  30,  83,  57, 157, 141,  68, 113,  62, 100,  86,  43, 148,  39, 122, 140, 169,  66,  37,  85,  40,  54,  96,  50,  20, 151, 129, 101, 147,  71, 156, 116,  35, 168,  78,  75],
  [159,  79,   9,  49, 167,  53,  36,  97, 147,  87, 151,  30,  37, 112,  89,  34,  83,  75,  43,  62,  18, 100, 122, 157,  57,  86,  88,  50, 108,  68,  47, 127,  70, 141, 116, 155, 169, 113,  20,  38,  85,  65,   1, 148,  39, 106, 101,  29,  69,  71],
  [167,  50,  79, 159,  36,  83,  64,  68,  53, 147,  89,  97, 112,  34,  78,  49,   9, 151,  90,  87,  91,  38,  52,  51,  20,  76,  65, 122,  62,   1,  82, 148,  39, 105, 145,  57, 108,  92,  30, 137,  18,  33,  28,  66, 109,  86, 100,  80,  77, 141],
  [ 79, 159,  53,  49, 112,  87,  34,   9, 100,  30, 147,  68,  97,  83,  43, 101,  86,  89, 155, 141,  54,  88, 151, 158,  39, 157,  36,  62,  85,  75, 129,   1,  56,  57, 167, 116,  52,  96,  33, 140, 148,  32,  40,  47,  71,  84, 154,  50,  38, 169],
  [ 79,  97,  49,  30, 140, 157,  53,  34,  18,  37, 167,  89,  83,  57, 169,  75, 155,  43, 100,  44, 159,  87, 112,  88,   9, 113, 156,  85,  36, 129,  71, 114, 101, 158,   1,  33,  84,  70, 127, 168,  62,  56, 108,  86,  54,  29,  98, 170,  39, 141],
  [ 72,  24, 149,  64,  68,  87, 167,  40, 148,   5,  10, 131,  58,  45, 183, 129,   0,  83,  21, 160, 101,  26, 142, 146,  99, 141,  38, 128,  86,  65, 156, 159,  36, 155,   6, 158,  20, 100, 120, 151, 176,  41,  56,  31,  42, 162, 123, 189,  34,  89],
  [ 43,  30, 146,   9,  33,   0,  18, 139,  79,  29,  88,  75,  36, 108,  17, 141,  89, 122, 156,  49, 148,   1,  93, 110,  20,   8,  39,  25,  95,  27,  62, 107,  10,  66,  97,  53,   3, 166,  48,  86, 138, 150, 167, 120, 159,   4, 193,  11,   7,  87],
  [ 44,   0,  33,  30, 108,  49,  43, 125, 129, 139,  56, 113, 136, 155,  11,  97,  95,  62,  27, 159,  85,  70,  67, 133, 166,  10,  75, 156,  52,  25, 154,  59, 170, 101, 114,  66, 107,  61,  81, 181, 116, 119, 157, 118, 128,  45, 122,  86, 105, 111],
  [ 30,  75,  49, 139,   0, 108,  33, 129,  44,  43, 125,  39,  27,  18,  37,  79, 127,  62,  21, 166, 141, 154,  86,  56,   8,  11, 148, 113,  89,  29,  70,  85, 133,  35,  20, 101,  17, 155,   9, 100,  97, 118, 156,  36, 146, 169,  95,  25, 110, 114],
  [ 30, 159,  49,  79,  43,  97,   9,  86,  75,  36,  53,  87,  33,  34, 108, 157, 148,  18,  62, 113,  85, 100, 129,  44, 151,  20,  27, 112,   0,  70, 169, 155, 156,  89,  88, 141,  29,  57,  39, 167,  71, 154,  37,  83, 116, 127, 101,  56, 140, 158],
  [ 53,  49,  97, 112, 159,  62, 167,  79, 140,  52,  50,  89,  83,  68,  82,  96, 100,  95, 108,  66,  34,  76,   9, 122,  90,  77,  38,  87,  65, 151,  78,  36,  81,  80,  30, 101,  67, 127,  37,  75, 147,  51,  91,  33, 119,  86,  93,   1,  64, 113],
  [ 49,  53, 159,  79, 100, 112,  30,  87,   9, 147,  97,  62,  34,  68,  89, 151, 155,  75, 101, 140,  88,  83,  54,  96, 158,  86,  36,  70,  52,  38, 116, 141,  32, 127, 167, 108,  39,  65,  43, 122, 114, 157,  82, 154,  50, 169,  41,  71,   1, 113],
  [ 53,  49, 167, 159,  97,  79,  89, 112,  68,  34,  87, 100,  83,  62,  38,  50,  30, 140,  82,  52,  96,   9, 101,  43,  90,  36,  65,  18,  86,  64,  39, 169,  76, 151, 110,  66, 141, 122,  44,  75,  57, 127,  51,  80,  37, 155, 113,  81,  54,  95],
  [ 53,  49, 159,  79, 112,  89, 167,  97,  87,  34,  83,  30, 100,  36,  68,   9,  43,  62, 151,  37, 140,  65,  38, 108,  75,  18, 101,  39,  86,  50,  52, 141, 127, 147, 155, 169, 157,  82,  96,  20,  33,  70, 148,  64, 129,  57,  56, 113,   0,  44],
  [ 53, 159,  49,  79,  97, 167,  89, 112,  34,  83,  68,  62, 100,  50,  30,  87, 140,  38,   9,  37, 147, 151,  36,  18,  52,  39,  82,  75,  65,  43,  66,  57,  96,  86,  64, 169,  90,  76,  95,   0,  20,  78, 122, 101, 113,  51, 108, 141, 157, 155],
  [ 53,  49,  79, 167, 159,  97,  89, 112,  34,  87,  83,  68,  62,  50, 140,  30, 100,   9,  38,  52,  36,  82,  96,  18,  43, 101,  65,  86,  39,  90,  66,  64,  75, 151, 108,  78, 169,  37,  57, 141,  76,  51,  33,  20, 127, 147,  80, 157, 155, 113],
  [ 53,  49,  79, 159, 167,  97, 112,  34,  89,  68,  87,  83,  62, 100,  50,  30,  38, 140,  52,   9,  96,  82, 101,  36,  65,  43,  39, 147,  75,  66, 151,  18,  90,  76,  86,  37,  80, 169, 122,  64,  57, 141, 155,  54, 108, 127,  78,  77,  95,  20],
  [ 53,  49,  79, 167, 159,  97,  89, 112,  34,  68,  87,  83,  50,  62, 100,  38,  30, 140,   9,  52,  82,  96,  36,  65, 101,  18,  43,  64,  90,  86, 151,  66,  39,  76,  80,  75, 169, 108,  78,  37, 147, 141,  57, 127,  51,  77,  54, 155,  81,  20],
  [ 53,  49, 167,  79,  97, 159, 112,  89,  34,  87,  83,  68,  62,  50, 100,  30, 140,   9,  36,  38,  52,  18,  96,  82, 101,  64,  43,  65, 169, 151,  75,  78,  57,  86,  39,  90,  66, 157, 127, 147, 108,  51,  76, 155,  37, 141,  20,  70,  80,  54],
  [159,  49,  53,  68,  79, 167,  62,  89,  97, 100,  83,  50, 112,  34,  39,  30,  95,  38,  78,  82,  52,  90,  87, 101, 108,  76,  66,   9,  36, 147,  64, 151,  20,  65, 141,  44,  33,  96, 140, 122,  80,  51,  81, 129,  18, 119,  77,  93,  86,  91],
  [ 49, 159,  30,  97, 108,  75,  33,  62, 112,  53, 127,   9,  43,  79, 151,  66, 113,  34, 157, 155,  36,  89, 129,  52, 122,  95,  44, 100,  37,  70,  86, 116,  78,  57,  27,  18, 101,  85,  65,  71, 140,  20,  56,  39, 168, 125,  96, 114, 141, 148],
  [ 30,  97,  44,  18,  49, 155,  43, 113, 157, 168, 159,  75, 129,  33, 156,  85,  57,  79, 127, 108,  71,  56,  86,  78,  36, 140,   9, 169, 116, 170,  37,  70,  87, 167, 141,  27,  20,  11, 112, 148,  34,  62, 151, 158, 101,  15, 114,  89, 100,  53],
  [ 49, 159,  79,  53,  97,   9,  89,  62, 112, 108, 167,  36, 151,  30,  68, 147,  65,  52,  34,  50,  83,  87,  78,  75, 140,  43, 157,  66,  95, 100,  82,  96,  18,  90, 101,  80,  76,  38, 148,  33, 122,  64,  57,  91,  37,  51, 145, 141,  29,  86],
  [ 79,  53,  49, 159, 167,  97, 112,  87,  89,  68,   9,  34,  83,  50,  36,  62,  30,  38,  52, 140, 100,  65,  43,  82,  78,  96,  18, 147, 108, 151,  86,  64, 101,  75,  66,  76,  90,  40, 148,  35,  51, 141,  37,  20,  39,  80,  57,  77,  88, 122],
  [ 53,  79,  49,  89, 167, 112,  34,  97, 159,  83,  68,  87, 100,  38,  50, 140,  62,  30,  37,  36,   9,  43,  39,  52,  86, 101, 169,  64,  96,  57,  65,  18,  82,  54,  75,  51, 127, 147, 151, 141,  44, 113,  20, 155,  66,  90,   0,  35,  76,  71],
  [ 53,  79,  49, 167,  97, 159, 112,  89,  87,  34,  68,  83,  62,  50,   9,  30, 100, 140,  36,  38,  52,  18,  43,  82, 101,  96,  65,  75, 108, 169,  64,  86,  37,  78,  90, 141, 151,  66,  39,  51, 127,  76, 157,  40,  57,  80,  20,  35, 110, 147],
  [ 53,  49, 167, 159,  79,  89,  97,  68,  87, 112,  34,  30,  62,   9,  38,  83,  50, 100,  43,  96,  82,  52,  36, 101,  90, 140,  86,  64, 151,  18,  80, 108,  76,  66,  75,  65, 141,  77,  39,  95,  81,   0,  78,  37, 169,  88, 148, 119,  40,  20],
  [ 53,  49, 167, 159,  79, 112,  97,  89,  34,  87,  68,  83,  62,  50,  30, 100,  52,  38,   9,  96,  82,  43,  65,  86,  36, 140, 101, 108,  90,  75,  80,  76,  66, 151,  78,  64,   0,  39,  18, 169,  57, 122, 141, 147,  77,  81, 127,  40, 119,  51],
  [ 53,  49,  79, 167, 159, 112,  97,  89,  34,  87,  68,  83,  50, 100,  62,  30,   9, 140,  38,  36,  52,  96,  82,  65,  18,  39, 101,  86,  75,  43, 108, 169,  51,  78,  64,  66,  90,   0, 127,  37,  80,  20,  76,  57, 151, 141,  40, 147, 155,  35],
  [ 53,  49,  79, 167,  97, 159,  89, 112,  34,  68,  83,  87,  62,  50, 100,  38,  52,  30, 140,  82,  96,   9, 101,  65,  36,  66,  43,  90,  64,  18,  86,  76,  39, 169,  80,  75,  51,  78, 108,  57, 151, 127,  54, 141, 122,  37,  81,  77, 147, 155],
  [ 79,  53,  49,  97, 167,  89, 112,  34, 159,  87,  83,  30, 140,  68,   9, 100,  62,  36,  18,  50,  75,  52, 169,  37,  38,  78,  65,  39,  43, 108,  86, 101,  96, 127, 157, 147, 141,  88,  82,  35,  20,  51,  57,  70,  66, 155,  40,  80,  54, 148],
  [ 53,  79,  49, 167, 112, 159,  34,  97,  87,  89,  68,   9,  83, 100,  30, 140,  36,  50,  62,  38,  39,  43,  52,  96,  86,  65,  18, 101, 141, 169,  37,  57,  20,  75, 108, 155,   0,  82,  40,  35,  56,  51, 154,  54,  70,  88, 129, 127, 157, 147],
  [ 53,  49,  79, 167,  89, 159, 112,  97,  34,  68,  83,  87,  50, 100,  62,  38,  52, 140,  82,  96,  30,   9,  36,  64, 101,  65,  90,  76,  66,  43,  18,  86, 169,  80, 151,  51,  78,  39, 108, 141, 127,  75,  57,  37,  54, 147,  77,  81, 155, 122],
  [ 53,  49,  79,  97, 167, 159,  89, 112,  34,  87,  62,  83,  68,  30,  50,   9, 140, 100,  52,  38,  36,  96,  82,  18, 101,  43,  66,  90, 151,  65,  37,  75,  86,  39, 169,  57, 127, 108,  76,  51,  64,  78,  33, 157, 141,  80,  20, 147, 155, 110],
  [ 49,  53,  79,  97,  89, 112, 159,  30, 167,  34, 140,  87,  62, 100,  75,  43,  37,  83,  18,   9, 127,  86, 157, 169,  57, 151,  36, 113, 155,  52, 101,  96, 108,  68,  66,  50,  88,  35,  65,  70,  82,  54, 158,  33, 114, 129,  38,  39, 156, 141],
  [ 79, 159,  53,  34,  30, 112,  49,  97,  83,  43,  87,  18, 167,  89,  86,  36,   9, 155, 157,  57, 148, 169,  85,  33,  44,  20, 100,  37, 140, 156,  88, 113,  75,  70, 108,  29, 141,  54,  39, 127, 129, 114, 154,  84,   1, 158,  27,  71, 101,  35]],


