3 4 42 26 7 25 8 44 43 16 46 47 6 0 10 2
42 16 0 25 31 7 23 38 3 8 15 47 26 6 4 24
18 39 14 12 9 29 30 33 41 21 40 37 11 13 34 19
24 20 35 32 34 40 27 12 36 9 21 41 13 33 18 29
43 46 44 10 1 4 26 3 28 47 8 7 2 6 15 38
39 30 33 21 14 41 29 37 18 12 9 40 11 34 19 13
37 21 33 41 12 29 34 30 39 18 40 14 9 11 13 19
18 13 29 30 9 14 39 33 40 41 12 37 21 11 34 19
8 7 26 44 47 3 4 46 43 25 6 42 0 16 10 2
36 17 27 32 23 24 20 2 31 35 16 6 25 42 22 3
32 24 20 27 36 35 17 31 23 2 16 6 38 8 22 42
26 7 8 25 3 42 4 44 47 46 43 16 0 6 10 15
37 41 39 30 29 21 18 33 14 12 9 40 11 34 19 13
32 24 36 23 22 27 20 17 15 38 5 16 31 6 0 42
8 42 7 25 6 26 16 3 47 0 4 44 43 46 15 10
29 41 18 30 33 14 39 21 9 12 37 40 11 34 13 19
19 11 45 28 14 39 30 18 29 37 33 21 12 41 9 40
36 17 32 24 27 20 23 35 31 22 16 6 25 42 8 0
20 27 24 32 35 17 36 23 2 31 16 42 6 25 8 4
11 14 39 9 30 18 29 12 41 40 33 21 37 19 34 45
17 27 20 36 32 24 35 23 2 16 25 42 31 6 4 3
37 33 41 30 21 29 18 39 14 12 9 40 34 11 13 19
24 32 20 36 23 27 17 22 35 38 15 5 31 6 0 16
2 35 27 31 20 45 3 4 26 17 42 25 46 8 7 16
38 5 22 23 24 15 20 35 32 36 1 27 7 0 12 21
10 46 43 44 1 26 47 3 4 7 8 6 25 2 0 42
43 44 1 46 15 5 10 4 47 38 26 3 8 6 7 22
22 24 32 23 36 20 27 5 38 15 17 16 31 6 0 42
24 27 32 20 23 36 35 17 22 31 2 42 6 38 16 0
19 11 14 39 18 41 21 30 37 45 12 29 33 9 40 13
15 47 0 7 42 8 22 16 6 24 25 4 44 32 20 23
32 36 24 17 27 20 23 22 31 16 6 15 35 42 25 0
23 24 32 36 22 27 20 5 17 38 15 1 35 16 0 6
14 39 18 30 29 41 9 12 33 21 37 11 40 19 34 13
23 36 20 24 22 27 32 16 17 0 42 15 47 25 6 7
19 11 45 14 39 30 18 29 9 13 33 41 12 21 37 40
13 40 12 9 18 39 33 30 29 41 21 14 37 11 34 19
10 43 44 46 47 1 7 26 6 4 8 3 0 25 15 16
42 25 7 16 3 8 26 0 4 47 44 6 43 46 15 10
42 0 26 8 16 25 7 4 6 47 3 2 46 44 43 15
19 14 39 30 18 11 29 41 9 33 37 12 21 40 13 45
24 36 32 17 20 27 23 35 22 31 6 16 15 42 0 8
4 26 3 7 8 44 43 46 47 42 6 25 0 16 10 15
44 7 43 26 4 46 47 8 3 6 0 25 10 42 16 15
19 45 11 28 14 39 30 29 37 18 41 33 9 21 12 40
31 32 24 27 20 36 2 17 23 35 38 8 25 16 42 6
28 45 19 11 14 39 37 30 29 21 18 41 33 9 12 40
19 30 18 39 14 37 29 11 33 41 21 9 12 40 13 45


6 42 40 44 47 13 37 20 36 4 25 26 1 27 12 8
0 12 32 7 1 39 45 36 25 34 21 20 10 18 13 38
2 8 14 24 17 19 3 27 22 33 11 46 9 23 41 28
14 24 2 8 17 19 3 27 22 33 11 46 9 23 41 28
11 33 22 27 19 17 3 8 2 23 24 14 46 9 37 41
41 4 30 42 43 28 16 40 38 5 9 1 6 46 44 45
31 5 3 14 24 9 2 46 8 17 19 22 33 27 11 35
11 33 22 27 19 17 3 8 2 24 14 23 46 9 41 28
8 17 19 3 2 24 27 14 22 33 11 46 9 23 41 28
28 30 43 41 18 31 1 7 29 12 39 0 32 4 38 34
11 33 22 27 19 17 3 8 2 24 14 23 46 9 41 28
24 2 14 8 3 17 19 27 22 33 11 46 9 23 28 41
14 24 2 8 17 3 19 46 27 22 33 11 9 41 23 28
42 41 40 43 6 44 4 13 9 47 26 30 27 46 16 8
32 12 25 36 10 21 0 20 45 1 7 13 34 39 15 18
44 6 47 42 40 13 37 20 36 25 9 16 12 27 4 32
15 10 21 20 25 45 36 32 4 12 43 9 38 16 0 34
39 23 37 7 34 18 0 35 1 29 13 26 38 12 32 36
14 2 8 24 17 3 46 19 27 22 33 9 11 47 44 42
10 21 25 15 20 36 32 12 45 0 13 34 1 39 7 38
31 28 30 41 43 29 18 35 39 16 9 7 1 21 45 33
6 44 47 42 40 13 37 20 36 25 4 27 12 1 8 32
28 31 30 41 43 29 18 16 35 39 9 38 46 33 19 24
28 30 31 41 43 29 18 16 9 35 46 14 1 19 33 21
9 46 24 14 2 8 3 17 19 27 22 33 11 28 41 30
31 28 43 41 30 18 16 35 29 38 9 39 14 19 3 2
28 30 41 31 43 4 16 38 18 45 9 46 1 21 34 5
8 2 14 17 24 19 3 27 22 33 11 46 9 23 41 28
17 19 27 22 33 8 3 11 2 14 24 46 23 9 41 28
47 44 40 6 42 37 25 36 15 3 2 8 35 14 24 29
6 42 44 40 47 13 37 20 4 26 25 36 1 12 9 27
41 9 27 8 14 24 19 17 3 2 22 11 33 30 28 46
11 22 33 27 19 17 3 8 2 24 14 23 46 9 41 28
46 2 14 24 9 8 3 17 19 27 22 33 11 47 44 6
11 22 33 27 19 17 3 8 2 14 24 23 46 9 41 42
1 7 0 12 32 34 39 13 18 36 45 38 25 21 10 20
46 9 14 2 24 8 3 17 19 27 22 33 11 41 28 44
6 42 44 40 47 13 37 20 4 25 36 1 27 12 8 9
7 34 0 1 39 12 13 32 18 36 25 45 10 21 38 20
8 19 2 17 3 24 14 27 22 33 11 46 9 23 41 28
11 22 33 27 19 17 3 8 2 24 23 14 46 9 41 37
0 12 32 1 7 36 13 34 39 25 45 21 10 20 18 38
42 40 6 44 47 4 13 41 1 37 9 46 20 43 27 12
33 22 11 27 19 17 3 8 2 24 14 46 23 9 41 28
28 31 30 41 43 29 18 9 35 46 16 39 19 24 33 14
46 14 24 2 8 19 17 9 3 28 27 33 22 11 41 29
14 24 2 8 17 19 46 3 9 27 22 33 11 47 42 40
19 17 3 8 22 33 27 2 24 14 11 46 9 23 28 41


5 36 0 13 14 26 25 15 40 22 46 18 42 24 45 35
9 17 47 42 40 2 26 34 37 39 23 3 10 43 22 14
18 46 24 25 45 36 22 0 40 15 5 13 3 26 14 42
24 3 45 18 46 25 40 36 22 0 5 15 13 26 20 16
46 18 24 45 25 3 15 22 36 5 0 13 40 26 14 16
2 8 28 9 26 35 47 31 17 20 34 29 15 42 0 14
14 26 13 0 15 35 5 36 22 40 25 42 46 18 45 24
46 18 25 15 22 0 13 36 24 5 45 26 40 14 3 16
6 34 29 47 23 44 32 17 21 19 27 10 30 12 38 43
38 30 10 12 27 21 23 44 47 20 32 19 34 4 43 6
38 41 27 7 30 11 16 10 44 39 12 3 21 43 23 32
18 46 25 24 36 40 0 22 5 45 13 15 26 3 14 42
13 14 0 36 26 5 15 22 25 40 46 18 42 24 45 35
1 35 42 41 43 13 7 29 14 22 5 40 36 11 26 17
14 35 26 13 0 5 15 42 36 22 40 25 46 18 24 45
29 6 34 17 35 47 39 11 44 32 1 23 2 19 43 27
42 14 35 26 40 5 13 0 36 22 15 25 18 46 9 45
14 13 0 36 26 15 5 35 22 46 31 25 40 28 18 16
34 47 44 30 23 27 32 6 38 10 12 21 29 11 19 17
24 46 18 45 25 3 22 15 36 5 40 0 13 26 14 42
31 37 23 10 19 21 12 30 38 33 8 44 32 6 28 41
6 32 34 47 44 23 27 29 30 21 10 38 12 17 19 11
3 45 24 18 46 25 36 22 16 40 15 0 5 13 26 20
30 10 38 27 12 21 23 32 47 44 34 6 19 17 29 43
35 29 39 14 1 11 34 42 6 13 26 17 15 0 5 22
9 40 42 26 25 22 5 18 0 45 14 24 36 15 3 46
1 29 35 6 17 43 41 11 34 32 47 44 7 42 19 23
25 18 46 40 5 36 0 22 24 15 26 45 13 14 3 42
3 24 46 18 45 25 36 22 15 40 0 16 13 5 20 26
0 26 22 13 5 36 25 15 40 18 46 14 24 45 42 3
25 18 5 46 40 36 0 22 24 15 13 26 45 14 3 42
6 29 34 32 44 11 47 23 27 21 30 19 17 10 12 38
3 24 45 18 46 25 22 36 0 15 20 5 13 40 26 16
1 17 43 41 11 29 35 9 32 42 47 27 6 34 44 38
0 26 15 13 14 36 22 5 35 18 25 46 40 45 24 42
5 26 0 14 22 15 36 40 13 25 18 46 42 24 45 3
45 24 18 46 3 25 36 22 0 15 13 5 40 26 14 16
31 33 41 19 4 27 30 32 39 38 7 10 23 44 21 6
16 8 33 2 28 31 37 7 45 24 46 36 21 12 10 18
3 20 12 38 10 30 21 24 45 27 4 16 23 33 18 19
42 9 40 22 35 26 5 25 13 36 15 18 14 0 46 1
42 40 3 24 16 18 36 22 46 25 5 0 13 26 14 9
18 46 25 24 13 36 0 22 45 15 5 40 26 14 3 42
29 6 34 47 44 32 17 23 11 19 27 21 30 10 2 39
24 18 46 40 25 45 3 36 26 0 5 22 15 13 42 14
5 25 36 0 40 22 15 18 26 46 13 14 24 45 42 3
6 29 34 44 47 32 23 11 27 17 21 30 39 10 38 19
23 47 32 27 6 30 44 21 34 10 38 12 29 19 17 11


35 0 6 5 2 46 25 42 3 36 26 31 22 17 41 29
0 35 6 5 2 46 36 17 14 25 3 42 29 40 30 31
30 17 47 15 29 26 13 18 24 21 41 37 40 7 27 3
10 11 4 19 32 23 39 7 45 27 28 21 47 17 26 30
24 37 31 16 38 36 21 5 7 39 26 6 19 29 25 1
7 21 39 19 11 4 10 27 23 45 32 47 1 26 37 13
28 42 3 23 32 2 45 8 10 4 40 35 11 27 20 34
43 41 34 29 20 26 12 4 1 11 27 10 23 25 19 22
32 27 4 23 11 10 19 45 28 39 7 8 42 3 25 1
0 5 6 46 35 2 36 38 31 16 40 3 42 24 20 22
7 11 19 39 21 4 10 23 27 45 32 13 15 47 26 30
5 0 6 36 46 35 31 16 2 38 24 37 22 29 40 17
7 39 19 11 10 4 27 32 23 21 1 45 26 25 47 15
5 36 16 38 31 12 6 46 43 9 0 24 37 29 34 35
32 28 23 4 27 45 42 11 3 10 19 8 1 39 20 7
2 46 42 3 0 35 28 40 6 5 20 8 17 9 14 18
7 11 39 19 4 10 27 32 23 21 45 1 13 47 15 14
30 17 0 5 6 40 35 36 31 46 14 29 47 37 2 16
6 0 5 35 46 2 36 31 38 25 16 40 3 22 42 29
42 3 28 14 23 2 32 8 45 35 9 27 18 4 10 0
43 34 20 12 1 41 44 8 18 29 9 10 5 45 19 4
23 32 4 11 10 45 28 27 19 39 7 3 42 21 1 8
33 38 5 36 31 16 14 0 47 13 6 24 9 35 37 2
11 7 19 39 4 10 23 21 45 32 27 1 34 47 28 13
18 13 40 39 45 1 14 38 19 7 21 11 37 9 24 4
11 19 4 39 7 10 23 32 45 27 21 1 28 34 8 13
43 34 8 1 12 10 20 11 4 23 45 19 41 32 9 39
43 34 20 41 12 1 33 44 8 26 29 38 5 46 6 2
28 42 3 2 23 45 8 32 46 40 35 20 0 9 10 4
46 0 35 6 2 5 3 42 36 40 25 20 8 38 28 18
16 36 31 24 37 5 38 6 29 22 0 47 46 21 12 43
2 46 0 35 43 5 6 41 42 26 3 8 34 33 20 28
19 39 7 11 4 10 27 1 32 45 23 21 25 37 34 26
26 41 17 47 30 22 37 24 43 36 31 29 5 33 16 6
11 10 19 7 39 4 23 45 32 21 27 1 28 47 13 34
14 13 7 39 11 19 10 32 27 15 47 4 23 45 17 21
42 3 28 2 35 40 46 0 8 32 23 45 20 18 9 33
12 31 36 16 5 29 37 44 6 24 38 0 25 35 34 46
10 32 11 23 4 45 19 39 7 1 27 28 8 13 42 34
42 28 3 32 12 23 45 8 2 40 14 46 13 10 44 0
2 0 46 35 40 42 3 6 5 28 14 36 13 44 9 15
35 2 0 42 3 6 46 5 25 40 28 8 20 9 18 14
31 37 25 24 6 36 16 38 5 27 15 39 18 7 19 29
17 47 22 29 14 15 30 26 13 36 16 0 37 46 6 21
42 28 3 32 23 2 45 8 10 40 35 27 4 46 11 13
2 42 3 35 28 0 46 40 8 6 20 5 32 9 23 25
43 29 34 41 5 26 6 35 46 0 36 2 12 31 20 16
5 6 0 35 36 31 46 38 2 16 24 37 25 29 40 22


29 31 46 41 9 40 34 8 20 25 33 35 47 27 39 13
38 28 5 27 6 43 4 13 22 1 37 18 32 45 19 42
36 22 23 32 10 1 4 37 15 17 30 21 24 7 12 19
46 29 31 40 9 8 41 34 20 25 33 35 47 27 39 16
34 40 9 31 8 29 46 41 20 33 25 47 27 35 39 16
22 32 37 36 23 1 24 4 10 17 12 21 18 19 30 45
9 8 40 34 46 31 41 29 25 20 35 45 13 28 39 11
20 29 33 31 46 41 40 34 9 8 25 47 27 0 39 26
22 32 23 36 37 1 24 4 10 17 21 12 30 45 43 15
33 20 29 31 46 41 34 40 9 8 25 47 18 0 7 19
18 19 0 17 30 7 33 47 10 20 21 36 4 23 42 29
22 32 36 23 37 1 10 4 24 21 17 12 30 15 18 45
46 20 41 29 25 31 8 9 40 34 33 35 27 47 42 26
9 40 34 8 31 41 46 29 20 25 35 33 45 39 27 28
14 26 2 16 12 27 11 44 41 0 4 3 19 33 15 7
28 27 38 2 26 5 14 12 36 19 0 41 7 32 18 17
9 8 46 40 41 31 34 29 25 35 20 45 42 27 33 28
22 36 23 32 17 10 37 4 1 19 18 30 21 24 0 12
0 7 18 33 19 30 17 47 10 21 15 20 4 42 36 29
27 28 2 26 38 5 41 12 44 14 32 1 36 24 29 22
33 0 7 20 19 47 18 29 31 30 34 17 40 9 46 8
31 34 40 9 8 29 33 46 20 41 25 47 27 39 7 26
22 32 37 23 36 24 1 4 12 10 21 17 45 43 35 18
29 20 31 33 46 41 40 9 34 8 25 47 27 39 42 44
22 4 36 32 23 37 10 1 17 14 24 30 21 3 12 19
22 36 32 23 1 37 10 4 24 21 17 15 12 30 45 19
36 22 4 23 21 10 32 17 37 30 1 18 19 24 0 43
29 31 34 40 9 8 20 46 33 41 25 47 27 42 39 28
24 37 32 22 1 45 36 23 12 35 4 10 5 43 6 38
8 9 40 41 46 34 35 31 29 45 25 20 24 16 39 28
31 34 29 40 9 8 46 41 20 33 25 47 27 39 16 26
9 8 40 41 46 34 31 29 25 35 20 45 27 33 28 39
33 31 29 34 20 40 9 7 8 47 46 0 41 19 15 30
2 39 28 26 27 38 12 16 36 11 14 44 0 32 21 7
37 24 32 1 22 23 36 45 15 21 12 4 10 43 44 5
36 22 23 17 32 4 10 18 21 37 19 30 1 0 24 12
5 38 43 28 6 27 42 47 13 0 7 33 18 8 34 15
40 9 34 8 45 31 41 29 46 35 24 15 16 12 26 27
3 13 6 16 30 4 14 43 39 45 35 37 44 47 46 12
10 17 18 0 30 19 36 7 21 23 4 22 15 32 47 1
45 35 24 41 8 46 25 9 40 37 34 12 31 29 16 32
17 19 10 18 0 30 7 36 23 4 21 22 32 15 1 47
38 6 5 28 13 43 27 4 3 34 9 8 29 46 40 31
22 32 36 37 1 23 24 10 4 12 17 21 28 38 27 2
43 5 38 6 28 42 44 47 27 39 2 30 20 19 8 31
12 26 14 4 37 22 32 23 39 1 24 36 16 21 45 10
3 13 4 23 6 37 22 43 32 1 45 12 24 36 10 15
9 40 8 34 31 46 41 29 20 25 33 35 45 39 27 16


45 15 41 7 47 8 2 38 46 4 1 29 24 44 33 39
31 0 25 5 16 8 41 46 33 1 15 29 45 26 7 47
15 8 41 46 33 4 7 9 38 42 17 29 1 45 30 35
9 28 20 11 46 4 17 35 38 41 33 8 15 37 42 34
32 11 24 22 12 43 25 30 2 10 38 1 0 14 13 41
13 44 11 33 32 14 20 10 9 28 26 23 35 18 36 34
8 29 31 41 15 33 46 7 0 36 4 45 1 42 38 16
29 18 41 10 24 14 33 37 38 36 42 43 12 7 39 2
25 27 43 38 45 24 22 41 15 34 33 30 39 8 26 3
0 5 25 16 31 27 26 14 18 3 6 39 47 43 34 11
20 28 9 42 4 35 37 17 36 38 32 40 33 10 19 41
39 46 45 15 9 26 47 28 7 37 17 16 41 38 34 4
29 41 1 30 18 24 33 8 15 4 31 46 21 16 7 34
8 33 41 15 46 38 4 22 7 45 35 30 40 42 17 9
8 41 15 33 46 45 38 7 4 29 30 1 26 47 44 39
27 43 39 37 44 24 18 23 25 12 13 40 2 47 26 45
39 27 26 5 43 16 34 17 12 11 46 14 45 47 28 0
9 38 20 10 42 28 4 33 15 35 8 41 43 37 30 45
17 1 21 6 30 22 5 24 4 23 13 7 47 34 15 25
1 30 18 36 6 37 0 2 10 16 21 40 47 14 43 38
2 6 30 14 1 12 38 0 43 7 22 32 21 16 17 10
3 1 47 29 21 39 30 18 26 19 41 17 36 44 6 20
14 22 32 25 24 2 23 40 11 12 33 27 35 44 26 37
8 41 33 15 46 7 38 4 45 39 26 30 29 17 1 27
47 6 1 5 18 3 0 31 29 36 21 17 30 37 19 25
28 20 9 42 35 4 17 38 37 7 43 30 15 24 2 21
31 0 25 16 5 29 1 34 7 45 47 8 27 46 41 26
14 18 44 6 10 5 32 23 40 37 2 0 43 3 25 45
45 18 15 7 47 29 8 46 41 4 39 16 1 26 38 2
7 15 45 41 2 4 8 1 47 46 38 24 21 29 16 33
18 41 29 15 33 8 7 46 24 47 2 4 31 38 37 3
14 22 32 24 25 10 43 2 11 37 27 18 12 19 0 38
39 27 7 26 5 14 46 45 43 15 18 47 2 41 3 29
8 15 41 45 33 46 38 7 4 29 2 1 26 47 30 44
44 45 47 2 13 38 24 41 26 42 29 1 3 0 30 15
36 18 6 5 0 4 33 47 34 37 23 9 41 3 46 11
32 0 31 12 24 40 19 22 11 14 23 20 35 2 13 29
20 28 9 42 35 37 32 4 23 36 17 19 11 40 13 14
33 11 32 8 30 31 13 41 40 46 9 35 38 42 44 10
41 15 8 38 46 7 33 45 4 47 1 2 29 30 42 24
1 6 5 18 30 37 36 47 13 28 0 17 20 21 3 35
15 8 41 7 46 45 4 33 38 29 47 1 2 42 16 30
7 15 45 41 4 8 46 47 1 21 2 38 29 24 42 16
18 23 14 6 45 44 22 29 37 17 36 3 39 10 31 19
14 6 23 2 5 0 40 3 32 12 10 11 44 16 37 45
17 6 23 11 5 30 20 18 32 33 35 28 10 21 29 9
15 8 41 46 7 33 4 45 38 29 1 30 17 31 26 39
28 9 42 20 35 4 37 17 26 41 24 22 19 1 7 36


22 26 19 11 1 24 35 15 17 3 47 28 30 31 2 45
10 9 40 7 15 24 35 3 2 42 34 31 25 45 37 22
6 12 21 26 43 11 13 18 41 38 47 30 5 23 29 32
21 6 12 41 18 26 28 47 27 11 30 5 32 1 23 29
34 42 9 39 8 25 2 40 24 14 36 20 37 46 10 15
15 24 22 35 7 3 10 40 2 17 45 33 31 25 19 26
0 41 21 32 12 27 5 47 6 29 23 39 36 44 1 18
3 43 25 0 11 17 32 34 47 9 28 36 39 8 41 24
42 9 3 2 15 24 7 35 25 20 40 10 31 45 37 5
31 45 7 35 15 24 22 2 3 10 40 17 33 26 19 20
0 39 36 8 41 32 16 18 29 23 27 44 9 21 5 12
33 25 42 24 9 15 35 2 3 10 37 20 46 7 39 4
0 11 19 32 18 21 47 29 27 44 22 41 28 26 12 23
9 7 42 10 15 25 2 40 24 35 3 37 39 8 34 45
19 11 29 44 26 21 23 32 12 27 47 28 13 41 6 18
14 34 17 4 28 40 43 47 39 25 42 46 32 27 41 0
37 33 17 14 36 11 13 39 9 32 38 43 41 0 2 42
7 31 15 35 45 3 22 24 2 43 33 30 26 5 11 42
39 8 36 42 16 41 9 18 0 25 32 23 29 38 44 20
24 15 22 35 2 3 7 10 26 17 46 20 40 25 11 31
15 24 35 7 2 10 3 42 40 25 9 22 37 34 20 45
10 15 24 35 7 22 2 3 40 25 9 33 20 17 37 42
26 18 11 12 47 21 1 46 6 19 30 13 22 41 5 43
24 15 35 22 2 3 7 10 40 17 25 20 33 42 34 26
9 42 10 2 15 25 7 24 35 3 40 20 37 34 45 39
11 47 1 19 28 21 27 6 12 43 32 26 0 30 22 44
10 7 15 42 24 9 2 35 34 4 3 40 25 20 45 17
9 42 8 39 36 34 2 7 25 20 0 10 14 16 37 41
8 39 36 41 6 5 12 21 18 16 38 32 43 23 30 42
15 24 35 7 2 10 3 40 42 25 22 9 20 45 31 37
22 19 26 11 28 13 17 1 47 44 29 27 23 12 21 33
43 12 21 29 47 23 6 11 41 44 27 32 26 19 28 1
19 11 26 28 44 6 47 12 29 21 32 43 27 22 23 13
19 28 27 44 29 47 23 32 21 11 12 1 6 41 26 43
16 8 36 38 41 44 29 23 32 12 6 39 21 27 43 47
3 42 2 9 25 15 24 7 40 35 10 34 8 37 20 39
19 44 13 26 29 46 18 23 11 12 32 21 28 27 41 16
1 30 47 5 0 11 26 22 28 21 19 27 18 12 41 6
22 1 26 11 47 30 5 19 17 28 3 24 21 2 20 6
39 8 36 41 32 16 44 29 23 12 27 0 6 21 43 9
9 42 7 2 15 3 8 25 40 35 10 24 36 39 38 34
18 0 5 21 41 12 39 32 36 6 27 20 8 11 30 29
15 24 7 10 35 40 3 2 22 25 42 33 9 17 45 37
10 24 35 15 22 40 25 7 9 2 20 42 37 3 45 4
22 1 19 11 26 0 24 17 47 28 35 20 30 5 10 15
14 17 4 34 22 38 26 28 1 47 11 33 19 30 12 21
43 47 22 19 26 28 18 1 30 21 44 34 29 6 0 17
15 7 24 2 3 35 42 10 9 25 40 45 20 37 34 31


18 43 0 29 13 7 39 2 44 3 14 11 15 34 46 27
46 34 42 17 3 37 2 20 15 0 39 45 6 36 28 5
37 26 4 1 38 19 47 23 36 22 34 15 40 12 33 21
37 34 4 38 23 40 17 31 19 33 1 35 21 15 13 2
3 46 32 28 27 15 37 33 2 5 39 6 10 35 14 45
3 46 28 27 5 32 11 42 20 15 2 7 39 43 18 9
24 35 11 27 32 33 40 31 23 10 41 13 28 16 12 39
45 6 18 14 44 29 43 8 36 7 25 28 13 3 27 39
11 24 27 35 32 31 41 40 33 13 26 16 9 30 10 12
39 0 30 44 9 17 22 45 31 4 1 34 47 23 21 42
37 20 34 46 3 15 17 1 22 42 7 21 2 38 19 31
3 46 27 28 32 20 18 11 43 9 14 12 45 7 6 44
27 32 24 35 33 11 28 40 31 10 3 23 41 12 5 47
32 26 11 27 24 44 14 1 0 35 3 39 33 25 6 28
45 14 13 6 44 18 8 43 17 29 0 24 34 23 10 46
19 21 17 22 38 7 36 11 42 1 34 30 41 2 9 6
14 6 7 18 29 45 25 43 44 36 8 0 39 30 34 37
46 3 28 42 27 22 7 20 15 19 41 34 17 9 43 18
26 1 9 36 22 16 31 17 20 37 43 7 15 19 33 21
3 46 28 27 20 37 15 32 5 2 45 39 43 6 9 18
4 38 23 19 42 40 17 34 21 7 1 37 30 13 36 8
3 27 28 32 46 11 5 9 6 41 29 45 14 36 15 18
33 11 24 27 35 31 20 40 5 23 39 10 3 32 41 16
3 46 28 27 32 11 5 15 20 41 43 9 2 39 18 45
35 24 40 23 4 33 31 38 13 11 32 30 10 41 19 26
19 40 23 38 21 4 31 30 13 33 24 42 17 1 2 11
23 40 24 4 38 35 33 31 19 13 34 7 25 37 21 18
27 32 11 3 28 24 5 35 9 41 47 10 29 12 39 46
27 32 11 28 3 5 41 24 10 12 9 47 39 16 35 43
41 38 4 19 23 47 42 21 40 9 26 25 18 22 34 0
22 9 47 39 20 42 34 25 18 17 29 15 23 10 7 46
47 10 2 12 25 41 16 5 22 27 35 13 24 21 3 28
2 32 4 26 35 6 10 17 23 45 12 15 37 36 39 30
46 3 37 2 15 28 27 9 32 6 36 10 35 45 5 39
45 6 43 18 13 8 44 0 7 14 25 22 46 15 37 34
27 11 3 28 24 5 32 46 39 41 10 16 43 22 47 9
45 14 27 11 28 29 13 43 25 24 32 12 22 41 18 16
45 18 14 43 29 17 0 13 6 28 24 8 20 23 34 40
38 19 23 40 21 4 17 34 31 42 1 30 13 33 36 20
3 27 11 28 5 46 12 7 2 32 9 41 25 47 10 45
3 28 46 27 32 11 5 42 7 43 39 41 9 18 15 47
24 6 39 45 16 35 15 23 31 40 44 7 43 33 10 2
38 4 23 40 21 19 31 8 26 35 33 34 6 37 29 24
45 6 8 14 18 13 28 41 7 22 43 44 17 29 12 36
28 41 5 22 25 3 8 2 27 26 46 47 32 9 16 18
34 38 19 17 4 21 37 1 42 7 36 15 22 20 26 30
38 42 19 4 21 23 34 17 7 40 1 30 0 13 36 2
42 34 38 17 4 21 19 37 1 15 23 20 7 36 46 2


6 33 3 36 28 17 19 10 25 1 24 12 34 9 23 0
2 22 18 47 38 37 39 42 43 3 29 16 20 35 46 44
40 12 23 34 24 8 0 47 41 29 9 43 39 21 33 37
45 6 1 42 14 46 30 27 22 25 41 32 40 19 2 21
34 23 40 24 12 11 33 6 0 25 22 3 1 16 42 39
23 33 24 12 34 6 11 40 25 5 32 22 16 45 3 9
7 14 13 28 20 4 26 21 27 30 17 36 19 25 35 6
39 43 30 37 16 38 32 11 19 14 23 18 13 40 3 20
24 11 34 23 12 40 6 33 25 3 22 36 16 0 43 47
7 20 4 13 45 2 35 46 14 42 32 44 27 38 47 21
38 30 37 14 32 6 36 16 1 25 28 11 19 43 33 5
9 29 17 5 8 18 25 47 36 0 44 10 13 33 42 2
6 25 1 42 28 36 14 9 27 38 37 8 5 31 15 10
24 33 23 11 34 6 12 40 25 45 21 5 22 16 32 19
15 34 0 31 22 40 1 42 26 39 44 3 38 36 30 28
38 37 18 16 11 30 43 32 2 39 47 20 44 13 33 23
23 24 33 11 6 12 34 25 40 16 3 5 43 22 7 37
23 33 34 24 12 6 11 25 3 40 16 0 36 43 22 39
36 25 30 6 9 1 5 14 19 28 2 32 45 10 11 38
16 39 46 47 12 23 41 8 40 43 24 42 33 22 10 2
24 34 23 33 12 40 11 6 25 22 16 5 3 45 47 42
37 18 39 38 47 2 16 43 11 23 29 33 20 46 32 13
7 20 35 36 4 46 31 47 27 28 13 41 29 39 44 3
34 24 12 40 15 6 23 33 22 3 17 11 25 16 42 0
24 23 34 12 33 11 40 6 25 3 22 16 43 37 21 39
19 17 30 5 21 14 28 20 36 4 37 18 13 26 35 7
23 24 33 11 34 6 40 25 12 22 5 16 43 8 3 47
47 39 8 46 0 37 16 2 29 18 41 12 43 13 33 20
3 17 33 0 39 24 12 19 1 13 16 37 43 11 41 27
39 43 4 20 46 7 14 13 16 26 32 31 44 37 35 47
31 44 4 13 7 26 35 46 8 14 28 20 10 38 27 1
4 44 31 20 46 14 13 35 0 28 1 27 10 26 38 7
12 24 33 40 11 6 23 17 25 34 3 45 16 19 14 9
9 29 25 36 42 1 2 8 5 18 47 17 6 44 33 0
42 27 45 25 8 36 6 14 9 5 46 30 35 1 44 4
44 4 20 35 46 31 7 13 14 26 27 10 5 28 36 8
24 3 12 11 33 34 40 23 25 16 0 6 17 36 22 19
31 44 26 4 0 15 20 14 35 46 27 8 41 1 9 42
31 4 18 9 29 26 37 2 47 35 44 7 46 20 13 39
39 43 37 47 38 18 2 8 5 10 23 46 26 16 29 40
37 38 16 20 30 32 11 43 14 22 18 26 27 31 15 12
0 3 31 36 34 42 1 41 27 30 15 44 38 6 29 22
45 36 1 28 6 27 10 20 41 0 30 22 31 21 25 34
39 43 37 38 18 47 2 32 26 16 46 5 30 4 23 20
9 29 17 19 8 27 41 36 5 28 10 3 21 33 47 35
44 4 31 20 35 46 14 26 13 10 7 5 28 27 9 45
29 47 18 2 0 34 9 37 8 39 40 44 41 15 12 31
1 3 0 34 15 11 31 22 40 32 24 39 33 6 23 38


35 23 36 1 0 29 47 14 40 8 11 41 5 9 17 34
37 45 3 10 33 22 7 32 21 24 30 12 42 15 25 19
27 11 35 47 28 34 1 26 5 43 17 0 14 39 41 23
24 21 13 10 12 38 3 19 42 32 33 22 7 20 45 37
32 45 16 37 42 22 13 21 33 9 10 12 43 24 3 18
5 7 44 27 4 19 22 14 2 31 39 30 42 34 38 25
25 1 4 34 35 19 20 14 27 30 8 9 28 7 44 16
14 1 8 35 31 40 34 0 6 5 28 11 27 47 23 18
26 16 23 29 0 8 46 43 37 18 9 41 45 33 15 3
45 37 22 47 9 1 35 32 33 25 30 34 36 46 40 29
2 18 44 36 5 34 27 21 43 7 13 23 39 22 47 12
2 31 39 18 5 29 8 14 27 7 47 30 25 1 40 38
0 46 23 29 26 17 9 41 35 4 37 34 22 32 45 1
46 0 16 22 9 13 26 7 37 47 41 33 29 45 21 32
4 31 36 35 46 39 2 29 23 17 9 45 6 37 33 11
10 12 3 13 32 22 7 21 38 45 24 37 33 15 42 6
27 11 47 35 14 5 1 4 34 28 18 39 36 23 44 8
19 12 38 24 21 4 20 7 10 3 42 13 27 2 44 17
46 26 17 0 41 15 8 18 11 47 33 29 9 16 22 10
31 27 11 35 40 8 14 46 20 34 1 4 25 6 0 41
28 14 35 4 22 5 44 6 30 47 1 31 34 15 40 9
26 46 0 41 29 17 9 16 12 21 23 13 11 3 32 7
35 27 1 47 34 14 4 11 28 5 8 43 20 36 0 26
45 37 22 32 33 9 30 42 47 15 10 46 40 29 6 31
2 44 18 29 39 34 41 36 26 8 43 47 0 23 27 33
46 8 15 29 1 23 6 0 16 28 14 9 3 37 26 2
46 17 26 41 47 35 0 16 9 33 40 37 11 25 22 45
6 8 15 2 28 1 18 14 44 23 35 3 24 29 42 25
33 22 45 47 32 37 13 9 23 46 25 28 29 0 42 26
33 22 13 43 32 47 46 9 29 10 6 23 3 26 37 45
46 37 26 9 8 32 45 16 3 15 2 10 12 21 18 22
4 36 44 34 31 23 15 8 28 35 20 27 2 18 43 1
4 12 24 21 19 38 10 42 13 7 3 27 20 17 32 2
40 18 44 34 8 36 47 14 2 30 25 5 33 37 22 45
19 38 3 27 12 7 15 20 30 14 10 31 5 44 9 4
10 37 45 12 3 32 21 22 24 7 33 42 13 15 38 6
35 1 47 27 28 14 11 34 25 5 8 4 43 26 36 0
35 47 1 28 14 8 5 34 23 0 25 11 36 9 27 26
10 33 22 32 3 45 13 37 21 12 24 42 7 15 6 38
14 0 1 34 8 35 31 18 40 23 4 11 15 6 29 5
3 7 10 15 33 37 12 38 45 31 46 16 22 5 47 29
25 35 27 1 28 14 20 11 30 5 34 8 47 0 36 43
10 21 3 24 33 32 13 22 37 2 45 12 18 42 44 7
47 35 1 44 28 4 34 14 27 23 5 36 8 2 11 29
47 35 1 28 27 5 34 14 9 23 43 11 8 16 0 36
33 22 45 32 37 9 10 3 13 42 30 47 46 23 15 7
44 36 2 18 37 33 45 47 34 23 22 29 25 39 30 43
37 45 22 32 33 21 9 46 42 30 25 26 23 10 13 0


44 43 4 31 27 36 23 16 22 15 35 18 20 26 38 33
9 1 42 5 17 37 30 34 46 45 47 26 0 3 41 40
37 3 5 45 42 34 46 7 32 28 11 30 41 47 29 19
38 14 13 6 21 33 8 18 2 32 11 29 39 24 7 27
32 11 39 2 28 7 3 14 41 29 13 45 6 12 19 24
31 23 36 4 43 44 15 16 22 27 35 26 0 1 9 18
42 30 34 37 5 46 45 17 1 9 47 3 41 28 19 7
32 28 11 3 14 2 39 41 29 13 7 6 12 45 33 21
5 47 37 26 42 46 0 34 30 9 45 17 3 19 28 41
13 33 8 18 6 21 14 24 2 38 39 27 32 11 29 10
42 30 34 46 5 37 45 47 17 3 41 9 28 19 1 7
39 2 32 13 24 11 29 14 7 28 41 3 33 8 6 12
7 2 21 32 11 8 39 3 41 34 33 29 38 6 13 37
27 18 13 33 43 44 4 8 38 14 6 31 21 20 23 22
30 42 34 46 45 37 5 47 41 3 19 28 17 7 39 32
21 6 33 38 8 25 2 27 9 20 44 13 12 18 31 7
45 41 3 19 34 28 46 30 37 42 47 32 7 5 11 29
45 46 34 37 42 30 41 3 47 28 19 5 32 7 11 29
25 12 5 42 37 34 26 30 46 17 45 9 11 47 3 41
9 26 15 1 36 17 0 23 31 16 5 22 35 4 43 42
38 13 14 6 18 33 21 8 2 27 32 29 24 11 44 39
31 36 4 43 15 23 44 16 35 27 22 26 1 0 9 18
44 43 27 4 31 18 23 35 16 36 15 33 22 8 13 38
31 23 36 4 43 44 27 22 16 15 26 35 0 18 33 38
12 25 14 26 31 23 28 18 20 34 11 38 4 27 43 36
31 43 4 23 36 15 44 27 16 35 22 20 26 18 40 0
9 0 17 15 1 47 26 40 22 12 5 42 37 30 23 46
12 35 10 43 16 44 27 25 15 1 22 4 31 18 40 24
41 45 19 46 30 3 47 34 28 42 37 7 5 39 29 32
27 44 22 43 8 33 4 31 18 38 13 23 14 36 21 6
44 43 31 27 4 23 36 16 22 35 15 18 8 33 38 26
24 10 39 13 2 33 12 18 8 7 14 11 6 29 41 20
13 33 8 18 38 14 6 27 21 2 44 24 43 32 11 29
42 30 34 46 37 5 45 47 41 3 17 28 19 9 7 1
23 15 36 31 26 22 0 44 16 4 43 27 35 9 1 17
42 5 30 37 34 46 47 45 3 17 41 19 9 40 28 26
42 30 34 46 37 45 5 47 41 3 19 28 17 7 39 40
21 38 33 13 8 6 18 14 27 44 32 2 22 43 11 4
12 45 41 3 32 28 37 7 47 29 20 46 30 5 42 19
13 38 14 6 33 21 8 2 32 18 11 29 7 39 24 28
44 31 43 27 4 36 16 23 35 15 22 18 8 38 20 33
16 35 36 31 43 4 44 1 15 23 27 22 9 0 17 26
15 31 23 36 4 43 44 35 16 26 27 9 22 0 1 17
13 39 2 32 11 29 8 21 6 14 33 41 3 28 24 7
27 43 44 4 35 31 18 16 22 8 33 36 23 24 13 38
21 33 8 13 6 38 2 46 39 18 32 24 41 27 9 11
20 25 19 36 11 24 23 21 34 38 26 45 3 37 5 10
44 27 43 18 4 31 33 38 13 8 23 22 21 35 6 16


42 11 45 39 8 25 22 6 37 33 36 1 41 10 15 29
46 42 22 36 3 8 23 41 25 32 4 15 39 10 37 6
27 14 9 4 25 19 41 37 3 38 29 5 42 36 34 1
31 20 12 28 18 44 21 40 26 35 17 43 32 47 11 30
17 11 28 18 40 20 35 31 32 45 26 44 21 29 8 24
11 17 45 8 29 28 33 13 18 15 20 35 39 22 44 4
8 22 39 25 15 42 37 45 11 6 33 38 41 17 4 36
9 2 24 38 0 27 16 46 47 30 37 14 7 3 5 43
37 25 15 45 36 39 4 41 34 22 33 42 3 1 6 38
45 15 8 4 39 22 33 41 29 6 17 37 32 42 25 11
30 9 2 27 5 0 46 16 47 43 3 14 7 12 34 21
13 1 9 3 43 30 47 7 11 38 23 34 0 45 2 10
30 5 16 2 12 44 27 9 14 21 7 46 38 4 47 20
8 39 45 42 33 6 22 37 41 11 17 15 32 4 25 1
18 31 20 28 12 40 21 44 26 17 35 32 43 11 23 13
17 11 35 40 28 8 32 24 18 26 22 31 20 45 39 42
22 15 45 24 17 41 40 5 36 4 39 32 37 31 42 20
43 13 30 9 47 2 14 34 12 38 1 19 11 23 3 45
22 39 15 6 45 38 4 17 29 37 41 33 8 24 32 26
23 18 46 26 32 31 20 28 35 17 40 11 12 21 43 8
46 43 30 24 9 2 12 47 20 0 44 31 5 23 21 18
31 12 21 20 18 44 28 40 35 26 43 17 32 47 30 46
40 31 28 18 17 20 26 44 35 12 21 32 23 13 8 16
24 46 11 25 42 45 37 22 10 41 40 34 43 28 26 47
18 20 31 28 40 21 17 35 44 26 12 11 43 23 24 45
23 43 7 30 21 9 47 12 44 13 31 18 1 28 20 14
30 2 9 0 5 27 46 16 43 47 3 34 12 14 7 10
15 17 39 11 32 8 26 38 18 45 40 25 28 37 24 29
28 35 31 40 17 20 18 11 43 10 21 44 26 46 12 29
44 12 30 21 16 20 31 18 2 5 26 28 9 14 46 40
23 3 11 1 45 34 33 38 13 25 36 14 37 9 19 47
17 28 18 20 31 40 35 44 11 21 12 26 32 13 29 43
11 17 35 29 28 8 18 20 21 32 44 15 45 31 33 40
27 46 9 7 23 43 38 47 2 16 24 0 3 26 30 25
25 36 42 33 8 3 4 39 37 1 11 29 15 45 19 41
27 9 2 38 30 16 5 23 7 34 1 43 0 10 47 25
17 45 40 15 31 36 20 35 29 39 28 22 34 33 11 42
12 30 21 44 31 43 20 46 47 28 2 26 18 40 35 9
5 27 9 2 4 30 16 3 14 33 19 41 0 38 36 37
17 11 35 40 28 32 8 45 18 26 22 29 39 31 20 24
30 2 16 12 43 21 44 9 5 46 20 31 27 47 7 18
30 12 44 2 21 16 9 5 46 43 31 20 47 27 14 18
22 15 39 38 4 6 45 29 8 17 32 37 33 41 24 26
46 9 3 30 47 27 2 0 43 36 25 5 19 4 34 14
7 47 14 13 43 19 9 11 0 1 3 16 23 38 46 2
7 16 2 27 9 47 30 14 38 43 13 0 3 21 1 26
1 8 10 38 40 25 42 32 34 23 22 35 45 11 36 6
46 30 5 9 2 16 0 14 47 43 19 29 27 21 24 44


31 15 2 40 7 43 24 18 23 27 9 10 6 37 8 0
12 3 5 35 34 13 22 17 1 11 38 46 45 24 16 32
28 44 30 14 29 36 20 4 42 25 38 19 46 21 41 33
31 15 2 40 27 10 43 23 18 6 24 37 0 33 39 9
33 37 0 8 4 6 14 23 43 18 39 28 40 10 27 21
0 37 39 33 6 23 10 41 43 18 40 4 8 27 2 19
38 5 17 12 22 34 46 32 13 45 3 1 11 25 35 30
24 15 2 47 31 27 40 10 3 35 43 37 23 9 18 5
15 2 31 40 10 43 23 27 37 6 18 24 0 39 33 8
12 5 3 35 13 22 34 17 38 1 46 45 11 32 16 25
43 23 6 18 0 40 37 10 33 31 39 27 2 8 41 15
10 40 31 47 27 37 2 24 15 39 23 43 0 6 18 3
5 12 3 34 17 38 13 22 46 35 45 1 32 25 11 16
10 23 40 43 37 6 0 31 18 2 33 39 27 15 41 8
12 5 34 22 35 3 13 17 1 38 11 46 45 32 16 25
1 16 5 3 17 34 13 12 45 26 22 24 7 15 38 36
6 0 43 37 33 23 18 39 10 40 41 31 27 8 2 19
35 15 24 47 3 2 31 5 7 34 12 40 1 27 10 13
2 31 15 40 23 43 10 6 18 37 27 0 33 39 9 8
5 12 35 3 34 24 1 13 17 22 16 11 15 45 46 38
2 40 10 31 23 43 15 6 37 27 18 0 33 39 8 24
38 5 17 32 46 22 12 34 45 13 3 26 25 11 1 30
41 4 20 28 33 44 39 14 0 30 36 19 8 37 6 18
10 40 39 37 47 15 2 31 27 43 23 35 0 6 24 18
43 10 23 40 37 39 27 0 18 6 2 33 31 15 8 41
15 31 2 40 10 24 43 23 27 7 37 9 6 18 35 0
13 22 38 25 17 11 45 12 30 46 34 1 5 32 3 36
4 14 37 41 0 44 39 28 33 19 30 8 47 23 6 29
15 2 31 24 7 40 10 35 23 43 27 37 6 47 3 16
37 0 23 39 10 6 40 43 33 18 27 31 2 8 4 15
15 2 31 40 24 10 27 23 43 47 37 35 6 18 39 0
18 6 43 23 31 0 33 40 10 2 37 8 41 15 39 27
5 3 35 12 24 1 34 13 22 16 47 17 46 7 45 38
31 40 43 23 10 2 6 37 18 0 27 15 33 39 8 41
35 15 24 7 5 3 34 2 31 12 47 1 16 9 40 22
15 2 31 24 40 10 27 43 7 35 23 47 37 6 18 39
32 38 17 46 5 26 30 22 45 12 1 13 34 36 11 25
15 2 24 31 40 27 10 43 23 37 7 6 18 3 47 35
30 36 38 32 44 46 25 17 28 20 22 26 45 13 12 34
23 43 6 10 37 18 0 39 33 40 27 8 2 31 15 41
19 4 35 22 20 44 9 28 15 34 32 12 26 37 39 2
10 27 39 37 47 40 23 43 31 2 15 41 0 6 33 18
37 23 0 10 43 39 6 33 40 18 41 27 2 31 8 4
38 32 17 22 46 30 45 13 25 26 12 5 11 34 36 44
31 40 10 2 15 43 23 27 37 18 39 6 0 47 41 33
31 2 15 40 10 43 23 6 18 37 27 0 33 39 24 9
38 17 22 46 13 45 25 32 30 12 34 5 11 3 44 36
33 39 0 41 23 37 10 6 18 43 8 40 27 4 19 21


29 25 4 28 17 7 43 39 5 44 2 40 35 18 1 20
20 47 5 39 45 11 32 43 44 25 41 29 27 28 42 38
13 26 8 0 37 7 30 36 35 4 16 21 40 33 19 9
41 40 43 18 39 8 25 29 30 5 44 20 10 26 1 7
43 39 41 20 5 47 18 29 44 32 25 45 11 27 10 28
21 37 36 12 19 33 46 15 0 22 34 30 9 26 14 13
12 15 16 34 33 46 23 9 36 19 0 14 24 31 21 13
4 37 33 15 30 36 21 7 1 19 8 42 14 12 46 31
23 9 24 38 16 42 47 31 11 46 33 32 13 15 17 12
41 43 5 39 20 18 44 29 25 10 47 40 45 27 28 32
33 21 15 37 19 14 22 36 12 34 9 46 0 26 13 30
41 43 39 18 29 5 47 20 27 44 32 25 10 45 28 11
31 38 16 14 15 23 33 24 12 46 4 34 42 11 35 7
20 5 47 39 11 43 44 41 25 45 32 29 18 27 10 42
33 36 37 21 15 19 46 30 26 13 0 12 14 16 7 4
40 26 30 0 8 37 1 21 7 41 13 18 36 22 43 19
2 23 11 42 32 3 28 34 47 44 45 39 9 12 24 8
26 30 37 40 0 21 36 7 13 19 8 33 4 15 46 1
11 47 20 32 45 5 38 39 44 42 43 25 27 29 31 28
11 38 31 47 45 32 42 20 23 5 44 24 28 39 27 10
47 11 38 32 45 20 31 5 27 39 43 23 42 44 25 28
32 11 47 45 38 20 39 27 5 43 44 28 25 42 31 23
41 18 43 40 39 29 5 20 27 10 8 25 28 26 44 7
21 26 37 30 36 19 0 33 15 13 40 46 12 22 4 7
40 41 22 44 18 30 43 5 21 39 20 0 26 10 3 25
40 18 43 41 26 8 39 0 27 29 13 1 30 7 2 9
26 21 37 30 36 19 33 0 15 40 13 4 7 46 22 12
41 43 18 39 20 5 29 47 27 44 10 28 25 32 45 11
23 38 28 16 45 8 27 47 32 15 42 6 10 35 11 24
32 45 47 44 20 11 38 39 10 23 5 43 27 42 31 29
33 15 36 37 19 46 21 13 0 26 12 30 16 14 7 4
5 43 20 39 41 25 29 44 11 18 47 10 27 28 45 32
38 24 31 45 32 23 17 11 4 10 6 19 44 2 46 28
11 31 42 38 23 34 14 47 12 45 16 15 24 32 20 44
5 43 41 39 20 18 29 10 44 25 40 27 47 11 45 6
5 41 44 20 43 39 18 29 11 25 47 10 45 3 40 27
40 26 30 0 37 13 8 7 21 1 36 18 35 4 41 19
38 28 47 27 11 32 45 31 20 5 43 10 39 29 23 44
31 14 15 38 16 33 24 46 12 19 34 11 42 36 22 10
43 39 41 20 5 47 44 29 18 25 32 27 45 11 10 28
31 15 14 34 12 33 46 16 23 38 19 42 24 36 22 21
11 47 42 31 38 45 32 23 20 44 5 34 24 25 10 14
47 11 32 44 20 45 39 43 23 42 25 5 29 27 38 41
34 9 12 22 14 15 21 46 19 16 33 2 42 23 36 3
18 41 43 39 27 29 20 25 5 8 40 44 28 32 47 45
10 31 14 38 6 3 24 36 47 35 46 23 32 13 33 37
15 46 19 33 36 21 37 12 14 34 30 22 13 26 16 0
11 44 20 47 45 42 32 5 25 38 39 10 43 31 23 29


39 27 0 21 4 43 12 45 32 28 6 37 31 13 10 8
39 27 43 35 6 0 45 4 21 12 42 41 10 28 8 18
29 26 3 42 15 4 18 47 1 17 20 25 9 19 5 7
39 43 4 6 27 45 12 0 21 41 29 42 37 18 35 46
39 43 0 21 6 27 4 36 12 11 37 31 28 45 8 13
7 17 30 14 8 33 11 2 5 13 10 1 21 25 29 18
20 22 43 18 26 34 15 9 41 3 42 12 6 4 19 45
39 43 4 21 37 0 6 29 36 27 25 11 12 14 45 31
27 39 42 12 6 35 45 0 41 4 10 17 43 7 26 18
26 18 12 42 45 15 35 4 34 29 22 41 3 17 20 27
1 13 47 30 2 28 44 36 16 11 32 21 7 33 5 40
21 36 39 0 13 28 11 43 14 37 16 2 32 40 6 30
23 24 46 31 3 19 5 37 9 11 22 20 32 38 44 33
36 21 32 13 11 16 28 39 2 0 33 23 19 37 40 14
9 3 26 22 15 34 5 18 20 44 24 47 33 42 19 17
39 21 0 36 43 4 37 28 11 29 6 13 32 27 14 8
13 28 2 11 36 40 32 33 14 19 16 44 21 0 1 38
39 21 0 27 43 28 6 36 37 4 13 11 32 10 8 14
23 27 30 45 24 31 46 42 43 41 7 12 44 0 4 39
39 43 0 27 21 4 6 12 37 45 31 11 42 32 8 25
39 43 21 0 27 6 4 36 37 29 11 45 12 28 42 30
15 3 26 22 34 18 9 35 20 42 17 41 12 45 29 5
43 35 29 4 37 47 42 26 36 3 22 6 20 39 40 41
3 15 9 22 26 42 34 18 20 47 41 5 17 29 7 35
32 1 28 40 47 13 29 16 25 44 36 19 21 33 3 5
26 42 18 34 15 35 45 22 12 41 9 3 20 17 6 31
2 47 29 44 3 19 40 20 9 14 36 33 1 7 17 22
11 36 13 30 28 2 1 44 21 32 7 33 47 16 23 24
12 45 34 26 35 27 18 46 31 42 41 22 6 15 4 24
34 45 26 12 42 15 9 27 18 31 22 35 24 41 3 46
39 21 0 43 28 13 36 27 6 4 11 14 8 10 30 25
3 9 44 40 15 19 47 22 5 20 33 34 2 38 26 17
12 26 42 45 18 34 15 35 41 22 4 27 31 6 17 7
21 13 36 39 28 0 11 27 43 30 10 1 14 6 32 8
21 13 28 36 32 39 29 0 14 1 16 11 40 47 2 30
9 3 34 22 26 15 18 5 31 20 24 42 45 41 44 17
35 42 45 22 41 18 26 34 15 46 12 20 31 3 9 24
13 36 28 44 2 1 40 11 47 21 16 32 14 33 19 30
9 3 15 34 22 26 18 20 5 42 44 17 24 41 45 35
30 32 2 11 33 23 24 46 13 16 21 47 31 1 14 9
27 6 12 45 34 35 26 39 43 18 42 0 41 4 15 10
34 45 12 26 18 42 22 35 31 41 15 6 9 24 27 46
40 28 36 13 1 44 2 16 47 11 14 21 0 17 19 30
21 36 28 39 13 11 0 37 32 2 14 30 16 8 40 1
9 34 26 22 3 15 18 42 12 45 31 20 5 24 17 41
35 6 27 12 39 45 10 34 42 43 40 0 44 46 28 41
30 7 3 29 42 11 2 47 20 15 22 43 41 5 26 9
9 3 5 34 44 15 24 26 22 17 18 19 33 31 20 7


44 21 39 13 36 47 10 8 1 20 5 43 3 18 25 12
10 29 3 20 41 5 34 4 45 28 43 38 12 25 1 37
22 24 0 32 31 7 9 11 19 15 35 26 27 46 30 44
12 10 34 3 41 29 20 43 28 45 5 25 1 38 4 37
22 24 0 32 31 7 11 9 19 15 35 27 46 26 44 30
12 10 41 3 5 45 43 29 20 25 34 28 4 38 1 37
15 22 9 0 24 32 19 40 31 7 27 11 46 47 35 17
16 8 1 14 12 25 42 37 45 41 35 4 43 10 33 34
34 3 10 45 20 29 43 28 12 41 38 25 5 4 1 37
34 20 29 3 45 10 5 28 41 38 43 4 12 25 1 37
5 10 3 43 34 29 20 41 4 12 25 28 38 45 1 37
12 1 41 3 13 4 10 37 43 5 25 28 20 45 34 29
10 34 29 20 41 3 38 28 5 45 43 12 25 4 1 37
47 32 6 40 39 46 11 15 7 36 28 30 0 31 34 22
19 7 31 11 24 32 22 35 0 14 26 39 42 9 8 27
1 16 12 8 37 45 10 43 41 3 25 34 29 28 5 4
29 38 10 34 20 3 45 5 28 41 43 12 4 25 37 1
10 3 41 29 34 12 20 5 45 43 38 25 28 4 1 37
24 22 0 19 31 7 11 32 9 15 35 26 39 27 44 46
15 22 0 9 24 32 7 31 11 19 17 46 44 27 6 40
7 32 31 11 24 22 0 19 35 9 15 14 26 39 27 42
22 24 0 32 31 7 9 19 11 15 35 27 26 44 46 30
29 10 5 28 3 41 34 20 38 4 45 43 25 12 37 1
45 12 41 3 10 43 25 29 5 1 34 20 4 28 38 37
22 24 0 32 9 15 31 7 19 11 35 46 27 26 47 17
5 3 10 29 20 41 38 43 45 34 4 28 12 25 13 37
41 12 10 3 34 29 4 43 28 5 45 1 38 20 25 37
1 12 16 45 25 41 10 4 37 28 3 29 43 34 5 20
34 38 29 20 28 45 10 3 25 43 5 40 33 41 4 12
24 22 32 31 7 0 11 19 35 9 15 26 27 14 39 2
24 22 7 32 31 0 11 19 9 35 15 26 27 14 39 44
24 22 7 32 0 31 11 19 9 35 15 26 14 27 39 44
1 12 17 45 16 41 25 3 8 14 10 28 37 42 4 20
8 14 35 11 7 42 19 31 16 1 32 26 39 24 2 37
24 22 7 32 31 0 19 11 9 35 15 26 14 39 27 44
22 24 0 9 32 15 31 7 11 19 35 46 27 26 44 17
0 31 32 11 19 7 27 22 24 42 35 15 9 26 6 8
10 5 3 29 41 12 20 25 43 45 38 4 34 13 28 1
24 32 31 7 22 19 11 0 35 9 15 26 14 42 44 39
46 32 0 31 24 27 22 11 19 9 7 15 30 44 17 26
18 35 23 16 42 6 12 25 40 36 3 37 43 8 1 4
29 38 5 3 20 28 4 10 45 41 34 43 25 12 13 37
22 0 24 9 32 15 31 19 7 11 27 35 46 17 26 44
24 22 32 0 7 31 11 19 9 35 15 26 14 27 39 44
20 10 29 38 25 5 45 34 41 3 43 28 12 4 1 33
12 1 41 34 10 25 45 28 43 16 3 29 5 4 20 38
44 4 23 38 29 3 5 10 20 25 34 41 28 6 43 12
19 31 11 7 32 24 35 22 0 14 42 26 39 8 44 27


35 13 18 15 3 32 25 23 43 12 41 21 1 31 7 38
45 2 47 43 14 39 32 41 10 27 19 25 46 21 42 37
41 10 9 21 22 44 8 33 3 47 32 15 46 13 30 19
5 24 37 36 15 40 6 26 14 20 29 13 0 17 28 43
22 21 32 41 8 10 47 44 33 3 13 19 15 9 46 45
46 2 12 41 18 35 39 31 32 45 10 23 1 6 17 24
23 2 46 25 4 17 27 0 35 26 12 31 32 13 39 42
21 9 15 22 33 41 3 47 8 32 10 44 19 18 6 13
45 14 20 0 17 24 34 27 31 29 23 38 12 6 8 37
17 27 23 20 37 0 29 35 16 39 26 14 38 40 25 11
17 20 37 0 23 29 24 12 27 39 26 28 1 14 36 16
17 23 39 37 27 0 24 2 20 35 45 38 26 31 25 29
17 23 39 27 37 26 28 0 24 2 20 29 35 38 16 45
17 23 26 39 37 20 27 0 24 35 28 29 2 7 38 16
23 17 27 37 20 39 29 0 28 26 24 36 12 35 16 38
9 15 33 36 6 44 40 21 16 5 3 47 19 22 29 18
9 47 21 44 3 13 33 43 6 22 10 15 41 40 34 19
6 25 36 33 3 21 47 13 22 9 29 10 40 19 34 15
23 17 39 27 28 26 0 20 24 35 37 12 2 29 5 1
17 37 23 39 0 29 26 20 27 35 24 16 40 28 38 14
17 23 39 37 26 27 24 35 0 20 29 2 38 45 14 28
29 26 12 36 20 45 13 0 33 5 37 38 19 28 43 31
37 17 23 20 26 39 29 0 24 27 16 36 38 35 28 40
37 20 29 23 0 16 28 17 36 40 39 27 26 38 24 5
18 4 24 44 22 13 33 19 42 41 43 32 11 9 15 7
17 27 26 39 2 45 23 28 0 24 37 20 35 12 7 46
40 9 36 44 6 16 15 37 30 21 29 47 25 33 3 38
12 46 43 41 44 10 47 7 3 21 28 9 18 13 2 5
41 10 21 22 46 32 3 47 8 44 13 2 33 30 19 7
37 29 40 36 5 16 23 0 20 6 26 39 17 14 24 28
21 22 45 47 44 1 10 8 37 6 13 9 27 25 40 38
41 10 9 32 3 44 33 46 21 15 47 22 19 43 8 13
39 23 44 1 26 37 20 9 28 2 38 40 0 11 27 34
37 23 17 29 39 20 26 40 36 16 0 38 24 35 27 25
17 23 37 24 25 39 16 0 35 29 27 14 2 20 32 28
17 23 37 39 26 29 0 38 35 2 24 1 34 25 16 13
17 23 1 24 39 26 37 38 25 27 35 2 31 5 0 20
41 10 21 22 3 44 9 47 46 32 8 33 13 15 30 43
37 20 16 29 23 36 39 27 24 28 17 7 0 38 11 25
37 40 36 29 25 16 38 14 6 20 44 42 30 47 43 21
17 23 26 2 27 35 7 39 24 0 28 45 32 1 4 20
37 29 17 26 5 20 40 23 0 36 39 28 16 24 38 35
21 3 47 41 44 6 10 9 22 15 25 33 36 42 13 40
17 37 23 39 29 20 0 26 27 24 16 36 35 38 40 28
41 10 2 46 32 22 21 4 3 7 44 45 33 47 19 8
37 17 23 29 0 20 39 26 36 40 5 27 14 16 35 38
12 38 29 16 3 26 46 20 30 11 27 1 18 37 39 36
25 37 40 12 14 31 36 27 43 1 20 39 29 38 16 46


27 3 5 10 24 8 32 38 2 21 30 47 43 13 41 33
9 11 34 39 20 23 36 6 16 45 22 37 40 33 7 13
41 3 32 27 38 21 25 8 24 47 10 1 28 2 30 43
3 27 5 24 10 8 38 21 32 13 30 2 43 12 7 23
17 38 15 25 16 31 45 4 27 40 44 41 28 46 39 42
16 14 9 6 44 34 20 37 22 4 39 46 26 45 35 11
38 32 41 8 10 3 27 21 47 43 30 2 5 1 24 42
23 12 36 9 34 13 33 45 2 0 15 7 5 31 11 37
20 35 6 37 15 39 29 34 33 17 23 16 22 18 9 21
35 24 38 25 19 40 18 30 2 15 22 20 16 10 43 7
36 5 13 7 33 24 27 2 3 23 38 10 12 8 43 30
3 27 8 10 5 24 32 38 21 30 2 43 41 47 25 13
27 3 38 8 10 12 41 25 21 32 28 24 43 5 1 17
27 3 12 13 10 5 24 7 38 36 23 33 8 43 2 32
24 47 43 28 30 21 13 32 37 17 44 2 41 3 19 46
20 34 31 11 9 44 45 15 40 16 22 19 14 26 6 42
17 23 9 44 2 12 39 37 30 36 20 11 34 13 45 46
5 3 10 27 7 36 23 30 24 13 17 21 33 43 32 38
9 36 13 30 10 23 7 35 19 12 17 34 5 43 38 45
10 5 13 30 36 7 27 3 8 23 24 19 33 43 2 21
36 13 23 11 12 33 7 9 19 24 4 5 34 27 31 20
3 27 8 5 21 10 24 38 32 41 30 2 47 43 25 42
37 14 41 28 44 40 4 18 11 21 20 42 12 8 1 16
9 11 37 6 16 39 34 22 14 44 20 4 45 40 26 25
40 43 33 31 37 38 34 13 5 19 21 45 29 46 17 23
14 44 16 37 6 9 26 18 34 41 22 0 39 11 20 47
27 3 10 38 8 24 5 32 21 12 43 13 2 30 42 41
3 27 8 32 38 21 41 10 47 2 5 24 25 30 43 42
27 10 12 23 24 8 1 36 43 21 30 13 32 17 5 2
10 27 3 24 8 32 43 5 30 2 19 38 13 12 47 7
18 41 44 14 16 28 47 25 32 4 6 15 37 22 42 8
41 3 25 21 8 32 38 27 47 5 18 0 17 29 24 37
3 27 8 10 38 5 24 32 21 43 2 12 13 30 47 42
9 16 34 6 11 44 14 39 37 22 20 45 26 40 46 36
16 14 6 9 34 44 22 4 37 11 20 26 39 18 40 45
27 38 2 12 24 32 3 43 30 10 13 17 5 7 19 36
20 9 36 39 14 44 6 12 22 34 26 19 33 16 23 37
4 22 16 1 28 19 24 18 29 31 21 10 26 25 41 47
9 36 23 11 34 13 7 39 44 2 45 20 33 19 30 46
3 27 5 10 8 32 38 24 21 47 30 43 13 2 42 41
22 14 16 44 4 6 39 47 26 41 37 20 46 9 19 1
6 45 15 16 37 14 0 44 9 20 34 26 11 39 47 35
16 14 6 34 9 37 44 11 40 26 22 4 20 39 45 18
13 36 27 10 7 5 43 24 12 3 47 30 33 23 19 8
27 33 8 10 5 21 41 42 26 17 3 16 35 32 6 0
3 8 32 41 27 21 10 38 5 25 47 24 43 42 2 30
9 37 34 16 11 44 40 14 39 22 6 26 23 45 20 19
21 32 24 41 3 47 8 45 5 2 15 7 30 0 25 42


22 6 4 24 23 16 28 43 5 34 46 2 15 40 17 30
28 44 2 6 20 27 22 9 30 16 17 1 24 8 42 4
37 19 35 18 36 20 38 14 17 28 11 32 33 13 41 30
37 35 19 20 11 18 14 28 36 32 17 41 38 1 13 42
35 19 14 36 38 25 37 18 3 39 45 33 13 32 47 17
35 19 14 37 36 38 18 47 20 11 32 8 41 39 33 42
6 22 24 23 16 2 4 5 43 46 0 28 34 8 27 30
37 35 19 18 14 38 11 28 13 32 36 39 12 20 3 41
6 22 4 24 16 23 2 5 43 28 46 34 27 30 15 7
5 6 23 2 24 16 43 4 27 46 22 7 8 34 29 40
35 19 14 20 37 36 18 38 41 26 31 47 25 45 39 27
20 44 37 35 8 14 45 41 31 30 7 36 2 19 23 42
5 6 2 23 24 27 16 7 43 45 3 15 4 29 47 10
47 35 8 14 19 36 32 27 20 18 41 39 1 38 2 11
37 35 18 19 14 38 20 36 28 32 11 41 17 31 13 1
37 35 19 11 18 14 20 30 26 38 36 15 12 9 41 32
6 4 23 16 24 46 22 43 5 2 28 45 7 0 40 15
35 37 19 14 18 20 36 11 38 32 33 39 28 41 17 13
22 4 6 24 28 46 16 43 23 30 21 34 17 2 15 12
6 23 4 24 22 16 43 5 46 2 34 28 7 40 0 15
35 19 14 36 47 8 38 10 18 3 42 37 20 25 41 39
37 35 19 18 28 20 14 11 32 38 30 41 33 17 36 22
23 5 24 6 2 43 46 4 7 16 27 45 3 8 40 22
6 23 5 16 2 43 24 46 4 27 22 7 8 34 0 40
37 19 35 36 14 18 38 17 20 11 32 28 33 41 13 42
35 37 19 14 36 18 20 38 47 11 33 32 8 31 41 39
14 35 38 47 18 37 19 10 36 25 11 32 45 3 17 39
35 19 14 36 37 18 38 47 20 39 11 1 8 32 25 41
35 14 47 19 27 37 7 18 38 8 11 20 33 32 10 3
35 19 14 36 38 37 47 18 39 25 20 3 33 11 42 8
19 35 18 14 37 21 32 13 36 38 5 47 12 26 33 45
6 23 4 5 24 16 43 22 46 2 7 34 45 26 8 0
47 18 35 28 3 27 2 19 5 34 6 37 32 14 30 24
5 2 23 6 16 27 43 8 24 7 4 47 46 3 29 21
2 4 6 5 16 39 13 43 7 23 40 26 3 22 9 11
26 14 24 38 33 3 47 45 34 39 12 10 35 41 5 8
32 43 31 7 1 15 13 19 12 16 46 24 9 26 36 23
6 4 22 16 23 45 2 43 46 17 28 0 5 24 10 25
24 23 6 2 7 16 27 43 46 22 8 5 40 45 30 15
22 6 4 28 16 43 24 23 46 2 34 17 15 21 5 13
7 31 23 13 20 24 40 27 30 4 16 47 46 5 6 1
35 19 14 47 36 38 18 8 37 39 3 20 41 32 11 33
8 7 2 23 5 46 43 16 6 45 27 25 47 4 26 0
22 37 17 13 28 34 21 15 30 19 4 33 11 20 18 12
22 6 4 24 23 16 28 43 5 46 34 15 17 2 30 21
6 4 16 22 24 23 5 43 28 2 46 34 15 12 21 7
4 6 22 16 23 46 24 43 28 2 5 15 7 21 17 29
22 16 28 24 40 13 46 4 6 43 34 30 44 23 15 33


31 3 28 39 4 0 19 5 1 2 18 25 30 45 17 26
14 42 9 41 47 29 35 19 10 34 11 37 20 46 36 13
28 4 31 3 5 25 39 0 1 19 18 33 45 23 2 43
47 42 14 33 10 29 44 6 16 20 11 23 27 8 41 46
37 13 19 41 7 18 30 35 17 26 4 10 40 27 39 5
39 4 31 28 0 3 5 25 18 2 1 45 19 26 17 30
42 14 47 6 29 11 16 10 27 41 44 9 46 13 35 33
41 10 47 33 42 20 6 23 15 27 11 14 35 19 30 36
42 47 14 29 44 10 20 16 46 13 41 37 6 8 35 12
42 47 27 14 29 24 9 22 38 37 7 15 35 46 41 44
19 3 9 15 45 31 28 0 39 4 41 30 35 40 7 1
6 47 33 41 42 23 20 17 14 16 22 10 29 40 46 34
42 14 47 29 10 41 9 13 27 16 11 20 8 35 6 36
14 42 47 41 10 9 29 35 46 13 32 11 37 12 20 6
29 14 44 42 47 16 37 8 12 46 13 20 27 22 36 6
31 39 19 4 3 28 0 30 18 1 45 5 26 25 17 9
44 14 42 29 47 37 11 10 16 12 22 13 38 27 15 17
42 14 47 29 41 10 9 35 20 11 16 13 27 22 46 6
4 28 39 31 3 0 5 25 18 19 2 1 45 26 17 30
19 30 34 28 41 45 3 39 2 1 9 11 31 0 18 4
42 14 47 29 10 41 16 20 27 44 6 46 37 11 35 12
42 14 47 29 10 41 16 20 44 6 8 46 33 11 37 27
14 42 47 29 44 16 10 6 27 20 8 22 33 9 46 41
2 39 28 31 4 3 0 1 27 19 18 25 5 30 21 26
3 28 31 4 39 0 19 5 1 25 18 30 45 2 17 15
31 39 4 3 28 0 5 25 19 1 2 18 45 30 17 26
39 31 4 3 28 0 5 25 1 18 19 45 17 2 26 30
39 31 28 3 4 0 5 19 18 25 1 2 30 45 17 26
10 34 41 30 20 24 33 45 19 6 25 26 7 11 13 3
41 19 30 9 10 42 35 13 21 23 40 7 22 11 17 34
31 39 28 4 3 0 19 18 5 25 1 30 2 45 26 17
14 42 47 29 10 20 41 27 9 35 6 22 46 16 37 38
7 6 24 20 22 9 27 11 16 46 5 1 12 38 15 28
42 47 14 29 41 10 20 16 6 27 35 9 46 23 33 22
4 28 3 25 31 39 0 5 45 1 2 18 33 19 23 15
44 5 25 4 33 16 2 38 37 0 39 31 12 22 8 36
42 47 14 29 41 16 20 10 6 27 44 12 34 35 22 32
32 41 8 19 7 30 45 2 26 29 21 42 16 20 31 13
42 47 14 29 41 10 20 16 6 27 9 11 46 35 44 22
33 41 23 6 10 47 20 22 36 46 16 21 35 7 42 5
31 3 28 4 18 39 19 0 1 17 21 45 5 34 2 27
4 28 31 39 3 0 5 25 2 18 1 19 45 17 30 26
41 10 42 47 14 9 11 13 29 35 6 20 19 22 12 36
42 14 29 47 11 10 13 16 27 41 36 34 30 40 46 9
42 14 47 29 41 10 35 46 11 27 20 13 16 9 36 6
45 38 27 18 31 39 3 4 24 28 17 5 26 25 0 30
44 47 29 14 42 8 33 16 10 46 36 37 6 20 23 15
42 14 47 29 10 41 27 16 20 6 44 35 7 11 12 38


22 23 37 8 46 19 4 13 38 18 21 41 42 26 10 27
35 0 11 29 33 40 17 1 7 24 6 20 31 2 9 30
35 0 11 29 40 33 17 1 6 7 24 31 2 16 34 20
35 29 11 0 40 33 24 1 25 6 2 7 31 36 20 14
35 0 11 29 33 40 1 17 7 24 6 31 2 30 9 25
35 0 11 33 29 40 17 1 7 34 30 31 15 24 6 9
35 0 11 33 29 40 1 17 30 7 24 31 2 34 6 9
0 11 35 33 17 29 34 40 1 30 44 7 9 15 24 39
46 38 8 23 12 19 4 27 26 18 22 45 37 21 41 42
35 29 0 11 47 40 33 25 36 1 13 2 43 7 31 6
38 46 19 12 4 8 23 22 45 27 18 37 26 10 42 41
35 0 33 40 11 29 1 30 17 44 24 31 34 9 2 20
35 29 6 0 11 30 14 40 24 43 47 25 31 2 32 12
46 19 18 37 38 23 4 21 22 13 41 42 8 10 12 26
19 46 23 38 22 13 41 4 42 10 12 28 37 21 18 26
34 37 38 45 10 21 26 44 18 12 15 17 27 41 46 8
17 45 38 27 12 26 37 32 34 18 14 15 21 5 16 3
35 11 0 29 33 40 1 17 24 7 6 2 31 30 20 9
35 11 0 29 33 40 1 17 7 24 31 30 6 2 25 20
47 13 29 35 25 36 40 22 28 42 11 19 1 33 2 24
19 46 38 4 13 23 8 22 37 41 42 18 45 21 10 12
35 29 40 33 0 11 1 47 24 7 36 25 2 20 6 30
34 29 6 25 1 36 3 24 0 9 35 30 33 7 44 40
0 11 17 35 33 29 40 1 34 30 7 15 2 31 44 24
38 46 19 8 37 18 10 27 4 12 45 41 22 21 23 42
35 11 0 33 29 40 17 2 1 30 7 31 15 34 6 24
46 19 38 4 22 8 42 13 23 37 41 18 10 27 21 45
38 12 46 45 37 8 27 19 4 21 10 26 41 23 18 42
19 46 38 4 23 13 42 22 8 37 18 27 10 41 45 21
1 15 32 11 24 34 31 43 18 3 0 35 30 14 29 12
35 0 11 33 29 40 1 17 24 7 30 31 2 6 9 20
46 19 4 13 22 38 23 8 42 10 37 21 18 41 27 36
38 46 18 42 19 45 27 21 3 22 37 4 23 28 26 12
38 46 19 8 37 4 42 45 18 13 41 27 22 10 23 26
35 11 0 29 33 17 1 40 6 24 7 31 2 9 30 25
46 19 38 4 22 13 42 23 8 37 10 41 27 21 18 12
35 11 0 33 29 40 1 17 30 7 31 39 34 24 2 9
46 19 38 4 37 23 22 8 10 13 45 42 27 41 18 12
46 38 19 4 8 13 22 42 23 27 37 10 45 18 21 41
17 45 12 26 0 34 38 27 37 18 33 44 32 15 10 8
35 17 0 29 11 31 16 33 20 6 9 24 40 5 1 2
19 46 38 23 18 4 26 10 13 42 22 37 27 21 8 12
13 22 19 4 42 46 8 23 47 38 41 10 36 37 32 44
43 5 9 0 2 20 7 35 36 17 40 42 33 29 6 21
11 35 0 17 29 33 1 15 34 7 24 43 40 16 30 9
46 19 38 4 37 45 10 22 8 13 42 23 21 18 12 41
11 35 0 29 33 40 17 1 7 6 31 34 24 20 9 25
13 47 22 36 42 4 19 25 40 23 46 29 41 28 32 8


42 17 43 38 39 31 14 34 2 44 28 37 32 19 45 16
30 35 15 46 33 11 47 26 25 27 1 22 4 18 24 10
30 15 35 33 11 25 1 22 46 47 26 40 27 18 5 4
30 35 15 33 11 22 25 47 46 26 1 27 24 4 20 40
8 28 6 19 10 43 26 18 47 33 17 25 11 5 24 14
30 15 35 33 11 1 46 25 22 41 26 47 5 18 4 27
21 12 10 9 47 32 27 1 46 35 4 25 37 24 17 11
14 43 31 17 39 42 10 19 21 32 8 16 9 38 28 6
43 42 14 29 39 37 38 17 9 31 34 10 28 23 2 8
15 30 35 33 11 25 47 1 46 22 40 41 26 27 5 18
15 30 35 33 11 25 1 47 40 22 26 20 46 6 27 23
15 30 35 33 25 47 11 22 1 40 46 41 26 20 4 24
15 30 35 33 25 11 47 22 1 26 40 20 41 46 24 4
39 40 28 22 23 34 38 25 13 6 31 45 33 2 41 15
15 30 35 33 11 25 22 1 47 46 40 41 26 27 5 20
30 15 35 33 11 25 47 46 1 22 26 40 41 20 5 27
25 24 35 26 30 15 18 33 8 6 46 11 1 22 21 27
28 34 39 23 17 45 40 31 6 2 38 42 32 25 37 41
17 42 14 43 16 39 34 44 7 38 45 2 31 32 10 29
30 15 35 33 11 25 47 22 46 40 26 1 20 24 18 41
35 30 15 33 25 11 46 47 26 22 27 1 29 41 5 24
26 27 22 20 10 47 35 15 30 25 5 1 18 6 11 9
15 47 33 11 40 35 46 45 29 30 1 24 25 28 41 8
30 15 35 33 25 11 22 1 47 46 26 27 41 40 4 18
15 30 35 33 25 11 22 47 1 41 40 20 46 26 24 27
30 15 35 33 11 25 47 46 22 1 26 40 4 27 18 20
35 30 15 33 25 11 47 46 1 24 4 22 40 41 26 27
43 17 42 31 14 38 39 34 28 44 2 45 19 37 32 13
15 35 30 33 25 22 40 11 1 23 41 47 24 5 20 29
30 15 35 33 47 11 25 4 46 1 41 18 22 5 24 40
43 17 42 14 31 38 39 34 44 2 28 32 16 37 45 10
9 10 14 17 43 16 44 42 19 12 26 46 21 8 32 7
17 42 43 39 31 14 38 34 28 19 37 44 32 16 2 10
15 30 35 33 25 11 22 1 47 46 40 27 26 41 5 20
30 35 47 15 33 18 11 25 46 40 41 4 36 20 6 5
40 28 1 7 46 37 4 32 0 9 11 10 2 33 47 12
30 15 35 33 11 25 46 1 47 26 22 20 27 40 18 4
35 30 15 33 11 25 47 1 46 22 26 40 20 4 41 27
30 35 15 33 46 11 18 26 27 25 47 4 12 22 1 20
13 43 14 31 17 2 12 45 38 32 16 42 28 8 23 39
41 32 2 45 23 7 37 34 18 22 20 15 25 35 33 1
15 30 35 33 11 25 22 47 1 46 26 41 40 20 27 4
15 33 30 35 25 11 22 41 1 47 40 46 26 20 18 5
30 35 15 33 11 25 46 1 47 22 26 27 41 5 20 4
12 43 14 44 17 42 38 16 7 2 45 31 37 21 10 39
15 30 35 33 11 25 1 47 22 40 46 41 26 20 18 27
30 15 35 46 33 11 47 1 25 27 26 18 24 5 41 20
15 23 40 30 44 33 20 22 11 26 25 5 6 29 4 46


15 21 25 28 11 40 35 0 19 30 2 26 47 22 29 7
37 14 18 42 32 8 12 27 23 1 39 38 45 5 24 36
25 0 30 28 22 34 40 19 15 11 13 21 29 17 44 36
35 21 15 0 13 47 5 16 19 6 30 25 31 23 22 40
9 0 28 40 19 15 30 21 2 16 22 43 34 39 17 7
18 32 14 37 27 42 8 23 38 45 12 39 1 5 44 41
15 21 25 28 0 40 19 30 11 22 35 26 47 2 13 6
18 14 32 37 27 42 8 45 12 38 23 1 5 39 20 44
18 32 5 14 8 37 42 12 27 1 38 23 20 45 44 41
18 14 32 42 37 8 38 27 1 23 45 44 12 20 33 41
2 28 15 11 17 40 24 21 47 30 25 43 16 35 12 20
15 21 25 28 35 11 40 47 2 26 30 17 29 43 19 7
18 32 27 14 37 42 45 8 23 12 5 38 1 44 39 20
46 26 35 17 27 29 23 32 34 43 4 22 45 20 19 41
0 30 19 9 22 40 34 28 7 43 39 29 13 2 3 26
0 30 22 15 28 19 40 21 29 25 41 11 13 9 2 6
15 0 21 40 28 30 2 19 25 11 9 43 47 22 26 13
32 18 37 14 27 42 45 8 44 38 1 12 5 23 10 20
32 37 14 18 42 45 12 10 38 5 23 27 44 24 36 8
15 21 25 28 30 11 0 40 35 19 47 26 2 6 22 16
18 14 37 32 1 45 8 27 42 38 5 12 39 23 3 33
37 32 18 14 44 23 42 38 12 8 5 27 1 41 45 10
15 21 35 25 28 47 11 16 44 29 19 10 6 26 40 46
28 0 40 9 15 43 21 2 11 19 30 25 26 22 34 17
15 21 0 30 28 35 11 25 47 19 40 17 13 26 29 7
9 0 14 39 18 37 20 33 8 30 23 38 19 34 5 43
4 29 46 3 0 18 6 35 30 13 27 39 25 40 14 32
28 15 0 25 21 11 9 40 6 16 46 19 2 35 26 4
18 32 14 37 27 8 42 45 23 38 12 5 1 20 39 44
27 32 37 14 10 22 3 42 18 26 1 38 4 8 46 25
15 21 28 25 35 40 11 0 19 26 30 2 9 22 6 47
44 0 11 40 15 30 47 4 8 19 46 6 25 41 7 22
15 0 21 28 22 30 11 40 6 35 2 43 9 47 7 19
32 8 14 18 37 27 38 42 45 44 23 12 20 1 39 24
15 0 21 28 30 40 25 19 11 9 2 47 7 35 22 26
9 28 0 2 40 11 33 25 15 43 21 19 17 7 34 13
35 1 22 24 42 9 45 39 15 41 5 8 14 17 30 7
0 15 21 30 19 28 40 25 11 9 2 22 47 6 26 13
35 15 21 26 47 25 11 7 42 10 6 43 16 46 17 28
28 15 25 40 43 21 11 2 26 0 17 19 9 30 47 22
35 20 15 6 23 44 10 3 42 21 47 4 38 31 41 33
15 21 28 25 35 0 40 30 11 47 19 16 6 26 13 22
15 21 0 30 25 28 19 40 13 11 35 22 29 47 26 6
32 37 45 47 18 12 41 29 44 23 20 42 35 14 38 27
15 21 0 28 40 25 30 19 35 47 11 2 16 7 6 26
15 30 19 0 21 13 3 40 9 11 46 22 16 34 43 28
0 9 40 28 43 30 15 11 21 19 22 2 26 17 25 7
15 28 21 40 25 11 0 9 2 19 30 26 43 22 35 47


16 13 43 12 5 46 37 20 29 19 32 41 22 45 1 27
41 13 29 28 45 16 17 15 19 8 32 43 30 4 40 37
36 18 26 15 35 23 7 43 34 38 31 44 12 9 39 19
7 24 34 38 11 2 9 36 26 30 0 18 10 3 22 4
16 19 47 43 44 23 14 13 29 32 20 41 37 12 4 45
45 18 32 40 44 23 33 43 3 41 17 15 7 27 2 12
6 34 13 16 1 12 36 32 20 46 22 2 31 47 14 41
16 13 20 43 12 46 6 32 5 1 44 35 29 47 41 14
39 2 24 34 3 10 7 1 38 18 8 0 47 22 42 6
16 43 5 13 20 44 46 19 29 37 12 40 25 45 31 32
16 43 29 13 5 20 12 46 37 45 41 19 40 44 32 14
16 13 43 20 46 5 44 12 19 32 40 37 29 17 35 45
16 43 5 20 13 46 44 29 19 40 12 37 45 32 41 35
7 24 36 34 2 38 26 9 10 11 39 18 30 0 33 23
7 2 24 39 34 38 10 18 9 36 11 26 3 0 42 27
29 38 30 4 3 45 31 22 1 15 44 10 6 7 23 42
43 5 40 37 44 41 20 13 16 25 29 19 3 26 45 11
16 43 13 20 5 12 46 29 44 19 32 41 45 37 40 1
7 24 26 34 2 9 11 36 18 0 38 10 39 14 30 27
34 6 2 36 7 38 24 10 1 22 9 0 47 42 14 39
24 38 3 7 11 2 33 36 39 10 34 21 35 0 26 4
38 36 7 24 34 11 9 26 2 0 21 18 3 42 40 33
39 19 28 29 32 47 23 15 0 10 36 38 11 1 4 14
7 18 24 42 26 29 10 15 0 8 30 38 1 11 34 45
7 24 34 26 38 11 18 2 10 9 36 30 0 3 27 28
6 13 34 16 2 36 27 0 41 32 46 35 42 9 33 12
40 26 44 11 5 25 7 24 3 27 15 19 4 37 20 39
5 32 16 37 41 8 13 14 39 6 19 28 33 22 21 9
2 34 36 7 38 0 24 9 4 6 33 5 47 12 22 41
6 13 16 12 1 46 27 43 21 42 31 34 20 35 28 38
43 41 3 16 12 13 28 37 21 44 25 40 17 20 47 42
5 16 43 32 47 22 17 37 3 44 27 46 19 41 8 29
7 24 34 38 36 2 11 9 26 18 0 3 10 30 27 21
16 13 20 43 12 5 46 40 44 19 35 32 1 29 42 17
7 34 24 18 38 2 10 3 9 11 26 27 30 42 31 33
14 41 9 31 4 17 3 46 16 27 33 12 42 5 30 32
34 7 36 2 24 38 6 10 9 18 11 0 39 3 1 30
16 5 43 46 20 13 19 40 44 12 29 45 37 41 32 35
34 36 33 30 15 3 7 18 39 2 14 22 8 6 1 38
16 13 43 5 40 20 46 12 44 35 45 19 29 32 21 37
39 35 16 19 33 43 20 0 8 9 31 26 4 47 18 22
16 43 13 20 5 46 12 44 40 19 29 37 32 35 45 41
21 14 41 39 25 24 40 37 7 8 28 33 44 18 43 36
7 34 36 10 24 11 2 26 15 6 18 0 38 3 9 27
7 24 26 11 34 38 36 27 9 30 18 2 0 3 21 4
47 35 32 11 42 45 34 12 2 22 0 39 9 43 25 14
16 43 5 13 20 46 44 19 40 12 29 32 35 37 41 45
6 34 14 32 16 2 20 13 39 12 22 8 1 10 31 23


3 30 16 9 10 18 19 39 28 42 38 11 47 26 40 44
21 2 11 39 16 30 17 44 9 15 3 10 33 25 23 41
32 38 17 0 47 20 16 3 7 35 14 19 13 42 8 46
34 40 43 45 37 12 30 28 33 1 8 9 18 5 25 24
7 35 38 32 20 47 5 16 0 14 19 2 13 36 42 17
43 1 8 5 42 24 28 2 12 20 30 6 17 46 38 9
0 38 17 32 20 47 3 14 16 31 40 19 4 42 7 23
22 33 15 11 39 6 44 21 25 8 24 45 13 35 7 23
37 40 1 34 28 18 33 6 12 9 45 4 24 30 43 44
22 15 33 4 40 39 31 1 34 44 45 27 25 10 9 30
44 16 17 11 38 19 21 0 42 35 25 47 8 28 3 24
33 22 27 7 35 8 45 12 21 6 15 37 24 41 13 25
21 7 22 33 35 13 41 15 37 27 44 25 34 36 4 29
21 16 47 41 19 3 11 44 38 17 35 7 0 39 37 24
21 40 32 34 37 4 41 47 33 45 10 38 25 44 13 17
40 32 17 44 37 8 28 5 38 1 45 13 20 25 12 34
34 45 33 37 44 4 13 21 15 12 25 22 23 18 30 28
38 17 20 28 0 1 42 3 32 43 30 40 8 45 46 16
38 3 0 20 16 19 30 28 17 46 32 40 14 1 42 43
30 40 26 10 34 11 18 23 43 38 32 45 17 25 39 46
22 33 2 36 15 39 27 21 41 4 31 37 34 29 45 7
37 33 34 40 45 12 1 30 4 24 44 41 18 43 9 28
21 28 16 29 39 26 23 38 15 30 35 3 42 17 31 14
1 35 8 24 7 5 43 42 6 13 28 36 32 17 29 20
38 20 19 0 16 47 42 17 3 40 28 30 9 10 43 14
32 38 20 0 17 3 40 16 47 19 41 46 14 42 30 2
30 39 28 43 1 40 8 26 12 45 46 9 10 44 34 4
15 25 26 46 3 19 6 42 20 38 16 9 39 28 35 36
2 36 46 29 27 41 47 40 14 39 22 26 43 9 31 33
7 35 13 21 32 44 17 5 0 15 8 25 29 38 47 28
28 25 12 9 7 35 23 6 27 15 19 8 47 30 22 29
20 47 3 19 32 26 0 38 10 35 2 41 17 11 39 36
22 33 6 15 39 45 11 25 44 10 42 26 23 18 30 9
19 3 38 42 16 17 47 0 35 11 14 20 26 32 24 36
22 33 6 24 43 7 8 35 5 12 13 29 15 21 27 23
33 37 21 34 4 40 22 45 41 12 27 10 44 25 47 7
25 38 44 39 11 30 14 0 17 16 23 28 40 26 43 10
3 43 38 20 0 23 17 42 16 19 47 2 46 9 35 18
38 20 3 17 0 19 16 32 35 42 14 47 7 46 8 5
32 38 20 0 17 3 40 16 14 47 46 30 42 34 7 28
30 40 2 39 43 28 34 9 46 26 18 3 45 4 23 37
0 32 7 35 40 38 17 13 25 20 5 31 21 46 37 16
20 32 38 17 3 40 0 18 47 19 34 46 9 14 42 2
3 16 47 38 19 46 2 20 14 42 36 0 39 32 29 23
42 7 11 13 33 24 35 21 47 8 15 6 5 23 29 36
36 2 41 27 46 26 39 7 29 47 22 35 40 15 14 31
21 47 41 11 3 15 25 4 16 44 0 27 26 38 23 39
32 17 38 20 46 34 13 0 3 40 14 16 7 19 26 42


40 10 39 38 13 14 9 15 5 44 32 3 29 43 30 22
45 33 11 8 41 23 2 19 21 6 18 16 7 1 35 26
40 10 39 38 9 14 15 13 5 32 44 29 43 3 22 34
40 10 39 38 14 9 15 13 5 32 44 3 29 43 22 30
2 33 45 23 8 41 19 11 21 6 18 7 16 35 26 31
38 39 40 10 14 9 13 15 5 32 44 29 3 22 37 43
2 33 45 23 8 41 19 11 21 6 18 7 35 16 26 1
14 38 40 39 10 9 15 13 5 32 44 3 29 22 43 37
39 13 10 40 14 38 9 15 5 32 3 44 29 30 43 22
29 34 17 6 46 33 41 11 23 2 4 19 36 45 8 21
40 14 38 39 10 9 13 15 5 32 44 29 3 43 30 27
29 4 46 5 17 34 43 40 30 39 38 14 13 10 9 15
23 8 2 33 45 19 21 11 41 18 6 7 35 26 16 1
39 38 40 10 14 9 13 15 5 32 44 3 29 43 30 27
23 21 19 33 2 45 41 8 6 11 7 18 17 28 35 36
40 39 10 38 14 9 13 15 5 32 44 29 3 43 30 22
2 33 23 45 8 41 19 11 21 6 18 7 35 16 1 24
40 39 10 38 14 13 9 15 5 32 44 3 29 30 43 27
7 13 15 9 10 40 39 38 14 3 44 17 30 32 24 12
29 34 46 17 36 39 43 9 40 5 15 14 38 30 3 10
41 8 2 33 45 6 11 23 19 21 7 18 16 1 35 42
2 33 45 23 8 41 19 11 21 6 18 7 35 16 26 1
33 2 45 23 8 41 19 11 21 6 18 7 16 35 31 26
10 40 38 39 14 9 13 15 5 32 44 3 29 43 30 22
45 33 2 41 23 8 19 11 21 6 18 7 16 35 31 26
31 47 34 0 26 6 20 43 46 29 35 4 25 40 5 11
2 45 33 23 41 8 19 21 11 6 18 7 16 35 31 1
38 39 14 40 10 9 15 13 5 32 44 3 29 43 22 30
31 39 47 40 10 38 15 9 14 34 44 32 22 0 43 37
45 33 2 8 23 41 11 19 21 6 18 7 16 35 26 24
10 40 39 14 38 13 9 15 5 32 44 3 29 43 30 27
33 45 2 8 11 23 41 19 21 6 18 7 31 16 35 24
10 39 40 14 38 9 13 15 5 32 44 3 29 43 30 27
9 13 10 40 14 38 39 15 3 32 5 44 43 30 29 4
38 40 39 14 10 9 13 15 5 32 44 3 29 43 30 22
2 33 45 23 8 41 19 11 21 6 18 7 35 16 26 31
31 37 12 47 44 22 28 25 18 34 23 6 20 0 11 8
11 33 45 19 2 8 23 41 21 6 18 46 7 16 26 35
45 33 2 8 23 41 19 11 21 6 18 7 35 16 24 1
2 33 8 23 45 41 11 19 21 6 18 7 16 35 26 1
41 45 2 33 23 8 19 11 21 6 7 18 16 35 1 24
39 38 10 40 14 13 9 15 5 32 44 3 29 43 30 22
29 34 17 46 31 44 36 18 6 43 12 30 40 20 9 5
17 30 36 26 46 1 29 41 6 21 4 24 2 33 27 19
33 2 45 8 23 41 19 21 11 6 18 7 35 16 1 26
38 14 39 40 10 9 15 13 5 32 44 3 29 43 30 27
23 2 8 21 33 19 45 41 4 11 6 27 18 31 7 43
38 39 14 40 10 9 13 15 5 32 44 3 29 43 30 22


31 43 11 0 25 8 37 6 40 41 29 2 14 17 33 26
11 31 43 8 0 25 37 6 40 29 41 2 14 17 33 26
39 18 30 15 46 22 32 1 16 5 23 47 19 24 45 3
39 18 30 15 22 46 32 1 16 5 19 23 47 24 45 34
39 18 30 15 46 22 32 1 16 5 23 47 19 24 45 34
31 37 0 25 6 11 8 43 29 40 2 41 17 14 44 33
18 30 39 22 15 46 1 32 16 5 23 47 19 24 3 45
18 30 39 15 22 1 46 32 16 5 24 47 19 3 23 28
43 31 11 37 0 25 8 6 40 29 41 2 14 17 33 26
43 11 25 31 0 37 8 6 40 41 2 14 29 17 33 4
31 43 11 37 0 25 8 6 40 29 14 2 41 17 26 33
39 30 18 22 15 46 1 32 16 5 47 24 23 19 45 28
35 17 11 31 0 25 37 47 43 8 6 28 19 26 3 14
39 18 30 15 22 46 1 32 16 5 47 23 19 24 45 3
31 0 43 8 11 25 37 6 40 41 29 2 14 17 26 33
18 30 39 15 22 46 32 1 16 5 23 47 19 24 45 28
31 11 0 43 8 25 37 6 29 40 41 2 14 17 26 44
11 25 43 37 31 8 0 6 40 14 2 41 29 17 33 26
25 8 6 11 0 31 43 37 40 29 2 41 17 44 14 26
18 30 39 15 46 22 32 1 16 5 47 24 23 19 45 34
18 30 39 15 22 46 32 1 16 23 3 47 19 5 24 12
43 11 31 0 25 8 37 6 40 41 29 2 14 17 33 26
30 18 39 15 22 46 1 32 16 5 23 47 24 19 45 3
11 8 25 31 43 0 6 37 40 41 29 2 17 14 44 33
29 6 14 0 31 8 40 37 2 25 43 11 21 27 42 41
0 43 14 31 8 11 25 6 37 29 40 26 41 33 2 7
18 30 39 15 46 22 32 1 16 5 23 47 19 24 3 12
23 13 38 29 45 27 44 4 6 25 36 0 37 3 11 8
46 39 22 30 15 18 32 1 16 7 10 5 27 42 44 12
18 39 30 15 46 22 32 1 16 5 23 47 19 24 3 45
31 11 25 8 43 0 6 37 40 41 29 2 17 44 14 33
18 39 30 15 46 22 1 32 16 5 47 19 23 24 34 3
31 11 43 8 25 0 37 6 40 29 14 2 41 17 26 33
8 25 6 31 0 43 11 37 40 29 2 41 17 14 44 4
43 31 37 25 0 11 8 6 40 29 2 41 14 17 33 26
15 1 24 39 32 22 46 18 45 30 28 34 44 13 5 47
11 43 31 0 25 37 8 6 40 29 41 2 14 17 33 26
30 18 39 15 46 22 32 1 16 5 23 47 3 19 24 45
43 31 0 11 25 8 37 6 40 29 41 2 14 17 33 26
18 30 39 15 22 46 1 32 16 5 47 24 19 23 45 28
14 6 11 0 31 25 37 43 8 2 26 17 29 40 10 27
24 15 32 1 19 30 22 18 46 23 39 13 47 16 28 21
8 25 43 6 0 37 31 11 40 41 2 29 4 17 14 44
34 24 28 45 15 32 21 1 29 13 46 5 2 18 47 30
46 39 18 15 30 22 1 32 16 5 47 23 3 24 45 19
43 0 8 31 11 25 37 6 40 29 41 2 14 17 26 33
22 39 18 30 46 15 32 1 16 23 24 19 45 9 5 12
18 30 39 22 15 46 32 1 16 5 24 23 47 19 28 45


21 46 14 32 37 38 0 7 23 36 39 35 4 45 10 40
41 19 17 29 8 2 24 11 12 3 30 20 43 25 34 27
2 19 17 29 41 8 24 11 12 3 30 20 43 25 27 34
41 17 19 2 29 8 11 24 12 3 30 20 25 43 34 27
46 21 14 32 37 38 0 7 23 36 39 35 4 45 10 40
41 19 17 29 2 8 24 11 12 3 30 20 25 43 34 27
5 25 39 24 18 47 37 4 33 6 7 45 10 15 14 21
46 21 14 38 37 32 0 7 23 36 39 35 4 45 10 40
21 46 14 32 37 38 0 7 23 36 39 35 4 45 40 10
41 19 17 29 2 8 11 24 12 3 30 20 25 43 34 27
17 41 19 2 29 8 11 24 12 3 30 20 25 43 34 27
46 21 14 32 37 38 0 7 23 36 39 35 4 45 40 10
21 14 46 37 32 38 0 7 23 36 39 35 4 45 10 40
17 41 2 19 29 8 11 24 12 3 30 20 25 43 34 22
41 17 19 29 2 8 11 24 12 3 30 20 43 25 34 27
38 46 14 21 32 37 0 7 23 36 39 35 4 45 44 40
41 11 19 27 43 17 8 30 2 29 22 12 24 20 15 44
17 19 41 2 29 8 24 11 12 3 30 20 25 43 34 27
16 1 28 15 30 44 47 26 7 34 12 13 6 33 11 31
21 46 14 37 32 38 0 7 23 36 39 35 4 45 10 40
21 46 37 14 32 38 0 7 36 23 39 35 4 45 40 10
21 46 14 37 32 38 0 7 23 36 39 35 4 45 10 40
19 17 8 29 41 2 11 24 12 30 3 20 43 1 13 34
3 16 5 42 43 25 40 8 29 4 6 19 13 11 41 7
7 37 46 38 32 45 21 14 0 4 39 35 36 40 42 1
15 18 31 45 4 25 23 1 5 13 12 26 6 35 24 29
36 7 4 37 45 14 46 21 38 26 1 32 16 28 42 35
46 21 14 32 37 38 0 7 23 36 39 35 4 45 40 10
46 21 14 32 37 38 0 7 23 36 39 35 4 45 10 40
29 17 41 19 2 8 24 11 12 3 30 20 25 43 34 27
17 2 41 19 29 8 24 11 12 3 30 20 25 43 34 27
25 24 11 8 2 41 29 19 17 12 34 16 3 5 44 15
46 21 14 32 37 38 0 7 23 36 39 35 4 45 40 10
46 21 14 32 37 38 0 7 23 36 39 35 4 45 10 40
17 19 41 2 29 8 24 11 12 3 30 20 25 43 34 27
24 2 29 17 41 19 8 11 12 3 30 20 25 34 43 22
18 30 2 41 19 17 29 11 15 24 12 33 8 1 27 13
32 46 21 14 38 37 0 7 23 36 39 35 10 45 4 40
29 41 17 19 2 8 24 11 12 3 20 30 25 43 34 22
32 6 14 46 7 21 38 37 0 35 23 39 40 4 36 10
29 19 17 2 41 8 24 11 12 3 30 20 43 25 34 27
46 21 14 32 37 38 0 7 23 36 39 35 4 45 10 40
18 1 23 44 34 6 12 47 26 4 13 35 9 22 38 17
46 21 14 37 32 38 0 7 23 36 39 35 4 45 10 40
17 19 29 2 41 8 24 11 12 3 30 20 25 43 34 27
41 2 17 29 19 8 24 11 12 3 30 20 25 43 34 27
46 21 14 32 38 37 0 7 23 36 39 35 4 45 40 10
17 41 19 29 2 8 11 24 12 3 30 20 43 25 34 27


47 15 21 26 38 34 19 27 33 25 11 0 30 37 3 29
21 47 26 15 38 19 34 25 33 27 11 0 30 37 3 29
26 47 15 21 38 25 34 19 33 27 11 0 30 37 29 3
38 21 47 26 15 34 27 25 33 19 11 0 30 37 29 3
21 26 47 19 15 38 33 34 27 0 25 11 37 30 3 29
1 29 30 0 25 38 26 21 47 15 33 11 19 34 43 12
5 8 42 18 39 44 20 22 23 10 13 16 40 1 2 28
21 26 47 15 38 34 19 33 27 0 11 25 37 30 3 29
47 38 15 26 21 34 27 25 19 33 11 0 30 37 29 3
8 5 18 39 42 44 20 22 23 10 13 9 41 16 40 1
47 38 21 26 15 25 34 27 19 33 11 0 30 37 29 3
42 5 8 39 44 18 22 20 23 10 13 16 40 28 7 31
27 38 11 34 21 47 15 26 33 19 25 0 29 30 37 43
5 8 42 39 18 44 20 22 23 10 13 16 40 1 2 28
27 29 35 31 34 37 3 38 47 33 21 15 26 11 0 19
40 16 31 36 13 43 23 46 20 32 35 28 25 47 22 42
26 21 47 15 38 25 34 19 33 0 27 11 37 30 3 24
5 39 42 8 44 18 20 22 23 10 13 16 40 2 31 1
21 47 26 15 34 19 38 33 27 11 25 0 37 30 3 29
5 8 39 42 18 44 20 22 23 10 13 16 40 1 2 7
21 47 26 15 34 19 38 0 27 33 25 11 37 30 29 3
47 15 38 26 21 34 19 33 27 0 25 11 37 30 3 29
23 18 8 5 13 20 39 42 44 22 41 9 28 40 10 1
38 27 21 34 47 26 15 33 19 11 0 25 30 37 29 3
31 4 35 14 3 45 11 33 32 44 18 15 19 39 22 7
47 26 21 15 38 19 25 34 33 11 0 27 30 37 3 24
5 8 39 42 18 44 20 22 23 10 13 16 40 1 2 28
47 38 26 21 15 34 19 27 33 25 0 11 37 30 29 3
5 42 18 8 39 44 22 20 23 10 13 16 40 1 28 2
9 6 14 2 1 32 4 29 30 24 25 0 17 21 31 38
18 5 42 39 44 8 22 20 23 10 13 16 40 17 2 31
40 29 15 30 33 34 38 26 47 21 25 27 11 0 37 43
40 8 42 5 39 31 18 17 44 14 41 22 16 43 46 35
30 9 3 33 25 38 21 26 6 34 11 47 27 15 0 41
39 5 8 42 18 44 20 22 23 10 13 16 40 2 31 1
5 42 8 18 39 44 20 22 23 10 13 16 40 2 1 9
47 21 15 26 38 25 34 19 11 33 27 0 30 37 29 24
18 5 42 44 39 8 22 23 1 20 13 10 16 9 2 17
41 40 14 6 23 45 4 39 8 24 3 5 20 18 13 42
5 42 8 39 18 44 20 22 23 10 13 16 40 2 1 28
5 8 39 18 42 44 20 22 23 10 13 16 40 2 1 9
11 38 47 27 15 21 34 25 26 33 19 0 29 30 37 43
39 5 8 42 18 44 20 22 23 10 13 16 40 2 1 31
25 24 38 26 15 21 47 11 33 34 0 19 30 29 27 14
18 5 42 44 8 39 22 20 23 13 10 16 40 17 31 2
14 9 29 13 6 41 3 1 2 10 24 25 45 30 28 44
26 47 15 21 38 25 34 33 19 27 0 11 30 37 3 24
41 3 40 13 10 12 28 6 8 5 18 22 42 39 20 44


1 8 20 42 22 11 30 2 36 15 39 40 19 3 47 27
8 1 30 20 42 2 36 3 15 39 35 37 11 19 18 47
37 35 16 40 27 42 26 12 30 8 47 45 38 25 1 19
1 8 35 16 37 2 30 26 20 42 32 11 9 40 38 27
44 22 10 28 20 4 17 34 31 40 21 14 46 25 33 12
44 17 28 41 22 0 4 34 31 24 13 46 21 12 7 43
37 12 40 27 17 28 21 35 31 46 38 16 26 45 7 42
16 35 26 37 30 8 2 45 3 29 15 36 1 23 39 0
29 2 26 45 16 0 41 35 47 23 13 19 9 38 14 32
40 27 1 42 37 5 11 20 8 28 14 10 30 33 22 15
2 19 1 8 47 11 5 35 38 9 30 32 20 46 16 21
44 22 4 1 5 10 20 31 21 33 46 13 14 11 34 38
16 26 45 29 35 17 0 23 37 12 28 38 41 43 46 21
0 17 28 41 44 24 23 29 26 45 39 7 15 3 36 34
40 37 27 28 3 15 42 39 20 35 30 36 11 16 23 8
12 17 28 37 26 16 40 45 35 21 31 46 38 29 0 27
0 3 39 15 23 36 26 41 16 45 29 17 28 35 9 18
17 26 23 16 29 45 0 37 28 35 12 34 7 41 9 43
1 2 22 19 8 42 20 5 11 4 47 10 30 36 14 13
1 22 2 19 4 8 20 5 36 30 10 44 11 47 14 42
44 28 17 0 40 22 41 4 23 13 24 7 34 43 18 12
41 0 17 29 44 24 26 9 45 23 28 7 34 43 2 13
2 19 47 41 36 29 4 5 14 39 13 22 45 1 15 0
5 44 22 33 31 21 46 1 34 38 4 14 10 11 19 13
37 27 12 38 21 40 46 31 35 1 42 30 19 20 8 47
41 2 29 19 0 9 45 26 16 38 24 46 32 34 21 31
15 44 39 3 28 40 36 22 10 5 27 4 20 11 33 14
37 40 27 35 12 16 28 26 42 21 17 38 31 46 30 45
37 40 27 35 12 42 16 38 21 1 31 46 30 26 9 8
37 40 27 1 42 8 20 30 35 11 5 12 21 38 31 18
44 41 0 28 17 24 7 13 29 43 39 22 23 36 15 3
16 26 37 35 17 28 45 0 40 23 29 12 27 3 15 30
2 41 44 22 36 19 4 39 24 5 10 15 14 0 33 29
16 26 9 35 2 29 32 45 8 41 0 37 30 38 23 12
40 42 27 20 1 37 22 28 31 21 46 12 44 8 10 38
0 41 39 36 3 15 23 44 24 29 45 17 28 26 7 16
37 40 27 35 42 30 1 20 16 3 15 43 8 7 26 9
44 22 4 10 28 31 33 20 21 46 1 5 24 42 14 40
37 27 40 42 12 1 30 35 38 21 46 31 8 20 19 47
0 29 45 23 17 41 26 16 28 24 3 39 15 36 7 35
27 1 40 42 37 20 30 31 21 46 12 8 38 35 22 9
44 17 41 28 0 29 31 46 21 12 38 34 7 22 9 24
1 2 22 8 19 5 11 20 47 9 38 36 32 4 46 31
41 44 22 2 36 34 4 39 19 15 24 9 7 3 1 18
16 2 9 26 29 38 35 19 46 21 31 32 12 41 45 8
0 17 26 16 23 28 45 29 3 15 39 41 36 35 24 37
40 27 37 42 28 20 35 30 16 12 18 10 9 8 1 3
44 17 28 4 0 23 24 39 15 41 22 3 33 34 36 18


42 46 1 32 26 5 12 14 30 15 28 0 20 45 29 8
6 35 4 21 47 44 14 11 8 41 2 27 33 25 16 45
37 35 16 9 47 10 4 6 40 33 31 22 25 3 18 13
36 7 17 47 26 46 20 10 22 0 19 34 24 3 42 18
9 2 4 45 15 8 31 43 27 28 13 16 37 21 40 39
1 5 28 40 26 35 2 12 30 47 8 4 45 43 42 13
26 16 31 23 5 29 12 0 45 8 37 14 28 43 2 30
25 37 14 47 3 16 10 9 6 34 33 35 22 31 4 32
46 1 30 47 12 43 42 31 14 28 15 8 0 29 26 2
13 38 9 19 7 15 20 3 24 22 39 16 27 2 33 4
25 31 14 15 43 18 40 9 38 19 13 44 7 27 1 35
30 27 8 45 24 3 2 4 28 37 29 46 43 41 12 11
36 17 7 19 38 32 18 26 0 10 20 22 6 34 44 42
39 16 3 27 40 24 34 32 37 30 2 4 45 42 8 28
46 31 30 14 34 25 26 42 7 43 23 27 39 45 8 29
8 45 2 28 4 27 12 29 43 21 41 30 16 37 1 14
44 21 47 14 32 1 3 33 42 38 6 5 40 24 25 35
8 45 15 4 27 2 9 28 31 47 43 29 41 30 16 24
5 42 26 24 12 29 46 30 41 14 4 28 47 0 45 8
9 2 4 27 45 15 8 43 31 13 28 33 37 16 40 21
31 8 2 45 43 28 27 4 12 29 46 1 5 30 42 23
17 36 19 7 6 18 25 34 38 11 22 32 20 31 35 14
3 40 24 39 10 25 37 34 22 45 27 20 33 16 13 9
5 34 26 25 16 47 0 10 31 1 42 36 37 39 22 24
8 45 4 28 27 2 29 12 41 43 21 30 37 16 9 23
26 42 17 19 18 38 36 7 5 32 0 39 13 6 34 46
16 23 35 37 6 32 43 18 40 26 33 11 25 0 14 17
44 25 47 14 21 34 6 15 1 30 3 43 20 11 46 8
29 41 12 28 8 45 27 2 4 30 21 43 33 24 46 0
18 19 31 13 15 9 38 34 22 6 26 7 39 17 43 35
4 8 12 29 45 28 27 2 41 16 21 30 43 37 14 23
43 45 8 28 2 31 29 27 12 46 4 41 21 23 14 42
15 9 27 4 45 31 8 18 2 13 43 3 16 35 40 38
25 6 31 14 35 32 5 16 18 11 34 47 38 19 17 37
5 42 26 18 38 46 31 19 15 17 32 0 9 24 36 1
16 35 4 33 37 40 9 3 27 10 2 6 24 41 11 21
17 36 19 38 7 18 26 32 6 10 0 22 5 20 35 34
29 12 41 30 20 44 28 11 27 21 36 4 14 8 0 25
8 45 4 2 27 28 29 43 12 41 21 30 9 15 47 16
41 20 16 29 28 23 12 22 27 24 3 8 45 4 11 37
36 17 18 19 7 38 26 6 0 32 22 20 10 34 13 35
16 37 6 31 35 11 22 23 4 10 9 47 13 25 34 18
12 23 29 41 30 28 20 0 44 27 8 10 11 36 45 46
12 29 8 28 45 4 2 27 41 30 21 43 14 44 1 37
19 18 38 17 7 36 6 22 26 34 13 32 31 35 10 39
37 16 4 14 25 11 1 6 43 12 47 9 31 42 2 29
31 25 14 6 38 5 13 19 18 43 44 32 7 47 35 30
42 14 6 47 32 46 0 26 12 1 11 21 10 38 24 44


12 37 1 40 14 45 23 29 10 15 38 31 43 7 33 34
20 47 11 12 1 26 37 2 8 7 30 40 44 39 17 13
19 6 9 32 27 36 46 25 17 42 2 39 18 21 41 5
12 37 1 34 40 13 38 2 46 44 39 23 42 35 30 3
40 13 36 3 12 32 2 41 8 46 38 19 11 45 29 1
39 17 2 40 44 26 32 12 25 46 21 38 20 8 3 13
33 22 10 14 18 5 15 16 37 29 7 23 45 0 31 35
14 0 5 10 41 19 22 37 36 31 33 15 1 13 27 18
17 39 44 30 2 42 35 21 4 20 26 3 32 23 46 27
17 39 2 44 21 30 4 26 7 32 20 40 46 12 42 38
14 37 33 22 10 0 45 19 12 5 34 15 43 29 13 1
39 17 44 2 21 12 30 11 46 32 40 26 7 38 20 4
22 33 10 14 18 7 16 37 31 9 30 5 23 35 27 24
19 27 46 36 42 13 35 14 3 38 32 0 16 45 6 34
39 17 2 40 21 26 44 32 12 46 38 4 20 8 30 1
17 39 2 44 21 32 31 12 40 30 4 46 26 38 1 6
14 0 6 41 10 19 15 34 16 5 43 37 22 27 38 31
12 1 37 40 45 38 31 46 35 23 14 16 13 44 32 27
45 12 37 23 44 7 30 46 42 35 32 27 1 25 40 2
20 34 11 44 35 36 26 8 28 6 2 13 0 17 3 39
5 10 14 22 41 18 0 33 24 36 9 28 15 19 11 8
22 33 14 10 5 37 0 15 16 7 18 6 45 43 13 27
37 10 14 33 22 16 43 12 15 7 34 24 1 5 23 41
12 40 1 2 44 32 46 39 38 45 17 37 4 21 43 27
1 37 12 14 31 38 45 10 23 15 40 36 46 33 24 41
24 10 37 14 33 22 5 45 1 19 15 28 0 18 29 12
23 37 12 30 7 24 40 3 44 26 42 35 31 1 39 11
37 14 1 33 10 22 12 24 31 45 0 23 16 5 15 35
8 39 17 2 41 26 20 40 13 46 36 28 11 32 38 29
40 3 2 17 39 38 12 44 46 1 32 27 8 13 4 19
35 42 30 44 4 19 27 21 16 34 17 20 9 7 18 31
22 33 14 37 10 31 24 0 5 18 23 1 15 45 41 36
44 35 47 20 7 17 39 2 30 12 11 1 40 16 21 46
39 17 2 44 12 30 26 21 1 31 46 20 38 42 3 40
40 2 1 12 39 29 32 38 17 13 43 45 46 8 6 16
37 14 1 10 33 22 12 23 30 35 45 16 7 15 24 5
17 39 21 44 2 26 9 31 4 32 20 30 42 46 18 11
18 9 11 22 42 34 33 20 5 3 35 23 47 25 13 10
14 37 22 33 10 5 24 0 23 18 27 16 35 15 19 1
37 1 12 14 0 40 10 24 38 35 45 33 13 31 15 23
17 9 44 39 18 21 2 42 26 32 20 3 30 35 19 27
17 2 39 32 44 40 21 26 46 20 4 9 38 28 30 8
22 33 5 10 14 18 9 24 15 23 0 37 41 28 3 34
5 22 33 9 1 10 24 37 31 11 47 14 41 29 7 34
2 17 21 39 44 32 4 42 9 26 19 20 25 38 30 28
0 2 32 12 37 36 35 19 42 40 25 13 3 6 11 14
39 2 17 40 12 32 36 44 26 38 8 21 11 20 46 1
37 1 33 10 31 14 22 12 0 8 24 13 23 16 27 38


6 35 9 45 2 22 15 5 19 10 36 0 41 33 39 3
39 30 28 46 29 16 38 1 40 37 9 43 13 11 4 19
5 37 26 42 11 22 34 25 24 35 1 47 9 46 14 44
46 3 21 14 27 40 47 15 34 16 11 0 26 1 35 33
25 10 1 37 22 12 8 23 32 44 2 15 47 27 40 14
36 16 4 11 29 19 28 42 27 43 17 0 38 7 34 40
35 45 6 42 2 36 32 25 10 22 14 26 17 9 34 15
34 0 5 36 40 12 33 17 25 44 7 3 13 27 19 6
5 6 34 0 36 21 11 35 17 3 19 33 9 38 42 44
25 2 10 37 44 23 1 39 22 28 15 46 38 24 43 41
37 5 22 1 44 21 35 12 47 3 34 10 24 45 25 26
5 34 11 47 35 21 36 42 17 0 33 18 6 44 31 3
34 5 21 0 44 11 12 3 22 33 14 35 47 46 6 26
12 21 44 5 34 3 22 6 0 17 20 13 33 40 14 35
2 25 13 10 27 30 39 20 1 23 45 32 37 8 44 16
37 25 10 1 23 32 8 22 28 9 43 15 24 31 12 47
0 34 36 5 6 21 11 19 38 33 3 17 35 42 9 45
25 27 16 10 43 1 4 12 22 40 30 13 29 14 37 28
12 40 25 47 27 4 33 17 44 14 29 34 13 28 22 26
28 29 37 1 8 25 27 32 23 4 10 43 16 2 31 15
38 19 0 6 2 36 39 23 21 16 3 9 15 45 42 11
35 6 21 0 34 19 36 5 3 38 11 45 33 41 17 42
9 6 35 32 45 15 17 19 38 42 10 31 36 41 39 24
1 10 43 4 32 23 8 37 29 27 25 16 9 47 31 15
12 5 21 3 44 35 22 33 34 37 24 13 14 47 26 6
10 32 43 8 1 23 37 25 4 15 29 46 2 27 28 39
27 25 16 45 10 29 4 36 41 32 28 19 14 42 17 26
21 44 12 5 3 33 34 38 0 35 20 13 30 7 6 14
34 0 12 41 5 6 21 35 20 17 45 3 33 19 36 46
37 10 1 23 44 2 32 8 22 24 39 12 38 15 31 25
21 24 6 5 20 39 45 34 7 11 38 35 0 44 26 8
21 36 6 19 47 18 34 35 0 3 5 42 11 45 16 14
5 34 22 0 6 3 21 9 33 35 17 36 20 44 47 42
22 9 17 43 36 27 35 46 42 34 28 33 40 6 5 47
2 44 13 38 30 12 26 41 3 20 25 39 32 10 8 24
47 17 34 35 36 5 46 11 42 22 0 28 4 9 43 6
4 29 8 1 32 43 16 27 23 11 7 28 10 25 37 40
2 20 6 19 27 0 42 36 41 32 45 29 17 34 44 15
1 37 12 23 8 10 25 44 13 4 40 7 32 47 29 11
25 2 40 44 30 13 10 28 37 3 22 12 14 23 27 15
45 4 35 43 7 34 11 14 26 5 12 27 1 16 10 6
21 11 35 36 38 0 5 34 19 6 7 17 3 4 33 31
5 34 44 0 12 22 3 47 33 46 11 21 24 17 6 36
43 2 27 19 16 36 38 32 4 28 0 42 25 39 29 46
1 10 37 8 23 32 25 2 24 15 31 27 39 29 44 12
32 19 45 27 4 10 6 2 16 29 15 36 42 23 43 8
44 21 12 0 34 5 3 38 39 33 2 20 37 30 46 7
30 13 7 40 14 9 3 5 34 25 36 0 44 45 12 27


24 34 27 13 17 20 37 15 46 7 19 21 28 12 23 0
45 6 40 36 5 38 47 2 41 22 42 11 43 32 1 30
27 13 24 34 20 17 19 46 15 7 37 12 21 28 33 23
22 40 36 5 45 42 16 47 38 25 4 9 3 30 32 8
6 45 5 36 40 12 1 2 30 41 11 33 8 47 31 32
45 40 5 36 47 32 38 16 2 22 30 6 39 11 4 29
24 27 7 34 13 20 12 46 17 19 15 37 33 21 41 28
46 4 30 17 15 10 20 11 24 47 34 37 25 13 16 27
25 44 14 39 29 22 42 10 13 7 15 37 9 43 41 11
5 8 25 30 16 36 4 39 10 18 9 44 47 22 11 43
44 25 39 7 10 18 47 43 38 4 8 17 2 24 35 37
45 5 40 36 38 2 47 16 6 30 32 22 11 8 1 31
12 20 46 33 7 19 24 13 27 21 34 31 6 17 1 41
17 27 13 24 20 34 28 15 18 7 10 19 4 44 31 46
5 2 45 32 47 36 30 16 6 40 38 39 11 8 25 29
30 17 6 45 0 41 22 11 8 28 47 42 44 36 9 37
23 30 25 10 36 11 1 14 39 2 5 42 45 16 32 40
33 2 32 28 18 31 21 1 7 12 44 29 35 6 38 39
45 36 6 2 43 40 38 5 42 30 47 11 8 14 32 31
26 29 38 16 3 5 36 40 11 22 18 32 45 14 41 6
40 3 26 43 22 6 36 45 7 12 38 41 32 5 15 47
9 26 3 23 46 15 14 42 21 22 34 13 18 16 25 24
30 42 14 23 1 0 39 19 24 4 15 13 11 31 43 17
5 2 36 45 32 40 16 47 6 11 38 30 8 39 1 42
18 21 4 38 39 31 2 32 28 16 29 43 3 33 47 10
35 16 2 25 26 32 38 11 5 47 10 4 18 19 8 3
34 37 24 13 27 20 7 15 46 17 28 41 23 0 21 12
3 23 26 9 43 1 21 42 29 8 33 40 22 35 28 6
12 33 7 20 46 27 34 24 21 28 13 19 31 17 44 1
15 26 9 13 18 3 4 27 24 46 23 39 17 34 20 19
26 35 3 10 18 31 7 44 2 38 15 29 47 28 33 20
34 13 27 12 24 7 28 15 37 20 26 41 17 33 29 3
6 36 41 11 45 5 42 40 2 26 12 47 29 32 33 1
17 8 37 34 7 27 13 41 46 15 20 24 9 28 21 43
4 16 29 39 22 47 32 9 30 2 38 5 40 8 23 25
27 24 34 13 17 28 46 20 15 7 18 21 37 44 23 19
29 3 18 33 10 28 35 44 32 38 2 7 47 46 15 22
6 12 41 11 35 8 46 7 33 37 45 0 34 19 21 20
27 17 13 24 34 28 20 46 15 18 21 37 4 23 10 19
13 34 24 27 20 12 17 37 46 7 15 28 19 41 21 33
33 7 40 43 32 22 1 26 29 28 16 4 21 38 36 2
24 34 27 13 20 19 17 46 37 7 12 21 15 23 41 33
10 18 38 44 45 6 5 29 47 25 2 32 40 36 35 11
34 13 24 27 20 37 17 46 12 7 15 28 19 41 21 33
4 39 9 21 32 29 47 16 0 2 5 45 38 30 18 43
17 24 27 34 13 20 21 7 28 23 46 37 15 19 4 39
24 13 15 27 34 17 20 19 37 46 23 9 7 4 28 3
12 20 13 27 34 24 7 33 28 46 17 41 15 1 37 19


31 46 16 29 19 14 11 47 22 7 45 40 26 21 2 27
14 29 16 47 45 46 31 21 7 19 22 44 26 12 39 34
39 18 20 2 37 47 46 16 14 27 29 11 31 42 17 38
34 6 0 33 32 28 13 24 10 3 44 4 1 25 35 23
45 40 7 22 11 19 13 31 29 28 18 43 46 16 20 42
45 18 39 37 12 2 42 7 20 22 10 27 15 5 3 47
33 32 3 24 23 6 36 0 34 44 12 1 10 35 8 17
31 46 29 16 19 11 14 47 7 22 45 21 9 2 40 26
26 31 16 19 11 29 14 46 5 22 4 15 43 40 7 47
8 35 33 10 1 44 17 24 36 32 23 0 34 12 37 15
31 46 29 16 19 14 11 47 22 7 45 26 2 40 27 38
29 31 16 46 14 19 47 21 11 7 26 22 40 9 13 45
29 31 46 19 16 14 47 7 11 22 45 21 2 13 41 27
39 2 18 37 20 42 27 47 46 43 3 25 11 8 45 17
46 31 19 29 16 14 11 47 21 7 2 22 26 45 40 27
17 37 11 8 9 15 46 16 47 40 5 2 31 27 30 1
18 27 39 38 20 2 14 47 46 29 42 37 16 31 19 8
29 46 31 16 19 14 47 7 22 11 45 2 21 27 38 39
33 3 6 24 0 32 23 34 36 12 44 35 10 1 25 4
46 31 29 47 16 14 19 11 2 18 37 45 7 39 27 22
6 29 14 21 25 34 4 19 26 32 31 0 46 47 13 16
31 28 30 19 16 29 46 11 1 35 27 5 22 26 25 38
15 44 17 8 10 12 37 32 33 23 5 36 45 35 14 24
24 32 33 3 12 23 10 36 44 8 35 0 6 17 34 1
23 38 3 17 8 24 35 27 33 36 10 28 32 6 37 4
38 27 45 10 30 42 9 39 37 23 18 16 14 1 29 33
16 31 47 46 14 29 19 12 22 21 7 26 41 40 2 38
6 34 0 32 25 13 44 4 33 28 39 29 45 7 12 10
29 46 31 14 16 19 45 7 28 21 47 11 38 39 2 9
37 17 23 3 18 8 39 2 36 20 24 35 0 6 32 12
33 10 24 44 32 15 12 34 1 36 5 35 23 3 0 17
4 30 44 41 26 43 9 13 22 7 31 29 6 23 14 24
44 6 34 39 32 33 0 23 12 18 25 45 20 10 3 14
18 2 39 37 20 42 6 41 23 3 17 27 8 32 47 38
45 22 31 11 13 7 16 29 19 46 30 14 1 21 9 5
31 29 46 16 19 14 11 47 22 7 45 21 2 26 40 27
30 45 27 38 22 10 7 44 37 47 9 23 42 4 39 13
26 4 25 6 3 29 23 31 13 0 19 16 38 14 44 36
39 20 2 37 18 47 17 4 23 28 40 38 42 30 8 3
39 20 47 18 37 27 22 45 5 34 1 43 3 10 11 0
11 31 16 14 46 29 45 7 22 15 19 40 47 9 17 37
45 7 30 29 22 9 16 14 10 27 46 42 38 31 21 44
33 32 24 34 0 6 3 44 10 12 23 36 1 35 28 8
16 14 31 29 26 21 22 19 46 47 45 5 11 15 7 44
31 19 11 16 46 29 14 22 40 5 47 26 43 13 7 1
46 31 19 29 16 47 14 11 21 27 22 7 2 38 26 40
5 17 8 15 37 11 35 1 36 10 9 40 30 24 12 20
11 5 15 1 17 45 35 37 13 36 20 9 30 10 22 34


23 1 30 33 29 9 31 2 44 27 16 42 6 45 39 14
18 43 26 39 36 5 33 38 12 8 28 3 45 17 40 7
21 36 41 43 19 40 4 18 8 11 34 13 24 12 3 28
11 4 0 8 36 22 41 3 21 2 42 24 25 29 34 13
14 42 16 45 26 39 44 38 9 5 33 17 37 3 12 6
31 32 23 30 38 5 10 19 13 27 29 1 46 9 33 45
18 41 15 36 21 0 26 8 12 40 5 4 25 43 19 23
29 30 1 23 27 42 16 9 44 45 14 33 2 6 31 25
16 6 42 29 33 14 23 30 2 45 9 0 1 20 27 44
4 41 36 11 43 40 22 8 19 18 31 35 12 46 24 32
5 18 8 36 40 26 17 38 12 41 43 0 3 7 28 47
36 41 43 40 8 18 17 4 11 5 12 19 22 26 24 7
30 33 1 6 23 31 29 16 39 9 2 27 44 45 42 14
41 36 43 18 4 8 40 15 11 17 19 21 24 35 12 22
31 30 23 4 27 1 2 41 35 15 10 46 34 19 25 29
41 4 36 43 18 11 17 8 40 22 46 19 35 24 12 31
19 41 26 36 24 46 18 12 38 43 4 21 25 40 35 11
23 31 30 1 33 6 29 2 20 34 16 18 0 35 42 19
0 29 23 18 42 40 30 19 2 7 1 16 20 36 22 34
41 11 22 4 36 17 40 25 8 43 24 15 12 32 46 5
47 31 4 23 5 15 7 19 32 13 30 41 0 17 10 38
43 18 24 36 13 12 34 41 40 8 28 21 11 4 47 2
35 26 46 9 33 38 19 28 23 1 39 31 15 29 44 24
18 36 43 41 40 8 17 4 11 12 13 24 5 7 19 0
14 45 44 39 33 37 42 16 9 10 6 17 29 38 3 26
11 41 4 22 36 21 3 0 24 2 26 25 43 34 35 12
6 0 16 29 42 2 23 14 30 33 20 22 11 1 9 25
41 4 36 43 11 21 18 8 40 0 19 47 46 34 12 31
23 1 31 30 27 29 9 37 45 16 10 44 14 42 2 6
43 36 41 18 4 8 40 11 24 19 12 46 35 17 26 7
8 36 18 17 43 41 40 11 26 12 5 4 3 39 38 7
41 36 15 21 8 11 43 17 40 4 18 24 19 12 3 26
21 36 8 41 11 19 43 40 4 18 32 17 3 7 13 20
5 17 38 40 26 36 8 37 18 22 3 9 43 14 45 19
17 41 36 40 8 5 18 43 11 4 15 26 37 22 32 12
4 11 41 22 24 43 36 8 15 40 47 28 2 25 17 44
14 44 42 9 16 33 39 11 25 37 45 6 21 17 20 32
36 41 43 18 40 8 11 4 7 17 12 19 24 34 21 22
36 41 8 11 4 18 17 40 43 19 12 22 35 3 26 24
36 8 41 40 43 17 4 11 22 19 18 38 5 7 3 46
13 47 23 30 31 1 7 3 29 32 27 0 20 10 25 16
42 16 45 29 14 27 6 33 30 44 23 9 1 39 10 2
36 41 43 8 40 18 17 11 4 5 12 22 7 19 24 46
41 36 43 18 40 4 19 24 11 34 12 21 46 8 15 35
44 45 27 1 37 42 14 16 39 10 9 29 30 33 25 6
38 19 5 32 7 22 20 17 46 10 3 40 34 45 39 31
16 14 42 29 6 23 0 9 45 33 20 26 37 44 21 2
43 41 36 40 8 4 11 22 7 5 46 31 17 15 19 12

