3 26 4 42 7 43 16 44 8 6 25 46 2 10 47 1
4 16 3 0 7 42 47 27 31 26 43 8 25 15 6 46
18 14 39 30 21 37 29 12 33 41 9 40 19 34 11 45
34 40 11 12 19 9 14 37 21 18 41 30 39 29 33 28
44 46 26 43 8 10 7 42 4 6 47 25 3 0 16 2
12 14 21 37 18 30 19 41 39 29 33 40 34 9 11 45
30 37 29 41 21 18 33 39 14 12 19 9 40 34 11 45
37 18 21 29 41 30 33 39 14 12 19 40 9 34 11 45
3 2 26 6 25 8 44 7 43 10 42 46 1 16 4 47
36 32 17 27 23 24 20 22 31 2 5 3 42 16 7 4
32 24 20 27 35 36 17 23 31 22 16 42 2 25 1 47
44 43 26 46 7 42 4 8 16 3 47 6 10 25 0 1
37 21 41 18 30 29 33 39 14 12 19 40 9 34 11 45
22 24 23 32 5 36 27 20 38 17 1 15 31 16 3 4
6 8 25 26 44 42 7 46 3 43 10 1 16 4 2 47
19 12 41 18 30 21 29 37 14 33 39 40 9 34 11 28
19 28 11 12 21 30 14 37 39 29 33 41 18 40 34 45
17 36 31 27 24 32 20 23 22 5 16 6 25 42 3 8
20 27 24 32 23 36 17 31 22 5 35 1 16 42 3 25
11 40 34 12 14 9 19 39 18 30 21 37 41 29 33 28
27 20 23 32 24 36 17 22 35 31 5 16 42 3 25 1
37 21 12 30 14 18 41 39 29 33 19 40 9 34 11 45
24 32 20 36 27 23 22 5 17 35 38 1 15 31 16 42
31 20 27 32 2 24 17 36 42 25 3 16 8 6 26 4
22 23 5 20 27 24 35 38 36 32 15 47 42 16 1 13
10 1 44 25 46 43 8 6 3 7 2 26 42 47 16 4
15 0 47 4 16 43 46 44 42 7 26 8 3 6 10 25
24 5 22 23 36 32 20 27 17 38 31 13 15 18 39 33
20 24 27 23 32 22 5 36 35 1 3 38 17 16 42 7
34 40 19 12 11 37 14 21 18 30 41 39 29 33 9 28
47 16 4 0 43 7 44 42 46 26 1 8 3 6 15 10
17 36 31 32 24 27 20 23 22 5 16 25 3 42 6 1
23 24 22 27 20 5 32 36 38 17 1 35 3 4 16 7
12 14 18 37 30 21 39 41 29 33 19 40 9 34 11 45
16 42 25 6 47 8 3 7 4 0 46 1 26 43 44 10
19 30 29 33 39 21 14 18 41 37 12 28 11 45 9 40
13 45 33 29 39 41 30 18 9 21 37 14 28 12 19 40
46 10 43 44 7 47 8 26 3 25 6 16 4 0 1 42
3 26 6 25 42 1 8 2 44 7 43 4 16 10 46 47
0 47 15 16 4 46 43 7 42 44 26 8 3 10 6 25
33 29 30 41 39 18 14 21 37 9 12 19 45 40 11 28
24 36 17 23 20 32 27 5 22 31 38 15 1 16 6 42
4 43 44 26 46 7 42 16 47 3 8 6 0 10 25 1
43 46 44 7 4 47 26 16 8 3 42 0 10 6 25 1
19 34 11 40 12 14 37 21 30 18 41 39 29 33 28 9
31 32 24 20 27 36 17 23 2 16 42 25 13 3 8 38
28 19 14 11 39 12 30 18 45 37 29 21 33 41 9 40
19 37 30 12 29 18 41 21 33 39 14 40 34 11 9 28


16 38 47 26 5 35 37 4 45 44 6 13 29 25 0 39
12 32 36 20 21 0 10 25 7 15 45 13 34 39 1 43
8 24 2 17 14 19 3 33 27 22 11 46 23 9 41 28
14 24 8 2 17 46 19 3 27 33 22 9 11 23 41 28
11 22 33 27 19 3 17 23 2 8 24 14 46 9 41 37
5 30 28 4 41 31 9 38 45 34 46 43 16 27 24 14
5 31 4 9 43 37 45 16 46 38 14 24 23 25 8 17
11 22 33 27 19 3 17 2 8 24 14 23 46 9 41 28
8 17 2 19 3 24 33 27 14 22 11 46 23 9 41 28
40 28 42 6 41 30 44 29 1 13 18 36 12 7 43 35
11 22 33 27 19 3 17 2 8 24 14 23 46 9 41 28
14 8 24 2 17 3 19 33 27 22 11 46 9 23 41 28
14 24 8 17 2 3 46 19 33 27 22 11 9 23 41 28
35 47 42 26 29 40 6 44 9 43 19 2 8 11 14 17
32 21 20 36 10 12 25 15 0 45 7 34 13 39 1 43
16 47 38 26 29 5 4 45 35 37 44 25 13 6 39 9
15 10 25 21 20 32 45 36 12 0 34 4 43 7 39 13
23 11 22 33 27 19 3 17 2 8 24 14 37 18 26 29
9 46 14 24 8 2 17 3 19 33 27 22 11 41 5 23
10 15 21 25 20 32 36 45 12 0 34 7 13 39 43 4
42 40 28 41 6 30 44 29 13 35 47 1 18 36 46 12
47 35 16 44 38 6 26 45 37 25 5 0 20 4 13 9
40 28 42 41 30 6 44 29 46 35 13 23 1 47 11 33
42 40 28 30 41 6 44 29 47 13 35 46 26 31 18 33
9 46 14 24 8 2 17 3 19 33 27 22 11 41 23 28
28 41 42 29 40 6 30 35 44 26 46 18 31 19 13 2
28 30 41 31 18 4 43 5 38 16 34 9 46 1 24 7
8 2 17 24 19 3 14 33 27 22 11 46 23 9 41 28
19 17 33 22 27 3 8 2 11 24 14 23 46 9 41 28
47 9 46 14 35 8 44 40 3 2 42 17 24 19 33 22
16 47 38 26 44 4 5 37 6 45 29 35 25 0 9 13
28 41 27 40 24 11 3 19 8 17 33 46 22 23 14 9
11 22 33 27 19 3 17 2 8 24 14 23 46 9 41 28
9 14 46 2 8 24 17 3 19 27 33 22 11 23 47 41
11 22 33 27 19 3 17 2 8 24 14 23 46 9 41 28
1 7 12 0 13 34 39 36 18 32 20 21 45 43 10 25
9 46 14 24 8 2 17 3 19 27 33 22 11 41 23 28
47 35 6 37 44 42 40 43 38 25 29 16 9 4 20 45
7 34 0 12 39 13 36 1 18 32 21 20 45 10 25 15
19 17 3 2 33 8 27 22 24 11 14 23 46 9 41 28
11 23 22 27 33 19 3 17 2 8 24 14 46 9 41 37
12 0 32 36 20 7 21 45 10 34 13 25 39 15 1 43
4 38 16 47 37 42 13 26 29 6 40 5 45 43 9 44
11 22 33 27 19 3 17 2 8 24 14 23 46 9 41 28
42 40 28 6 41 30 44 29 47 46 35 13 33 27 2 19
46 14 24 17 8 19 2 33 27 3 22 11 9 41 23 6
14 24 8 2 17 9 19 3 33 22 46 27 11 23 41 5
17 19 33 8 2 22 3 27 24 11 14 46 23 9 41 28


15 0 36 18 46 25 40 13 22 35 14 26 5 42 24 39
41 28 43 1 35 29 34 45 37 7 26 6 39 33 44 15
15 46 18 22 25 0 40 5 14 24 36 13 26 42 35 45
22 24 46 25 5 18 15 40 0 14 36 45 13 3 42 26
22 15 5 25 24 3 46 18 0 14 40 45 20 36 13 42
1 45 35 28 15 39 41 26 13 20 25 40 43 0 18 5
26 13 36 0 14 35 18 40 46 15 25 39 42 5 22 24
15 22 25 5 46 18 0 40 14 24 36 13 45 26 42 3
47 6 34 23 17 43 27 21 29 12 44 38 30 19 10 32
30 19 38 12 27 21 47 10 32 23 17 20 6 33 4 43
11 44 34 29 6 23 32 27 7 39 10 33 38 47 41 43
18 46 0 40 36 13 14 25 26 5 15 22 24 42 35 45
13 0 36 26 18 40 14 46 25 15 35 5 22 42 24 39
1 35 41 13 28 26 42 36 39 14 46 18 22 40 0 25
26 13 35 36 0 39 14 40 42 18 46 25 15 5 22 24
11 44 29 34 39 6 1 35 2 43 26 23 41 28 17 8
26 13 36 0 35 18 40 14 42 39 15 46 25 5 22 24
13 26 36 35 0 40 39 18 14 46 42 25 15 5 24 22
30 38 27 12 47 21 10 23 19 6 32 34 17 29 44 33
22 15 24 25 5 3 46 18 45 40 0 14 20 36 13 42
9 32 31 10 23 30 19 21 12 38 6 47 4 17 27 44
27 47 23 38 6 21 10 30 12 34 29 19 17 32 44 33
22 15 45 3 18 25 24 46 40 0 14 5 36 13 35 42
30 38 27 12 21 10 47 19 23 32 6 17 34 33 29 44
35 39 26 13 36 0 42 14 40 18 15 46 25 5 22 11
9 3 5 25 37 22 14 16 33 40 41 45 18 42 46 24
1 29 43 41 6 34 44 23 47 17 11 21 27 12 38 7
25 22 18 15 5 46 40 0 14 24 36 13 42 26 45 3
25 24 22 46 15 18 5 40 0 14 36 3 13 42 26 45
13 36 14 18 0 26 40 46 25 5 42 15 22 24 35 39
5 25 22 46 18 14 40 24 15 0 36 13 45 3 42 26
34 29 6 44 23 47 10 27 21 12 38 17 30 43 19 33
22 18 46 25 15 40 0 14 5 24 36 13 42 26 3 45
41 1 43 29 17 6 34 33 47 27 20 38 32 23 21 30
35 39 26 13 36 0 18 15 40 42 14 46 25 22 5 24
18 0 46 40 14 25 36 13 5 15 22 26 24 42 35 45
25 15 22 18 46 5 14 0 40 24 36 13 3 45 26 42
31 45 22 42 1 46 28 15 35 37 39 18 5 32 36 25
16 7 2 8 11 37 9 33 45 32 35 42 39 28 38 36
3 20 30 19 38 12 32 27 22 21 10 24 45 31 47 4
22 14 18 35 25 15 40 0 13 5 36 46 26 42 45 24
16 8 2 7 11 42 24 46 40 36 3 22 18 37 9 0
18 0 46 40 13 36 25 14 15 26 22 5 24 42 35 45
6 23 29 34 47 21 10 12 27 38 17 30 44 19 32 33
26 13 36 0 40 42 18 46 39 14 35 25 24 5 15 22
5 25 46 14 18 40 22 0 24 15 36 13 26 42 45 3
34 29 6 44 11 23 27 10 47 21 38 12 2 30 32 7
38 21 30 27 47 12 10 23 6 19 17 32 34 29 44 33


27 32 28 3 39 11 8 23 42 4 19 26 25 34 43 33
0 2 46 35 5 6 36 31 16 37 38 29 24 14 44 43
12 30 40 1 13 34 47 38 8 35 3 45 23 6 10 17
4 19 23 11 10 32 39 28 7 22 29 3 17 45 20 42
31 37 16 36 24 5 38 46 21 0 29 2 47 35 26 6
11 39 19 23 4 7 32 10 27 28 3 15 1 43 42 26
28 4 42 23 32 3 19 11 8 27 39 45 10 1 20 34
43 26 34 12 30 27 17 8 4 3 25 28 11 23 1 32
28 27 3 32 4 23 42 11 19 39 8 10 25 7 14 34
0 46 5 36 2 35 31 6 38 16 37 24 29 21 40 47
11 19 23 39 32 10 4 7 28 27 3 34 1 8 13 42
31 16 36 37 5 24 46 38 21 0 25 47 29 2 35 6
7 39 10 11 19 32 23 4 27 1 28 25 34 15 26 14
17 29 37 16 24 31 36 46 21 22 5 38 26 0 12 10
28 3 42 4 32 23 27 19 8 11 39 45 20 10 40 34
2 0 46 35 36 5 38 16 31 6 37 24 21 40 47 29
39 11 19 32 23 7 10 4 27 28 3 1 8 42 15 13
38 5 36 40 31 30 46 0 37 16 24 35 2 6 47 13
6 35 0 2 5 46 42 25 3 40 36 27 8 20 9 38
41 18 42 33 14 45 9 20 27 3 34 28 23 2 4 32
17 22 29 20 34 25 37 12 7 21 16 43 5 10 24 31
28 32 4 3 23 27 19 11 42 39 8 10 45 7 20 34
33 38 41 31 37 36 16 46 24 5 47 18 21 2 0 13
7 10 11 39 19 23 32 4 1 28 27 34 3 15 21 22
18 40 20 13 1 38 34 33 12 30 45 44 41 47 42 5
11 19 23 32 39 4 28 10 27 3 7 42 8 1 34 45
11 32 39 23 19 4 27 28 3 10 7 8 34 42 43 25
26 43 33 34 9 25 41 8 27 6 46 36 35 12 1 31
2 0 35 45 46 6 42 40 38 8 36 5 20 47 9 29
42 6 3 35 28 8 2 27 40 0 20 45 4 32 9 18
16 36 31 37 46 24 5 21 38 0 29 2 35 47 6 22
26 33 41 9 35 2 6 43 8 0 34 46 5 42 13 25
24 37 16 21 31 7 36 38 10 1 47 29 5 26 46 22
34 33 13 41 18 38 12 26 47 24 1 37 31 16 5 21
10 7 19 11 23 39 4 21 1 32 45 22 17 47 15 28
7 39 14 15 11 47 19 10 23 32 4 13 27 21 28 22
42 3 28 45 8 4 40 35 6 2 27 20 32 23 19 18
17 29 22 12 20 25 3 6 4 28 5 19 35 44 11 0
11 39 10 19 23 32 4 7 28 27 1 3 42 8 34 13
28 4 32 3 23 27 11 19 42 39 17 10 8 22 7 45
46 0 2 36 35 5 31 38 16 6 37 24 21 40 47 30
3 42 28 27 32 8 4 6 23 19 11 39 20 40 35 25
6 27 35 3 42 40 25 8 28 2 0 20 32 15 4 45
25 43 21 16 15 31 26 36 37 29 24 46 47 5 14 0
28 3 42 4 32 23 27 19 8 11 39 45 20 40 10 34
42 3 28 8 27 4 32 6 35 45 23 40 20 19 2 11
12 46 29 36 5 35 0 2 17 31 24 16 37 34 6 26
46 36 0 5 31 2 16 35 38 37 24 6 21 29 47 25


41 35 46 25 29 9 31 20 34 40 8 33 1 28 13 15
14 6 39 28 38 27 11 30 2 24 37 32 22 45 19 42
32 36 1 22 10 37 24 30 4 45 23 7 35 19 17 12
33 8 40 34 31 29 9 15 46 41 20 47 0 7 27 42
8 40 33 34 31 9 29 15 46 41 20 47 7 0 27 39
22 37 24 19 32 45 36 23 1 17 10 12 4 30 14 43
42 20 25 13 46 41 31 9 35 40 8 34 5 29 11 38
40 34 31 29 8 9 33 46 41 20 15 25 47 27 0 7
22 37 32 36 24 23 45 19 10 17 1 12 4 30 14 43
33 15 8 40 34 0 29 7 9 31 47 18 21 46 41 20
17 19 18 10 36 23 30 22 24 21 32 37 12 4 45 43
36 10 23 17 32 24 22 37 45 19 30 4 12 1 21 18
20 33 29 8 46 31 40 21 9 34 41 47 25 18 27 42
40 34 31 9 8 29 33 46 41 20 15 25 47 27 35 7
11 3 14 39 13 6 18 17 12 0 42 24 2 36 16 22
6 43 14 16 30 39 11 26 38 0 2 18 10 15 28 21
46 41 25 35 20 9 31 29 34 40 8 33 1 42 27 28
37 22 32 24 19 1 45 36 23 10 17 12 4 35 30 14
0 18 7 21 15 33 47 8 30 40 34 17 4 29 42 10
6 14 11 39 43 26 45 42 10 30 19 16 37 24 22 32
33 8 40 34 15 31 29 9 46 41 7 47 20 0 27 18
33 8 40 34 31 9 29 15 46 41 20 47 0 7 27 39
23 22 36 24 37 17 32 19 45 10 12 1 4 30 21 43
29 40 9 34 31 8 33 41 46 20 15 47 25 7 27 0
22 37 24 32 19 12 36 45 14 17 23 10 1 6 4 30
36 23 10 32 24 22 17 37 45 19 4 12 30 1 21 18
36 22 19 32 10 37 24 23 17 45 30 1 4 43 12 21
33 8 40 34 31 29 9 15 46 41 20 47 7 0 27 42
24 22 37 45 32 36 19 23 1 17 10 12 30 4 5 2
40 31 9 34 8 29 46 41 33 20 15 25 35 27 39 28
40 34 29 9 31 8 33 41 46 15 20 25 7 47 35 27
46 9 31 41 29 40 34 20 8 33 25 35 15 27 28 42
33 8 40 34 15 29 9 31 46 41 7 0 47 20 27 18
16 43 6 5 39 30 11 0 26 2 44 4 10 8 36 20
21 10 23 17 18 30 36 4 7 24 32 45 0 12 47 22
17 23 10 36 18 24 4 22 19 12 32 21 45 37 30 43
13 3 0 5 33 8 15 7 40 34 29 9 31 4 47 16
34 40 9 31 8 29 41 15 33 46 7 20 35 0 47 25
6 14 39 11 43 16 30 3 45 32 20 13 46 24 37 31
18 21 17 10 30 23 36 4 0 7 12 32 24 22 47 45
33 8 40 34 29 31 9 20 46 15 41 21 47 27 16 0
36 22 32 19 24 23 37 10 17 45 1 30 12 4 14 18
6 28 27 14 43 38 16 20 39 46 25 29 30 31 41 9
24 22 37 32 36 19 45 17 23 10 1 12 14 4 30 2
43 6 5 39 16 30 44 26 47 8 28 2 11 42 31 38
12 26 4 28 30 10 17 5 43 22 32 19 36 37 24 23
23 30 28 22 37 45 10 32 38 19 43 24 36 6 17 12
40 34 31 9 8 29 33 46 41 20 15 25 47 27 35 7


33 41 8 15 45 46 47 4 7 26 42 29 31 1 30 38
15 31 46 16 7 1 9 8 4 33 5 41 29 42 17 47
15 4 46 8 45 33 41 31 2 29 26 7 47 24 42 30
11 31 20 42 21 32 28 23 17 6 16 44 7 29 46 38
32 14 11 22 24 2 20 28 23 36 0 43 25 12 19 21
45 13 2 47 41 33 8 4 26 24 44 42 46 30 38 9
8 29 46 45 33 15 41 4 39 7 47 9 31 27 2 26
36 24 41 2 7 0 29 14 19 47 39 34 33 9 4 18
25 4 34 24 33 45 22 30 41 44 42 15 0 11 20 28
39 43 9 5 8 47 6 26 29 13 7 31 18 16 1 40
39 9 20 27 12 32 19 28 1 8 43 21 7 18 37 31
31 29 15 46 8 47 42 41 39 7 45 16 33 27 1 24
18 4 29 15 2 24 1 45 26 8 41 46 13 7 33 9
4 15 46 8 45 2 30 22 7 33 25 40 41 24 35 9
45 33 8 41 4 15 46 47 26 2 30 29 13 42 31 9
37 21 32 20 11 23 28 25 14 40 12 18 35 43 6 22
31 27 42 39 36 0 20 28 32 12 14 16 29 19 41 7
43 5 4 2 15 9 34 45 24 35 13 46 33 1 41 47
17 6 1 21 23 30 13 22 5 29 34 15 35 20 27 38
18 10 37 1 21 6 5 30 17 20 43 40 35 44 28 11
6 2 23 14 22 30 17 12 38 32 26 19 3 7 5 11
21 44 42 10 19 17 37 3 32 18 38 39 20 12 1 36
14 22 2 24 25 32 28 12 4 23 40 11 7 26 43 0
33 41 45 8 46 15 47 4 26 42 38 30 7 2 44 9
18 10 44 1 3 42 21 12 37 32 20 29 19 30 40 38
43 28 2 20 22 37 24 9 14 7 21 16 11 26 39 35
9 40 8 7 26 43 47 39 13 3 18 41 46 33 1 35
11 32 44 20 14 23 21 37 6 28 10 12 38 43 17 5
18 15 45 29 8 4 46 33 41 30 26 47 2 7 1 31
4 15 2 8 45 46 41 33 7 26 24 31 47 9 29 30
18 24 15 4 29 2 7 41 46 33 31 8 0 25 45 26
22 14 11 32 37 20 36 24 21 28 0 19 23 43 2 38
18 7 5 14 4 26 46 2 0 34 36 37 24 9 43 15
4 15 45 8 2 33 46 41 26 29 13 47 30 24 31 9
47 44 45 33 41 42 8 38 13 46 4 26 30 2 15 24
41 42 36 33 0 47 46 37 9 18 24 34 10 45 1 4
32 25 14 12 11 20 28 23 22 24 27 21 19 0 40 35
32 20 11 21 37 28 12 6 39 23 14 19 44 43 3 17
44 38 33 8 41 42 45 47 46 30 13 15 40 26 4 9
8 33 41 45 15 46 4 47 7 26 2 38 9 30 31 29
18 10 1 37 21 5 28 43 20 35 30 34 36 44 29 6
8 45 33 46 15 4 41 26 7 30 47 2 29 9 31 1
4 8 46 33 41 45 15 7 26 47 29 2 31 9 34 24
6 23 17 22 14 44 38 11 12 30 19 5 32 39 3 31
14 2 23 12 26 6 22 30 3 0 9 36 19 32 7 43
6 21 17 23 5 10 11 20 18 32 37 1 12 35 30 40
15 4 8 33 46 45 41 7 26 2 29 47 31 30 9 1
39 9 2 22 24 7 8 26 41 47 46 4 16 45 13 33


15 2 3 24 35 20 5 9 42 1 22 25 30 40 0 7
15 24 35 2 42 9 3 7 20 25 40 30 0 1 31 5
26 21 6 43 12 11 47 28 5 19 27 32 22 1 41 13
26 12 21 27 6 14 28 41 23 18 37 19 29 44 5 38
37 40 34 25 14 10 42 9 24 39 4 2 7 15 20 8
15 24 3 2 42 35 20 7 9 25 30 40 1 5 0 45
22 11 47 0 9 6 5 21 12 43 3 32 19 13 28 36
43 17 34 3 11 4 0 47 32 18 33 13 9 26 12 39
15 24 2 35 3 42 20 25 9 7 30 1 5 40 0 45
45 31 7 35 22 40 15 9 47 24 11 36 2 5 10 38
39 8 18 46 7 10 16 25 40 37 23 42 41 36 38 33
3 33 42 20 34 24 15 9 0 2 30 4 7 35 17 14
32 13 44 19 29 38 6 21 28 12 41 16 11 36 23 27
7 42 15 24 9 20 25 35 2 40 3 30 0 10 46 37
32 13 19 44 29 21 28 12 6 38 41 23 27 16 11 36
4 17 37 14 25 43 2 40 42 20 30 1 3 46 24 18
37 17 31 14 4 11 33 47 0 43 35 42 9 24 2 20
31 7 35 45 30 15 3 5 34 24 1 22 43 47 2 42
8 39 18 46 7 16 30 33 42 41 25 36 23 34 40 20
15 24 35 2 42 3 20 30 7 25 1 5 9 40 46 0
7 42 15 24 35 20 25 2 3 40 9 30 46 8 45 34
9 15 24 2 42 3 35 7 20 25 40 0 30 22 5 1
18 8 46 26 41 39 23 12 27 21 16 29 43 44 13 19
42 24 15 20 35 2 7 25 3 30 40 46 9 1 5 0
15 42 7 24 25 35 9 2 20 3 40 30 0 45 46 1
22 47 11 9 5 43 0 3 6 26 2 21 28 1 24 31
7 4 8 39 42 25 10 46 24 35 15 20 34 9 18 2
42 7 25 20 24 15 35 2 30 46 8 3 40 34 9 39
30 42 20 46 35 24 1 15 25 2 7 3 8 5 0 40
15 24 42 35 7 20 2 25 3 9 40 30 46 0 1 45
32 19 13 44 28 29 21 6 12 38 11 41 23 27 16 36
44 19 12 29 32 21 41 13 28 23 6 27 16 36 38 11
11 6 21 32 28 19 12 13 44 22 29 27 26 38 41 23
6 11 21 19 32 28 12 13 44 29 27 38 41 23 36 22
38 29 36 13 44 16 32 19 23 12 41 21 27 28 6 11
3 2 42 24 25 20 15 35 9 7 30 40 1 0 5 4
23 41 29 16 44 13 19 27 38 32 12 28 21 36 18 6
5 22 47 26 11 6 21 1 12 28 43 19 32 27 0 44
3 5 2 24 15 1 22 35 20 47 0 9 42 30 25 43
10 39 9 37 0 7 38 36 14 17 40 13 33 31 16 25
15 24 7 42 20 9 35 2 3 25 40 30 0 45 1 5
5 22 26 43 11 1 0 21 6 47 12 27 32 19 28 41
7 46 42 8 15 25 35 24 20 40 30 39 2 9 18 3
9 15 24 7 42 35 2 20 3 25 40 0 30 45 22 37
22 5 1 3 47 0 43 2 11 26 24 35 15 9 20 30
4 17 14 37 11 28 32 12 21 6 41 19 38 27 44 10
45 34 6 31 43 26 22 21 13 5 36 44 23 33 29 28
15 24 42 2 35 20 7 3 25 9 30 40 0 1 5 46


43 18 13 16 29 28 8 44 25 0 14 9 11 34 37 31
5 3 11 27 33 28 2 45 6 46 25 39 22 36 20 8
26 30 22 1 32 24 28 37 35 9 12 23 47 36 33 5
34 31 38 24 4 40 17 19 37 23 13 35 30 7 42 1
33 3 46 27 5 20 28 37 35 22 10 2 36 16 11 9
3 46 5 27 20 33 28 11 22 10 37 2 16 9 43 18
23 40 24 11 32 4 35 27 22 33 31 21 7 1 14 15
6 45 44 39 18 8 13 25 43 0 15 7 37 10 5 41
32 4 40 23 19 21 42 38 7 11 13 41 31 17 0 30
9 8 47 45 6 41 44 7 36 17 39 35 22 15 40 21
37 20 33 3 21 5 34 26 11 22 1 15 16 27 2 10
3 33 27 20 5 46 28 22 37 11 9 35 18 10 26 16
33 27 35 24 23 5 3 31 28 10 40 11 46 22 20 37
25 14 46 1 22 8 41 47 0 43 29 37 7 33 5 27
44 18 28 13 9 29 8 14 6 43 16 39 22 11 24 37
19 42 4 38 40 21 31 7 17 23 32 13 30 8 34 12
6 45 25 8 44 39 0 7 18 43 36 9 14 13 5 15
42 19 38 4 32 17 41 7 21 31 13 40 30 0 18 28
26 1 22 36 37 15 5 11 33 43 7 41 9 28 16 27
3 33 46 27 20 5 37 28 10 35 22 2 16 9 11 36
4 19 40 38 31 32 42 23 24 13 17 7 34 30 41 12
5 3 46 27 9 33 20 22 11 36 8 15 43 28 0 10
3 5 33 27 11 20 28 46 22 10 37 2 16 9 35 39
3 27 5 46 20 11 28 33 22 10 16 9 43 2 39 18
19 38 31 4 24 32 35 40 17 13 7 34 41 42 30 23
42 19 38 31 4 17 40 34 13 32 7 30 23 21 41 2
24 4 23 40 39 38 13 31 32 19 18 10 30 0 34 7
26 30 27 46 3 28 32 22 20 11 5 44 16 39 15 33
11 23 32 21 40 4 22 42 7 5 15 12 47 39 16 10
41 19 38 4 40 31 32 42 23 7 9 8 24 18 39 13
33 3 20 10 5 37 46 27 22 39 12 35 26 44 28 29
2 20 17 34 21 12 37 3 10 30 42 38 13 18 11 33
38 34 4 19 17 40 32 26 31 13 30 42 7 24 23 45
37 36 33 46 5 25 3 35 45 2 34 27 8 6 43 9
6 8 45 18 13 9 15 44 37 39 43 25 33 11 41 35
46 3 20 27 33 5 37 28 10 35 41 22 2 6 25 16
16 25 13 12 6 44 29 14 27 18 3 39 33 46 10 28
28 29 25 1 13 14 16 44 24 8 30 11 43 20 12 22
38 4 19 40 31 34 42 17 23 13 24 7 21 30 32 1
46 41 3 20 42 26 19 28 5 2 27 34 12 30 8 15
46 27 3 5 28 11 33 22 20 10 16 9 39 14 43 18
16 20 3 37 18 6 33 12 39 13 11 46 27 10 28 2
6 39 45 2 31 8 33 34 35 37 21 23 44 18 24 13
8 9 6 18 13 44 15 37 41 39 7 45 11 10 47 32
2 20 30 28 3 27 5 33 21 11 29 17 0 46 9 41
4 38 40 19 23 42 21 31 17 32 13 34 24 7 30 12
4 40 19 38 32 23 42 7 17 13 31 21 30 24 34 12
38 19 4 42 34 31 17 40 13 32 7 23 30 24 21 41


6 23 34 24 12 45 11 10 43 35 14 21 40 3 18 38
11 12 3 24 23 14 34 16 22 39 38 17 37 45 6 21
11 21 23 24 12 40 34 32 29 9 14 30 36 6 8 43
32 9 1 46 47 5 19 2 10 40 42 21 17 13 22 8
34 11 40 24 12 23 6 33 25 22 16 3 43 39 14 17
23 34 24 12 11 40 6 14 17 16 36 21 25 32 22 9
15 31 7 20 26 4 46 28 27 19 13 35 2 42 44 38
19 32 25 2 40 42 5 36 10 30 47 3 13 17 8 26
11 40 3 12 34 24 23 25 6 10 28 16 33 14 17 42
10 7 46 15 31 4 44 9 1 5 35 8 28 32 21 19
38 43 37 45 10 2 27 41 6 28 1 18 21 19 42 3
5 8 9 19 32 10 17 42 28 29 37 13 40 3 47 18
28 25 36 32 6 10 38 44 47 40 46 5 23 2 4 19
24 34 23 12 6 14 40 11 16 17 25 26 22 3 42 13
40 44 34 33 4 25 22 1 39 42 37 23 29 30 3 24
38 47 37 33 43 18 15 2 31 22 3 39 41 32 42 46
11 24 12 23 34 17 14 40 16 6 21 25 9 3 43 22
34 24 12 23 11 14 6 40 16 17 25 3 36 22 43 47
2 21 19 41 14 10 32 22 38 25 45 36 37 17 24 43
26 20 7 46 4 0 31 15 35 44 13 36 10 27 47 16
34 24 23 12 14 6 40 11 25 16 17 26 3 22 42 13
47 29 43 42 37 18 35 2 41 0 33 26 8 38 7 15
15 31 36 46 20 45 7 27 38 41 43 1 47 4 33 28
24 12 23 34 14 6 17 16 40 11 13 3 25 26 22 42
34 24 12 23 11 6 14 40 16 25 17 22 3 36 43 42
19 21 7 27 15 46 31 35 20 10 4 9 44 8 18 2
33 0 22 44 39 1 5 31 40 32 6 37 25 43 15 34
0 8 30 46 35 16 29 44 37 4 3 18 7 41 47 20
17 33 1 3 39 13 16 9 24 12 22 37 43 26 31 47
14 23 24 26 12 13 36 34 25 30 8 16 11 17 3 47
23 14 10 24 34 28 42 12 25 17 8 47 11 26 3 9
7 35 46 14 13 17 9 28 32 44 5 10 27 15 38 12
11 12 24 14 17 23 6 9 3 40 34 16 28 13 32 7
19 29 2 8 5 10 25 9 21 41 17 36 3 32 4 42
6 23 9 14 29 35 45 43 36 38 46 0 7 5 10 1
20 44 31 15 46 4 35 7 27 36 45 10 1 0 29 18
24 12 34 11 17 14 3 16 40 23 6 33 22 43 38 39
26 13 4 0 14 23 34 6 12 8 3 24 17 47 7 42
15 31 4 37 46 7 20 44 19 32 9 33 0 1 17 42
5 28 8 10 38 35 25 39 0 43 40 31 44 15 18 47
0 35 20 38 7 27 46 45 42 41 15 43 18 37 10 2
45 43 36 38 23 16 34 12 24 11 6 41 20 2 25 14
45 43 20 27 38 41 36 15 46 31 44 35 7 2 18 1
30 23 18 34 6 24 14 12 36 37 39 26 20 25 13 43
19 17 9 21 22 42 3 27 8 10 33 2 29 41 28 5
44 31 46 15 4 7 20 35 10 27 1 0 5 8 2 21
43 45 36 23 18 41 34 37 12 47 38 27 29 20 24 2
33 31 1 15 44 39 46 4 7 22 32 0 37 5 17 9


29 23 36 39 15 8 17 41 47 27 1 28 40 4 20 7
45 21 37 10 19 20 30 25 24 9 38 2 7 12 3 15
1 35 27 47 39 7 36 29 34 4 23 8 0 15 20 28
13 32 38 22 42 24 33 3 21 45 12 10 19 5 6 31
32 3 42 12 22 24 33 21 38 13 10 45 19 23 25 9
5 14 2 7 31 34 4 35 43 16 1 27 47 44 6 37
1 20 7 27 15 35 8 14 47 30 4 34 2 28 37 43
31 35 14 8 4 1 47 34 40 5 27 44 28 16 11 36
16 44 7 23 1 37 9 8 29 41 34 10 40 35 47 25
1 35 27 47 7 15 34 8 4 14 20 28 43 2 30 36
18 0 8 34 2 23 36 27 7 29 20 26 47 9 44 30
31 13 42 12 38 3 32 26 5 29 14 33 22 0 17 19
23 29 0 39 17 41 36 18 46 13 33 26 34 22 3 32
16 7 5 6 34 22 44 10 2 9 41 47 33 3 13 43
39 4 7 35 34 1 41 8 18 31 15 2 25 9 27 43
13 32 42 22 12 38 33 3 47 5 10 24 6 11 23 4
4 47 27 34 13 28 35 11 5 14 33 42 26 18 6 43
19 45 21 38 20 10 37 25 30 24 2 8 13 9 31 43
46 17 26 41 29 33 0 23 32 25 22 12 15 42 3 37
20 27 1 7 8 15 30 43 45 31 2 35 47 39 6 21
5 4 31 14 34 43 6 2 7 35 47 30 15 27 39 8
23 26 29 0 36 18 46 2 17 44 39 19 16 37 34 11
27 1 35 47 4 15 20 7 8 14 34 28 43 2 0 36
33 22 32 13 10 45 3 42 12 5 37 46 40 16 6 21
23 36 39 29 44 34 0 26 18 17 27 5 47 46 4 2
29 41 23 46 28 15 16 1 0 26 47 17 36 8 44 7
46 17 26 33 41 13 29 11 42 4 32 47 40 43 22 36
29 8 2 23 18 28 44 46 15 26 41 25 36 0 17 24
22 33 32 3 12 42 13 10 24 38 21 45 5 11 37 25
9 37 3 12 22 33 32 25 21 42 10 24 45 23 19 38
16 23 26 29 46 9 40 37 12 6 41 3 31 0 25 17
15 39 43 29 4 34 28 44 36 40 23 18 17 30 20 2
45 20 21 19 2 27 10 30 8 15 38 1 18 24 4 17
40 14 5 44 8 7 34 18 16 47 27 0 1 2 36 11
4 27 14 47 35 28 34 1 11 15 8 26 5 0 29 36
13 42 33 38 22 32 24 3 12 10 6 45 5 31 39 21
47 35 1 27 34 14 4 28 8 11 44 0 26 16 41 30
35 27 1 47 15 8 4 7 14 20 28 34 2 0 18 26
32 22 42 3 33 24 12 38 13 21 10 45 11 5 19 25
39 23 40 34 18 43 36 42 33 31 22 32 0 29 4 3
10 7 37 15 9 45 20 1 8 16 47 21 39 31 41 29
20 27 1 15 47 8 7 30 35 14 28 4 2 0 34 41
42 32 22 33 24 13 21 3 38 12 45 10 19 5 18 25
22 38 11 3 42 13 44 32 12 33 24 5 10 36 29 23
27 20 1 47 15 35 7 8 4 14 2 28 34 43 30 0
32 33 3 22 42 12 24 21 38 9 13 25 10 45 11 37
36 29 23 39 44 8 13 46 33 28 2 6 47 5 38 22
33 32 22 42 3 12 13 24 21 38 45 10 19 23 25 46


44 24 27 22 43 4 17 18 31 8 40 33 36 35 47 20
23 5 37 11 20 34 36 25 31 3 28 42 4 46 41 45
37 11 42 3 34 5 46 30 28 7 14 45 0 41 12 39
32 13 2 6 38 29 21 14 39 41 45 19 7 28 33 12
28 3 14 39 7 0 41 30 45 32 46 34 12 11 2 42
31 43 4 36 27 22 44 17 24 35 16 23 1 9 26 8
23 11 37 3 28 34 14 5 42 32 7 41 2 12 46 20
3 28 34 11 14 46 37 42 30 41 45 7 12 5 39 2
34 42 30 5 37 46 3 45 41 11 28 14 7 12 0 2
13 39 6 32 21 10 2 33 29 19 38 41 18 14 45 8
34 11 3 41 28 5 45 37 42 2 38 14 29 46 7 30
39 32 10 13 2 3 28 7 14 0 19 12 29 41 45 46
7 34 37 11 3 42 30 41 14 5 46 39 45 2 28 0
23 11 37 3 34 5 20 14 42 28 41 46 12 45 7 30
38 41 45 29 2 34 5 46 28 3 7 11 14 6 30 42
21 12 15 37 34 25 23 42 38 7 6 47 2 33 32 36
41 45 30 34 3 14 28 46 42 7 11 5 2 37 12 39
45 41 30 34 14 3 46 28 42 7 11 5 37 12 2 39
25 23 37 11 36 26 42 34 0 5 3 20 30 12 28 46
9 26 36 31 16 1 4 43 23 17 27 22 35 15 8 44
38 41 2 6 29 45 14 21 13 32 39 28 7 11 12 34
31 36 4 43 27 23 44 22 17 24 9 35 16 1 26 40
15 23 31 37 9 36 5 40 42 11 34 26 43 30 46 4
36 31 23 43 4 27 9 26 22 16 44 1 17 35 15 20
35 4 34 25 37 14 12 32 18 16 36 42 20 3 7 28
23 15 37 40 11 36 5 31 42 34 14 41 44 30 45 43
40 10 15 9 39 26 22 47 19 45 30 17 14 46 42 8
27 43 17 44 35 22 24 8 31 16 40 1 10 36 9 4
41 45 14 30 19 7 46 2 38 28 3 39 34 29 42 12
31 36 23 43 4 27 22 44 16 35 9 26 17 20 1 24
43 27 22 44 4 31 17 8 35 16 24 36 1 18 40 33
36 31 43 4 22 27 16 1 17 23 44 9 35 24 26 8
32 13 2 38 14 6 41 29 21 39 7 28 11 45 3 12
34 11 41 5 3 45 28 37 42 14 46 2 38 30 7 29
47 21 15 38 40 6 44 23 19 26 9 17 0 33 18 5
37 5 11 34 42 3 30 46 28 45 41 14 7 0 12 23
3 28 34 42 0 30 46 37 7 14 11 45 41 5 39 12
44 33 27 24 8 18 21 22 43 13 31 4 17 6 47 38
41 45 14 38 21 2 12 34 29 28 3 30 7 46 11 42
38 2 41 14 32 29 6 21 45 13 39 7 28 12 3 11
27 44 43 4 31 18 24 22 8 17 33 35 36 16 40 1
1 17 16 35 22 43 8 4 27 24 44 31 36 10 40 18
15 9 31 36 40 23 17 4 43 24 26 44 27 47 22 25
39 13 6 2 32 21 38 41 3 45 19 14 28 29 20 7
43 4 27 35 16 31 22 17 24 36 44 8 1 18 40 10
21 9 6 33 46 38 5 47 13 15 2 30 7 19 41 34
4 20 25 7 0 38 2 29 34 32 1 21 6 16 3 19
40 43 27 31 24 44 22 4 17 15 18 36 8 35 9 10


11 8 3 47 32 42 7 25 36 43 6 39 33 37 41 1
46 32 13 7 31 25 10 20 11 8 23 3 18 28 47 12
14 29 5 45 4 19 37 27 1 34 41 33 9 13 30 39
47 32 11 7 43 8 3 42 16 6 25 10 36 33 41 39
11 17 32 18 20 28 31 47 12 26 10 40 23 25 44 8
11 17 7 8 25 32 47 42 28 18 26 20 12 33 13 22
17 15 35 40 28 26 44 31 12 20 18 21 24 10 25 38
2 16 30 6 37 1 9 29 23 14 27 43 0 5 21 46
30 35 34 14 15 21 40 24 44 45 29 26 17 5 38 28
20 31 12 26 34 28 18 44 32 17 45 19 9 40 0 21
30 9 2 5 34 27 14 0 23 43 16 38 24 46 41 21
23 13 30 24 6 38 40 10 35 21 34 1 11 12 43 14
26 12 20 44 18 31 28 21 2 40 10 16 46 30 35 9
32 11 47 10 43 7 3 8 42 16 0 25 36 37 41 18
2 18 20 10 31 28 12 26 0 44 21 40 16 9 27 43
32 25 11 47 8 3 39 42 17 10 7 36 6 15 43 33
32 46 15 34 36 19 25 45 38 31 39 4 42 41 17 20
23 13 11 30 21 40 38 18 35 34 45 19 44 14 2 28
33 22 4 37 14 45 41 1 39 19 5 38 42 29 36 27
23 29 14 1 22 45 37 25 5 33 41 4 7 39 15 17
43 46 9 42 27 0 36 41 32 6 38 7 47 33 5 37
35 10 46 12 31 43 21 44 3 18 28 20 47 26 7 30
16 7 32 46 8 42 27 47 41 33 37 36 4 19 3 25
25 37 29 22 21 36 39 4 14 23 15 33 32 13 3 46
18 20 21 40 31 44 28 12 26 10 2 35 23 30 13 15
24 30 26 44 28 12 21 35 18 40 31 20 10 2 9 34
31 12 20 18 44 28 10 21 26 40 2 30 35 43 46 0
18 28 31 20 12 10 26 44 40 21 11 15 35 17 47 32
10 43 31 47 18 20 0 2 28 11 32 12 46 16 3 7
30 14 34 5 45 9 38 19 27 4 29 41 24 2 22 37
23 11 18 13 31 28 12 20 21 47 44 10 26 15 40 17
11 17 32 31 13 15 10 18 20 28 12 25 40 44 35 47
17 15 35 26 12 44 28 40 21 18 11 31 24 20 25 39
46 9 27 43 2 7 0 10 16 38 13 37 30 3 6 47
14 4 1 33 45 22 39 19 37 38 36 29 41 5 30 42
34 9 27 30 2 29 14 0 24 5 45 43 21 38 10 6
29 13 17 35 15 21 40 39 31 25 32 36 19 45 20 4
2 26 46 30 12 44 21 20 28 31 18 35 10 40 24 43
41 5 19 14 45 4 33 27 37 9 34 36 1 42 22 38
45 19 4 41 37 33 14 5 1 39 36 42 22 34 38 29
33 4 42 1 41 37 36 19 14 22 45 39 8 5 27 29
30 21 44 2 12 20 31 34 28 9 18 40 26 46 13 0
22 14 4 38 45 39 29 33 1 37 19 41 5 24 17 42
12 44 10 31 18 28 20 21 26 35 46 40 43 15 47 30
16 38 7 2 24 47 23 22 26 11 6 43 1 8 37 9
24 38 2 26 7 43 11 16 9 47 27 6 18 28 12 30
32 10 6 29 40 28 47 21 25 35 31 26 12 8 17 18
5 9 14 27 41 19 34 45 0 30 37 4 33 23 46 36


31 43 27 18 10 23 40 6 2 15 39 33 0 37 8 24
15 47 37 27 2 24 0 10 39 43 23 40 33 31 4 6
29 14 44 30 3 28 4 46 42 25 38 36 47 17 45 20
31 24 27 40 1 43 18 10 8 23 6 15 39 2 0 33
37 39 23 40 43 10 6 0 33 27 8 2 15 18 31 4
37 0 2 33 10 23 39 15 43 40 6 18 27 47 41 24
13 38 17 22 45 35 12 11 5 3 46 32 25 30 34 36
2 15 27 10 37 23 0 24 39 40 33 43 47 18 41 6
10 15 40 2 31 23 43 27 39 37 0 6 8 33 18 24
12 5 22 13 38 32 35 45 17 36 26 34 20 3 7 46
31 43 40 23 6 18 27 10 39 8 33 37 2 15 0 24
34 35 5 13 12 22 32 7 45 17 3 26 38 16 25 11
12 5 25 22 3 38 36 32 13 34 35 20 45 7 46 44
40 10 23 15 31 43 2 39 37 6 0 27 18 33 24 8
35 13 34 22 5 12 17 38 11 32 45 26 7 3 46 16
17 27 29 11 47 3 12 13 37 45 8 15 40 0 10 39
31 6 40 43 18 8 23 39 10 27 37 33 0 1 15 2
2 15 24 41 10 47 27 23 0 40 37 39 43 31 33 18
31 40 23 15 10 2 43 18 6 39 27 0 37 33 24 8
24 34 27 35 12 15 31 5 2 10 40 1 8 37 9 39
2 15 10 23 0 40 37 39 43 33 27 18 6 24 31 8
5 36 32 26 22 12 38 20 13 45 7 28 46 17 44 25
14 33 4 0 6 37 18 39 43 19 23 10 27 47 41 8
15 2 10 27 39 31 40 23 37 24 43 0 33 8 6 47
2 15 0 37 10 23 33 39 40 43 27 47 18 6 41 24
31 40 8 27 43 10 15 23 6 24 39 2 18 37 1 0
17 13 38 11 22 45 30 46 35 3 32 5 12 36 25 20
37 0 33 2 39 47 15 23 10 43 40 18 41 6 27 4
40 31 10 23 15 24 39 2 43 6 37 0 27 18 33 8
37 39 40 6 10 43 23 0 27 8 33 4 15 18 31 2
15 40 24 31 10 23 2 39 27 37 43 0 6 33 18 8
31 18 6 43 8 1 40 23 33 27 10 39 0 2 37 15
5 13 35 34 12 22 32 38 17 7 45 3 26 46 16 20
31 40 10 43 23 27 15 2 18 6 39 37 0 33 8 24
15 2 31 10 24 40 27 23 43 39 0 37 41 18 8 33
10 40 23 31 15 43 39 2 37 6 27 0 18 33 24 8
36 20 44 28 30 38 32 7 26 46 22 45 25 12 5 13
40 10 39 23 37 27 15 43 2 0 6 31 33 18 24 8
36 20 32 26 28 38 44 7 22 5 30 12 45 46 13 25
43 23 10 39 40 37 27 18 6 33 0 2 15 8 31 24
28 29 44 20 4 34 26 36 32 42 22 19 1 5 6 12
15 2 10 24 27 47 37 41 23 0 39 40 31 43 33 18
37 0 2 33 15 23 10 39 47 40 43 27 6 18 41 24
32 38 22 5 13 36 20 26 45 17 7 12 11 46 30 35
2 15 10 23 0 27 43 37 40 39 33 18 31 41 6 24
31 40 23 10 43 15 27 24 2 8 6 18 39 37 0 33
38 22 17 30 13 3 45 36 44 46 12 11 25 32 20 5
10 43 39 40 23 37 27 33 18 6 0 8 15 2 31 24


2 43 25 28 39 47 27 11 29 18 20 5 44 34 0 9
27 39 5 43 29 11 20 23 18 25 41 31 28 32 24 3
13 24 8 27 7 31 39 1 36 26 35 43 4 19 30 17
26 30 40 37 21 22 36 7 8 33 0 12 16 19 4 46
11 43 39 29 5 27 18 41 20 32 25 28 23 10 9 31
12 40 15 22 21 0 46 37 33 34 16 42 30 38 14 44
47 0 12 23 42 32 3 9 38 2 46 16 45 15 20 22
1 4 26 37 15 36 30 19 5 33 34 21 25 40 8 41
23 32 44 47 25 29 18 41 2 34 20 9 3 11 42 27
41 20 5 11 25 32 29 43 44 18 39 47 10 45 9 27
44 25 34 47 41 32 40 12 29 20 15 42 3 22 23 5
41 29 10 43 32 39 11 44 20 27 45 47 5 18 25 9
31 23 5 18 8 17 43 36 39 1 11 25 3 24 41 29
11 5 43 29 39 20 27 18 41 25 32 23 28 31 47 44
37 21 33 30 16 40 15 12 46 22 26 0 36 7 4 38
10 41 43 39 11 29 20 5 28 32 13 27 18 45 26 1
23 2 28 39 44 25 43 24 41 8 32 11 27 29 18 47
26 37 21 40 33 30 4 0 15 12 36 22 46 19 1 16
27 39 43 5 11 29 23 18 20 31 41 28 25 32 24 10
27 39 43 29 5 31 11 23 18 20 28 32 25 41 24 45
27 39 31 43 29 5 23 11 18 20 28 32 25 24 9 45
27 39 43 11 29 5 18 23 20 28 31 32 41 25 24 45
5 39 41 43 11 20 18 29 10 27 31 28 25 32 9 17
37 33 21 16 30 4 22 12 0 40 15 26 38 46 36 7
47 12 44 22 40 42 0 21 46 38 15 9 37 33 34 25
13 39 10 8 43 26 27 1 36 7 17 24 0 2 30 29
37 4 26 21 33 30 40 15 22 0 36 12 16 46 19 7
11 41 18 43 5 32 39 29 10 20 9 47 25 28 45 27
28 23 6 15 35 25 47 32 17 45 38 31 46 27 16 5
23 27 31 39 43 29 24 32 18 20 11 45 5 28 47 44
16 37 30 15 36 33 21 7 26 46 8 12 22 19 40 0
5 11 43 41 39 20 29 25 18 27 32 28 31 9 10 6
39 43 11 27 5 29 18 10 41 28 31 32 20 45 24 23
25 20 47 32 11 5 44 18 29 23 41 9 3 43 42 34
43 39 5 11 27 29 18 41 20 28 31 10 25 32 23 9
41 5 11 25 29 43 20 39 18 32 27 44 23 10 28 3
40 21 37 22 12 0 33 15 46 30 26 16 4 36 42 38
39 27 43 11 29 5 31 18 28 20 23 32 41 24 45 10
13 31 8 24 7 4 26 10 30 35 39 1 36 16 27 17
39 43 29 11 27 5 20 18 41 32 25 23 28 31 47 9
34 15 31 25 44 23 14 33 5 20 12 42 21 46 22 3
11 18 20 5 32 29 25 43 39 41 47 23 27 28 31 9
23 27 39 43 29 11 18 5 20 31 32 41 25 28 44 24
12 44 34 22 21 0 15 42 40 47 46 16 14 9 37 33
39 10 13 27 45 43 8 24 28 11 32 9 29 41 18 1
41 10 11 43 5 39 18 32 29 27 28 20 25 6 3 23
30 37 21 16 33 22 46 15 40 36 7 26 12 4 19 0
27 23 39 31 43 5 20 29 11 25 24 18 41 28 32 1


4 45 12 26 18 34 31 22 39 41 35 42 9 43 29 46
42 45 34 4 35 22 41 26 18 15 12 43 44 39 46 29
19 1 13 40 33 32 28 0 5 21 17 44 25 11 38 47
43 26 39 41 22 4 34 18 15 3 45 42 29 20 35 46
16 44 24 46 2 19 27 30 23 9 31 0 45 34 33 41
17 8 14 43 7 44 15 18 5 25 41 40 9 11 2 42
0 13 28 21 1 30 36 33 14 11 27 2 16 39 32 19
39 43 4 37 22 34 26 29 20 45 46 42 18 12 41 27
26 22 29 42 15 4 35 3 20 18 12 45 34 43 41 39
15 42 18 12 35 26 45 3 9 34 29 22 17 38 47 20
28 13 21 1 30 2 16 33 0 19 27 11 44 46 36 24
11 13 21 36 28 1 33 32 0 30 2 19 5 37 27 10
3 20 22 26 29 15 37 38 18 42 12 35 34 32 31 6
3 29 26 22 5 32 18 20 31 15 38 37 9 12 35 42
3 20 26 22 29 12 42 15 35 18 34 38 9 45 31 4
39 4 37 43 29 26 22 36 18 3 46 8 34 31 45 41
13 11 33 28 1 19 0 21 5 32 17 40 36 2 27 16
21 28 13 0 30 2 1 27 11 33 36 39 19 16 32 37
4 34 45 42 22 26 41 35 18 12 15 43 9 46 44 39
26 22 15 3 42 29 18 12 20 34 4 43 45 35 41 9
4 42 45 35 34 39 26 22 18 43 41 15 12 29 46 9
15 3 26 29 35 22 42 20 18 38 12 34 43 4 45 37
29 37 43 35 47 36 4 3 26 15 7 42 8 22 40 25
15 3 42 29 22 26 35 20 12 18 34 38 6 45 47 9
32 13 28 1 21 11 0 33 5 36 19 25 47 10 40 17
42 15 22 35 26 29 18 12 34 45 3 20 4 41 9 43
44 42 7 34 45 15 41 14 20 22 35 4 46 39 43 30
11 36 13 1 47 28 21 32 33 7 5 30 19 24 40 2
4 26 12 45 18 41 34 22 35 31 42 9 15 29 46 3
34 4 31 12 45 9 26 22 41 43 39 18 42 3 20 35
28 21 13 30 1 2 0 27 16 33 11 19 44 36 46 10
3 15 29 40 47 6 38 32 22 35 26 7 20 42 11 37
42 12 34 18 45 22 26 35 9 4 41 15 29 31 3 17
1 30 13 28 2 44 27 21 11 7 10 23 36 46 24 47
21 13 28 1 33 11 0 36 30 2 19 16 32 27 5 10
3 26 22 20 29 18 31 35 12 15 42 34 45 5 9 38
35 42 26 22 18 45 34 15 12 29 4 3 41 20 9 31
44 19 40 6 47 38 24 9 7 1 42 15 17 25 35 13
15 22 26 3 42 18 35 20 34 9 12 45 29 38 41 4
46 44 45 34 41 9 31 24 4 16 42 12 18 23 22 35
0 13 1 44 19 28 27 24 32 33 23 21 16 25 46 30
45 18 34 4 26 12 41 22 35 31 9 42 46 29 15 20
28 21 13 1 30 2 0 27 16 33 11 19 36 44 46 23
28 21 13 1 0 11 30 36 32 27 2 37 33 19 39 10
26 22 12 4 34 18 45 42 3 31 29 15 20 35 9 41
44 24 46 27 2 30 23 1 42 45 39 34 16 41 7 25
30 2 46 27 21 1 16 28 23 43 13 36 10 39 4 0
32 3 5 17 38 11 20 47 37 26 31 29 33 15 12 18


47 39 2 11 8 27 7 13 44 9 43 20 18 29 35 1
5 4 34 29 10 41 3 12 38 45 20 25 43 28 37 1
22 24 0 32 31 7 19 11 35 14 26 39 9 46 2 21
20 10 25 29 45 34 3 43 12 28 4 5 38 41 1 37
0 24 22 31 7 32 11 35 19 14 9 39 46 26 2 21
12 29 5 10 38 34 41 3 4 45 20 25 43 28 37 1
27 40 9 19 18 8 30 46 47 1 11 37 42 31 7 0
38 45 12 25 16 29 5 10 4 34 1 41 3 43 37 28
1 45 25 16 8 43 10 3 37 20 28 12 18 34 4 29
20 45 10 3 25 28 34 43 29 4 5 12 41 38 1 37
5 29 41 12 34 4 10 3 38 25 20 43 45 28 37 1
20 28 3 43 25 10 37 4 1 41 45 34 12 29 5 23
10 29 34 5 38 3 25 45 12 4 41 20 43 28 1 37
28 1 45 25 16 4 3 10 43 12 5 20 47 34 29 38
24 22 0 32 19 31 7 35 11 14 9 39 26 46 2 21
45 16 12 25 38 1 29 10 34 43 5 3 4 37 8 41
45 10 34 25 29 3 38 12 4 5 43 41 20 28 1 37
10 29 34 38 5 3 45 41 12 4 25 43 20 28 1 37
24 22 0 31 7 19 32 35 11 14 9 39 46 26 2 21
15 23 41 44 5 28 17 4 20 40 3 29 34 10 38 6
7 31 22 24 32 0 35 11 19 14 9 46 26 39 42 2
22 0 24 32 31 7 11 19 35 14 9 46 39 26 2 21
5 29 4 34 10 3 41 28 38 20 45 25 12 43 37 1
45 25 10 4 3 34 29 38 12 43 5 1 41 20 28 37
22 0 24 32 31 7 11 35 19 14 9 46 39 26 2 21
41 5 34 29 10 3 12 4 38 20 45 25 43 28 37 1
5 34 29 41 10 38 4 3 12 20 45 25 43 28 37 1
45 4 38 25 10 3 34 5 29 28 20 43 12 41 1 16
27 8 42 33 16 1 28 25 45 18 35 7 11 43 20 9
22 24 0 32 31 7 11 35 19 14 9 46 26 39 2 21
22 0 24 31 32 7 11 35 19 14 9 46 26 39 2 21
22 24 0 31 7 32 11 35 19 14 9 46 39 26 2 21
46 14 6 40 23 17 24 19 35 22 7 31 36 0 32 42
11 7 35 31 32 19 0 24 22 42 9 14 27 8 26 46
22 24 0 32 31 7 11 19 35 14 26 9 46 39 2 21
0 22 24 7 31 11 35 32 19 9 14 46 39 26 42 2
13 38 36 5 21 29 34 40 12 41 10 25 6 4 16 32
12 10 38 29 5 34 41 3 25 45 4 43 20 37 1 16
22 24 0 32 31 7 19 11 35 14 9 26 46 39 42 2
44 46 24 22 11 35 32 19 31 9 0 7 39 6 42 2
23 18 19 35 16 6 42 40 31 12 9 7 32 8 11 36
5 4 41 29 38 3 34 10 28 45 12 20 25 43 37 1
22 0 24 31 32 19 7 11 35 14 39 46 9 26 2 21
22 0 24 31 7 32 11 35 19 14 9 46 26 39 2 21
10 12 29 5 38 34 25 41 3 20 43 45 4 28 1 37
5 29 34 38 12 10 41 4 25 3 45 20 43 28 1 16
44 23 40 10 4 6 29 3 12 41 33 25 5 38 34 20
19 24 22 0 31 32 35 7 11 39 9 14 26 46 42 21


41 31 21 22 45 2 10 30 8 13 3 6 25 19 0 27
45 39 19 21 36 8 2 22 10 9 13 14 41 3 24 7
10 41 8 21 22 45 31 2 30 19 4 27 6 3 9 13
37 40 28 26 17 23 29 20 15 46 16 33 32 14 11 5
41 2 21 22 45 31 8 19 10 27 9 0 13 30 3 4
41 22 7 18 31 21 8 12 45 13 43 5 33 0 28 19
41 2 22 31 21 10 45 8 4 27 30 36 13 18 3 0
41 22 21 10 2 31 45 8 27 19 30 9 3 13 0 18
8 22 31 10 41 21 45 2 19 13 9 27 18 24 4 5
30 18 27 33 22 4 41 45 10 21 8 13 12 6 42 44
20 17 29 40 37 28 23 26 46 32 16 1 15 7 25 12
0 32 44 26 12 31 45 37 15 19 40 9 36 47 27 41
37 17 29 40 26 23 28 16 46 20 32 15 12 11 14 7
8 4 10 21 35 2 41 31 22 24 39 45 18 30 38 6
0 2 27 41 31 45 44 19 22 36 3 7 15 9 18 12
10 21 22 41 8 45 31 2 30 6 27 4 9 19 3 47
14 43 10 35 38 13 21 30 11 9 47 16 22 45 6 40
22 10 41 45 21 8 31 2 3 19 27 6 30 4 18 13
41 2 45 21 8 31 19 22 5 10 0 9 27 13 30 18
16 37 23 29 40 20 17 46 26 28 34 35 38 32 11 7
23 17 35 38 29 28 20 39 24 16 40 34 15 37 42 14
29 20 28 26 37 17 12 40 15 23 32 44 5 33 46 18
17 37 29 23 40 15 26 20 32 28 16 46 7 34 12 35
37 29 40 28 17 26 46 16 23 20 15 32 7 12 44 34
33 36 19 24 12 27 47 42 18 15 3 4 7 25 32 43
37 17 32 26 46 29 40 28 20 12 44 16 23 15 7 0
29 37 20 40 46 16 28 12 26 14 25 38 17 47 35 23
40 37 46 29 12 20 26 28 16 17 23 44 15 11 34 32
41 21 10 30 22 2 8 31 45 25 6 4 3 47 18 13
37 40 23 29 46 16 17 28 20 26 34 15 11 38 35 32
35 42 34 28 9 23 4 21 30 10 14 27 37 6 38 25
12 44 46 32 43 28 27 37 26 33 29 40 5 25 47 13
22 41 45 21 10 2 31 9 8 27 19 0 30 3 47 18
23 17 37 29 40 20 16 28 26 46 35 38 32 15 34 7
16 4 37 42 3 7 29 30 35 20 32 17 40 46 14 28
2 19 0 21 13 22 31 41 8 45 3 36 10 18 4 25
26 37 17 29 20 40 46 15 32 23 28 12 44 16 0 1
2 21 41 22 10 45 27 30 31 8 13 3 19 9 47 36
20 16 42 40 37 14 38 29 23 34 6 28 47 4 26 25
37 23 29 40 17 20 28 16 46 26 38 35 34 15 11 14
17 23 11 26 36 7 32 28 35 15 24 1 37 19 38 33
40 17 23 28 29 37 20 35 14 26 16 34 46 15 38 36
6 47 38 25 10 21 36 30 2 27 16 42 45 18 22 4
23 17 29 16 37 20 46 40 28 35 26 15 38 32 34 7
36 41 2 22 21 45 31 19 8 10 3 27 39 4 7 18
37 40 29 17 16 46 26 23 20 28 32 15 34 12 14 35
12 11 14 16 20 33 19 9 35 46 47 3 36 38 26 7
37 40 29 46 20 23 17 16 26 28 15 12 32 34 11 38


3 27 21 7 10 38 13 24 8 44 32 42 30 1 5 4
28 40 20 39 14 16 0 47 35 37 42 9 25 11 12 34
41 21 8 3 44 31 15 13 4 29 7 5 10 30 43 27
27 3 38 7 21 8 24 42 32 12 1 10 13 4 23 33
31 3 21 7 27 38 13 17 8 44 10 30 5 4 2 42
25 37 14 28 41 0 16 22 20 35 11 9 18 46 26 40
21 3 44 7 10 13 27 8 30 4 31 1 32 36 5 24
14 0 16 9 28 25 37 20 33 22 19 11 46 40 18 6
25 14 37 0 16 9 28 22 20 46 35 11 18 19 39 26
15 30 38 24 25 20 40 31 41 10 47 28 37 2 22 18
3 21 27 7 8 24 38 10 32 13 44 42 12 1 30 36
3 21 7 27 44 10 13 8 24 30 38 32 5 31 36 4
3 27 21 8 10 38 4 7 24 32 44 42 30 13 12 1
3 27 21 7 8 13 10 24 38 44 32 30 42 4 12 1
44 34 47 13 21 41 31 3 43 36 5 30 7 28 10 45
34 20 31 17 41 30 24 44 3 38 13 19 16 37 25 28
14 46 17 39 0 9 20 16 33 19 25 37 26 28 23 22
5 7 13 31 24 30 10 3 39 21 38 44 35 36 27 32
9 28 16 37 0 14 25 6 47 20 22 34 35 19 40 26
34 10 30 23 36 15 35 2 21 41 3 44 22 32 40 24
3 27 21 7 13 38 24 8 10 44 32 42 12 30 1 4
3 21 27 7 44 13 10 8 24 38 30 32 31 4 42 5
11 29 44 13 15 12 21 42 18 27 40 3 33 1 36 7
28 37 9 14 0 25 16 47 20 11 6 22 40 41 26 34
33 37 40 46 20 16 31 6 29 0 43 25 19 45 18 28
16 9 0 37 14 25 28 22 20 6 11 18 46 26 40 19
27 3 21 8 38 7 10 24 32 4 42 44 13 12 30 1
3 21 44 10 27 7 13 8 24 30 32 36 4 31 38 5
27 24 8 38 3 21 12 7 4 23 1 32 42 2 10 33
13 7 31 44 45 5 18 26 43 33 38 21 1 30 17 3
22 37 16 25 28 11 0 14 18 20 40 9 6 26 46 41
34 5 17 36 24 31 44 8 7 21 38 3 14 39 20 13
27 3 21 38 8 7 24 10 42 13 32 12 4 44 30 1
9 16 28 37 0 14 25 20 22 11 6 26 47 40 18 19
16 28 37 0 9 25 14 22 20 11 18 26 6 40 46 19
4 15 21 27 11 18 43 8 38 30 1 42 2 41 12 17
14 0 16 37 9 20 26 28 12 22 25 19 33 45 6 35
25 16 41 22 28 34 10 39 19 37 38 0 9 8 31 4
5 44 34 47 13 36 7 31 41 30 9 10 43 21 6 45
3 21 27 7 24 10 8 32 38 13 1 4 44 30 42 12
16 47 37 20 34 9 26 28 22 0 40 19 5 14 39 6
37 28 0 14 16 25 9 20 11 22 6 18 39 35 47 15
28 16 9 37 0 25 14 20 40 22 11 6 18 26 47 19
44 13 7 21 3 5 31 10 36 30 43 34 47 27 24 1
12 42 27 38 23 33 17 32 46 24 4 8 39 1 2 10
21 44 3 27 10 13 8 7 38 24 32 42 30 36 31 4
16 28 37 25 14 9 0 40 34 47 20 46 29 15 5 18
44 21 3 13 7 5 24 10 30 36 27 31 32 8 4 43


38 25 12 5 45 36 17 41 37 22 23 11 33 28 35 18
42 15 33 9 2 39 38 5 31 0 26 23 11 44 1 20
37 35 17 14 18 38 45 39 25 19 20 28 47 32 41 33
35 37 14 18 38 45 17 25 20 19 28 47 32 13 12 41
35 14 38 45 37 18 25 19 17 28 32 5 20 47 33 41
35 14 37 45 38 18 25 19 17 32 28 20 47 33 5 41
46 27 22 16 4 43 30 6 24 0 23 2 8 34 11 7
35 14 38 37 45 19 18 25 28 5 32 47 17 41 20 33
46 27 43 22 4 16 2 24 6 23 30 8 7 11 34 3
22 23 4 36 3 24 16 43 46 6 5 40 26 11 28 21
35 14 37 45 38 25 20 18 19 28 47 17 41 32 5 33
45 25 5 18 28 32 38 36 9 37 14 35 17 23 19 21
35 17 25 14 37 38 28 18 45 5 19 32 20 33 13 12
46 27 16 8 7 3 4 15 34 2 40 43 11 23 42 30
27 7 31 8 46 43 0 24 16 2 22 30 44 39 21 15
36 3 16 30 22 23 32 5 46 4 26 12 45 28 24 1
22 4 46 16 43 23 27 6 24 2 3 8 30 11 40 36
14 35 38 45 37 25 18 19 32 28 5 20 17 33 36 47
46 7 43 24 2 8 27 4 23 30 6 16 34 12 22 42
22 4 23 46 43 16 6 27 24 2 3 30 8 40 36 11
7 47 14 45 35 37 41 19 42 27 18 20 3 34 31 39
35 37 14 17 38 20 45 18 19 25 32 28 47 5 33 41
27 46 16 7 43 4 2 24 22 30 8 23 34 3 0 40
4 22 46 27 16 43 23 2 6 24 8 3 30 11 40 34
37 17 35 14 7 39 18 38 20 45 33 13 47 25 12 41
35 37 14 18 17 45 38 25 19 28 20 32 47 13 39 33
37 35 14 25 47 38 33 17 18 32 45 20 41 28 31 15
35 14 37 38 45 18 25 19 17 32 28 20 47 5 33 13
7 27 46 43 16 2 34 11 4 0 6 39 24 30 47 8
35 14 37 39 17 18 42 38 45 7 19 47 28 25 20 0
7 44 9 26 35 10 14 21 30 32 13 37 31 45 16 43
4 22 27 46 23 43 16 2 8 6 24 11 30 34 15 3
37 14 35 7 47 41 18 45 17 38 20 19 39 32 30 0
16 27 4 43 46 23 2 3 6 8 22 24 11 30 15 26
2 16 46 27 43 22 4 23 24 6 34 0 30 15 8 11
15 12 26 24 2 23 29 33 20 6 10 8 19 4 46 3
15 2 26 36 28 13 12 42 32 43 1 27 44 41 6 23
2 27 4 22 16 43 23 46 8 13 21 40 44 20 30 34
36 22 3 23 38 24 4 43 25 45 16 40 26 28 15 21
38 45 25 14 35 32 37 18 28 9 36 5 19 20 17 12
3 26 23 16 38 0 22 4 45 24 14 2 12 13 15 30
35 14 37 18 38 45 19 25 17 32 28 5 20 47 33 12
46 27 43 16 22 8 4 2 23 6 30 11 24 7 40 31
35 14 37 17 25 38 45 18 28 19 13 20 32 47 33 5
37 35 17 14 38 25 18 45 19 5 28 39 32 20 33 13
4 22 46 16 43 23 27 3 24 2 6 30 40 11 34 8
4 22 16 46 43 23 27 2 6 30 24 3 40 8 11 34
27 46 16 43 22 4 6 2 30 24 23 8 7 34 11 0


4 31 39 3 2 37 28 1 18 0 5 25 19 41 30 45
42 29 47 14 33 44 6 8 12 16 46 20 10 11 15 36
4 25 28 39 1 2 18 3 31 37 5 0 45 30 19 38
14 29 42 47 33 44 8 6 12 16 10 46 11 20 27 15
31 39 4 28 37 3 18 2 1 19 0 5 41 30 25 17
31 28 39 4 37 2 0 1 3 25 18 19 41 5 30 17
42 47 44 14 33 16 29 6 8 27 46 9 34 24 11 20
29 14 42 33 47 44 8 10 12 6 46 11 16 20 27 15
29 42 14 47 33 8 44 6 16 10 46 12 11 20 27 23
42 15 14 47 29 33 44 6 27 46 10 11 32 8 12 16
15 4 3 30 37 9 1 41 2 28 39 5 25 43 31 19
29 47 14 42 33 44 8 6 10 12 16 11 46 20 15 9
29 14 47 42 33 8 10 6 11 12 44 46 27 16 20 36
42 29 8 14 33 10 47 12 46 11 6 16 44 27 20 15
29 14 47 42 33 44 8 12 6 46 16 10 11 20 27 15
28 31 19 39 4 37 41 0 18 45 2 1 3 38 26 30
14 42 47 29 44 6 33 8 12 36 11 46 15 20 16 10
29 42 14 47 44 33 8 6 12 10 16 20 46 11 27 15
4 31 39 3 2 37 28 18 1 5 25 0 19 30 41 17
4 39 31 3 28 37 2 18 1 0 19 30 5 25 45 41
14 42 29 47 44 33 12 6 8 46 16 10 20 27 11 15
29 33 42 14 47 8 44 10 6 46 12 11 16 20 27 15
14 29 42 47 33 44 6 8 12 16 10 20 46 27 11 15
1 4 25 2 31 0 28 3 18 39 37 27 40 21 45 5
4 3 39 31 2 37 1 28 25 5 18 0 19 30 41 45
4 31 39 3 2 37 28 1 18 25 5 0 19 30 41 45
4 31 39 3 37 28 2 1 5 18 0 25 19 41 30 17
31 4 39 3 2 28 37 18 1 0 5 19 25 41 30 17
3 19 31 5 2 1 39 25 41 4 37 26 0 7 32 18
4 31 39 3 28 37 2 1 18 0 5 19 30 25 41 45
31 4 39 28 37 3 2 1 18 0 19 5 30 41 25 45
29 14 42 47 33 8 12 44 6 10 46 16 20 11 27 15
24 6 22 7 30 19 41 44 18 20 15 26 12 43 37 28
29 33 42 47 14 8 44 10 6 46 12 16 11 20 27 15
29 14 44 47 42 33 16 9 8 15 6 11 12 43 21 20
25 37 4 3 5 9 2 24 39 31 1 0 18 22 38 17
41 28 19 31 39 30 4 26 24 21 34 18 35 38 1 23
41 26 5 45 0 3 35 40 10 9 25 4 30 23 20 33
42 29 47 14 44 33 6 8 16 20 10 12 27 46 11 9
4 3 31 39 2 37 5 18 1 25 28 0 41 30 19 17
19 27 45 3 39 31 36 0 4 18 21 28 2 37 25 5
4 31 39 28 2 3 37 1 0 19 18 5 30 25 41 17
41 44 42 11 12 8 29 10 14 47 33 13 24 6 46 16
30 28 17 43 34 2 18 13 4 40 37 39 25 19 3 23
29 42 14 33 47 8 44 11 6 46 12 10 20 16 27 23
38 24 13 30 5 41 45 25 4 15 31 39 37 0 12 3
39 19 23 1 37 10 26 31 28 0 41 5 36 4 24 3
14 47 42 27 44 13 6 29 11 15 40 20 12 36 16 41


46 3 19 27 23 38 41 18 10 37 44 13 8 17 42 26
35 29 11 33 0 40 47 34 1 30 20 31 6 16 24 22
35 29 11 0 33 40 47 1 34 31 30 6 20 16 12 32
35 0 11 29 47 40 33 30 34 1 20 31 6 24 21 16
35 11 29 0 33 47 40 34 30 1 31 12 20 6 24 16
35 11 47 0 29 33 30 40 34 1 31 20 6 28 21 16
35 11 0 29 47 33 40 30 34 1 31 20 6 12 24 21
35 11 0 29 47 33 40 34 30 1 20 31 12 6 16 25
3 23 38 46 27 19 45 18 42 10 17 41 28 26 44 12
35 47 0 11 29 40 34 33 30 31 1 21 20 16 28 12
38 46 19 18 23 44 45 27 8 13 17 41 3 42 10 26
35 29 1 11 33 0 40 47 34 31 22 16 30 6 9 20
35 47 11 29 0 30 40 1 34 33 31 24 32 6 12 21
38 46 18 44 19 13 8 43 23 41 42 36 14 27 17 4
19 23 46 38 41 45 42 3 18 26 27 17 28 21 37 8
30 35 34 29 0 11 47 33 21 40 28 12 24 20 6 1
27 32 45 43 18 17 38 3 33 0 12 46 41 8 5 39
35 11 0 29 47 33 40 30 34 1 31 20 12 6 16 24
35 11 0 29 33 40 47 34 30 1 31 20 6 12 24 16
47 35 0 11 30 29 40 34 33 1 21 28 31 20 32 12
38 46 19 13 8 23 42 18 44 41 4 45 27 17 14 3
35 11 29 0 33 47 40 34 30 1 31 20 6 12 24 16
34 40 25 29 6 35 37 1 36 11 16 9 0 43 33 7
11 35 0 33 29 47 30 40 34 1 31 12 20 21 32 16
33 14 4 1 40 29 36 8 11 22 9 44 17 13 15 35
11 35 33 29 0 30 47 40 1 34 31 12 2 20 22 6
38 46 19 23 18 45 41 42 27 17 8 13 44 3 10 26
38 13 8 46 19 17 23 44 41 45 27 18 4 42 10 36
46 19 38 13 23 8 44 18 45 42 41 27 17 4 3 10
21 19 1 18 28 4 46 3 13 25 39 7 8 24 30 27
33 29 11 35 40 0 1 34 22 31 24 6 16 47 20 14
19 46 38 23 18 13 42 27 45 8 41 44 3 10 4 17
42 38 8 13 18 44 46 45 19 23 14 4 3 27 36 10
38 46 19 13 8 23 18 44 42 41 45 27 17 3 4 10
35 29 11 0 33 40 47 34 30 1 31 24 6 20 12 22
46 19 38 23 3 27 45 42 18 10 41 17 8 13 21 26
35 11 29 0 33 40 47 1 34 30 31 6 20 12 24 22
46 38 19 23 13 45 18 44 8 27 41 42 17 3 10 4
46 38 13 19 8 44 23 42 18 41 27 45 17 4 3 10
8 44 13 17 38 18 45 4 46 41 27 3 42 23 14 36
35 0 11 47 29 30 40 33 34 31 21 1 16 32 28 24
30 35 28 21 47 11 34 0 6 40 1 22 29 24 20 37
44 8 13 38 46 19 17 23 18 41 42 45 4 27 36 3
43 40 2 9 5 31 35 37 20 34 25 0 33 15 29 11
0 11 47 35 33 29 30 40 34 12 21 31 32 16 1 43
38 46 45 19 23 44 13 8 27 17 18 42 41 10 4 3
11 33 29 35 0 34 40 47 31 16 20 30 22 14 6 39
13 8 44 38 46 19 4 42 41 18 23 36 17 45 27 14


43 7 2 31 17 44 39 14 13 38 34 41 42 32 27 19
43 7 2 31 42 41 13 39 17 44 38 14 19 45 34 32
15 30 35 46 11 10 33 1 16 47 26 4 5 18 40 24
30 35 15 46 11 16 10 33 47 26 1 4 40 29 5 22
30 15 33 35 20 11 18 10 26 5 46 47 16 4 25 8
15 35 30 11 46 1 10 33 47 16 26 4 5 40 24 20
25 27 12 21 22 7 32 4 13 16 26 1 20 19 14 46
41 43 17 39 31 7 2 13 42 19 32 38 14 45 34 44
43 7 34 31 17 39 38 13 41 2 45 14 44 27 25 42
15 30 35 46 11 47 10 33 16 1 26 4 5 40 24 18
15 35 30 11 1 33 47 10 46 16 26 4 5 18 40 6
25 26 15 35 30 33 47 16 46 4 11 10 12 5 45 9
35 15 30 1 26 11 47 33 10 16 46 5 25 4 29 20
43 7 17 2 13 31 39 14 41 38 34 45 32 27 44 42
15 30 35 11 46 33 1 10 47 16 26 4 5 40 18 20
35 30 15 46 11 33 16 10 26 1 47 5 4 40 24 29
25 24 20 46 16 30 1 4 35 26 15 12 21 0 8 33
35 30 15 46 16 11 26 1 33 10 47 5 4 20 18 40
7 13 43 31 14 39 34 17 2 41 32 44 38 45 27 42
35 15 30 33 47 1 11 10 46 5 40 26 16 4 18 24
15 35 30 11 10 26 46 1 5 16 29 47 18 22 33 20
10 47 18 36 20 22 21 3 39 37 6 26 34 35 27 29
41 42 2 43 17 28 7 31 44 3 13 0 39 14 38 27
15 35 30 11 46 33 10 47 1 16 26 4 5 18 40 20
15 30 35 11 33 10 1 47 46 16 26 4 5 20 25 24
30 26 15 35 46 10 47 16 11 1 33 40 4 5 22 29
15 35 30 11 1 46 10 47 16 33 4 26 5 24 20 40
43 7 31 2 17 44 39 13 14 41 34 38 42 32 45 27
35 30 15 11 1 46 10 33 47 16 26 4 5 18 40 29
35 15 30 33 47 11 46 10 16 1 4 26 5 40 25 29
44 31 43 42 7 2 17 41 38 39 34 45 14 3 32 13
10 26 1 46 16 24 30 35 18 15 4 9 5 8 19 0
17 31 43 7 41 39 2 44 42 14 13 38 34 32 19 28
15 35 30 46 11 1 33 47 10 16 26 4 5 40 20 24
47 30 15 35 5 18 46 11 4 1 16 10 33 36 24 40
40 1 46 11 47 37 0 28 9 27 16 15 30 25 33 14
30 15 35 46 11 10 16 47 33 26 1 4 40 24 5 20
15 35 30 46 11 10 16 1 33 47 26 4 5 24 18 40
15 30 35 11 33 46 26 4 47 16 1 10 25 5 18 20
13 32 23 14 7 17 43 39 34 31 36 2 19 27 38 21
45 17 2 41 34 32 19 37 43 7 23 42 31 39 14 44
35 15 30 11 46 33 1 16 10 47 26 4 5 20 40 18
15 35 30 46 33 16 11 47 1 26 10 5 4 20 40 24
15 35 30 46 11 10 16 1 33 47 26 4 5 40 18 24
12 39 7 43 19 17 45 36 13 32 38 23 2 31 8 37
35 15 30 11 46 1 10 33 47 16 26 4 5 18 40 20
6 15 30 35 11 10 1 47 42 18 9 33 5 4 41 20
26 4 14 23 44 36 33 47 31 30 5 43 21 39 25 15


15 25 28 43 47 0 21 40 30 19 22 46 2 24 31 16
37 18 14 32 42 38 23 27 45 44 39 8 17 4 1 10
30 0 28 25 15 40 19 34 47 43 31 35 21 22 36 16
32 18 23 37 14 17 8 38 42 45 13 39 44 10 1 35
9 0 40 30 15 28 43 19 2 22 7 31 21 24 25 26
37 32 18 27 42 14 38 45 44 8 23 11 17 1 10 4
15 28 43 0 25 47 40 21 30 19 22 24 2 9 46 31
37 32 18 14 42 38 27 45 23 8 44 17 4 1 10 11
5 18 6 23 32 20 11 10 35 17 42 33 27 38 37 4
18 37 32 17 38 8 23 14 27 11 1 42 13 45 10 44
15 28 0 43 40 30 25 47 21 2 9 19 24 22 46 26
15 28 0 43 21 40 25 30 47 2 9 19 22 24 16 31
37 18 32 14 42 27 38 23 8 45 17 44 1 11 12 4
0 28 26 40 9 46 43 21 15 29 30 7 47 25 19 24
43 0 30 29 22 25 28 15 47 21 19 7 40 34 26 20
0 25 43 15 28 47 21 40 30 22 31 16 19 2 46 24
15 28 0 43 47 25 21 40 30 19 2 22 31 46 9 16
37 32 18 14 27 42 38 45 8 23 44 1 17 11 10 12
14 42 37 45 32 18 38 27 23 44 4 10 12 8 11 39
15 28 43 47 21 0 25 40 30 19 22 2 31 46 7 16
37 18 32 23 14 8 17 38 42 45 27 1 39 11 44 12
2 19 9 0 15 6 40 30 28 16 43 47 31 7 44 33
43 15 25 28 47 0 21 40 30 46 19 22 2 16 31 26
0 15 40 28 43 9 30 25 2 47 21 19 22 24 31 46
15 0 28 21 30 43 40 9 25 47 22 19 26 24 7 2
0 40 9 15 43 25 28 30 2 19 47 21 22 24 31 36
0 26 29 30 4 44 9 20 35 28 46 39 38 22 33 18
15 28 24 0 25 43 16 21 6 47 3 9 31 34 40 30
37 18 32 14 42 38 45 23 8 27 44 17 1 11 4 10
12 1 37 32 44 14 18 38 4 22 8 42 23 45 17 13
15 43 0 25 28 40 21 47 30 9 2 19 22 46 16 24
20 5 38 34 18 27 23 44 14 0 45 46 6 11 37 32
47 15 43 28 30 7 0 21 26 20 31 34 24 1 11 22
47 41 25 16 35 21 43 34 31 3 6 28 15 0 40 19
15 0 28 43 25 40 47 21 30 19 9 2 22 46 24 31
9 0 19 30 28 2 40 15 43 7 31 34 25 8 12 1
12 42 3 10 45 35 13 17 37 6 8 14 32 41 7 27
15 0 28 43 25 47 21 40 30 19 2 22 31 24 46 9
42 27 45 12 14 37 11 16 3 33 38 18 13 10 32 4
15 28 43 21 47 25 0 30 40 2 19 46 16 22 9 26
0 43 15 6 28 47 19 16 30 25 21 9 33 40 31 2
15 25 28 43 0 47 21 40 30 22 19 2 46 16 9 31
15 25 28 43 0 21 30 47 40 22 24 46 19 3 2 6
42 45 11 27 37 29 32 44 38 18 36 14 23 4 20 26
28 15 0 43 25 21 47 40 30 2 19 9 22 24 31 6
15 19 46 24 43 28 3 25 33 22 30 0 21 9 47 40
15 43 28 47 0 25 21 40 30 19 2 22 31 41 29 9
25 47 21 15 43 28 0 40 2 30 46 24 22 41 16 9


38 18 12 29 11 8 37 24 36 22 16 19 7 10 27 41
43 16 5 13 40 44 20 19 26 46 22 41 27 31 45 21
41 10 9 12 35 34 2 19 47 42 36 37 43 7 18 25
7 24 11 2 41 38 34 18 9 36 10 35 6 0 8 47
7 36 12 8 24 10 38 41 2 34 47 18 29 11 35 0
23 18 33 2 24 0 15 7 38 9 25 10 34 13 39 3
40 46 16 13 27 20 42 19 32 31 21 43 5 44 45 26
12 36 24 34 7 29 8 9 38 2 39 10 41 18 47 11
24 38 36 8 7 12 39 29 10 2 3 34 18 41 33 9
16 43 26 44 5 19 40 20 31 13 1 27 46 42 22 4
32 27 5 42 16 43 26 40 13 20 19 46 37 14 22 1
16 5 20 44 46 40 19 32 43 13 27 26 22 21 45 23
16 5 20 40 32 46 44 19 43 13 27 26 21 45 31 42
7 36 24 12 34 2 10 8 38 41 39 11 0 9 3 18
2 39 38 36 7 24 9 18 0 3 34 10 11 8 35 12
5 44 16 32 46 40 45 31 20 23 21 25 26 27 43 17
5 16 43 40 32 26 44 19 20 46 42 22 21 27 45 31
12 16 20 43 44 40 13 19 8 37 1 46 38 27 4 15
7 36 34 38 24 41 10 3 8 11 12 29 2 39 18 0
7 34 36 24 38 2 10 12 41 11 8 3 0 29 18 39
7 34 2 36 3 10 24 11 0 38 41 39 35 6 18 29
7 36 34 38 2 24 10 8 29 41 12 11 0 3 18 35
19 39 43 23 11 13 27 26 30 28 46 4 8 17 29 21
17 29 47 41 7 38 18 1 3 36 8 24 25 2 11 10
7 24 38 36 34 2 8 11 3 10 18 39 9 0 41 12
1 42 19 32 20 33 35 47 29 27 46 16 30 22 31 26
16 44 20 5 40 26 42 46 22 31 43 4 27 17 19 13
5 32 2 26 33 38 45 41 10 0 15 7 8 22 25 9
7 36 38 24 34 2 12 10 8 29 3 41 18 9 0 39
5 16 32 40 27 46 42 21 26 20 19 43 44 31 45 13
40 44 43 33 42 31 16 20 12 14 3 47 21 28 26 8
5 16 44 20 46 19 32 40 43 26 27 13 22 23 45 31
7 36 38 24 12 34 10 8 2 41 11 3 29 9 18 0
16 5 40 46 20 32 19 27 44 13 43 42 26 21 31 22
20 16 43 32 19 27 42 46 13 22 29 26 44 40 31 37
30 9 33 14 31 5 21 17 43 42 32 22 1 45 28 37
7 36 38 24 34 10 12 41 2 8 29 18 3 39 11 9
5 16 40 46 20 19 43 32 44 13 27 26 21 42 31 45
7 36 38 34 24 2 12 41 3 29 10 0 39 8 11 18
16 5 44 20 40 43 19 46 32 13 27 26 45 21 22 31
36 3 41 35 7 10 9 24 6 19 18 12 47 2 0 8
16 5 40 46 20 43 32 19 13 44 27 26 21 42 31 45
33 10 37 14 28 43 44 39 13 20 21 41 22 29 5 19
36 7 3 34 11 29 10 24 2 38 35 41 12 8 39 6
7 36 24 38 34 12 2 8 10 41 11 29 3 18 9 39
3 7 24 34 35 47 0 36 41 42 30 11 10 2 38 18
16 20 5 44 19 37 43 22 13 40 46 27 14 32 26 45
34 12 24 36 29 7 38 8 18 41 10 9 0 37 3 14


32 30 3 2 40 10 38 16 26 18 19 8 28 0 22 39
32 3 21 47 41 0 25 2 20 38 30 19 14 44 15 16
13 23 7 35 17 6 21 24 5 15 34 47 12 27 11 44
43 5 6 34 42 17 8 28 23 38 25 0 45 10 13 12
20 35 7 38 41 42 47 36 14 0 2 3 19 46 1 13
43 1 5 42 8 45 28 24 2 46 40 9 12 38 6 18
3 20 47 19 0 35 41 14 32 7 38 17 21 13 42 22
33 37 11 44 25 13 23 6 4 15 39 34 16 46 29 21
39 40 18 30 37 26 4 33 2 28 11 8 16 34 43 45
39 27 4 11 15 33 31 36 45 1 2 30 40 26 41 18
21 34 44 11 15 26 17 10 37 33 6 29 4 16 23 25
39 30 40 2 26 45 8 33 18 27 16 34 11 43 10 31
15 21 11 7 13 23 44 4 39 33 29 47 27 37 41 34
21 37 15 47 33 7 44 41 11 29 24 16 13 6 10 25
11 39 33 15 34 4 37 21 44 23 26 10 40 29 30 13
43 5 1 8 45 42 6 28 13 24 23 33 9 17 40 37
6 17 34 23 11 26 37 13 43 4 33 10 29 44 15 21
43 42 1 45 28 8 5 46 3 20 38 2 0 32 35 19
45 2 1 14 36 46 31 28 32 8 40 38 42 3 19 20
26 30 39 32 40 11 10 15 33 2 4 18 21 34 37 45
39 11 15 33 21 30 4 26 27 37 40 44 41 2 34 31
33 37 11 39 34 4 15 44 30 40 26 10 6 23 31 24
21 29 15 3 23 33 47 38 6 20 42 26 37 28 25 17
43 1 5 42 6 24 8 28 13 23 45 17 35 9 20 46
32 28 19 3 43 8 42 2 0 5 1 40 22 12 38 46
3 32 20 47 19 41 42 38 35 0 2 14 27 7 12 36
30 40 32 2 26 39 28 8 10 16 18 38 45 3 34 4
20 25 35 46 7 3 9 1 13 36 19 22 5 17 6 15
2 36 27 14 32 1 41 40 31 30 3 19 45 47 9 46
47 21 15 41 27 44 29 36 32 7 16 39 14 11 31 30
25 3 19 28 38 0 6 17 22 35 20 12 46 23 43 42
3 19 20 47 35 32 38 41 0 7 17 14 21 25 42 10
33 11 37 39 4 26 34 15 30 10 40 23 45 44 18 6
11 26 37 4 42 10 24 13 19 12 15 5 22 33 21 45
6 43 13 24 23 5 46 35 9 1 12 42 22 10 18 29
33 11 15 39 37 4 21 44 34 27 26 40 18 30 23 10
39 11 4 44 15 33 26 10 21 30 40 37 34 45 29 25
3 20 35 19 0 38 47 17 7 42 14 13 41 32 22 46
42 1 43 19 5 35 3 20 28 45 38 8 0 24 14 2
17 38 32 20 0 42 3 14 46 41 9 35 7 6 13 47
28 43 40 8 5 30 2 38 32 45 26 0 6 18 42 46
32 40 30 0 16 38 26 18 25 28 39 2 37 4 33 10
3 20 19 38 0 32 42 47 14 35 22 17 41 46 7 9
3 19 32 38 0 20 47 14 46 17 35 42 22 16 41 25
13 11 7 33 23 15 21 36 44 35 47 29 41 37 42 27
36 41 27 2 47 35 14 15 7 21 31 1 30 46 32 20
21 47 15 44 3 41 29 32 25 0 38 19 22 11 16 10
21 17 47 44 15 34 11 23 13 25 38 6 16 7 0 22


40 39 38 14 10 15 9 13 5 32 3 43 44 22 37 27
23 33 45 41 19 2 8 21 11 6 28 29 18 35 1 7
10 40 38 14 15 9 13 39 5 43 46 32 36 22 3 25
40 10 38 9 14 39 15 13 5 32 3 43 44 22 27 37
2 33 23 45 8 41 19 11 21 6 28 7 18 29 35 16
15 14 38 39 9 10 40 13 32 5 22 37 3 44 27 12
45 33 2 8 23 41 19 21 11 6 28 7 18 29 35 16
14 39 38 10 40 15 9 13 5 32 3 43 44 22 37 27
39 13 38 9 14 15 40 10 5 3 32 43 17 12 22 44
29 46 34 17 36 4 43 30 23 33 12 6 18 2 41 11
40 38 14 39 10 9 13 15 5 32 3 43 30 44 42 17
46 34 30 29 43 4 17 5 40 42 13 38 10 39 9 14
8 21 23 45 2 33 19 11 41 6 7 28 18 16 35 42
40 38 39 10 14 9 13 15 5 32 3 43 25 44 47 30
33 45 29 41 23 2 8 19 28 21 11 7 6 46 12 35
38 39 40 14 10 9 13 15 5 32 3 43 22 44 27 37
2 33 8 45 23 41 11 19 21 6 7 28 18 29 35 16
40 38 10 39 9 14 15 13 5 32 3 43 44 37 27 22
7 13 9 44 39 3 40 38 15 10 24 14 16 35 37 47
46 29 36 34 43 4 17 31 22 0 5 30 25 9 38 40
41 8 11 2 23 45 19 33 21 6 42 7 16 31 18 0
2 33 23 45 41 19 8 21 11 6 28 7 18 29 35 1
33 2 45 23 8 41 21 19 11 6 7 28 29 18 35 16
14 10 38 40 39 9 15 13 5 32 3 43 44 22 27 37
45 33 41 23 2 19 8 11 21 6 28 18 29 7 35 1
31 47 20 36 0 4 25 24 43 27 26 5 40 10 30 18
2 33 45 23 8 41 11 21 19 6 28 7 18 29 35 16
39 38 40 14 10 9 15 13 5 32 3 43 44 22 27 37
39 3 15 37 32 13 40 38 10 14 9 42 5 12 44 22
2 23 33 45 8 41 19 11 21 6 7 28 18 29 35 16
14 10 38 39 40 9 13 15 5 32 3 43 44 22 17 27
33 45 2 8 11 23 41 21 19 6 28 18 7 29 35 16
14 10 38 40 39 9 13 15 5 32 3 43 44 22 27 46
9 14 10 13 38 40 39 15 5 3 32 22 43 36 44 27
38 39 40 14 10 9 15 13 5 32 3 43 44 22 27 37
2 33 23 45 41 8 19 21 11 6 28 7 29 18 35 1
12 37 22 44 27 28 32 36 18 35 15 25 1 29 45 33
33 45 2 23 8 21 41 19 11 6 28 7 18 16 35 12
45 33 23 2 8 41 19 11 21 6 28 7 18 29 35 16
2 33 23 45 8 41 11 21 19 6 7 28 18 29 35 16
45 2 23 33 19 8 41 21 11 6 7 28 16 18 29 35
38 14 10 39 40 13 15 9 5 32 3 43 22 44 46 27
29 46 34 17 36 30 43 22 12 32 18 6 25 20 5 38
31 36 47 4 0 20 24 26 6 25 43 30 18 34 29 11
2 33 45 23 8 41 21 19 11 6 7 28 18 29 35 16
38 39 10 40 14 9 15 13 5 32 3 43 44 22 27 17
12 29 33 28 21 45 41 23 6 2 8 11 27 19 22 46
39 38 14 40 10 9 13 15 5 32 3 43 22 44 46 17


31 25 0 11 43 37 8 6 14 40 29 2 17 26 41 33
11 31 43 0 37 25 8 6 14 40 29 26 2 17 41 4
39 18 30 22 15 46 1 32 16 5 19 47 28 12 3 23
15 18 39 30 22 46 1 32 16 28 5 19 47 24 23 3
39 30 18 22 46 15 1 32 16 5 19 12 28 3 23 44
29 2 25 6 0 37 31 11 8 40 43 34 35 41 47 14
18 30 39 22 46 1 15 32 16 5 19 12 47 3 23 44
15 18 30 39 22 1 46 32 16 28 3 5 23 24 19 47
31 43 25 37 11 0 8 6 14 40 29 17 2 26 41 4
43 25 37 0 31 11 8 6 14 40 17 26 2 29 41 33
31 11 37 25 0 43 8 6 14 40 29 2 26 17 41 42
18 39 30 22 46 15 1 32 16 5 12 19 44 28 3 23
11 37 25 31 0 6 43 8 14 29 17 35 26 40 2 47
18 39 30 22 15 46 1 32 16 19 5 3 28 44 12 47
0 31 8 43 25 11 37 6 14 40 2 29 17 26 41 42
39 30 18 22 15 46 1 32 16 5 28 19 3 12 23 47
31 11 6 37 25 0 8 43 14 29 40 2 41 26 17 20
43 11 25 37 0 8 31 6 14 40 26 17 29 2 4 41
6 25 11 31 0 8 37 43 40 29 14 2 26 17 41 24
18 30 39 15 22 46 1 32 16 28 23 19 5 47 3 24
18 30 39 22 46 1 15 32 16 12 19 10 3 47 5 23
43 11 31 25 0 37 8 6 14 40 29 26 2 17 41 4
30 39 18 22 15 46 1 32 16 19 5 23 3 28 12 47
25 31 43 0 37 11 8 6 14 40 29 2 26 17 41 4
29 14 0 8 25 31 6 37 43 35 11 40 42 2 27 17
14 8 6 0 25 31 43 37 11 29 40 26 2 41 17 42
39 30 18 22 46 15 1 32 16 5 19 47 12 3 28 44
23 29 45 13 41 2 27 14 8 9 0 31 11 38 36 6
22 46 39 18 30 16 1 32 15 5 44 12 4 10 19 47
39 18 30 22 46 15 1 32 16 5 19 47 12 3 23 44
31 11 37 25 0 43 6 8 14 40 29 17 2 26 41 33
18 39 30 22 15 1 46 32 16 47 19 5 3 28 12 23
31 25 0 43 37 11 8 6 14 40 29 2 26 17 41 4
6 25 8 31 0 37 11 43 14 29 40 2 17 41 26 35
43 31 0 25 37 11 8 6 14 40 29 2 26 17 41 33
24 45 28 15 1 44 29 18 39 46 30 22 32 13 23 41
11 31 25 37 0 43 8 6 14 40 29 2 26 17 41 33
30 22 39 18 46 15 1 32 16 5 3 28 44 19 12 23
43 25 0 8 31 11 37 6 14 40 29 2 26 17 41 4
15 18 39 30 22 1 46 32 16 28 3 5 19 47 23 24
14 29 42 9 27 35 6 45 8 31 0 25 43 28 37 17
16 47 7 1 35 30 10 46 39 22 18 19 13 15 21 12
8 25 11 6 0 37 43 31 40 14 2 26 17 41 29 33
24 45 28 15 23 29 41 32 44 2 34 46 20 13 1 18
46 15 22 30 39 18 32 1 5 16 44 28 3 23 45 13
8 0 25 43 31 11 37 6 14 40 29 26 2 17 41 4
32 39 30 22 18 46 15 1 44 24 5 16 9 23 19 45
18 15 39 30 22 46 1 32 16 5 28 44 19 23 3 24


21 46 14 32 37 38 7 0 23 36 39 35 10 40 4 6
29 41 19 17 2 8 24 11 12 3 30 43 20 25 34 1
2 17 19 29 41 8 11 24 12 3 30 20 43 25 34 27
17 41 19 2 29 11 8 24 12 3 30 20 34 25 43 27
46 21 14 32 37 38 0 7 39 23 36 35 10 40 4 6
2 41 29 19 17 8 11 24 12 3 30 20 25 34 43 9
5 25 35 9 22 6 10 15 4 37 24 7 13 32 31 45
38 21 46 14 32 37 0 7 39 23 36 35 10 40 4 6
21 46 14 32 37 38 0 7 23 36 39 35 10 40 4 6
41 29 19 17 2 8 11 24 12 3 30 20 43 25 34 1
17 19 41 2 29 8 11 24 12 3 30 20 34 25 43 27
21 46 14 32 37 38 0 7 23 39 36 35 10 4 40 6
21 14 46 37 32 38 0 7 23 39 36 35 10 40 4 6
17 41 2 19 29 8 11 24 12 3 30 20 34 43 25 27
41 17 19 2 29 8 11 24 12 3 30 20 34 43 25 27
46 21 14 38 32 37 0 7 39 23 36 35 10 40 4 45
30 17 19 27 41 2 12 11 29 8 34 24 20 22 18 15
17 19 2 41 29 8 11 24 12 3 30 20 34 25 43 27
23 34 15 18 47 12 6 35 25 30 26 28 24 7 27 22
21 46 32 14 37 38 0 7 23 36 39 35 10 4 40 47
21 46 37 14 32 38 0 7 36 39 23 35 10 4 40 47
46 21 37 14 32 38 7 0 23 36 39 35 10 4 40 47
8 19 41 17 29 2 11 24 12 3 30 43 20 1 33 27
16 3 5 25 42 10 4 47 43 8 29 24 13 36 2 11
36 24 4 47 43 10 25 29 12 3 7 35 11 42 8 26
31 6 22 27 45 30 20 15 23 28 26 0 44 39 33 12
36 10 7 42 37 14 46 16 21 4 38 32 5 45 0 35
46 21 14 32 37 38 0 7 23 39 36 35 10 40 4 6
21 46 14 32 37 38 0 7 36 23 39 35 10 4 40 6
29 41 17 19 2 8 11 24 12 3 30 20 25 43 34 1
41 2 17 29 19 8 11 24 12 3 30 20 25 34 43 27
34 24 18 25 12 15 23 17 2 41 19 11 29 47 30 26
21 46 14 32 38 37 0 7 39 23 36 35 10 40 4 6
21 46 14 32 37 38 0 7 23 39 36 35 10 40 6 4
19 17 41 2 29 8 11 24 12 3 30 20 43 34 25 27
24 2 29 19 17 41 8 11 12 25 3 20 30 34 5 9
15 2 23 12 18 26 24 19 41 17 1 29 34 47 30 13
21 46 14 32 38 37 7 0 23 39 36 35 10 40 4 6
29 24 41 17 2 19 11 8 12 3 30 25 20 43 34 9
32 14 46 35 7 21 37 38 10 6 40 5 36 0 23 45
29 19 41 17 2 8 11 24 12 3 30 20 43 25 34 1
46 21 14 32 38 37 0 7 23 36 39 35 10 40 6 4
18 23 34 1 30 26 6 44 47 12 39 28 38 0 36 32
21 46 14 37 32 38 0 7 23 39 36 35 10 40 4 6
17 19 41 2 29 8 11 24 12 3 30 20 34 43 25 27
29 41 2 17 19 24 8 11 12 3 30 20 25 43 34 9
21 46 14 37 32 38 0 7 36 39 35 23 10 40 4 45
41 17 19 2 29 8 11 24 12 30 3 20 34 43 25 1


47 21 15 26 38 34 19 27 11 33 25 0 30 37 29 43
21 47 26 15 38 25 19 34 11 27 0 33 30 37 29 43
26 21 47 15 38 34 25 19 11 27 33 0 30 37 29 43
38 47 21 26 15 34 27 33 19 25 11 0 30 29 37 43
21 47 26 15 38 19 34 33 27 11 25 0 30 37 29 43
1 25 0 12 11 38 15 21 26 47 19 34 33 27 16 29
5 8 39 18 42 44 20 22 23 10 4 16 40 2 28 41
15 47 21 26 38 34 27 19 33 11 0 25 30 37 29 43
47 15 21 38 26 34 27 19 11 25 33 0 30 37 29 43
5 8 18 39 42 44 20 22 23 10 4 45 9 2 16 41
47 21 15 38 26 34 27 19 25 11 0 33 30 37 29 43
42 8 5 39 44 18 20 22 23 10 16 4 40 31 7 28
27 38 34 47 19 11 15 21 26 33 0 25 29 43 30 37
5 8 42 18 39 44 20 22 23 10 4 16 40 2 28 7
29 27 38 47 34 37 15 21 11 19 36 33 26 0 25 45
16 36 31 40 13 6 46 12 35 1 10 2 25 34 15 47
47 26 15 21 38 25 34 19 0 11 27 33 30 37 29 43
5 39 42 18 8 44 20 22 23 10 4 16 40 2 31 28
21 47 26 15 34 19 38 11 25 33 27 0 30 37 29 43
5 39 8 42 18 44 20 22 23 10 4 16 40 31 2 7
47 21 15 26 34 38 19 25 0 11 27 33 30 37 29 43
38 15 26 47 21 34 27 33 19 25 11 0 30 37 29 43
23 8 39 18 5 20 9 42 22 44 41 40 13 45 10 1
38 27 34 47 15 21 26 33 19 11 0 25 30 29 37 43
35 31 16 4 7 12 3 2 11 19 14 15 17 25 18 1
26 21 47 25 15 38 34 11 19 33 0 27 30 37 29 43
5 8 39 42 18 44 20 22 23 10 4 16 40 2 28 31
47 21 38 26 15 34 27 19 25 33 0 11 30 37 29 43
5 42 18 39 8 44 20 22 23 10 4 16 40 2 28 1
32 35 14 6 31 3 10 1 29 11 27 15 0 34 24 38
18 5 42 39 44 22 8 20 23 10 4 16 40 17 2 41
40 9 41 29 36 38 15 33 26 30 43 28 34 47 25 37
16 40 17 35 5 42 8 18 39 44 12 46 22 20 6 31
9 30 41 1 3 33 45 24 37 29 12 25 13 38 34 21
5 39 8 18 42 44 20 22 23 10 4 16 2 31 40 28
5 42 18 39 8 44 20 22 23 10 4 16 40 2 41 9
21 47 26 15 38 34 25 19 11 27 33 0 30 29 37 43
42 44 5 18 39 8 20 22 23 1 40 16 4 2 10 12
9 14 41 45 24 3 30 23 8 39 4 18 5 29 28 37
5 42 18 39 8 44 20 22 23 10 4 16 40 2 41 9
5 39 18 8 42 44 20 22 23 10 4 16 2 40 41 28
27 38 34 47 21 15 26 19 33 11 25 0 29 30 43 37
5 39 18 8 42 44 20 22 23 10 4 16 2 31 40 28
24 25 30 33 26 21 38 0 11 47 29 15 34 19 3 27
18 42 5 44 39 8 20 22 23 10 16 4 31 17 2 13
14 41 9 45 29 30 37 13 24 36 3 33 2 28 38 10
26 47 21 15 38 34 25 19 33 11 27 0 30 37 29 43
41 40 10 28 24 13 8 29 20 3 9 17 5 44 45 18


1 8 20 42 30 2 11 19 22 47 38 13 21 46 31 24
30 8 1 2 20 36 35 42 3 39 15 19 47 13 11 37
35 37 16 26 30 3 15 36 42 25 39 2 40 23 8 20
35 16 2 8 30 36 1 3 15 39 37 26 19 23 11 18
44 22 28 31 21 46 12 10 38 17 27 20 40 24 34 25
44 28 17 24 22 31 12 21 46 4 38 41 13 10 40 34
37 40 27 28 17 12 31 21 46 38 26 35 45 42 16 7
16 35 2 26 3 36 30 15 37 39 8 23 0 19 45 1
2 29 45 16 26 35 47 0 19 41 23 13 36 5 14 30
40 27 37 1 5 42 28 20 10 22 11 14 33 8 12 13
2 19 1 8 35 16 47 30 29 11 5 36 38 45 33 26
44 22 31 21 46 38 10 24 12 4 1 28 13 5 20 14
26 45 29 16 37 35 17 12 0 23 38 46 21 43 31 41
28 44 17 12 31 46 21 24 41 22 38 10 0 34 9 7
40 37 27 3 15 39 28 42 20 36 23 16 17 35 18 30
17 28 12 40 27 37 31 21 46 38 44 26 45 0 24 9
0 16 3 23 39 15 36 26 41 35 2 29 45 18 17 9
17 23 26 37 16 0 45 29 35 28 40 12 34 27 7 9
1 2 8 19 30 5 11 22 20 42 4 36 47 33 13 14
1 2 19 8 36 22 30 5 39 4 11 15 20 47 33 3
44 28 17 40 12 22 24 31 27 21 46 4 0 13 10 7
41 0 17 44 29 24 9 28 31 46 45 21 38 34 26 7
2 19 47 29 5 1 41 8 45 30 14 36 4 13 11 38
31 46 21 38 5 22 44 1 33 24 4 14 13 10 12 19
37 27 1 35 38 12 30 21 46 31 42 40 19 20 47 8
41 2 29 19 0 26 16 9 45 35 23 38 36 32 34 7
44 28 40 22 10 5 27 13 4 20 15 33 39 14 3 42
37 40 27 16 35 23 26 3 15 28 42 39 17 30 36 20
37 40 27 35 16 42 26 30 9 20 23 1 12 28 3 8
37 40 42 8 30 27 1 20 35 11 3 15 16 39 36 5
44 41 28 17 0 24 22 13 7 10 31 43 46 4 12 21
16 37 40 26 35 23 17 0 3 15 39 28 27 36 45 30
2 41 22 44 19 5 24 36 1 29 14 33 47 13 4 0
16 26 35 2 9 29 41 8 32 19 45 30 37 0 36 23
40 27 42 28 20 44 22 12 31 21 46 1 10 24 37 9
0 41 39 23 36 15 44 3 17 24 29 26 7 28 45 16
37 40 35 27 42 16 30 3 15 1 20 39 36 26 18 23
44 31 22 21 46 28 24 38 12 10 17 4 27 20 33 42
37 12 38 21 27 46 31 1 42 30 40 35 19 47 20 8
0 17 23 45 29 41 26 16 28 3 39 15 36 7 35 44
27 42 40 1 37 30 20 12 31 21 46 38 8 9 35 22
44 17 28 31 41 12 46 21 38 22 24 0 34 29 9 7
1 2 19 38 46 31 21 8 22 5 11 24 32 47 4 41
41 2 36 39 15 3 19 0 34 32 24 44 9 4 23 8
16 26 2 19 29 9 35 41 38 32 45 8 46 30 21 37
0 17 16 26 23 3 15 28 39 37 40 35 36 41 45 29
40 27 37 42 28 20 17 10 12 9 18 22 35 3 15 6
44 28 17 24 40 22 4 0 12 27 31 10 33 34 21 46


46 1 15 32 5 42 25 6 8 45 26 12 29 37 28 0
6 47 42 4 24 11 1 3 8 44 5 2 10 41 33 25
1 9 40 42 37 35 22 31 5 33 4 18 47 27 3 34
36 16 19 15 7 14 17 35 26 38 46 31 44 18 37 39
4 2 45 0 41 9 27 43 8 28 21 29 42 31 12 22
1 2 0 47 4 12 30 32 33 43 11 35 42 31 45 41
43 14 35 31 23 12 45 22 16 8 26 15 21 2 13 47
3 37 44 24 1 42 5 22 39 26 46 30 10 38 9 16
47 11 15 30 44 14 37 5 6 12 13 26 31 43 18 42
19 38 7 16 36 39 18 17 10 15 13 6 26 31 20 35
34 25 22 23 27 0 39 41 3 21 40 32 43 45 7 4
3 24 27 34 22 45 39 2 8 46 41 4 40 29 28 21
36 19 17 7 38 18 10 39 6 16 26 32 35 15 34 22
34 3 39 22 24 27 40 23 21 32 41 45 1 46 2 8
34 23 32 7 27 22 35 20 40 39 31 21 25 46 16 43
2 45 4 8 28 27 12 41 29 43 21 30 0 33 37 14
44 47 11 5 30 37 15 14 6 46 1 12 26 42 10 16
15 47 11 13 26 18 31 6 14 44 19 38 16 36 5 37
44 30 11 14 47 37 5 46 15 12 6 8 42 4 24 10
4 2 27 45 8 28 43 41 12 33 9 21 29 1 30 37
8 45 2 28 31 43 27 4 12 14 46 41 29 0 23 21
5 19 17 31 38 18 36 26 15 11 35 32 16 6 22 44
40 34 22 3 24 23 27 39 20 45 9 35 41 7 38 25
34 22 3 24 39 16 7 23 27 1 40 19 31 38 36 9
8 45 2 4 28 12 27 29 41 43 21 30 0 47 33 14
19 38 36 7 17 39 18 26 16 6 10 31 15 35 13 32
35 23 43 32 45 6 46 14 8 0 25 2 12 41 16 28
44 30 11 5 47 14 37 15 26 12 46 6 16 13 31 18
29 2 41 45 28 4 12 8 0 43 27 21 33 23 30 1
19 7 38 36 39 16 20 26 31 18 34 17 15 13 10 6
45 4 12 2 8 27 28 43 29 41 21 30 14 37 20 1
43 45 8 2 27 14 12 28 4 29 21 41 46 31 30 35
3 44 42 10 29 27 18 8 1 30 24 41 40 21 47 5
42 34 5 31 26 32 22 38 3 18 1 19 35 7 17 36
0 23 42 9 13 18 31 28 21 2 4 43 34 41 25 40
4 9 27 33 41 28 3 2 34 24 21 29 45 1 23 22
19 36 38 17 18 7 16 10 39 6 26 15 32 35 31 22
12 4 45 8 28 27 2 41 29 43 30 33 20 21 14 5
4 2 12 8 45 28 29 41 30 43 27 47 14 11 37 44
36 7 19 16 20 13 39 38 10 34 25 32 35 15 17 6
36 17 7 18 19 38 39 32 10 6 34 9 26 13 16 25
22 16 30 24 37 9 44 3 27 31 13 26 34 14 4 38
23 12 43 28 20 8 27 45 29 13 41 2 25 33 30 11
12 2 8 4 45 28 29 30 27 41 43 14 47 44 37 21
19 36 7 38 39 16 17 18 26 6 10 31 34 15 32 35
37 1 16 5 26 11 12 15 14 44 43 30 47 8 31 45
30 44 31 5 47 11 15 26 14 13 35 6 37 16 12 36
6 47 15 46 11 10 42 5 14 44 37 18 33 12 8 26


12 37 43 1 46 34 40 27 29 45 38 32 11 7 16 33
47 2 12 39 13 17 20 40 6 11 30 1 18 35 37 7
36 6 19 26 10 5 20 22 14 0 3 9 31 38 27 28
12 37 2 25 34 30 39 46 40 13 45 11 1 32 17 29
39 40 2 17 18 12 32 11 47 44 46 8 26 3 20 29
39 17 2 12 40 44 32 25 30 45 1 26 13 8 38 46
31 33 14 22 21 10 15 0 16 37 5 35 1 6 45 29
19 2 41 8 36 32 38 18 46 24 12 27 25 28 14 0
4 46 2 17 25 30 35 24 38 44 23 12 8 39 32 42
12 39 2 17 40 1 30 37 44 46 32 7 45 16 43 34
14 33 38 4 37 5 24 22 43 29 34 19 46 10 27 0
12 37 1 46 2 17 39 45 44 40 30 32 38 7 11 20
12 2 1 39 17 40 32 37 30 45 44 47 7 46 8 11
19 27 6 36 3 46 13 25 38 24 42 14 34 26 43 0
2 12 17 39 40 32 46 1 38 45 37 44 26 11 30 8
12 1 2 39 32 17 37 46 45 40 30 38 44 11 19 13
14 10 37 33 22 21 0 31 5 1 43 15 45 29 34 6
1 37 12 45 46 38 32 30 44 21 13 4 16 23 43 31
12 45 37 46 1 39 2 32 23 40 38 18 30 27 11 17
35 44 20 34 42 16 0 4 41 15 30 17 28 39 2 26
18 5 9 41 24 36 20 8 0 11 25 26 39 2 40 28
33 14 0 5 22 10 15 6 28 31 9 34 37 29 41 24
37 43 34 27 16 12 42 1 46 7 10 14 30 33 21 41
46 27 12 43 34 40 39 38 2 19 32 37 1 4 17 11
12 1 37 2 32 46 45 39 40 38 17 29 13 11 27 43
22 5 9 10 33 14 24 28 15 42 31 19 34 18 4 6
40 39 12 23 2 44 17 30 3 37 7 18 11 35 47 26
37 1 31 33 14 10 22 45 12 15 28 16 35 5 21 24
8 13 2 28 39 17 26 12 20 11 41 1 36 47 32 38
44 17 2 8 3 36 45 38 12 39 1 25 20 40 35 30
12 1 37 35 30 2 44 32 17 46 45 42 39 40 34 16
31 14 33 22 6 37 10 24 5 28 13 47 35 23 36 42
44 35 47 17 2 39 20 30 12 6 13 7 40 8 21 1
12 2 39 1 37 17 40 46 36 32 20 30 26 44 38 11
40 2 39 17 12 29 32 11 18 47 13 7 21 1 16 43
37 33 1 22 14 10 23 30 35 45 7 5 34 42 16 12
17 39 2 40 44 32 18 12 26 11 7 46 19 30 16 21
18 2 39 9 11 40 36 20 17 26 8 41 47 25 0 35
5 14 22 10 31 33 43 9 42 27 34 4 15 0 41 19
12 37 1 38 46 2 45 8 24 30 4 35 32 36 25 33
17 2 39 40 44 32 18 12 19 11 27 26 21 30 46 16
17 39 2 40 44 32 26 21 12 45 20 11 19 36 38 8
5 22 9 33 10 14 24 31 15 41 28 23 0 42 3 4
31 22 10 15 5 14 9 21 28 33 44 7 0 1 47 13
21 14 31 9 10 5 22 15 19 0 42 28 43 34 20 29
9 5 0 18 22 14 24 47 42 28 35 26 41 25 2 21
2 12 40 38 39 17 46 36 11 25 8 32 1 26 19 20
10 33 37 31 21 15 16 7 1 23 22 13 45 47 12 3


6 41 35 23 19 36 33 45 29 0 34 17 9 4 42 31
39 2 13 30 38 43 28 1 16 19 45 23 4 37 29 24
42 27 5 40 16 46 3 20 35 26 24 0 32 22 47 19
42 46 15 17 28 35 40 26 32 11 16 1 30 14 27 34
10 37 25 1 22 44 43 12 27 32 5 15 13 2 21 47
29 38 36 11 4 17 28 6 8 34 35 16 45 19 9 31
44 25 21 2 37 1 13 10 31 46 12 47 32 7 39 15
25 28 29 17 34 36 12 10 11 8 44 22 18 4 47 40
11 38 29 28 17 36 8 9 31 6 35 21 4 34 47 22
29 4 36 16 19 23 28 41 6 38 0 35 17 46 9 42
32 43 27 3 23 5 37 1 7 10 45 15 20 30 22 16
47 18 42 11 22 35 15 8 37 28 17 36 34 1 20 29
11 6 38 34 29 9 17 36 14 12 35 47 31 25 21 15
21 11 44 25 12 38 34 6 17 5 2 9 47 31 13 22
43 27 32 2 3 1 37 39 44 23 20 13 21 45 10 7
32 43 37 27 1 3 23 5 22 12 42 40 25 44 10 20
38 11 29 17 8 28 36 9 21 4 31 6 35 33 39 1
27 25 5 12 44 43 2 3 32 22 46 10 16 23 20 15
19 0 6 4 16 34 41 36 29 17 35 40 33 45 42 23
1 37 43 47 11 28 22 8 25 12 10 32 31 14 44 40
27 23 3 32 43 0 16 2 19 5 20 7 41 39 37 21
23 19 16 45 35 0 6 36 4 41 29 28 34 3 9 38
9 6 11 34 35 14 38 21 18 31 26 5 45 17 41 12
23 4 19 16 43 32 0 42 36 35 41 29 27 7 28 40
12 5 3 21 22 44 47 2 14 13 33 26 37 27 32 31
43 1 37 39 32 28 13 46 2 10 22 8 30 7 17 24
36 29 6 45 28 4 34 41 19 35 17 16 23 8 38 0
6 38 34 17 21 33 35 44 41 11 45 12 30 9 13 31
41 36 6 29 4 0 35 19 34 17 38 16 45 8 11 42
38 33 31 6 41 9 23 35 3 19 10 24 45 13 0 2
24 21 6 45 39 2 30 34 5 38 44 14 9 11 26 20
47 18 21 15 35 34 26 14 22 10 20 27 5 12 37 7
28 22 37 10 9 1 11 47 25 18 17 21 8 14 42 15
28 29 36 17 4 19 16 40 23 42 35 46 6 9 11 24
29 6 38 17 36 41 19 4 45 0 33 11 28 8 13 34
47 17 42 36 4 34 40 29 46 11 35 41 6 0 19 16
12 5 0 41 3 27 32 19 34 33 43 23 7 35 4 46
6 34 45 0 41 36 19 29 16 4 23 35 26 3 28 38
12 1 37 22 43 44 47 25 40 13 10 11 7 27 5 32
25 44 12 13 3 2 10 37 1 27 40 30 47 21 22 5
34 11 5 14 35 45 6 47 26 9 12 17 18 22 8 4
21 38 11 28 39 1 30 35 8 7 29 45 4 24 13 36
11 36 29 38 19 4 28 17 16 0 30 8 24 34 42 39
43 32 0 27 3 2 44 19 16 12 24 33 30 25 23 20
37 1 43 10 22 32 44 2 27 21 24 7 15 47 13 25
19 16 23 4 0 6 45 36 35 29 41 34 42 3 33 28
44 2 12 1 21 37 25 13 3 27 43 32 10 39 30 7
7 43 30 13 14 22 8 9 31 1 11 25 24 44 5 37


24 17 34 28 13 20 33 21 31 15 1 18 22 7 37 38
45 41 36 6 5 40 2 32 4 29 11 42 14 47 19 43
16 19 30 27 23 11 33 1 21 2 37 20 13 5 25 31
36 5 40 4 41 45 16 42 11 25 32 2 9 19 6 29
31 28 15 18 1 17 24 20 12 34 38 13 33 7 21 22
5 36 45 32 41 4 40 2 11 19 6 47 16 29 39 25
7 46 12 15 33 47 20 34 31 40 24 44 28 41 39 26
30 38 35 17 10 25 24 20 44 7 37 47 31 28 34 23
25 23 14 18 9 15 38 13 39 3 10 22 28 29 41 7
34 8 5 16 25 9 10 23 32 36 43 7 46 27 40 18
25 18 44 7 10 39 8 30 47 24 28 34 17 13 15 27
45 5 36 2 6 32 41 16 4 11 40 19 29 39 8 47
12 6 31 7 8 45 20 41 1 40 15 14 28 18 39 46
40 47 26 39 35 4 11 2 36 44 29 19 10 5 41 16
5 2 36 32 45 16 11 19 6 41 4 40 29 39 47 8
22 17 28 34 30 18 24 13 44 20 9 15 37 31 0 27
10 23 25 30 14 36 32 5 4 6 2 45 19 16 11 40
33 28 1 17 24 13 21 12 20 34 18 31 22 27 7 37
36 45 41 5 42 40 2 19 6 11 4 43 32 14 0 16
11 29 26 16 35 32 2 19 47 5 36 41 40 46 44 45
40 36 41 45 5 4 32 6 2 11 39 29 19 14 47 46
9 14 3 26 23 42 21 43 15 18 20 34 12 22 29 13
42 0 23 30 14 34 43 25 17 13 1 28 6 24 31 27
2 5 32 36 16 11 45 19 4 40 41 6 29 39 47 25
21 33 28 1 17 24 31 18 34 27 38 20 37 7 12 44
35 25 16 38 2 47 26 30 32 11 10 5 29 19 4 8
34 24 28 17 13 15 7 20 37 23 38 33 3 18 22 31
3 26 23 9 21 29 42 8 1 15 31 41 6 22 40 16
33 12 1 20 13 28 24 18 17 21 31 27 7 22 34 44
40 36 41 4 5 9 45 39 32 2 16 3 29 6 42 8
26 35 47 29 18 10 44 2 7 31 3 38 5 8 6 12
38 3 28 17 18 23 15 1 13 22 24 33 31 12 26 34
36 5 2 45 41 40 32 6 11 16 19 29 4 42 39 26
34 8 9 17 7 21 3 22 24 13 27 28 20 33 37 23
4 11 16 2 32 5 47 19 36 25 35 39 45 29 41 40
28 24 17 31 13 18 34 33 15 20 1 22 7 21 38 44
3 29 18 33 10 38 9 28 31 6 7 44 17 22 12 23
6 45 8 18 10 5 16 0 38 41 36 32 47 2 23 34
13 17 28 24 22 34 1 27 18 20 33 21 31 37 23 30
28 13 24 17 20 33 1 22 34 18 15 31 27 21 7 37
33 7 34 24 28 17 13 20 22 37 21 18 15 1 27 12
24 17 21 34 13 30 20 33 28 1 23 18 31 27 38 7
10 25 32 2 5 6 47 45 29 35 36 16 18 41 39 46
24 28 13 17 34 1 20 33 15 22 18 31 21 37 7 38
5 32 45 4 2 36 11 41 16 29 19 6 39 47 40 8
17 24 28 30 23 21 13 34 33 27 20 18 9 1 31 7
24 13 17 34 15 28 22 37 20 9 3 42 27 23 44 33
1 13 28 22 17 33 24 20 12 18 27 34 31 15 37 21


31 29 11 46 16 40 26 19 14 3 20 39 47 17 7 2
11 31 26 29 14 43 16 45 19 46 39 7 22 40 21 44
18 39 37 20 2 46 17 11 47 29 31 3 16 7 14 4
8 33 10 35 1 28 34 23 32 44 24 12 25 6 38 37
7 45 11 31 29 16 20 40 22 19 18 42 46 0 43 2
45 2 7 18 30 44 16 39 22 20 19 0 42 11 3 10
36 21 33 9 8 5 34 24 6 32 44 35 1 10 23 12
31 11 46 29 16 26 40 47 3 20 14 19 39 17 7 2
31 29 11 19 46 16 20 17 26 4 45 40 7 14 3 43
34 33 10 23 8 28 32 44 6 12 1 24 35 45 9 30
31 29 11 46 16 40 14 26 3 19 20 39 17 47 2 7
31 29 11 46 16 14 26 40 47 19 7 39 3 20 22 43
31 29 46 11 16 19 40 20 17 39 45 7 3 2 37 26
2 20 18 39 0 37 3 42 47 46 11 17 25 29 31 14
15 19 26 46 3 21 24 5 9 16 4 47 12 32 43 11
17 37 29 46 31 11 40 20 39 2 47 16 45 18 7 9
18 8 42 38 28 2 34 6 32 23 3 37 24 33 27 20
31 29 11 46 16 40 19 3 20 26 17 39 14 47 7 2
24 35 12 33 6 32 5 36 34 10 8 23 21 1 44 30
17 46 29 11 31 37 47 20 40 13 39 3 2 18 16 4
24 32 12 10 33 6 15 34 21 44 23 1 35 8 5 30
30 28 25 29 31 0 42 39 46 11 20 36 3 40 37 47
11 29 46 17 31 16 14 37 20 7 45 4 26 47 40 39
32 24 6 12 10 33 34 23 8 15 21 35 44 28 5 36
3 23 27 38 17 46 4 28 10 47 34 8 18 37 39 29
38 27 23 39 45 28 10 1 30 14 4 29 3 34 33 18
12 24 32 10 6 15 34 23 33 35 44 8 21 1 30 5
15 0 14 43 25 10 22 16 36 47 26 11 4 45 12 13
0 28 29 34 39 25 38 16 31 9 20 7 14 21 45 46
6 23 24 32 12 8 13 35 15 34 37 36 10 33 47 28
31 29 16 11 14 46 26 45 19 39 40 20 7 41 9 22
44 41 4 5 43 16 9 30 26 19 45 36 7 21 24 10
28 33 44 34 8 36 35 18 0 10 25 39 21 22 42 24
18 2 37 39 20 42 45 43 3 47 30 17 46 13 7 41
7 22 29 31 11 45 39 46 16 40 20 17 28 4 13 14
31 29 11 46 16 40 19 14 20 26 39 17 7 45 3 37
27 38 30 23 37 3 39 47 17 10 36 45 14 35 29 8
26 31 46 29 3 16 40 11 38 36 14 19 39 47 17 41
39 20 2 37 18 17 47 23 3 38 27 46 28 25 4 40
47 18 2 20 37 39 36 43 25 27 3 42 0 12 35 22
29 11 31 46 45 17 16 20 14 37 19 40 7 39 26 41
45 38 29 39 22 7 27 16 4 23 30 11 46 14 28 31
32 24 33 6 34 12 10 21 8 44 23 35 28 15 9 5
16 14 31 29 11 26 46 39 19 3 40 20 45 7 47 2
31 29 11 46 16 40 14 19 26 3 20 39 17 7 47 45
31 46 11 16 29 3 26 19 47 40 20 14 39 2 7 4
11 46 29 31 17 16 37 39 14 20 7 3 40 45 2 26
29 11 31 46 39 40 17 20 37 7 45 16 14 22 47 26


44 9 33 14 45 23 39 10 31 30 17 37 24 42 32 27
18 45 9 44 17 14 33 10 31 3 37 23 20 16 35 39
19 12 21 13 36 0 8 15 40 46 41 28 43 35 18 7
0 36 40 4 2 8 41 6 15 43 11 34 13 22 16 26
14 42 9 17 23 16 44 3 29 10 33 11 5 24 27 38
3 10 11 33 13 19 17 5 31 44 38 42 9 14 45 37
15 41 36 40 0 21 26 8 2 18 19 12 25 43 7 13
42 23 14 9 27 30 44 33 17 29 10 45 31 32 37 16
33 17 14 42 30 10 23 31 39 3 16 29 44 9 45 27
2 22 41 40 36 4 11 0 25 15 19 8 26 13 21 34
0 5 40 8 36 26 38 28 2 15 6 12 16 19 13 18
36 40 8 0 41 26 2 19 15 43 13 12 21 7 46 47
30 39 31 44 33 45 27 6 9 10 16 24 1 23 14 46
36 40 41 15 0 8 2 26 21 43 19 18 12 13 46 35
40 36 8 41 26 19 39 15 7 0 46 31 2 45 13 47
37 17 32 9 23 44 18 10 14 45 31 42 11 1 33 3
12 36 0 19 40 8 41 2 15 28 46 38 25 21 26 18
14 9 42 44 17 23 33 45 10 18 31 37 32 3 11 30
42 14 29 17 23 33 16 9 37 3 27 32 30 10 1 44
25 41 22 11 4 15 24 2 32 34 47 21 17 37 29 46
3 17 10 23 14 44 9 42 45 32 31 33 37 11 29 47
36 40 8 43 34 18 0 35 2 28 13 47 4 6 15 46
35 46 9 26 18 33 44 28 37 45 14 39 34 10 38 24
36 40 0 8 41 2 26 43 15 19 13 12 18 21 47 34
14 9 23 42 33 17 44 45 10 32 37 31 30 27 3 39
41 2 11 22 0 25 15 4 26 36 34 21 40 12 29 19
6 0 40 36 8 16 4 43 22 12 2 29 13 19 38 35
41 40 36 0 8 26 18 43 32 2 15 11 19 35 46 21
40 1 27 37 30 36 47 13 31 45 19 32 29 9 33 39
39 31 45 44 18 10 30 46 24 32 8 33 27 13 7 3
40 36 8 41 0 2 26 43 19 18 46 7 12 13 15 47
15 21 41 36 0 40 2 25 26 8 43 19 28 12 4 34
21 19 15 0 3 13 12 7 41 11 17 20 35 26 8 46
36 40 0 8 2 41 15 43 19 26 34 38 12 47 5 22
41 26 17 15 18 37 5 3 19 32 40 47 7 10 11 35
4 24 27 30 44 9 11 16 43 5 14 42 1 25 22 29
14 23 17 9 42 44 32 33 10 11 16 3 24 29 37 45
2 40 41 36 8 19 18 0 28 15 12 26 13 7 21 37
36 0 40 2 41 8 26 15 19 21 12 34 47 13 4 18
22 36 40 0 2 43 26 13 8 47 21 34 19 6 5 38
3 14 33 47 23 17 42 10 9 44 29 32 45 39 16 11
30 27 42 10 23 31 33 44 45 39 14 9 16 3 29 1
40 36 8 0 41 43 18 26 19 2 13 7 12 47 22 5
41 36 40 26 0 2 15 21 34 12 18 22 20 43 47 19
27 30 1 44 39 10 24 45 9 31 22 33 35 42 38 23
22 19 26 5 2 40 21 43 36 1 47 7 4 39 10 8
16 14 42 23 32 29 17 27 9 44 18 37 12 20 30 45
15 22 25 2 41 8 21 40 36 7 38 19 10 26 11 0


