3 4 16 42 47 7 26 43 0 8 46 44 25 6 15 2
42 16 4 0 15 47 3 7 26 8 43 23 27 25 46 6
14 12 9 18 30 39 29 40 41 19 33 21 34 37 11 45
34 40 11 12 9 19 14 18 30 29 39 41 45 21 33 37
46 44 43 26 47 4 7 0 8 3 42 15 6 10 16 25
14 30 18 12 39 29 9 21 41 33 19 37 40 34 11 45
37 21 33 41 39 29 30 18 14 12 9 19 45 40 28 34
14 9 18 12 30 29 39 40 41 33 19 21 34 37 11 45
25 6 2 8 44 26 7 3 46 43 10 47 4 16 42 0
32 36 27 17 24 2 20 31 23 16 25 3 8 42 6 7
32 24 36 27 20 17 2 35 31 23 16 25 8 42 13 6
42 4 16 47 0 43 26 7 46 3 44 8 15 6 25 2
37 41 33 21 29 39 18 30 14 12 9 45 19 40 34 11
22 24 36 23 32 27 20 5 38 17 31 15 16 6 1 3
8 26 44 7 6 25 46 43 3 42 47 4 16 0 15 10
12 9 19 14 40 18 30 34 29 11 39 41 33 21 37 45
19 11 45 28 40 14 12 34 9 30 39 18 29 33 41 21
17 36 31 24 32 27 20 23 22 6 25 16 8 2 42 13
20 27 24 32 23 36 17 2 31 35 22 25 3 16 42 7
11 40 34 19 9 12 14 30 18 45 39 29 41 21 33 37
27 20 24 17 32 36 23 2 35 31 16 25 3 42 7 13
30 29 39 18 33 41 21 14 37 12 9 19 40 34 45 11
24 32 36 20 23 27 17 35 22 5 38 2 31 6 16 13
2 27 20 31 32 24 36 3 25 42 16 8 7 45 26 23
23 24 20 27 22 35 5 32 38 36 3 7 15 42 47 4
1 10 11 34 40 19 9 2 45 12 14 38 28 30 18 25
0 15 42 4 47 16 43 26 46 7 3 44 8 6 25 13
24 32 36 27 20 23 22 17 31 16 42 5 15 0 47 4
27 20 24 23 32 36 22 35 2 5 17 31 3 38 7 25
34 40 11 19 12 9 14 30 18 39 29 45 41 21 33 37
0 42 16 47 4 15 7 3 43 26 8 44 46 6 25 24
36 17 32 31 24 27 20 23 22 6 25 16 2 8 42 3
23 24 27 20 22 32 36 5 38 17 35 1 31 3 7 47
12 9 14 40 19 30 18 34 39 29 11 41 33 21 45 37
20 24 27 36 17 23 32 22 25 35 31 6 16 8 7 42
19 11 45 14 9 12 30 18 39 40 29 34 33 41 21 28
13 37 33 21 41 29 39 18 30 24 32 36 14 45 22 15
10 44 46 6 43 26 25 1 8 7 3 47 4 0 2 16
42 3 4 16 7 26 8 43 47 44 46 25 0 6 15 2
0 42 16 15 4 47 43 7 26 3 46 8 44 6 25 2
30 18 29 39 14 33 41 12 9 21 19 37 45 40 11 34
24 17 36 20 32 23 27 31 35 6 2 16 25 8 5 13
4 42 47 0 16 43 26 7 3 46 15 44 8 6 25 10
4 47 43 26 7 46 0 44 42 16 3 8 15 6 25 10
19 11 34 40 12 9 14 45 30 18 39 29 28 33 41 21
31 32 24 27 36 2 20 17 23 25 16 8 6 3 42 13
28 45 19 39 14 30 18 29 37 21 33 41 12 11 9 40
19 12 30 14 9 18 40 29 39 11 34 33 41 21 37 45


47 6 4 16 38 5 44 37 45 42 40 25 13 35 26 20
12 32 0 36 7 1 21 13 39 20 10 25 34 18 45 15
8 17 24 14 2 19 3 27 33 22 11 46 9 28 41 30
14 24 8 17 2 3 19 33 27 46 22 9 11 28 41 30
11 22 33 27 19 3 17 2 8 24 14 46 9 23 28 41
30 5 28 41 4 45 43 16 38 31 9 34 46 27 1 23
5 31 9 14 3 24 8 17 19 22 2 33 46 27 11 16
11 22 33 27 19 3 17 8 2 24 14 46 9 41 28 23
17 8 19 2 3 24 14 27 33 22 11 46 9 28 41 30
40 28 42 41 30 29 6 13 36 1 12 44 35 18 7 32
11 22 33 27 19 3 17 2 8 24 14 46 9 41 28 23
24 8 17 14 2 3 19 33 27 22 11 46 9 28 41 30
14 24 8 17 2 3 46 19 27 33 22 9 11 28 41 30
42 35 43 47 41 40 6 9 26 44 8 19 14 13 16 2
12 32 36 0 21 7 10 1 25 20 39 13 34 45 18 15
16 47 38 44 5 4 45 6 37 25 20 43 9 35 42 0
15 10 21 25 9 45 4 46 20 36 32 16 5 31 12 43
39 7 0 18 1 34 13 12 32 23 36 37 38 20 45 21
14 9 24 8 17 2 46 3 19 33 27 22 11 41 28 5
10 21 25 15 32 36 12 20 45 0 7 34 39 1 13 18
41 28 30 40 29 42 35 31 6 13 44 46 12 1 18 26
47 6 44 37 42 40 16 38 4 25 5 45 35 20 13 0
28 41 40 30 29 42 35 6 46 31 44 13 33 11 27 22
40 28 42 30 41 29 6 44 35 47 13 46 26 12 31 33
9 14 24 46 2 8 17 19 3 27 33 22 11 28 41 30
35 29 28 26 40 41 43 6 46 13 42 2 19 33 30 14
28 30 41 31 4 43 16 18 38 5 45 9 1 46 21 34
8 17 24 14 2 3 19 27 33 22 11 46 9 28 41 30
17 8 22 19 33 27 3 2 24 14 11 46 9 41 28 30
47 44 42 40 3 9 8 14 19 2 17 11 22 6 24 27
47 6 44 42 16 40 38 4 26 37 5 45 25 13 20 9
41 28 40 42 30 9 44 11 27 24 8 3 19 22 17 46
11 22 27 33 19 3 17 2 8 24 14 46 9 41 28 23
14 9 2 24 8 17 3 19 46 27 33 22 11 41 28 47
11 22 27 19 33 3 2 17 8 24 14 46 9 41 28 23
1 7 0 12 13 32 36 39 34 18 20 21 25 45 10 38
14 9 24 46 8 17 2 3 19 27 33 22 11 41 28 30
47 6 42 37 43 44 4 35 40 16 25 38 20 45 0 9
7 1 0 34 12 39 32 13 36 18 20 21 25 10 45 38
19 8 2 17 3 27 22 24 33 14 11 46 9 41 28 30
11 22 27 19 33 3 2 17 8 24 14 23 46 9 41 28
12 0 32 7 1 36 39 13 21 34 20 25 18 10 45 38
4 42 38 16 40 6 47 41 43 44 37 13 5 9 45 20
22 11 33 27 19 3 17 8 2 24 14 46 9 28 41 30
28 40 29 42 30 6 41 35 46 26 44 47 33 27 2 19
46 19 14 17 2 8 24 27 33 22 3 11 9 28 41 29
14 24 9 8 2 17 19 3 27 33 22 46 11 41 47 28
17 19 8 3 33 2 22 27 24 14 11 46 9 28 41 30


5 22 25 15 40 46 18 24 0 14 3 45 36 20 13 26
43 28 41 9 35 1 33 37 17 42 26 34 47 45 27 29
46 18 24 25 40 22 0 15 5 3 14 45 36 13 26 20
24 46 18 25 22 40 3 5 0 15 45 14 36 13 20 26
5 25 22 15 46 24 18 3 40 0 45 14 36 20 13 26
1 33 43 35 28 41 17 45 29 47 15 20 5 6 26 42
26 13 35 14 36 0 39 42 15 18 40 46 5 25 22 24
5 25 22 15 46 18 24 40 0 14 3 45 36 20 13 26
47 17 43 6 27 21 23 29 31 12 19 34 30 44 10 38
3 20 22 45 24 5 25 15 46 18 19 40 0 14 36 16
11 44 34 39 10 23 6 29 27 38 32 35 30 47 21 12
18 46 24 0 40 25 3 22 36 13 15 14 45 5 26 20
13 0 26 36 14 46 18 15 40 25 22 5 24 45 3 20
35 41 1 43 28 33 29 34 39 42 13 11 6 44 27 32
35 39 26 13 11 42 36 34 0 1 14 44 29 28 8 16
29 34 6 44 23 11 10 39 47 27 35 32 17 21 38 1
35 43 41 26 39 13 4 36 42 29 34 14 11 1 9 0
11 39 44 29 34 6 35 23 1 10 8 2 4 32 21 27
38 30 27 10 47 23 6 12 21 34 44 29 32 17 11 19
22 25 5 15 24 40 46 3 18 45 0 14 36 20 13 26
32 9 10 31 30 23 38 21 12 44 11 39 41 6 42 29
6 23 27 29 47 10 44 34 38 21 30 12 32 11 17 1
3 45 22 24 25 18 5 46 15 40 0 14 36 13 20 16
30 38 12 21 27 47 10 23 32 6 17 19 29 44 34 33
35 29 11 34 44 6 39 23 1 47 27 10 32 2 17 21
40 22 25 5 3 18 14 24 15 0 45 46 42 9 36 26
1 29 6 34 44 23 47 27 11 10 21 35 17 12 38 4
25 5 22 40 15 18 46 24 0 14 3 45 36 13 20 26
46 18 24 3 25 40 0 22 15 5 13 36 14 45 26 20
13 26 18 0 46 36 40 14 24 25 22 15 5 3 45 42
5 25 22 15 40 18 24 46 14 3 0 45 36 20 13 26
29 6 34 44 23 10 27 47 11 21 38 12 30 1 17 35
18 46 3 24 25 22 40 0 5 15 45 14 36 13 20 26
1 41 43 17 29 27 6 47 35 33 4 34 11 32 38 44
39 35 26 13 36 42 0 14 16 18 11 46 40 45 24 15
0 40 22 18 25 14 15 46 5 36 24 45 13 3 26 20
18 46 25 24 3 22 5 40 15 0 14 45 36 13 26 20
31 42 32 33 19 45 35 39 36 28 22 1 46 24 5 14
16 2 8 7 33 11 37 36 35 39 32 42 45 13 46 3
3 24 46 25 22 18 45 5 40 15 0 20 14 36 13 16
22 15 25 45 5 40 18 14 0 3 20 46 36 24 26 13
16 7 8 2 11 42 46 3 36 24 13 40 18 32 0 22
18 46 24 0 40 13 25 36 3 22 15 45 26 14 5 42
6 29 23 34 44 47 10 27 21 11 38 32 12 30 17 2
13 26 46 18 36 0 24 40 42 25 3 22 15 14 45 5
5 25 22 15 40 14 18 0 46 24 3 45 36 13 20 26
6 29 44 34 23 10 11 27 47 38 21 32 30 12 39 17
47 21 27 30 23 38 12 6 10 29 44 17 32 34 19 11


35 2 0 5 42 6 46 25 36 3 8 26 43 31 9 41
0 2 35 5 46 6 36 42 3 25 31 40 29 14 9 8
30 12 38 40 47 34 13 1 8 45 3 17 23 10 35 21
19 4 39 32 11 7 23 28 10 22 21 45 29 15 17 27
16 31 37 24 38 36 5 21 26 34 12 7 17 47 33 43
11 7 39 19 4 21 23 32 10 1 45 28 37 24 47 27
42 2 40 35 3 0 46 8 38 28 18 5 33 20 30 6
43 34 12 26 9 30 1 17 4 11 10 21 23 27 19 39
27 25 28 8 32 3 42 4 39 19 14 6 45 17 11 15
0 5 2 35 46 36 6 42 3 31 25 40 20 8 29 16
11 23 39 7 19 4 10 21 32 1 45 28 24 34 47 37
16 31 24 36 5 37 46 38 2 47 0 35 21 33 29 44
7 11 10 23 21 39 19 4 32 1 24 37 26 47 45 22
17 29 16 31 36 5 9 43 46 26 24 2 0 37 35 12
28 27 3 42 6 45 25 40 8 35 20 32 0 4 19 2
2 46 0 35 5 36 42 6 3 31 40 16 25 20 8 29
11 7 39 19 4 23 10 32 21 1 45 24 37 28 27 47
40 30 2 5 0 46 35 36 38 13 31 6 3 42 8 47
6 35 0 5 2 46 36 3 42 25 31 40 20 8 29 27
41 18 42 14 33 2 0 35 5 6 46 3 25 27 36 44
17 22 34 12 29 20 43 37 1 25 11 19 21 5 4 3
28 32 4 19 39 45 11 27 23 10 7 1 21 18 41 14
33 41 38 18 31 44 47 13 16 14 2 30 36 46 5 35
7 11 10 23 39 21 19 4 32 1 24 45 37 28 34 47
18 38 45 40 1 13 33 30 34 20 23 10 32 12 19 39
39 11 19 4 32 23 7 10 21 1 45 28 27 24 34 37
34 43 1 11 9 21 10 23 4 26 19 39 32 12 7 45
43 34 26 9 33 41 8 1 12 25 38 5 35 6 42 2
2 35 42 0 46 3 5 6 36 40 8 25 20 31 9 28
6 3 42 35 0 2 46 5 25 36 40 8 20 27 31 28
16 31 36 5 29 46 0 2 35 17 24 37 6 22 43 47
26 42 2 35 9 5 0 41 46 43 8 6 33 36 25 3
7 10 11 21 23 39 24 19 4 1 32 37 16 45 47 34
26 41 34 47 13 33 38 12 9 10 1 23 24 21 11 18
11 7 10 23 39 19 21 4 32 1 45 24 28 37 47 22
39 7 32 11 14 21 19 47 4 23 10 13 15 27 28 37
42 3 2 35 0 6 46 40 5 8 20 25 28 36 18 33
29 17 12 25 22 6 3 5 0 35 36 20 46 2 43 42
10 23 11 32 7 19 39 4 1 21 45 28 24 34 13 14
28 4 32 17 39 19 27 22 11 23 29 45 7 10 3 12
2 46 0 35 5 36 6 42 3 40 31 25 8 20 44 30
35 0 2 6 42 3 5 46 25 36 40 8 20 31 27 29
27 25 6 3 42 40 28 35 15 0 45 8 19 39 20 36
29 14 47 43 16 26 17 25 31 15 36 37 22 41 24 0
28 42 3 45 40 8 27 32 2 35 6 25 18 20 0 46
42 35 2 0 3 6 46 5 36 25 40 8 20 28 9 27
12 34 5 43 29 46 35 2 0 36 6 9 25 17 3 26
5 0 35 2 36 6 46 31 42 3 25 40 20 29 16 8


25 35 20 41 46 29 31 9 34 40 8 1 27 28 13 16
38 28 27 14 6 3 4 42 11 37 22 18 10 17 24 1
36 32 10 17 23 22 4 18 7 30 0 37 24 19 21 12
8 40 34 9 31 29 33 46 41 20 25 15 35 45 27 28
8 40 34 9 31 33 29 46 41 15 20 25 35 45 27 28
22 37 19 32 1 36 23 17 10 24 18 30 4 0 12 2
9 34 40 8 31 46 41 29 20 42 25 35 13 11 33 39
31 29 46 9 41 20 40 34 8 25 35 33 27 28 26 39
22 32 36 23 10 17 37 19 18 30 4 24 0 7 1 12
15 21 33 47 7 0 18 4 30 17 45 10 8 12 44 36
19 17 18 36 10 30 22 0 23 32 7 4 47 37 24 1
36 10 23 17 18 32 4 0 30 22 7 21 24 37 19 12
40 29 31 9 8 34 46 41 20 25 35 33 27 28 42 26
40 34 8 9 31 29 46 41 33 20 25 35 15 45 28 27
11 39 6 14 2 0 12 3 18 13 7 16 21 10 17 15
14 6 2 26 28 39 27 16 38 32 0 5 36 10 17 18
46 41 25 20 35 31 29 9 34 40 8 1 27 33 28 26
22 37 19 1 32 36 23 17 10 18 30 24 4 0 12 7
21 7 0 18 17 4 10 30 15 47 36 23 12 32 24 22
6 39 11 14 2 26 43 16 45 32 41 24 28 1 10 34
33 15 47 21 7 0 8 34 40 44 18 30 31 9 29 4
8 33 40 34 9 31 29 15 46 41 20 27 45 28 25 39
23 32 36 22 17 10 37 18 4 24 30 0 19 7 12 21
29 41 31 9 40 46 34 8 20 33 25 35 47 6 27 39
22 32 36 10 17 37 19 18 14 23 6 4 30 0 12 24
36 10 17 23 18 32 4 7 0 30 22 21 24 37 19 12
36 22 4 10 17 19 18 23 30 32 0 37 43 7 21 12
8 40 34 9 33 31 29 46 41 20 15 25 35 27 28 39
32 37 22 24 36 17 10 23 30 19 1 4 18 47 0 5
40 34 9 8 31 29 46 41 20 25 35 33 45 27 28 39
40 34 9 8 29 31 41 46 33 20 25 35 15 27 28 16
9 31 40 34 29 46 41 8 20 25 35 33 27 28 26 45
15 21 33 7 47 0 45 4 30 8 18 40 34 17 12 10
39 2 16 6 43 5 30 0 26 44 36 32 28 45 8 7
21 15 7 0 10 23 4 18 17 36 30 24 12 47 45 32
17 18 36 10 0 4 23 7 30 32 21 22 24 12 19 37
5 13 16 4 0 3 15 21 42 43 33 11 7 45 8 23
45 15 40 34 8 9 31 33 29 21 41 46 16 39 26 11
6 3 39 11 43 44 30 14 28 45 32 37 24 0 38 13
17 18 7 10 0 36 21 4 30 23 32 47 22 24 12 15
8 40 34 9 31 45 29 46 15 41 33 20 25 35 28 16
19 17 36 10 22 23 18 32 0 30 4 7 37 1 24 12
28 38 27 6 14 46 8 40 9 29 31 34 41 35 25 20
36 32 22 17 10 18 23 37 4 0 24 19 7 30 12 21
43 6 39 5 2 16 11 30 47 42 45 8 1 32 31 34
12 4 28 0 10 17 21 23 36 18 7 22 26 32 27 37
3 28 23 12 38 27 42 4 10 22 30 37 0 18 32 17
40 34 9 8 31 29 46 41 20 33 25 35 15 27 28 45


41 15 8 7 33 46 38 47 45 44 42 29 1 4 26 11
31 25 33 46 41 8 15 5 16 0 1 7 29 4 17 47
15 33 46 41 8 29 7 31 4 1 42 11 0 17 38 9
46 11 29 31 20 5 28 33 0 41 9 8 47 38 16 44
22 24 32 25 43 4 41 11 21 26 23 42 2 16 12 30
13 2 14 18 45 37 24 0 10 36 26 9 12 35 27 28
8 29 33 41 15 7 46 42 19 31 39 1 4 27 9 0
36 24 41 14 33 42 7 47 39 19 15 2 27 18 34 29
25 4 24 45 22 34 15 30 38 35 33 27 42 43 20 2
31 5 16 0 18 46 8 47 26 6 43 29 11 40 1 14
20 28 9 39 12 32 16 10 47 14 8 11 41 42 19 1
31 46 29 40 0 5 8 16 47 11 41 18 9 15 33 24
13 2 21 30 1 16 34 6 3 24 5 27 29 4 43 26
15 33 4 35 41 8 24 40 25 7 22 38 46 19 0 29
8 41 33 15 46 7 1 29 30 42 38 4 26 31 17 11
24 40 37 25 21 2 32 45 23 12 13 22 43 35 27 18
31 12 27 39 0 46 29 32 28 5 47 16 20 24 42 33
9 34 15 20 4 13 38 29 5 2 46 33 31 8 28 10
17 21 30 1 22 6 23 13 4 24 34 47 5 42 41 29
1 30 6 17 10 5 44 40 16 11 18 8 38 46 36 28
2 6 14 30 13 23 16 17 45 0 3 43 38 21 12 10
44 17 30 1 42 41 8 47 7 39 46 38 29 33 27 15
14 24 22 12 37 2 18 25 32 43 7 20 35 28 40 26
41 33 8 15 7 46 42 1 11 38 4 44 17 29 30 26
1 30 6 17 5 47 44 42 11 29 4 46 3 8 7 38
28 20 43 9 24 22 26 21 2 35 16 37 4 38 7 47
8 1 7 31 41 42 33 46 0 47 40 15 9 26 44 29
18 14 44 32 37 10 45 11 43 20 12 38 40 47 35 28
18 6 1 5 30 8 16 29 13 46 15 31 45 17 10 7
15 41 8 7 33 46 1 4 26 29 17 30 38 31 2 9
18 29 2 8 15 33 10 41 35 37 7 4 3 46 31 24
22 24 14 32 18 38 33 25 41 37 11 44 43 42 2 47
14 18 5 7 37 46 24 47 31 0 43 36 27 41 35 15
13 15 2 8 29 33 41 26 31 30 9 4 46 1 0 24
44 47 45 42 38 11 41 32 14 33 46 20 36 26 24 1
1 41 46 42 33 9 47 36 5 8 11 15 0 10 4 44
32 12 27 24 0 4 46 29 31 19 22 25 38 14 2 36
20 28 32 12 26 39 9 24 37 16 18 19 6 11 42 14
8 33 41 15 11 42 44 46 38 30 1 7 17 29 40 47
41 8 15 33 7 46 38 1 42 11 44 29 4 17 31 47
1 30 6 5 17 10 23 16 44 28 11 46 21 13 8 29
8 33 15 46 41 7 11 1 42 29 38 4 30 31 44 9
41 7 8 15 33 4 46 42 36 1 26 9 19 29 34 0
14 18 37 44 12 36 10 45 3 35 7 19 31 0 5 39
14 2 18 6 37 3 5 10 13 12 0 45 36 23 40 43
6 17 5 30 1 23 11 10 40 18 21 35 20 28 32 16
15 33 8 41 7 46 1 29 4 42 30 26 31 17 38 11
39 26 28 12 9 24 22 13 20 32 8 42 7 2 41 27


22 3 24 5 2 11 26 1 15 47 6 30 21 28 12 20
9 40 7 42 35 31 15 8 24 2 45 10 39 4 3 43
6 26 5 1 21 11 12 3 22 47 13 2 19 28 30 24
21 14 12 26 28 1 6 19 5 11 34 27 13 17 22 32
34 40 42 37 39 8 7 25 9 10 14 46 20 4 35 0
24 15 3 22 2 47 26 5 35 30 11 1 20 6 9 43
5 6 21 1 11 47 12 36 22 3 19 2 26 28 32 30
43 17 0 3 32 47 11 33 34 31 9 18 39 36 24 28
15 3 2 24 9 47 35 6 5 42 22 1 20 11 25 26
31 45 35 7 15 24 2 40 3 38 22 47 36 42 9 11
39 8 16 18 0 10 23 29 44 41 46 27 32 36 7 33
33 0 39 46 10 8 20 37 9 18 25 42 7 16 44 35
32 29 44 27 41 36 23 19 18 0 12 28 21 11 16 26
7 39 8 42 10 40 9 25 0 35 46 16 20 37 45 4
19 12 32 21 44 27 26 28 11 29 41 13 23 36 18 6
14 17 4 34 40 43 47 25 42 37 39 0 46 28 9 2
37 17 14 33 11 38 13 32 41 39 42 9 46 0 21 47
31 7 35 45 15 40 3 36 8 24 33 5 42 22 2 9
39 8 10 16 18 0 46 7 23 29 40 41 44 42 25 37
22 26 11 5 1 24 30 47 3 6 21 2 15 28 19 12
7 42 35 40 9 15 25 10 8 39 46 24 20 37 45 4
22 0 33 11 28 24 20 10 5 35 30 19 26 2 1 15
12 19 26 21 27 18 41 32 29 44 28 23 1 11 13 30
24 22 15 2 3 26 30 35 1 47 5 11 20 28 6 17
9 7 42 25 10 8 40 35 39 15 20 45 37 4 24 0
3 2 47 24 22 15 5 11 6 1 26 20 30 43 21 9
4 7 39 8 10 42 16 17 31 46 34 9 18 0 35 45
8 39 7 10 42 9 16 0 40 34 4 25 37 46 18 23
8 39 42 7 25 9 46 40 16 0 20 37 38 41 43 18
7 42 35 9 15 40 24 20 25 10 46 2 45 39 3 8
26 11 22 19 21 12 28 5 1 6 13 47 32 30 27 44
12 21 19 28 26 36 11 27 1 37 32 41 6 29 5 22
6 5 11 22 3 26 2 1 47 21 15 24 12 13 28 19
6 5 11 21 1 26 12 19 28 22 47 3 2 13 32 15
8 7 38 45 9 42 43 31 40 39 16 25 36 3 41 23
3 9 42 2 15 24 25 40 7 35 20 38 43 17 4 37
18 29 44 23 46 16 27 41 32 39 0 19 10 8 12 28
5 1 21 26 11 6 22 12 19 28 47 30 3 2 13 32
5 6 1 11 26 22 21 47 3 2 28 12 24 19 15 30
39 8 7 10 0 42 46 40 25 18 16 9 20 14 37 45
42 7 9 35 40 20 15 25 24 8 2 39 43 3 10 45
32 12 21 19 27 28 41 36 44 29 11 26 5 23 1 18
39 46 10 8 7 18 16 0 40 23 29 42 33 44 37 45
0 39 10 46 8 7 20 42 18 40 35 25 33 9 45 37
28 19 26 11 22 21 12 1 5 27 30 32 6 44 47 29
4 14 17 11 26 6 5 1 21 12 38 28 22 34 47 19
43 31 45 22 34 5 26 21 28 6 1 19 12 30 11 47
42 9 15 35 7 24 2 20 3 25 40 43 37 45 47 17


18 43 29 0 13 7 16 14 39 28 25 31 44 34 20 11
2 0 31 34 17 42 36 39 38 18 20 37 19 21 29 41
26 30 37 1 4 19 36 32 8 33 12 47 38 42 23 15
34 38 19 37 4 33 42 24 31 23 15 13 20 40 17 1
46 33 37 3 35 34 31 2 27 36 20 17 1 28 9 16
3 27 11 46 28 22 5 9 16 10 43 14 18 6 25 29
11 27 35 32 28 3 24 22 5 40 10 23 8 9 41 16
14 44 18 45 0 39 29 13 6 43 25 8 7 15 30 36
11 27 28 5 22 32 3 35 40 23 10 9 41 16 21 47
30 9 47 36 39 17 44 45 12 41 6 10 5 35 21 8
20 37 31 34 21 19 3 1 26 33 15 38 22 42 24 13
3 27 28 22 9 46 11 20 30 12 18 26 35 39 6 45
27 35 32 11 3 28 10 24 40 46 23 5 22 9 47 41
25 1 26 46 14 11 6 32 47 8 27 3 29 16 43 0
18 14 13 0 43 44 29 45 28 39 6 34 8 31 16 20
22 27 3 11 28 5 21 9 31 36 41 6 18 45 39 17
14 0 44 25 8 43 39 18 29 6 7 36 45 9 34 30
37 31 19 20 34 42 33 38 26 15 46 1 3 17 21 18
26 1 36 15 37 20 32 9 30 17 19 33 31 28 34 21
3 37 33 20 46 27 31 34 28 22 35 2 9 26 1 36
4 23 40 38 32 42 19 13 24 34 15 17 7 30 44 0
9 3 27 11 18 22 5 36 43 0 14 46 28 35 39 29
20 11 24 35 10 3 2 39 21 40 27 9 23 41 1 33
3 27 11 28 20 22 46 5 9 26 43 45 6 18 16 14
24 4 38 35 23 19 33 40 37 34 32 31 15 13 1 41
19 42 31 38 33 40 2 4 13 23 20 21 36 24 15 30
24 23 40 10 32 4 12 7 35 47 39 11 18 29 13 46
27 11 3 28 22 5 26 9 30 35 32 46 16 29 39 14
11 32 5 23 40 28 22 27 10 4 9 3 21 12 16 7
41 46 23 47 38 40 24 21 9 0 5 42 14 11 25 4
10 46 39 41 21 3 20 42 29 17 22 34 18 9 13 25
2 12 22 20 45 47 46 10 24 39 6 3 17 27 11 41
32 26 4 23 2 40 17 35 6 30 15 38 7 12 36 13
37 36 46 33 3 34 35 9 1 2 31 17 26 30 27 8
18 6 45 13 43 44 14 15 0 7 39 22 28 37 34 25
3 27 11 28 22 46 5 20 9 35 16 33 39 47 10 43
25 29 14 43 44 13 6 10 0 18 45 27 11 3 12 28
28 18 43 0 29 13 16 44 45 20 8 14 25 24 34 31
38 19 42 4 34 23 40 15 13 37 31 33 21 20 17 24
3 27 11 28 22 46 5 6 9 45 2 26 12 47 10 25
11 27 3 28 22 5 46 9 10 16 32 39 25 14 18 43
6 45 16 22 2 39 28 17 30 20 18 24 27 23 3 41
14 41 39 0 29 6 38 18 40 21 31 24 45 23 4 13
45 18 13 44 14 43 6 28 7 39 0 22 9 8 17 15
28 22 41 3 27 20 25 2 5 47 46 8 24 45 11 9
40 23 4 32 11 5 21 22 10 7 41 38 12 25 26 0
23 32 40 11 4 5 10 22 28 17 7 35 9 12 16 25
34 38 42 19 37 4 31 33 15 20 13 23 17 40 1 24


33 6 17 10 36 19 28 21 0 12 24 3 23 9 35 34
3 11 22 43 12 39 24 18 45 47 38 41 23 34 21 2
0 40 34 23 12 21 3 30 9 32 8 24 33 29 43 22
45 46 19 2 22 1 41 14 32 27 40 6 21 10 23 42
34 12 40 23 0 33 24 22 3 6 1 25 4 42 47 29
23 5 24 11 9 33 12 21 13 34 17 40 32 8 6 36
28 7 13 20 15 26 46 38 17 19 37 31 27 36 42 2
30 37 2 19 5 17 25 32 36 33 14 13 38 39 16 34
12 24 11 34 33 6 23 3 40 14 17 25 10 39 0 16
35 7 20 10 26 45 15 27 2 42 1 46 13 31 40 32
38 37 32 1 6 30 43 19 14 28 27 33 2 18 16 21
9 17 29 5 37 13 28 42 19 8 18 44 33 2 0 10
38 6 28 16 18 25 37 47 2 10 14 5 4 29 36 22
34 33 40 23 24 12 22 6 0 21 45 19 5 25 39 32
4 31 0 15 44 34 40 22 1 42 3 37 39 30 38 18
37 38 47 18 43 30 39 11 2 20 16 32 34 26 44 13
24 23 11 13 7 12 33 17 14 21 9 6 5 32 25 37
12 34 23 33 24 40 6 11 3 0 36 25 17 1 22 39
2 19 45 14 17 22 30 32 25 37 38 36 24 6 9 33
46 39 26 20 47 16 41 10 35 7 42 43 6 14 44 36
34 12 40 24 23 33 6 22 0 11 25 1 3 47 42 17
37 18 43 47 2 39 29 23 38 30 46 41 35 21 44 13
28 36 25 7 41 26 20 29 27 31 47 46 13 38 15 45
11 24 12 14 7 16 17 10 26 25 6 33 27 20 43 28
12 34 23 24 33 40 6 11 0 3 25 22 36 1 17 47
19 17 21 27 37 18 5 30 7 9 33 26 13 20 8 35
0 34 40 22 23 5 4 33 8 15 25 13 9 3 24 32
0 13 30 39 40 43 46 18 37 20 8 33 3 21 7 12
3 0 17 42 27 45 23 33 1 19 37 24 13 39 43 31
43 13 26 39 31 15 8 20 7 46 30 32 14 47 0 4
31 15 13 0 44 4 35 8 7 5 28 23 26 37 32 25
44 4 14 7 13 35 38 31 28 26 17 20 37 10 2 32
24 11 12 33 14 17 23 6 7 25 16 3 40 10 9 13
9 29 2 19 17 42 44 25 5 16 18 22 0 27 33 41
9 45 6 14 29 23 46 1 27 40 35 21 11 7 5 25
20 44 26 31 35 15 7 36 27 10 46 4 13 21 5 29
12 24 11 3 33 34 23 17 40 0 16 6 14 38 18 42
0 44 8 12 34 39 42 31 4 3 47 26 6 40 17 20
37 18 26 38 15 7 31 2 20 13 28 17 47 46 4 16
5 39 43 37 8 28 10 38 25 47 30 18 40 41 26 46
24 12 11 33 40 34 37 6 20 38 23 14 42 30 17 25
34 0 12 36 23 4 6 42 1 38 40 3 45 20 41 43
45 20 27 41 26 7 43 38 35 36 28 16 31 10 15 29
37 43 38 18 34 30 47 23 39 12 6 5 8 40 4 24
9 17 19 27 29 5 21 8 2 33 28 3 4 35 22 42
26 31 7 15 44 20 35 4 10 46 28 27 13 5 45 32
39 43 47 37 18 44 40 0 46 8 23 34 12 41 29 21
15 13 31 35 7 3 0 32 9 26 37 1 45 21 17 18


23 29 39 36 17 1 41 47 40 35 4 18 28 27 16 8
3 33 19 37 13 38 25 21 24 42 32 10 22 12 45 20
0 17 4 47 29 30 46 41 23 1 27 39 44 35 26 28
20 21 19 45 12 38 10 13 7 32 3 24 9 37 27 22
16 26 43 47 34 44 37 15 8 36 29 32 9 40 41 28
44 14 5 2 4 34 18 7 27 22 42 30 25 19 21 35
20 32 19 12 9 45 37 21 25 27 31 44 13 30 22 26
14 31 35 1 40 8 15 47 4 29 30 23 5 11 39 18
16 29 26 37 43 23 31 22 32 3 39 15 40 9 13 45
47 1 35 34 4 28 14 8 16 30 36 26 43 22 41 29
44 8 2 18 36 34 14 5 47 23 27 0 7 33 29 11
14 31 7 27 29 45 12 3 5 10 38 20 19 8 35 9
23 29 0 46 39 17 41 26 4 16 40 35 47 1 30 9
16 26 22 2 37 7 9 8 0 36 29 32 46 43 13 12
39 2 1 31 29 44 18 33 4 36 35 11 34 25 17 46
10 12 38 7 9 19 3 45 20 13 21 24 32 27 22 37
4 35 11 47 1 14 34 28 5 27 8 18 30 44 0 15
21 19 13 38 12 45 20 32 3 24 10 37 22 7 9 42
46 17 26 41 0 47 9 28 22 15 10 7 12 37 16 20
31 6 27 43 9 20 7 15 40 24 45 47 46 21 1 8
28 14 4 5 44 34 18 22 1 35 42 47 6 11 31 8
23 29 26 36 46 39 16 0 17 41 40 2 9 37 12 34
47 4 35 1 27 15 14 28 8 11 34 5 43 0 16 26
47 1 35 28 34 4 14 30 8 11 26 15 5 40 33 16
29 36 44 41 39 23 8 26 17 0 34 11 33 47 18 2
15 16 6 1 46 23 26 29 31 28 17 9 3 47 2 0
46 26 17 41 47 11 35 36 4 16 1 29 28 0 33 34
15 1 46 2 28 6 31 18 23 42 40 3 24 35 17 29
1 11 47 35 34 33 14 25 28 30 26 22 0 8 43 29
37 22 32 13 6 33 43 3 12 9 45 19 23 16 31 21
16 6 23 40 26 31 46 37 22 43 29 13 9 12 3 32
29 23 39 44 36 28 4 15 17 34 11 35 41 18 1 43
9 20 27 10 7 45 12 38 21 19 24 13 3 32 2 4
8 40 14 44 2 18 5 34 11 30 47 33 36 25 0 35
11 3 4 14 42 15 5 34 30 38 31 35 27 8 40 28
7 24 10 27 38 20 12 3 19 9 42 21 45 6 39 15
47 1 35 4 34 28 14 11 30 8 26 16 0 5 43 15
47 35 1 11 4 28 14 34 8 15 30 5 0 26 18 43
3 10 33 32 37 13 19 38 22 24 12 21 7 45 42 25
23 39 29 14 31 4 1 15 35 0 40 18 34 36 17 11
10 7 3 9 12 38 15 45 20 24 27 19 47 16 21 31
27 20 30 9 15 47 28 7 12 19 8 45 2 6 14 23
21 19 24 38 44 10 13 2 3 7 20 36 45 32 12 37
47 4 1 35 44 34 28 27 11 15 14 41 36 8 18 29
47 1 27 35 4 15 28 8 30 14 9 43 5 16 0 26
33 37 32 22 13 3 45 25 19 12 9 30 10 21 46 26
44 8 36 34 2 18 47 28 39 23 14 29 40 1 41 11
37 32 22 45 13 21 33 25 19 12 16 26 9 23 43 0


44 31 43 27 4 22 36 33 23 24 13 18 8 32 29 20
31 43 27 4 36 44 24 23 33 22 9 8 13 32 18 16
5 46 45 26 37 0 42 34 30 3 47 19 41 28 11 14
13 6 18 32 38 14 21 39 2 8 44 11 33 29 35 3
39 2 14 7 32 13 28 12 10 6 29 3 41 18 8 11
31 43 36 4 27 44 22 23 24 8 33 9 13 18 32 35
36 31 43 4 27 24 16 23 44 9 1 22 33 25 35 8
13 33 18 32 27 44 43 24 8 4 31 22 29 2 35 20
47 5 37 34 30 42 0 45 46 26 19 3 41 28 21 40
13 18 33 32 27 8 44 43 24 4 31 22 2 29 35 6
1 34 5 47 42 17 37 0 30 46 26 25 9 16 45 28
39 8 18 35 2 13 32 10 24 14 7 12 6 16 29 3
8 2 7 33 32 27 13 24 31 18 39 43 9 4 21 20
27 43 44 4 13 31 18 24 33 8 32 22 36 35 23 20
34 47 5 17 1 42 9 37 30 46 0 29 45 7 28 26
21 2 6 33 7 38 20 8 24 9 37 0 47 12 27 44
45 19 41 3 30 46 34 28 42 47 0 37 5 14 21 26
45 30 46 19 41 3 42 34 47 37 28 5 0 26 14 21
25 12 1 11 17 26 34 42 37 5 40 0 15 30 23 10
9 36 31 23 43 4 27 16 24 17 22 15 1 44 8 33
13 18 32 6 38 44 33 2 14 8 27 21 29 43 22 39
31 43 4 36 27 44 23 22 24 8 33 13 35 9 18 32
27 43 44 4 31 13 18 24 33 8 32 22 36 23 35 20
31 43 27 4 44 36 22 24 23 8 33 13 18 32 35 9
25 35 4 43 23 12 34 31 27 1 44 26 39 6 24 13
43 31 36 27 44 4 22 23 13 18 8 24 33 35 32 20
47 0 17 42 30 37 40 5 26 9 46 1 45 34 15 12
12 44 43 25 27 24 31 16 35 33 36 22 8 9 13 29
45 19 41 30 46 3 34 47 42 0 28 5 37 26 14 21
43 27 4 31 44 22 24 8 13 36 18 33 32 35 23 20
44 43 27 4 22 31 8 36 23 13 18 24 35 33 32 16
24 33 8 27 20 43 16 4 31 7 9 18 44 36 32 13
13 27 44 43 18 8 4 32 24 33 31 22 35 36 2 29
9 36 1 17 5 23 34 47 31 33 42 25 37 29 24 30
26 21 38 40 0 45 5 47 15 3 19 46 37 30 41 34
5 37 34 30 42 47 0 26 46 45 19 3 40 41 28 15
42 34 30 37 0 5 46 47 1 17 19 45 26 3 28 41
33 13 32 18 44 8 27 38 24 21 43 6 4 2 31 22
21 38 14 45 6 41 28 3 12 19 47 46 0 39 30 26
13 32 18 33 44 8 27 43 24 4 2 22 6 38 29 31
43 44 27 31 4 36 22 24 33 13 8 23 18 32 35 20
1 16 17 26 0 40 42 30 5 46 47 15 19 10 37 9
15 26 9 17 5 42 37 47 30 34 0 46 40 23 1 19
13 39 6 18 20 2 21 32 38 10 8 14 3 35 11 29
43 27 4 24 31 44 8 22 18 13 36 33 35 32 23 16
33 13 8 21 9 27 24 44 32 18 2 31 43 6 38 29
25 20 10 38 19 12 6 34 41 3 14 21 35 11 45 0
13 44 18 27 43 32 8 4 33 31 22 24 35 23 6 38


11 45 39 37 8 42 15 19 33 41 22 7 25 32 4 36
46 32 41 8 29 19 42 37 39 4 25 7 3 23 36 15
27 9 5 29 47 4 3 38 16 33 30 25 41 42 36 1
40 17 18 20 31 28 35 12 26 44 10 21 32 11 24 15
17 45 28 18 40 20 44 31 35 26 21 12 11 10 24 22
11 22 45 17 6 33 1 28 36 18 20 8 13 29 42 35
17 35 40 28 22 15 12 26 18 31 44 45 20 24 11 10
9 16 2 30 24 27 38 14 46 5 37 47 41 0 13 7
35 14 26 17 28 40 21 44 18 12 31 20 10 24 1 45
17 45 18 31 44 12 20 35 28 26 40 21 10 11 14 15
9 30 27 47 5 3 2 16 0 36 1 38 41 43 33 42
13 30 1 38 9 14 43 27 34 47 45 0 5 3 2 36
30 14 2 12 21 44 31 20 27 46 18 26 6 9 28 43
17 40 18 10 28 31 20 35 26 12 45 44 21 11 24 15
18 20 31 10 40 28 12 26 21 35 44 17 2 34 43 45
17 11 32 40 35 45 15 39 22 8 24 18 31 37 28 20
36 46 42 32 19 15 45 39 25 4 34 8 3 41 11 33
30 13 9 23 43 2 14 47 45 27 38 34 5 0 1 36
17 22 35 40 26 45 18 24 28 15 20 31 44 6 12 29
23 18 45 20 17 46 31 24 26 40 44 28 21 12 35 11
46 9 47 5 43 36 0 41 2 42 32 23 27 3 19 38
20 31 18 28 26 21 12 40 10 35 44 2 6 17 43 30
46 31 40 17 26 35 20 18 28 22 16 44 12 8 32 27
24 46 45 34 23 25 40 15 36 26 4 22 32 11 37 20
18 20 31 40 28 21 17 44 12 35 10 26 45 14 23 24
23 30 21 12 13 44 31 20 18 14 40 28 35 1 10 26
2 0 30 9 27 43 5 34 47 3 46 36 16 38 10 41
20 31 18 12 44 40 10 28 35 21 26 17 34 2 45 24
10 20 31 18 40 28 17 26 35 21 12 43 44 45 34 0
30 44 14 21 12 28 31 26 20 18 46 9 24 45 40 38
23 45 36 34 1 30 11 38 33 25 14 4 19 47 29 32
17 40 31 18 45 20 11 35 12 44 28 15 26 21 10 32
17 35 28 44 18 12 21 20 26 40 31 45 22 24 14 29
38 46 27 9 24 2 7 30 16 5 0 43 37 12 21 14
33 4 22 29 1 8 47 25 42 39 16 36 41 37 3 7
27 9 30 38 2 1 34 29 43 5 14 47 0 24 16 7
36 34 45 22 11 17 39 40 31 29 42 20 10 15 33 1
26 20 31 28 18 2 21 12 10 40 35 44 30 46 17 6
9 47 3 5 27 36 41 33 42 4 16 25 8 19 46 0
17 45 40 35 11 18 15 28 20 31 10 26 44 24 12 32
2 0 30 43 46 27 9 47 5 3 16 36 41 7 42 1
30 2 46 9 34 27 0 14 21 12 44 5 43 31 47 20
22 29 15 17 24 39 35 38 4 8 45 32 25 33 6 16
46 9 19 34 0 30 2 3 5 47 25 36 4 27 38 43
14 21 23 7 16 13 28 44 18 26 9 1 24 47 17 12
27 2 9 16 30 38 7 14 1 6 47 5 43 0 3 21
38 1 8 22 32 39 37 13 33 47 16 42 6 9 3 4
46 9 0 30 5 23 47 41 16 2 43 27 36 3 33 7


43 23 10 6 18 40 0 33 39 37 31 15 27 2 8 21
5 12 3 13 35 17 22 38 34 11 47 45 32 24 16 46
44 14 28 30 29 46 4 36 25 42 38 45 19 33 3 6
31 10 27 40 43 15 2 23 18 6 39 1 33 0 37 8
37 0 33 23 39 18 6 43 4 10 8 14 40 27 15 21
37 0 23 33 39 8 6 43 18 10 40 4 27 14 15 2
13 17 3 38 22 5 35 11 45 32 47 12 34 36 46 25
24 47 34 5 12 35 2 3 31 15 11 13 17 27 9 22
31 2 15 40 27 10 43 23 8 37 39 6 18 1 0 24
35 13 5 12 3 22 17 38 32 47 11 34 45 16 26 36
43 23 18 10 39 6 33 0 40 37 27 31 15 8 2 41
34 12 35 5 24 47 13 1 22 3 11 26 17 31 2 7
5 3 35 13 22 12 17 38 32 34 45 11 47 46 25 24
43 23 10 18 6 40 39 0 33 31 37 27 15 2 8 4
35 13 5 22 3 12 17 34 38 47 11 32 45 26 24 36
5 11 13 17 35 3 47 22 38 45 16 12 34 36 32 7
33 18 43 23 0 6 39 37 10 40 27 4 31 8 15 41
34 35 24 5 12 1 31 47 2 7 26 15 3 13 9 22
2 31 15 40 10 43 23 6 27 18 0 39 37 33 1 8
5 12 35 34 3 13 47 24 17 22 11 38 45 32 16 7
2 15 31 10 40 27 23 43 6 39 18 37 0 8 33 21
38 22 13 17 3 5 45 35 32 11 36 46 12 25 34 47
33 18 39 0 43 41 23 14 4 37 6 8 10 44 27 28
31 27 40 15 2 10 39 1 43 8 37 23 6 18 0 9
43 8 27 39 23 10 37 18 40 33 0 15 6 31 41 2
31 2 15 40 10 27 43 1 23 24 9 6 37 39 18 8
13 22 17 38 11 35 3 5 32 47 45 36 12 26 34 25
14 4 28 44 37 0 8 30 33 39 23 6 18 43 41 27
2 31 15 40 10 23 43 27 6 7 24 18 1 39 0 37
37 39 0 23 33 10 43 18 6 40 27 8 4 15 2 31
31 2 15 1 40 24 27 10 34 7 43 23 9 12 6 39
33 18 43 6 23 0 10 39 37 40 27 31 41 15 8 2
5 35 13 3 12 22 34 32 26 17 47 38 24 7 16 45
10 31 43 23 40 27 18 15 6 2 39 0 37 33 8 1
34 35 5 24 12 7 47 2 3 13 26 31 22 1 32 15
31 2 15 10 40 27 43 23 39 6 18 37 1 0 33 8
32 46 36 38 45 25 20 30 22 17 26 13 7 16 3 44
15 2 10 31 40 27 23 43 37 39 6 18 0 33 8 1
36 32 46 38 20 45 30 22 26 17 25 13 44 28 3 7
23 37 39 10 43 6 18 0 33 8 40 27 15 31 2 4
19 4 28 20 34 44 22 0 9 39 26 32 37 15 35 16
1 31 27 15 2 10 40 43 8 24 34 41 39 23 37 9
8 27 37 43 23 39 10 40 0 18 33 15 6 2 41 31
38 32 22 13 17 36 45 3 11 46 35 5 26 25 12 16
31 2 1 15 27 24 40 34 10 43 7 8 47 9 35 41
31 2 15 40 10 43 23 27 6 1 18 39 37 0 9 33
38 22 3 17 13 45 36 32 11 35 46 5 25 12 16 47
33 43 18 39 23 10 0 6 37 27 40 8 41 15 31 4


4 29 43 25 39 0 28 18 7 20 44 26 34 21 13 9
27 32 23 20 5 47 28 45 39 31 18 11 29 43 44 42
26 8 13 36 37 21 16 1 30 19 15 7 33 4 40 46
40 22 41 30 25 21 8 39 43 3 5 37 0 44 29 1
20 43 39 5 41 25 29 11 18 47 32 44 9 27 3 6
36 26 37 13 33 19 8 15 16 21 1 30 7 4 46 24
23 27 45 35 24 38 31 28 16 13 2 34 42 32 12 15
25 40 41 43 11 20 5 29 22 30 39 9 18 0 47 4
23 18 27 13 0 32 47 9 43 8 29 40 41 1 4 28
41 43 20 25 11 39 29 47 5 18 44 32 9 40 0 3
41 18 47 29 11 32 43 40 0 9 25 44 27 20 39 5
41 43 11 29 18 25 47 20 39 32 5 44 9 40 0 27
31 38 28 33 35 16 7 15 24 13 23 26 4 37 19 14
20 11 47 43 29 18 5 39 32 41 25 44 27 9 45 42
37 33 15 16 26 21 36 19 30 46 13 7 35 24 8 12
40 41 43 39 25 0 9 29 18 5 22 20 30 8 11 44
2 23 28 36 3 10 8 34 19 13 42 24 15 16 44 12
40 30 21 0 22 8 37 41 26 4 1 9 43 25 36 46
27 23 31 32 5 45 20 28 47 39 18 11 29 24 38 44
31 23 38 28 27 24 45 16 35 15 33 7 14 34 32 19
27 32 47 23 31 45 20 18 11 43 29 28 38 42 5 39
31 23 27 28 38 24 45 35 16 15 32 7 14 13 19 33
41 43 25 18 20 29 39 9 11 5 0 40 47 32 44 3
30 21 37 4 8 26 19 36 33 15 16 22 12 1 40 46
41 25 11 9 40 43 0 47 22 20 29 44 18 39 32 5
43 39 0 9 41 18 25 40 29 20 47 11 5 3 22 2
4 30 21 37 26 33 8 36 40 19 1 15 13 46 22 16
41 43 11 25 47 20 29 18 39 32 5 9 44 0 40 27
23 28 31 15 6 38 24 45 16 19 36 46 13 7 33 35
23 27 45 31 32 38 24 44 47 28 42 10 35 16 14 7
16 33 15 37 26 36 13 19 21 46 7 30 35 38 12 24
43 5 41 39 20 25 29 11 18 47 40 9 44 32 0 27
4 19 24 33 30 31 38 15 37 17 1 36 23 46 16 10
47 11 32 45 20 42 44 25 29 27 18 43 41 9 28 5
43 41 5 20 39 11 25 29 18 47 44 9 32 40 27 3
5 39 43 41 18 20 29 25 11 44 40 47 3 27 6 9
40 26 30 8 37 21 1 36 13 4 33 19 15 46 16 22
27 32 47 23 31 45 18 11 28 38 29 20 42 43 44 9
33 15 16 37 19 38 24 21 31 30 36 14 26 46 35 7
20 43 41 25 29 39 11 47 5 18 32 44 9 27 3 0
31 45 32 38 47 28 27 23 11 42 18 35 33 16 44 24
32 47 45 27 23 11 31 42 38 20 44 28 18 29 5 43
23 27 31 38 13 24 7 16 44 15 1 45 10 36 8 28
12 22 9 0 34 21 3 2 42 40 44 25 26 46 45 47
39 43 41 25 18 40 20 0 9 29 3 11 47 44 5 2
10 46 24 19 14 38 36 37 33 15 30 8 1 6 23 7
33 15 19 37 16 36 26 21 46 30 24 38 13 7 35 14
23 38 31 34 45 24 27 44 10 14 42 7 20 12 28 5


4 39 27 0 21 43 46 45 37 26 29 12 18 22 34 10
4 39 43 29 27 45 21 26 18 0 35 22 30 37 46 34
21 29 28 13 39 0 36 6 32 4 14 37 47 11 33 19
39 34 24 30 18 43 26 41 46 45 22 4 16 35 6 12
6 21 39 16 33 0 24 13 19 2 30 34 4 10 36 12
7 14 43 17 11 15 8 29 2 41 36 5 30 1 18 3
43 39 0 21 37 4 32 13 14 6 28 27 20 36 46 29
4 39 43 37 0 21 27 29 46 32 28 14 25 20 22 8
4 26 42 39 17 35 18 45 34 10 12 22 7 27 29 30
4 39 21 43 27 6 0 29 28 12 18 25 26 10 8 35
30 2 47 24 7 44 16 19 5 40 31 9 3 34 41 42
21 13 36 28 32 11 37 39 0 14 33 6 43 29 1 47
3 20 5 38 15 31 23 32 46 11 44 9 22 45 40 27
32 33 0 37 13 11 21 36 46 28 39 38 14 20 5 16
3 9 31 42 44 15 12 22 26 20 35 34 45 18 40 5
39 21 4 0 37 43 29 32 28 27 6 46 36 13 14 8
11 33 13 32 36 28 14 38 37 0 17 40 21 5 19 3
21 39 32 28 0 37 43 13 4 6 36 27 29 11 8 14
26 23 45 35 42 22 18 34 15 12 9 31 41 44 24 30
4 39 0 43 27 37 21 32 29 45 46 26 12 22 20 18
30 18 45 26 34 29 41 22 42 39 24 4 35 12 6 2
27 43 4 35 15 1 37 26 46 18 23 39 20 8 22 38
28 43 21 37 1 32 36 13 11 39 0 47 29 4 14 25
3 44 42 9 15 7 31 47 40 2 5 17 35 19 12 34
28 21 13 32 6 36 39 0 37 11 1 29 14 43 33 25
26 42 18 22 45 34 35 29 12 15 41 4 9 7 17 31
29 2 36 47 30 19 40 14 6 7 16 44 41 17 24 3
11 1 7 3 5 33 47 13 17 38 36 15 40 32 44 30
34 26 12 18 45 4 41 35 22 24 9 46 42 27 31 23
12 9 31 42 34 26 45 35 15 18 44 3 22 24 41 23
6 30 34 18 24 39 41 21 12 29 16 4 26 2 10 42
3 40 7 1 15 47 5 11 17 44 38 19 9 35 33 36
4 29 39 26 12 18 42 43 45 6 34 41 21 25 22 0
13 11 1 32 28 36 37 21 33 27 47 14 43 10 5 7
21 28 13 36 32 39 0 37 6 29 11 14 43 33 1 4
31 9 35 23 3 44 12 42 15 26 34 5 18 45 22 24
35 26 42 34 22 9 23 45 18 31 44 41 15 12 24 30
47 11 40 36 5 3 13 33 19 44 2 1 7 38 16 28
15 3 35 20 22 23 26 9 44 18 42 38 31 46 34 45
42 31 9 26 45 34 18 35 22 12 44 15 23 3 24 41
39 21 0 28 32 37 4 43 27 13 6 1 14 36 25 8
34 26 18 45 9 12 42 24 22 31 35 41 23 30 16 2
40 3 35 5 23 30 44 9 7 17 19 31 2 15 42 34
21 28 37 39 32 0 13 36 43 11 4 29 14 27 1 6
9 12 42 31 26 34 22 18 35 45 15 44 3 23 41 24
39 21 37 28 43 32 4 0 27 13 29 36 6 1 14 46
30 2 24 42 34 18 26 9 7 35 22 23 31 16 5 41
9 31 12 44 3 34 23 42 15 26 19 18 35 24 5 22


21 44 36 47 11 39 43 24 5 22 20 1 8 7 45 10
41 28 20 5 10 29 3 34 38 4 45 12 25 43 37 1
22 24 0 32 31 19 7 9 11 35 14 26 17 44 30 6
12 34 29 10 20 45 38 5 25 41 28 1 3 37 43 4
22 24 0 32 31 7 19 9 11 35 14 26 2 42 44 17
10 29 38 34 12 20 5 41 45 28 3 25 4 43 37 1
40 27 9 15 3 47 37 4 41 25 46 6 28 1 13 38
12 34 29 45 38 16 10 5 25 1 41 37 13 20 4 8
20 34 45 12 25 10 1 29 28 41 3 38 5 43 37 16
45 34 20 5 10 41 29 12 25 38 3 28 4 43 1 37
3 5 41 28 10 43 29 20 38 4 34 25 12 15 45 37
20 12 3 37 15 10 34 13 41 28 29 38 4 43 5 45
10 29 34 38 5 41 25 45 20 12 28 3 4 43 37 1
46 32 11 47 2 35 0 30 31 24 7 22 40 9 19 17
24 22 0 32 31 19 7 9 11 14 35 26 44 27 17 2
12 34 45 1 38 16 29 10 5 25 20 37 41 8 28 43
34 38 29 12 10 20 5 41 45 28 3 25 4 43 37 13
10 29 41 38 34 5 25 3 45 12 20 28 43 4 37 1
22 0 24 32 9 31 19 7 11 35 14 26 17 27 44 2
9 23 0 44 22 17 24 32 15 27 6 46 31 19 3 40
31 32 7 24 22 11 0 19 35 14 9 26 42 2 30 44
22 0 24 32 31 9 19 7 11 14 35 26 44 27 17 30
5 10 29 34 38 41 25 12 45 3 28 4 20 43 37 13
45 34 10 12 25 38 29 41 5 20 1 3 28 4 43 37
22 24 9 0 32 31 19 7 11 35 14 26 6 27 36 17
5 10 41 29 3 38 34 20 28 12 4 45 25 43 37 13
29 38 41 34 10 5 12 28 4 45 3 20 25 43 37 13
45 38 34 12 29 20 1 28 41 10 25 5 4 37 3 16
8 16 35 25 1 42 33 11 45 7 14 18 34 31 32 28
22 24 32 0 31 7 11 19 35 9 14 26 2 17 44 27
22 24 0 32 31 7 11 19 9 35 14 26 27 17 44 30
22 24 0 32 31 7 19 9 11 35 14 26 2 17 44 6
12 45 29 34 38 10 41 20 5 13 3 28 25 16 1 37
11 14 7 35 31 19 32 8 42 24 22 0 16 26 18 30
22 24 0 32 31 7 19 11 9 14 35 26 44 17 2 27
22 0 24 32 31 9 7 19 11 35 14 26 17 44 27 2
13 29 38 12 10 34 5 25 41 8 37 45 16 4 28 3
10 5 38 29 12 34 41 20 45 3 25 4 13 43 28 37
31 32 22 7 19 24 0 11 14 35 9 42 26 2 44 6
44 46 24 30 35 7 32 11 31 22 0 19 9 42 21 47
35 18 23 8 16 26 19 31 6 7 42 27 14 32 11 1
3 41 28 4 5 10 29 38 43 20 34 25 12 37 15 45
0 22 24 32 9 31 19 11 7 35 14 17 26 27 44 36
22 24 0 32 31 7 19 9 11 35 14 26 2 42 44 27
29 10 20 12 5 38 34 45 25 41 43 28 3 13 37 4
12 29 34 38 45 16 10 5 25 41 1 20 37 13 8 28
44 23 4 25 10 5 3 41 34 12 29 38 13 43 28 40
19 31 7 24 22 32 11 14 0 35 9 42 26 44 21 2


17 0 23 32 16 45 27 19 35 20 28 41 26 1 7 38
41 4 2 45 14 21 8 22 5 36 19 47 9 35 7 39
10 21 41 31 8 9 22 30 5 6 3 4 12 13 2 44
37 24 26 28 15 20 18 19 40 17 23 0 29 36 43 7
9 10 8 22 44 31 2 41 21 13 3 30 33 47 4 6
18 12 4 41 46 6 20 24 5 7 22 33 31 28 2 13
25 18 4 41 12 36 2 22 31 6 33 32 10 8 3 13
22 10 41 31 9 8 21 2 13 3 30 44 12 6 47 4
32 23 6 14 0 34 13 8 24 19 31 20 17 33 41 44
27 23 17 0 18 46 28 19 29 26 16 7 33 4 45 41
20 17 0 28 23 37 26 19 29 24 16 32 27 18 7 45
31 22 10 40 8 32 4 24 38 3 21 5 36 9 25 42
17 28 0 37 23 26 27 16 19 20 45 7 38 24 46 39
28 26 17 23 0 19 18 16 20 37 24 7 29 38 27 25
0 17 23 19 28 26 27 37 32 20 7 45 16 24 29 2
10 21 22 9 30 31 12 3 5 41 4 8 6 47 44 13
10 22 21 9 30 12 41 13 31 8 4 3 47 44 6 2
10 21 22 31 8 3 6 9 25 13 4 33 47 14 35 34
28 17 0 26 23 19 37 20 27 32 24 45 7 40 39 11
37 0 28 17 26 23 20 16 27 40 24 19 29 32 14 45
17 23 28 19 0 26 32 37 27 20 45 24 16 7 40 29
29 26 18 0 20 36 12 28 19 27 33 23 37 17 7 32
17 0 23 28 26 19 37 20 27 32 16 7 24 45 29 40
0 28 37 17 23 20 26 19 27 16 7 40 32 24 29 45
32 18 33 24 40 12 25 44 43 38 26 22 23 19 17 11
17 28 0 23 26 19 32 37 27 20 16 24 45 7 38 39
21 10 12 30 46 25 47 22 15 4 3 6 36 14 41 9
12 46 20 29 43 28 18 37 7 0 21 14 24 40 6 16
25 46 21 30 38 6 4 12 1 42 14 34 10 36 47 16
37 25 29 20 40 28 46 16 36 0 14 1 26 33 24 18
47 21 10 37 45 4 27 25 9 46 8 22 42 30 38 34
10 21 6 31 12 15 30 8 46 3 33 9 4 41 43 25
9 10 22 21 8 31 44 5 41 30 2 3 13 6 4 47
17 37 0 23 28 26 32 40 19 20 16 27 24 45 29 36
4 24 31 3 9 7 6 25 15 10 18 41 8 12 2 16
17 23 19 32 0 16 45 26 27 13 37 28 2 24 29 39
17 0 28 37 23 26 19 1 20 32 24 16 45 40 7 38
10 21 9 22 30 12 41 44 3 2 47 13 8 6 31 43
37 25 39 28 20 15 6 7 46 38 36 16 0 40 44 35
21 10 25 12 46 47 14 30 4 6 3 43 42 36 38 33
17 26 0 28 23 19 37 32 7 20 27 45 16 24 11 40
37 26 40 28 17 20 0 16 25 23 36 29 14 32 7 39
10 21 47 22 15 12 6 25 30 38 3 36 9 43 46 4
17 0 28 37 23 26 19 20 16 27 32 24 40 45 29 7
41 9 21 10 44 31 22 5 6 33 30 2 7 4 8 12
17 0 37 23 28 26 19 20 32 27 16 24 40 29 36 45
12 46 3 20 32 4 9 33 18 27 41 11 29 26 23 6
37 25 28 20 40 16 38 26 29 0 17 14 23 1 24 46


27 5 3 21 8 24 7 43 13 47 10 1 44 33 38 17
9 11 39 36 23 12 42 13 19 45 41 25 20 22 40 35
3 27 21 8 5 47 43 24 4 44 31 33 10 13 32 7
23 13 41 10 12 38 7 42 11 39 32 24 9 45 6 5
15 38 45 17 27 31 35 42 30 19 2 44 3 47 10 8
27 21 42 29 4 45 28 34 3 10 20 37 17 22 23 41
44 5 3 21 27 8 6 38 43 47 33 46 4 1 24 29
9 11 25 36 39 23 12 28 14 16 22 2 41 19 20 40
35 23 28 25 37 18 15 34 9 29 20 22 45 46 33 11
38 30 35 40 25 19 10 2 9 17 36 24 47 15 44 22
21 5 27 3 8 33 1 47 7 43 44 24 13 42 31 4
3 27 21 44 8 47 5 43 24 31 17 7 10 4 33 46
27 3 8 21 44 47 10 5 4 43 42 17 31 7 1 24
27 3 8 21 5 47 44 4 43 24 10 7 13 17 42 31
3 47 21 27 44 43 46 37 24 33 14 0 17 31 18 26
20 25 9 11 15 45 34 30 12 19 39 17 16 36 37 28
12 39 15 17 45 9 25 28 30 32 42 16 38 10 34 20
5 31 3 27 10 8 21 7 47 43 24 17 38 30 33 32
28 37 35 30 44 25 16 9 6 22 0 14 36 40 12 20
3 8 27 21 5 47 4 10 44 24 17 31 43 7 1 29
27 21 5 3 4 24 43 8 13 33 46 42 1 38 7 31
3 27 21 8 44 47 5 43 4 24 31 1 17 46 7 18
1 45 33 44 29 21 27 18 8 0 3 42 35 17 40 7
9 11 25 39 12 28 36 41 22 23 40 16 38 20 19 14
40 20 37 29 45 33 23 42 6 34 38 25 11 39 14 2
9 25 16 14 28 11 37 22 0 20 36 39 6 26 23 12
3 27 21 47 8 44 5 43 4 31 24 46 33 17 7 18
3 44 47 21 27 4 43 14 37 46 16 34 31 0 8 18
41 23 9 11 32 36 39 45 12 28 10 7 40 6 1 24
3 27 43 47 21 5 44 46 24 8 18 33 4 1 31 14
28 37 16 14 25 0 44 20 22 35 34 18 4 2 9 6
34 21 3 17 27 47 44 8 20 45 15 29 18 31 35 33
27 3 21 8 5 47 44 43 4 24 7 31 10 1 33 42
9 11 25 39 28 12 36 16 22 14 23 41 20 19 40 45
4 14 16 37 0 22 20 28 3 47 18 36 26 44 46 34
27 3 44 21 8 5 33 43 17 31 47 46 2 38 18 24
9 25 16 12 14 28 36 20 39 22 0 37 26 11 41 23
1 4 21 3 27 8 43 18 5 31 44 24 47 10 13 29
9 11 39 12 41 38 36 25 2 23 45 42 19 22 13 32
3 27 5 21 8 47 24 43 1 4 10 7 13 33 44 32
9 11 38 22 39 25 12 41 36 28 14 6 32 16 23 24
3 27 47 44 8 21 5 43 17 31 18 4 0 34 15 37
9 11 25 36 40 28 23 16 39 14 12 22 20 19 41 45
10 13 38 12 7 11 41 39 36 42 9 32 19 24 5 1
27 26 5 42 3 7 31 21 13 45 4 17 39 33 8 15
3 27 44 21 8 43 5 47 10 31 24 14 7 4 15 38
9 25 11 22 28 39 12 14 36 16 19 23 41 40 20 2
3 21 44 27 47 8 4 5 43 15 24 18 46 45 33 34


4 24 6 22 23 16 27 46 7 15 43 2 30 41 5 12
2 9 47 23 3 44 28 5 1 20 22 4 15 30 25 37
37 28 17 22 25 38 20 11 32 42 39 41 12 0 33 1
37 28 20 35 14 47 19 36 17 25 38 12 45 18 41 13
35 14 19 47 18 45 38 36 8 25 3 20 33 26 12 13
35 14 19 47 38 18 45 28 25 20 36 12 26 17 41 33
22 6 24 4 16 7 46 23 43 0 27 30 15 5 21 31
35 14 19 47 18 38 45 25 36 28 20 39 11 12 26 10
22 4 24 6 46 16 7 23 43 27 15 30 21 5 40 0
22 6 24 4 23 16 46 7 43 30 15 27 37 5 40 9
35 19 14 20 47 25 38 18 45 28 36 41 1 17 42 39
20 14 28 35 36 5 38 25 47 8 45 19 42 29 9 18
6 5 2 7 23 24 4 16 27 17 22 43 15 9 46 10
35 14 19 47 18 38 36 45 8 20 3 28 25 12 32 26
21 7 22 27 24 8 16 15 46 43 0 29 1 40 13 6
14 20 35 19 38 18 47 0 36 3 10 5 12 45 11 8
6 4 24 22 46 16 23 43 27 7 15 21 30 44 40 5
35 14 19 47 38 18 45 25 20 28 36 39 12 26 33 11
24 22 4 6 46 7 16 43 23 27 21 30 15 40 0 31
6 24 4 46 22 7 23 16 43 27 15 30 5 21 40 44
35 19 14 47 38 18 45 36 20 25 28 8 12 10 26 41
37 28 22 41 24 32 20 6 4 17 23 38 44 46 5 30
27 24 16 4 7 46 23 22 6 43 5 15 3 30 21 31
27 46 6 16 24 4 23 7 22 43 30 5 21 15 3 40
35 14 19 38 28 37 47 25 18 17 45 20 36 12 39 11
35 14 19 47 38 18 28 25 45 20 36 12 17 33 39 2
22 15 6 4 24 37 46 7 16 43 23 27 42 9 30 31
35 14 19 47 18 38 25 45 28 36 20 39 17 26 12 33
7 24 5 6 4 46 16 27 43 22 0 23 30 40 34 13
35 14 19 47 38 25 20 18 28 45 39 36 17 33 42 11
5 37 45 30 11 14 39 32 34 13 35 17 38 40 33 21
24 6 4 23 16 7 46 27 22 43 15 30 5 3 21 2
34 5 3 18 30 37 32 27 47 38 45 6 23 24 22 17
27 6 4 16 23 24 15 43 5 22 46 2 21 3 7 30
15 16 22 7 4 24 6 39 2 11 9 40 46 31 43 13
15 2 35 41 14 26 8 20 19 12 3 18 38 23 28 45
20 31 18 9 39 24 43 37 7 35 19 11 32 46 29 22
22 4 16 7 24 6 23 43 30 46 44 27 21 0 15 37
24 23 22 6 4 27 16 43 46 7 15 30 2 5 40 44
22 6 4 24 16 15 46 37 43 23 7 30 21 9 31 44
24 16 23 31 0 4 30 27 7 6 43 22 40 3 11 29
35 14 19 47 38 28 20 18 45 25 36 12 37 17 2 5
8 47 45 27 19 15 18 2 14 35 36 26 10 34 31 46
37 25 17 35 19 28 14 47 12 30 22 0 11 45 13 18
22 24 4 7 6 16 43 37 46 23 30 21 0 15 17 39
22 24 4 6 7 46 16 43 27 30 21 5 23 40 15 0
4 6 16 24 22 7 23 27 46 43 21 44 30 15 5 40
24 22 6 4 7 46 16 43 23 27 30 15 0 40 44 21


28 39 31 4 2 0 5 3 25 1 37 18 19 45 9 36
33 46 15 8 11 14 44 23 34 36 3 42 9 45 22 12
4 25 28 2 31 5 0 3 39 18 37 45 1 19 33 8
44 47 42 29 33 14 11 16 10 8 15 6 7 24 20 46
39 28 4 2 31 0 19 18 1 5 3 25 37 30 13 45
31 4 3 39 25 28 2 0 5 37 18 45 1 19 9 33
42 47 29 11 44 14 27 41 24 6 16 20 22 33 7 9
29 42 47 14 44 41 10 11 20 27 30 15 6 24 8 32
29 42 47 14 41 44 11 30 10 20 13 27 23 6 35 40
42 47 29 14 44 27 22 24 15 9 7 11 41 43 32 30
29 42 14 47 41 30 27 15 11 9 34 20 46 24 35 40
29 44 47 42 14 41 33 10 6 23 20 11 17 15 34 7
29 47 42 14 41 11 30 27 44 13 10 40 20 8 34 36
42 29 14 41 47 30 11 10 27 44 13 20 32 35 34 15
14 8 33 44 47 12 6 46 42 29 3 24 26 16 13 25
4 31 3 25 39 28 5 0 2 45 37 18 1 19 9 7
42 14 29 47 44 41 10 11 20 27 8 34 15 6 13 46
29 42 14 47 41 30 11 44 10 27 20 24 13 35 40 34
4 31 28 39 25 3 2 0 5 18 37 1 45 19 9 43
39 28 19 2 0 31 30 1 18 4 3 37 45 5 41 9
14 42 29 47 41 44 11 30 10 27 20 13 24 12 46 22
29 47 42 14 41 44 11 10 20 27 30 24 6 13 33 8
14 29 42 47 44 41 11 10 27 20 30 22 13 24 15 8
2 31 4 39 3 1 28 25 0 18 21 37 19 13 27 5
4 3 25 39 31 28 0 2 5 1 45 18 37 9 19 33
4 28 31 39 25 5 3 0 2 37 45 1 18 19 9 26
5 31 4 25 28 0 39 3 2 45 1 18 37 19 43 33
39 28 3 4 31 2 0 5 25 18 19 37 1 45 9 22
5 3 19 25 39 28 31 1 4 2 45 7 10 37 16 18
41 30 29 19 42 14 47 21 40 11 27 35 34 36 23 20
28 39 31 4 2 18 0 3 25 5 37 1 19 45 9 30
14 47 29 42 41 44 20 27 10 30 11 15 6 40 8 46
7 24 16 9 20 31 28 2 0 6 37 11 22 1 4 46
29 47 42 14 41 44 20 10 11 27 30 24 15 8 34 33
25 4 3 31 5 0 2 28 39 45 37 18 1 33 9 43
4 25 31 5 0 3 2 39 28 37 45 18 1 33 9 19
29 42 41 47 14 30 27 44 20 11 15 40 24 32 34 13
45 26 12 21 33 16 3 25 2 43 31 39 8 20 4 7
42 29 14 47 44 41 11 10 20 27 30 15 24 34 13 6
4 2 39 3 28 31 5 25 0 37 18 1 45 19 9 36
19 27 3 31 0 34 39 2 21 9 4 1 37 25 45 17
4 31 3 25 28 2 39 0 5 37 45 18 1 19 9 33
41 29 42 14 47 10 11 13 44 30 22 12 24 15 23 7
42 14 29 47 30 13 27 41 11 24 40 10 34 20 36 44
29 42 14 41 47 11 30 27 13 44 10 20 34 40 24 12
45 38 4 39 3 2 19 27 0 5 31 37 18 25 1 13
47 29 42 14 44 41 30 10 20 46 26 33 8 7 27 6
42 14 29 47 41 44 30 11 10 27 20 13 46 24 15 32


37 8 26 27 22 19 4 13 14 44 46 23 18 38 42 41
35 0 11 29 40 32 17 30 33 1 12 7 24 31 15 25
35 29 11 0 40 32 30 17 1 33 31 25 47 7 24 6
35 11 29 0 32 30 40 17 33 7 1 25 12 24 15 31
35 11 0 29 40 30 32 17 33 12 15 1 7 47 25 31
35 11 29 0 32 40 30 33 17 1 15 47 7 24 31 25
35 11 29 0 30 32 40 17 33 15 1 7 24 47 25 12
11 35 0 30 32 40 29 17 33 15 7 1 12 24 5 25
38 12 26 3 4 44 7 27 17 43 1 42 24 9 45 39
47 29 35 6 0 11 16 25 40 14 43 5 13 21 34 31
38 46 13 44 19 18 37 8 27 26 4 41 45 42 28 36
30 29 11 35 0 1 24 40 32 33 17 15 7 9 34 31
0 35 11 12 40 32 29 30 7 1 17 43 25 31 14 33
37 18 46 13 19 44 38 4 43 8 28 41 36 42 27 20
19 46 13 26 38 37 42 41 18 28 8 44 4 27 23 22
11 30 35 40 32 0 17 29 33 15 7 34 31 9 1 12
32 11 35 33 17 29 0 30 40 15 1 24 12 47 7 34
35 11 0 29 32 17 30 40 33 7 12 1 15 47 24 25
35 11 0 29 30 32 40 17 33 15 1 7 12 25 24 31
47 37 13 19 46 6 41 36 28 29 1 25 22 23 14 21
19 13 4 46 8 26 44 38 28 42 37 18 41 36 23 27
29 35 11 0 40 30 32 1 17 33 47 20 15 25 24 9
6 20 9 3 16 25 43 29 24 36 34 42 37 18 35 5
11 35 0 30 32 29 40 17 33 15 7 1 12 24 31 5
32 33 29 11 35 17 0 1 15 24 25 20 40 9 12 5
11 35 0 30 32 17 29 40 33 15 7 1 2 12 47 31
38 46 19 42 44 13 18 27 8 37 26 41 4 45 36 28
38 4 44 19 27 8 26 46 37 13 18 45 42 36 41 14
46 13 19 8 4 44 18 37 36 27 38 26 42 41 28 45
1 37 31 36 28 13 34 25 18 8 6 46 43 47 19 21
35 11 0 29 40 32 17 30 33 1 7 24 15 12 25 31
46 13 19 8 4 44 37 38 18 27 42 26 41 36 28 45
42 38 8 4 13 46 19 27 36 44 28 37 3 45 26 18
13 46 8 19 38 44 37 27 18 4 42 41 36 26 28 45
11 35 29 0 30 32 40 17 1 24 33 15 7 25 31 12
46 13 19 38 8 44 27 37 42 4 18 26 41 36 28 45
35 11 29 0 30 40 32 1 17 15 33 25 7 24 47 12
19 26 46 38 4 13 42 8 27 44 18 37 45 41 22 23
46 13 19 8 44 38 27 4 37 18 42 36 26 41 28 45
38 42 27 14 22 8 12 44 4 26 3 17 10 45 37 13
35 31 29 11 0 17 40 5 32 34 16 33 30 9 47 24
19 46 28 4 6 18 13 26 42 36 23 37 41 14 27 8
13 46 19 38 8 44 37 18 41 27 4 42 36 26 28 45
43 2 20 31 40 3 25 9 35 8 5 17 47 7 16 15
11 35 0 29 32 17 30 40 33 15 7 12 24 1 47 34
46 44 13 19 38 8 45 4 37 18 41 27 26 42 36 10
35 11 0 29 32 40 25 15 12 31 30 33 39 17 1 6
13 8 46 36 19 41 37 44 27 18 4 38 28 42 26 45


44 43 31 17 14 13 39 32 37 34 21 38 12 8 9 41
11 22 30 27 15 25 7 33 42 35 36 46 19 1 47 10
30 15 35 33 22 11 27 25 47 1 46 10 26 5 20 24
35 15 30 47 33 22 1 11 25 26 40 27 29 20 23 46
15 30 35 47 25 33 11 27 1 22 20 5 10 36 8 18
15 35 30 33 1 22 47 11 25 46 10 26 20 27 5 4
21 32 4 12 28 23 1 31 3 17 44 39 0 41 13 43
43 17 31 14 13 44 39 34 37 32 9 6 8 38 41 7
43 37 32 9 39 14 44 17 29 23 31 21 38 8 12 0
30 15 35 22 33 47 11 10 46 1 27 25 26 20 5 24
15 30 35 11 33 22 27 47 25 1 46 10 42 20 45 36
35 30 15 33 47 22 11 1 25 10 46 27 20 26 5 45
30 15 35 33 11 27 22 47 25 1 46 36 10 26 24 20
34 17 43 21 44 31 7 28 38 13 41 37 39 16 36 14
30 15 35 33 22 11 27 47 1 25 46 10 5 20 26 42
30 15 35 33 22 11 27 47 1 25 46 10 20 5 24 42
25 24 27 30 35 33 42 15 26 10 11 46 22 29 1 6
15 35 30 1 33 11 27 47 22 25 23 20 46 5 36 4
44 43 31 14 17 13 34 37 2 39 32 16 12 3 38 21
14 44 31 40 39 0 32 43 13 17 3 37 7 5 9 12
15 35 30 33 11 22 47 27 25 1 46 10 26 24 5 20
20 47 10 35 36 21 1 15 19 39 23 25 30 9 26 18
17 44 43 14 31 39 34 41 12 37 13 21 32 3 16 28
30 15 35 33 22 11 47 27 25 1 10 46 20 26 24 29
15 30 35 33 22 11 27 47 1 25 46 10 20 24 5 36
30 15 35 22 33 11 47 27 25 1 10 46 26 20 5 4
35 15 30 24 33 47 1 22 5 4 11 10 29 25 45 26
43 44 17 31 14 13 34 39 32 37 21 38 41 12 9 3
30 15 35 22 33 11 27 25 47 42 1 46 45 10 5 24
15 30 35 22 11 33 47 27 25 10 1 46 5 4 29 20
43 31 17 44 14 13 39 32 34 37 38 12 21 16 3 41
9 43 31 39 14 44 17 18 37 13 32 8 40 19 38 26
17 43 31 44 13 14 39 34 32 37 38 21 41 6 12 8
15 30 35 33 22 11 27 47 25 1 46 10 20 5 26 24
39 18 32 43 44 31 14 21 17 23 38 9 37 13 12 5
40 28 10 1 44 2 46 29 4 8 11 37 33 25 47 0
35 15 30 33 47 22 11 1 27 25 10 46 20 26 5 29
15 35 30 33 22 11 47 1 27 25 10 46 20 5 26 24
35 15 30 4 11 26 20 18 25 47 33 23 12 29 22 0
44 43 17 31 13 14 32 34 21 37 12 39 38 3 2 16
45 11 20 35 15 30 47 27 18 19 41 4 1 10 32 42
15 30 35 33 22 11 27 47 1 25 46 10 20 5 42 36
33 35 30 15 22 46 25 2 1 11 47 27 24 45 5 20
15 35 30 33 22 11 47 27 1 25 46 10 20 5 26 29
44 43 12 17 39 31 14 32 37 38 13 21 9 34 3 18
15 30 35 33 22 11 27 47 25 1 46 10 20 42 5 45
30 15 35 22 25 47 11 33 27 1 46 10 36 24 42 45
15 30 33 11 20 46 35 45 42 4 22 47 5 36 24 25


15 21 25 47 28 0 35 30 41 22 17 7 43 16 13 40
18 37 9 14 33 32 23 27 42 8 1 38 12 39 5 44
25 28 30 38 21 15 0 22 47 34 35 7 31 36 29 10
21 15 35 47 28 25 17 13 22 41 24 26 16 7 40 46
9 5 19 18 40 23 43 33 12 2 31 0 42 1 39 14
18 37 9 23 33 32 42 14 27 1 12 8 38 5 44 39
15 21 25 47 28 35 0 41 30 22 17 40 13 16 43 7
18 37 9 23 32 27 42 33 14 1 8 12 38 5 44 4
18 37 27 23 9 14 5 42 32 8 33 1 38 20 12 19
18 37 9 33 23 42 1 14 27 38 32 8 44 12 5 4
15 25 0 47 30 28 21 43 2 35 41 6 17 22 16 40
15 21 47 25 35 28 41 30 17 0 22 7 26 16 24 13
18 37 27 9 23 14 33 42 32 1 8 5 12 38 44 4
35 15 26 22 21 47 41 28 25 13 29 46 17 24 43 30
18 37 9 27 42 1 23 8 33 14 19 12 32 44 39 29
9 19 40 31 24 28 1 43 22 20 0 2 34 5 23 12
15 25 0 47 21 28 30 43 41 2 40 35 22 17 16 26
37 18 32 27 14 42 23 33 1 8 9 38 12 5 44 4
18 37 9 33 32 23 14 42 12 5 38 44 8 1 36 27
15 21 47 25 35 28 30 0 41 22 17 7 16 13 43 26
18 37 27 1 9 33 23 14 42 32 38 8 12 5 39 19
18 37 23 9 27 42 33 14 32 1 12 5 8 44 38 19
15 21 47 28 25 35 0 41 30 17 22 16 26 13 7 24
9 18 23 42 19 1 27 33 37 5 12 14 39 2 8 34
15 21 25 47 28 35 0 30 17 41 7 22 13 43 26 16
9 0 19 23 43 5 18 2 27 31 20 33 42 39 29 30
44 4 0 3 40 32 46 18 30 45 36 6 20 14 33 11
21 15 25 47 35 0 28 16 41 22 13 6 46 26 7 24
18 37 32 27 23 9 33 42 14 8 1 12 38 44 5 4
12 9 37 18 32 31 1 14 27 23 42 34 38 8 4 33
15 21 28 47 25 35 0 17 41 40 22 43 16 30 26 6
47 41 0 15 25 40 35 44 4 7 8 34 21 11 43 17
15 28 20 0 43 40 21 35 47 16 22 3 34 10 7 41
8 34 14 38 44 16 37 23 32 18 45 35 4 7 27 10
0 25 15 30 28 47 21 43 41 7 35 2 22 40 6 16
9 19 33 2 18 16 28 24 12 34 42 40 1 39 31 38
39 24 9 26 17 45 40 14 8 7 10 22 31 43 46 12
15 25 21 47 0 28 30 35 41 22 43 26 6 7 2 16
21 15 47 35 41 25 16 7 28 30 17 13 46 22 26 0
15 21 25 47 28 35 30 0 41 17 43 22 7 13 26 40
15 47 0 21 25 35 41 43 30 28 6 7 2 16 20 13
15 21 47 25 28 35 0 41 30 22 13 17 16 7 26 43
15 21 25 47 35 30 28 41 0 22 13 17 43 7 16 6
15 29 35 36 47 25 0 28 30 41 21 17 7 43 40 24
15 21 25 28 47 0 35 30 7 43 41 22 16 40 17 6
3 35 30 46 0 15 10 25 12 4 19 24 21 11 6 18
15 21 47 25 28 35 30 41 0 17 43 7 22 6 16 13
15 21 28 25 47 35 0 40 17 41 22 13 7 26 24 16


12 27 13 3 16 43 21 25 22 46 37 42 35 28 15 32
41 30 13 8 40 43 47 29 16 17 27 4 33 45 10 21
11 41 36 12 35 38 25 15 19 43 34 16 18 10 5 7
7 38 24 18 9 2 11 6 34 29 36 10 41 0 39 28
12 19 47 37 4 14 13 42 21 32 28 2 43 15 8 26
18 45 22 14 25 0 10 33 35 23 32 1 7 38 44 16
13 43 42 16 40 32 21 12 20 46 27 31 37 19 47 26
13 43 42 16 40 20 21 12 27 32 46 3 31 37 19 23
7 24 39 34 38 0 3 2 29 18 4 8 36 41 6 28
26 43 46 42 16 44 31 5 20 22 25 1 13 40 27 19
13 16 43 42 32 40 27 20 21 37 12 30 26 8 46 45
16 43 13 42 27 20 40 46 26 21 32 17 37 30 5 19
16 43 13 42 20 40 27 46 21 32 37 5 26 19 31 3
7 24 39 38 9 34 2 18 6 36 41 11 33 47 28 23
7 38 9 18 39 24 6 2 11 41 34 36 10 29 0 28
4 44 30 47 46 26 29 14 43 17 32 20 6 31 21 42
18 6 38 7 41 10 5 11 24 29 2 44 17 34 0 14
13 43 42 16 40 20 21 27 32 12 37 46 31 3 19 47
7 38 24 18 34 9 2 36 11 41 6 39 29 0 10 15
34 7 24 38 39 9 47 2 6 41 22 3 10 14 36 23
7 24 38 11 6 18 2 36 9 39 33 34 41 10 35 28
7 38 36 24 18 9 11 34 2 29 10 0 6 8 41 28
39 19 17 29 0 32 14 10 47 23 11 18 38 46 13 28
7 18 38 24 29 11 34 2 6 8 17 10 36 9 39 41
7 38 24 18 9 6 11 2 34 36 39 29 41 0 10 28
42 13 43 12 21 32 33 27 35 19 3 30 40 31 16 37
24 7 6 38 11 44 18 39 5 36 1 29 9 4 26 20
7 38 24 9 18 5 6 41 36 2 4 39 11 1 34 8
5 7 24 33 12 34 14 38 2 4 29 18 40 36 11 0
16 43 42 13 40 20 27 21 25 26 46 3 31 5 37 12
40 37 43 12 13 42 16 3 8 27 5 41 25 19 44 30
43 42 16 13 20 46 32 40 5 27 21 19 37 26 31 25
7 24 38 18 34 11 9 2 36 39 6 29 10 41 0 44
16 13 43 42 40 27 20 37 46 21 32 5 17 30 26 19
27 29 30 16 18 20 33 3 4 13 42 32 8 43 41 26
14 9 41 10 31 3 5 30 1 26 42 17 2 39 18 33
7 38 24 34 18 9 2 11 36 6 39 10 29 41 0 33
13 43 16 46 42 40 20 27 21 5 26 37 32 19 12 31
7 38 24 34 18 39 9 36 2 11 0 6 33 41 29 10
16 5 43 13 40 27 21 20 46 42 37 32 26 19 44 45
42 26 35 8 43 14 19 16 41 20 31 3 21 22 13 15
43 13 42 16 40 20 21 46 27 32 37 12 31 26 19 5
7 14 33 34 22 38 18 10 29 44 11 6 2 9 24 5
7 36 34 24 10 11 15 2 3 18 38 0 9 41 6 22
7 38 24 18 11 2 34 36 29 9 6 39 10 0 41 8
43 42 13 32 47 14 12 35 45 20 16 37 30 31 27 22
8 29 38 7 26 46 14 2 6 5 9 44 31 16 11 18
34 22 14 23 27 21 16 31 44 24 32 2 39 4 42 45


33 22 11 18 39 10 37 8 15 21 12 44 30 26 45 9
0 30 9 39 8 33 4 23 13 20 21 17 10 3 11 41
47 7 32 35 16 21 5 19 24 44 8 17 42 14 38 12
34 5 7 18 14 28 43 32 3 19 25 20 38 45 42 40
7 5 2 32 38 47 36 20 41 14 1 46 31 35 28 34
43 1 45 18 42 28 5 24 46 9 2 8 40 14 36 6
0 47 3 4 20 32 21 19 10 41 40 17 31 23 35 14
14 4 25 3 11 20 34 24 32 17 13 18 28 19 46 6
39 18 0 33 30 6 13 44 45 8 22 43 40 12 4 37
30 15 33 27 22 39 31 2 36 1 4 26 12 21 11 37
44 11 21 37 33 42 38 16 8 17 10 6 47 0 13 35
33 22 39 27 8 15 37 12 21 30 44 11 41 31 26 10
7 5 21 11 15 37 47 44 41 22 27 33 12 36 35 34
32 24 47 3 19 7 20 14 41 35 16 34 38 5 21 6
39 33 21 15 37 44 10 47 17 13 34 12 6 38 8 45
28 6 43 40 18 42 5 45 14 38 25 17 1 44 34 24
17 44 33 39 11 13 15 37 21 12 6 8 26 22 4 43
20 1 3 32 45 46 14 43 18 42 40 38 28 34 24 19
45 46 1 20 3 32 19 24 40 0 43 29 35 36 38 14
10 26 21 23 11 43 27 33 15 36 17 22 39 2 47 0
40 2 4 34 27 36 31 21 33 30 22 15 23 11 41 14
24 33 4 30 37 44 40 17 34 16 47 12 21 39 10 0
21 29 47 26 23 41 15 28 37 33 16 31 39 10 4 30
18 5 43 1 28 45 42 7 6 9 24 46 17 38 14 22
0 19 40 47 20 32 21 3 10 17 35 24 13 18 28 16
47 20 32 3 16 19 24 42 41 2 21 1 44 31 27 34
30 39 0 40 8 4 26 45 9 33 43 10 18 22 46 12
25 20 46 3 26 18 1 9 15 32 6 19 38 42 14 28
3 20 32 46 40 34 19 2 14 41 47 36 31 1 9 24
21 47 37 10 44 11 15 34 41 17 32 8 13 7 29 16
28 25 9 6 12 23 22 7 15 39 8 17 5 18 44 33
32 3 19 20 47 17 35 10 38 24 34 41 11 4 7 0
42 11 33 10 39 30 18 26 37 0 6 40 25 23 34 38
11 42 26 15 9 17 36 34 18 22 40 14 32 33 37 46
27 22 1 7 2 5 9 31 43 46 29 33 12 16 6 41
40 34 42 33 43 20 32 24 14 4 12 1 26 19 17 23
21 39 41 15 44 11 33 37 10 47 8 4 0 25 22 17
47 41 3 20 32 35 19 13 23 21 34 7 4 17 27 29
20 3 32 19 1 14 24 34 38 35 40 46 2 28 25 36
32 20 3 34 14 47 24 38 40 25 41 19 0 17 4 35
0 30 39 40 38 28 4 6 8 26 45 3 34 14 10 25
0 40 30 39 4 26 45 20 16 25 32 33 18 3 13 19
20 32 3 19 34 47 14 40 38 25 24 46 9 18 35 0
3 20 32 19 47 0 14 40 34 46 38 16 35 41 25 24
11 42 33 13 25 18 2 46 23 8 9 47 29 21 31 36
36 26 41 22 15 2 42 11 43 7 27 31 25 39 21 4
21 47 0 41 3 4 15 30 39 20 16 29 37 10 44 26
34 32 17 20 3 19 14 47 40 13 38 25 4 44 26 21


40 39 38 10 14 9 13 15 5 44 32 3 30 22 43 37
33 45 8 23 2 41 11 19 21 6 16 1 35 18 7 28
40 10 38 9 14 39 15 13 5 3 32 44 22 30 29 43
10 40 39 38 9 14 13 15 5 44 32 3 30 22 43 37
33 2 8 45 23 41 11 19 21 6 16 7 1 18 35 28
38 39 10 40 9 14 13 15 5 44 32 22 3 37 30 27
33 2 45 8 23 41 19 11 21 6 16 7 1 35 18 28
14 38 39 40 10 9 13 15 5 32 44 3 22 30 27 37
39 38 40 14 10 13 9 15 5 44 32 3 30 22 43 37
29 17 34 41 23 2 33 8 11 21 45 4 19 6 46 12
40 38 14 39 10 9 13 15 5 32 44 3 30 22 43 29
29 5 34 17 3 30 32 4 40 14 38 36 46 9 10 39
23 19 33 2 8 45 11 21 41 6 16 7 35 18 1 28
40 38 39 14 10 9 13 15 5 32 44 3 30 22 43 29
33 28 45 23 21 8 41 2 19 7 11 17 6 27 29 16
38 39 40 14 10 9 13 15 5 32 44 3 30 22 43 37
2 33 8 45 23 41 11 19 21 6 16 7 1 35 18 28
40 38 39 14 9 10 13 15 5 32 44 3 30 22 43 37
7 17 13 39 15 10 9 40 42 38 14 44 30 24 26 47
29 17 3 34 0 5 46 30 9 14 40 32 36 38 12 15
41 45 8 2 33 23 11 19 6 21 16 7 1 31 0 35
33 45 2 23 8 41 19 11 21 6 16 7 1 35 28 18
33 2 8 45 23 41 11 19 21 6 16 7 1 18 35 28
38 39 14 40 10 9 13 15 5 44 32 3 30 22 43 37
45 33 41 23 2 8 19 11 21 6 16 7 1 35 18 28
31 26 36 34 0 25 3 5 29 40 9 43 6 10 14 44
33 2 45 8 23 41 11 19 21 6 16 7 1 28 35 18
38 39 40 14 10 9 13 15 5 32 44 3 30 22 43 37
39 40 38 10 15 9 14 3 31 32 13 5 22 44 36 46
45 33 2 8 23 41 11 19 21 6 16 7 1 35 18 28
39 14 10 38 13 40 9 15 5 44 32 3 30 22 43 27
8 45 33 2 23 41 11 19 21 6 16 7 28 1 35 17
14 10 38 40 39 9 13 15 5 32 44 3 30 22 43 29
9 3 10 38 14 40 13 15 39 32 5 44 22 4 25 43
38 40 39 14 10 9 13 15 5 44 32 3 30 22 43 37
2 33 45 23 8 41 19 11 21 6 16 7 1 35 18 28
12 37 28 31 1 3 35 46 26 22 36 44 25 15 32 45
23 33 8 45 19 11 2 41 21 6 16 7 1 35 18 46
33 8 45 2 23 41 19 11 21 6 16 7 1 35 28 18
8 33 2 23 45 41 11 19 21 6 16 7 1 18 35 28
33 2 45 8 23 41 19 11 21 6 16 7 28 1 18 35
38 39 10 14 40 13 9 15 5 32 44 3 30 22 43 27
29 38 9 40 39 14 13 5 10 15 44 3 32 17 30 22
6 17 30 29 41 2 33 21 23 11 19 43 0 18 24 46
33 45 2 23 8 41 11 19 21 6 16 7 1 35 18 31
38 39 10 40 14 9 13 15 5 32 44 3 30 22 43 37
27 4 21 45 33 19 8 2 23 28 11 41 43 6 37 35
38 39 14 40 10 13 9 15 5 32 44 3 30 22 43 27


31 43 0 11 25 8 37 6 41 40 29 14 17 2 26 4
11 31 43 0 25 8 37 6 41 40 29 14 17 26 4 2
39 18 30 15 22 46 1 32 16 5 47 19 24 45 23 28
39 18 30 15 22 46 1 32 16 5 47 19 24 45 28 34
30 18 39 15 22 46 1 32 16 5 47 19 24 45 34 23
40 37 25 29 0 31 6 8 43 11 2 14 41 35 45 17
18 30 39 22 15 46 1 32 16 5 47 19 24 23 45 34
18 30 15 39 22 46 1 32 16 5 47 19 24 3 23 28
43 31 0 11 25 8 37 6 41 40 29 14 17 2 26 4
43 0 25 31 8 37 11 6 40 41 14 29 17 2 44 26
31 11 43 37 0 25 8 6 40 29 41 14 17 26 2 4
30 39 18 22 15 46 1 32 16 5 47 19 24 28 45 23
11 31 25 0 37 6 43 8 17 35 40 41 4 26 29 10
39 30 18 22 15 46 1 32 16 5 47 19 24 45 3 23
43 31 0 8 25 37 11 6 40 41 14 29 17 2 26 44
18 30 39 15 22 46 1 32 16 5 47 19 24 45 34 28
31 11 8 25 0 43 37 6 41 29 40 14 17 2 26 4
11 43 25 37 31 0 8 6 40 41 14 17 29 26 4 33
25 8 6 0 11 31 43 37 40 29 41 26 17 2 14 44
18 30 39 15 22 46 1 32 16 5 47 19 24 45 23 28
18 39 30 22 15 46 32 1 16 19 47 5 24 3 12 23
11 43 31 25 0 8 6 37 41 40 29 14 17 4 26 2
30 39 18 15 22 46 1 32 16 5 47 19 24 23 45 3
11 31 43 25 8 0 6 37 41 40 29 14 17 26 4 2
29 2 27 7 6 8 25 43 31 0 24 37 40 13 11 45
25 11 43 31 0 8 6 37 41 29 40 14 26 17 2 4
30 18 39 15 22 46 1 32 16 5 47 19 24 34 3 45
23 13 29 24 38 11 0 45 37 25 8 41 2 43 6 31
46 39 30 18 22 15 32 16 1 5 47 19 34 24 44 27
18 30 39 22 15 46 1 32 16 5 47 19 24 23 3 34
31 11 43 0 25 37 8 6 41 40 29 14 17 4 26 2
18 39 30 15 22 46 1 32 16 5 47 19 24 3 45 28
31 11 43 25 0 8 37 6 40 41 29 14 17 26 2 4
8 6 0 25 31 11 43 37 29 41 40 14 17 2 4 44
43 31 0 25 37 8 11 6 40 41 29 14 17 26 2 44
24 29 45 13 28 26 1 2 44 23 32 15 7 47 39 22
11 31 43 25 0 8 37 6 41 40 29 14 17 26 4 2
30 18 22 39 15 46 1 32 16 5 47 19 24 3 23 45
43 31 8 25 0 11 6 37 41 40 29 14 17 2 26 4
15 18 30 39 22 46 1 32 16 5 47 24 19 45 28 3
10 14 6 31 11 43 37 9 33 25 0 17 42 8 3 35
24 23 13 32 15 18 19 47 30 46 22 1 26 39 45 28
8 25 6 43 0 31 11 37 41 40 29 14 4 17 44 2
24 45 28 13 2 29 32 23 15 1 34 46 18 26 22 39
46 39 18 15 30 22 1 32 16 5 19 3 24 47 28 23
8 0 43 25 31 11 6 37 41 40 29 14 17 26 2 4
22 39 18 30 1 15 32 46 16 19 24 23 4 47 5 45
18 30 39 15 22 46 1 32 16 5 24 19 47 45 28 23


21 46 14 32 37 38 0 7 39 36 23 35 10 4 45 47
29 19 17 8 41 2 24 11 12 43 30 3 20 25 34 18
19 2 17 41 29 8 24 11 12 3 30 20 43 25 34 27
17 41 19 29 2 8 11 24 12 3 30 20 43 25 34 27
46 21 14 32 38 37 0 7 39 36 23 35 10 4 45 6
41 19 17 29 2 8 24 11 12 3 30 20 43 25 34 27
5 39 13 35 25 15 47 44 14 37 21 46 32 6 24 10
21 46 14 37 32 38 0 7 39 36 23 35 10 4 45 47
21 46 14 32 37 38 0 7 39 36 23 35 10 4 45 47
41 29 19 17 2 8 24 11 12 3 30 20 43 25 34 27
17 41 19 2 29 8 24 11 12 30 3 20 43 25 34 27
21 46 14 32 37 38 0 7 39 36 23 35 10 4 45 47
21 46 14 37 32 38 0 7 39 36 23 35 10 4 45 47
17 41 19 2 29 8 11 24 12 3 30 20 43 25 34 27
41 17 19 29 2 8 11 24 12 3 30 20 43 25 34 27
46 14 21 38 32 37 0 7 39 36 23 35 45 4 10 40
30 41 17 19 11 2 8 12 29 24 43 27 20 22 34 15
17 19 41 2 29 8 11 24 12 3 30 20 43 34 25 27
34 1 23 47 18 30 15 26 28 31 16 6 12 13 44 22
21 46 14 37 32 38 0 7 39 36 23 35 4 10 47 45
21 46 37 14 32 38 0 7 39 36 23 35 4 10 45 47
21 37 46 14 32 38 0 7 39 36 23 35 4 10 45 47
19 8 41 17 29 2 11 24 12 30 3 43 20 1 33 9
3 5 43 42 16 4 8 10 25 33 40 29 11 9 19 41
7 46 37 38 21 32 14 39 0 36 35 45 4 10 42 47
18 15 31 5 27 34 23 16 20 13 6 26 25 35 45 22
36 7 26 37 1 46 14 21 23 38 42 45 32 35 0 10
21 46 14 32 37 38 0 7 39 36 23 35 10 4 45 47
46 21 14 32 37 38 0 7 39 36 23 35 4 10 45 47
29 17 41 19 2 24 8 11 12 3 30 43 20 25 34 9
41 2 17 29 19 8 24 11 12 3 30 20 43 25 34 27
34 18 24 12 26 47 17 2 19 41 28 11 29 30 23 1
21 46 14 32 37 38 0 7 39 36 23 35 10 4 45 47
46 21 14 32 37 38 0 7 39 36 23 35 10 4 45 47
41 19 17 2 29 8 11 24 12 3 30 20 43 25 34 27
17 29 41 2 19 24 8 11 12 3 30 43 20 25 34 9
2 27 15 30 19 41 11 17 22 29 8 12 24 31 13 1
46 32 14 21 37 38 0 7 39 36 23 35 10 45 4 47
29 24 41 17 19 2 8 11 12 3 30 43 20 25 34 9
6 32 14 46 21 38 7 35 39 37 0 10 13 36 40 31
29 41 19 17 2 8 24 11 12 3 30 20 43 25 34 27
46 21 14 32 38 37 0 7 39 36 23 35 10 4 45 47
34 18 12 23 47 30 17 19 44 24 26 41 2 11 1 22
21 46 14 37 32 38 0 7 39 36 23 35 10 4 45 47
17 41 19 2 29 8 11 24 12 3 30 20 43 25 34 27
41 2 29 17 19 8 24 11 12 3 30 43 20 25 34 27
46 21 14 32 37 38 0 7 39 36 23 35 10 4 45 6
41 17 19 29 2 8 11 24 12 3 30 43 20 25 34 27


21 47 15 26 34 38 19 33 27 0 11 25 37 30 3 29
21 47 26 15 38 34 19 11 0 33 27 25 37 30 3 29
26 47 21 15 38 34 19 33 25 0 11 27 30 37 3 29
38 47 21 15 26 34 27 33 19 0 11 25 30 37 29 3
21 26 47 15 19 33 38 34 0 27 11 25 37 30 3 29
1 29 30 0 25 38 26 21 33 47 11 15 34 19 43 12
5 8 42 39 18 44 20 22 23 13 10 16 40 2 28 1
21 47 15 26 34 38 33 19 27 0 11 37 25 30 3 29
47 38 21 15 26 34 27 19 33 0 11 25 30 37 3 29
5 8 42 44 18 39 20 22 23 13 10 16 2 40 45 1
47 21 15 38 26 34 19 27 33 11 0 25 30 37 3 29
5 42 8 39 44 18 22 20 23 10 13 16 40 2 28 7
27 38 34 47 15 21 11 26 33 19 29 0 30 25 43 37
5 8 42 39 18 44 20 22 23 10 13 16 40 2 28 17
29 27 34 38 36 47 37 15 33 21 19 26 31 11 0 35
36 16 6 43 31 32 10 23 13 20 46 22 9 1 2 35
21 26 47 15 38 34 19 0 33 11 25 27 37 30 3 29
5 42 39 8 44 18 22 20 23 10 13 16 40 2 28 1
21 47 26 15 19 34 38 33 0 11 27 25 37 30 3 29
5 8 39 42 18 44 20 22 23 13 10 16 40 2 28 1
21 47 15 26 34 38 19 0 11 33 27 25 37 30 3 29
38 15 26 21 47 33 34 27 19 0 11 37 30 25 3 29
23 18 39 8 5 42 44 20 13 22 40 41 28 9 10 1
27 38 34 47 21 15 26 33 19 0 11 37 30 25 29 3
4 35 31 3 14 44 18 5 39 17 8 7 11 16 2 15
21 26 47 15 38 19 11 25 34 33 0 27 30 37 3 29
5 8 42 39 18 44 20 22 23 13 10 16 40 2 28 1
47 21 26 38 15 34 33 19 27 0 11 25 37 30 3 29
5 18 42 8 44 39 22 20 23 13 10 16 40 28 2 1
32 35 46 31 16 17 2 43 6 19 0 14 1 27 25 3
18 5 39 42 44 8 22 20 23 13 10 16 40 17 2 7
40 30 14 29 33 37 41 15 26 34 38 21 9 47 25 11
40 41 17 8 39 5 14 18 42 44 28 24 12 22 23 6
30 33 38 3 26 21 34 47 27 25 15 11 0 19 37 9
5 39 8 42 44 18 22 20 23 10 13 16 40 2 28 17
5 42 8 18 39 44 20 22 23 13 10 16 40 2 28 1
47 21 15 26 38 34 11 19 25 33 0 27 30 37 3 29
18 5 42 44 39 8 23 22 20 1 13 40 2 9 10 17
14 40 41 45 24 8 23 39 18 42 5 9 28 44 20 13
5 42 8 39 18 44 20 22 23 13 10 16 40 2 28 1
5 18 39 8 42 44 20 22 23 13 10 16 40 2 1 28
27 38 47 34 21 15 11 26 19 33 0 25 30 29 37 43
39 5 8 42 18 44 20 22 23 13 10 16 40 2 28 1
24 25 4 13 12 26 47 1 38 15 21 11 30 6 3 0
18 5 42 44 8 39 22 23 20 13 10 16 40 17 2 28
14 29 41 13 45 6 9 10 28 44 8 24 5 42 1 18
26 47 21 15 38 34 19 25 33 11 0 27 30 37 3 29
41 12 10 3 13 28 8 40 7 42 18 5 20 22 44 39


1 8 20 2 42 30 19 22 38 11 21 46 31 47 5 14
1 8 30 2 20 42 35 19 37 47 13 11 14 36 27 18
37 35 16 26 42 27 30 40 45 8 47 25 19 3 29 11
1 35 8 2 30 16 37 19 26 38 20 11 32 9 42 29
22 44 10 28 31 21 46 12 17 40 20 38 27 24 4 34
44 17 28 22 24 12 31 41 21 46 4 0 34 40 13 7
40 37 17 28 12 27 26 16 21 31 45 35 46 23 38 0
16 35 26 30 37 2 3 36 8 45 15 29 39 23 0 1
29 2 45 16 26 35 47 0 23 41 19 13 36 30 5 43
40 27 1 5 42 20 11 37 8 22 10 14 33 30 28 13
2 1 19 8 30 35 11 47 5 36 16 32 20 38 9 29
22 44 5 10 1 31 21 4 46 20 13 33 38 14 24 11
26 16 45 0 23 29 17 35 37 41 28 43 12 3 7 32
28 17 44 0 41 24 23 39 26 45 15 7 3 34 10 22
40 27 28 37 3 15 39 42 23 36 26 0 16 17 20 35
17 28 12 40 37 26 45 0 27 16 24 31 21 46 29 23
0 26 23 3 15 39 16 36 41 45 29 35 17 28 9 18
23 17 26 0 16 45 28 29 41 37 35 3 34 7 15 40
1 2 8 19 20 22 5 30 11 42 38 47 46 21 31 4
1 2 19 22 8 38 5 46 20 21 31 30 47 4 11 14
44 28 17 40 24 0 22 4 23 12 41 13 7 34 27 33
41 17 0 44 29 28 24 23 9 26 7 45 34 43 39 6
2 19 47 36 1 5 30 4 39 8 29 11 41 15 3 14
31 46 21 5 38 22 1 33 19 2 44 4 14 10 12 13
37 1 35 38 27 12 21 46 31 19 30 40 42 2 8 20
2 41 29 19 9 16 26 0 45 32 38 34 35 36 23 43
44 28 22 40 10 5 15 39 4 13 27 3 33 20 14 36
37 40 27 12 16 35 26 28 17 42 45 23 21 38 31 46
37 40 27 35 12 16 42 26 9 38 30 21 31 46 1 20
37 27 1 42 40 8 20 30 35 11 5 12 19 16 14 18
44 41 28 17 0 24 7 22 23 13 43 39 10 15 4 34
17 37 26 16 28 40 45 12 0 27 35 23 29 24 3 43
2 22 1 19 5 44 46 31 21 38 41 14 4 33 8 13
16 26 35 9 2 29 32 8 30 45 36 41 0 3 37 15
40 42 27 20 22 31 21 46 1 12 28 37 38 44 10 8
0 41 39 23 15 3 36 44 28 26 45 24 17 29 16 7
37 40 27 30 35 42 3 15 16 39 36 26 1 20 9 18
22 44 31 21 46 10 38 20 28 24 12 4 1 5 33 14
37 27 35 42 30 1 40 19 12 38 8 20 47 16 21 46
0 23 45 17 29 28 26 41 16 3 39 15 24 36 44 7
27 42 1 40 37 20 30 8 31 21 38 46 35 12 22 9
44 17 28 41 0 24 22 7 23 12 34 29 31 46 21 43
1 2 8 19 22 5 11 38 47 30 46 21 20 31 32 36
2 41 1 19 22 36 34 9 44 4 7 8 39 20 24 47
16 2 9 35 26 19 29 32 38 8 37 30 1 46 41 21
0 23 17 26 28 45 16 3 15 39 41 29 36 44 24 40
40 27 37 42 28 20 12 17 9 10 35 18 16 26 31 21
44 17 28 24 22 4 40 0 23 41 33 34 12 10 7 39


1 42 46 5 26 32 15 11 30 27 40 12 0 25 2 36
6 3 24 10 33 4 44 35 47 5 16 41 37 1 25 11
37 33 35 9 10 47 16 3 1 5 4 40 25 22 18 6
47 36 14 46 31 22 17 0 30 42 44 15 24 7 3 26
9 38 31 19 18 22 26 34 17 7 42 6 15 39 43 2
35 40 44 47 20 2 1 30 12 33 45 28 14 32 13 8
14 16 22 39 45 23 29 0 12 21 8 43 44 2 28 26
3 37 24 47 26 22 42 9 10 5 34 38 17 31 25 14
46 1 30 43 5 12 13 31 44 47 37 14 11 15 34 8
19 38 7 31 18 9 22 26 13 15 6 39 34 17 42 36
25 21 31 34 35 18 38 17 7 15 3 9 19 40 44 10
24 30 27 8 45 41 2 39 4 16 3 14 46 29 22 12
36 17 18 7 19 38 15 10 32 26 31 6 22 34 42 35
39 34 32 24 16 27 14 41 22 3 40 23 2 45 42 4
26 30 34 46 27 31 32 23 14 43 22 45 41 8 7 15
4 45 8 2 12 27 28 29 41 20 16 21 30 33 43 37
3 47 1 44 24 5 14 40 21 26 46 42 25 35 10 15
15 31 9 38 19 18 26 47 13 36 22 6 42 10 24 5
14 12 47 30 44 46 16 29 11 4 41 37 24 43 5 28
9 38 19 31 27 5 6 18 33 43 15 34 26 4 10 2
8 2 43 45 12 46 28 14 4 16 41 27 23 29 31 30
5 19 31 38 18 36 26 34 17 11 32 6 7 22 15 25
24 40 39 22 45 23 3 34 20 14 29 9 37 25 8 38
22 34 32 8 31 24 0 42 3 26 16 9 41 36 18 38
8 4 45 2 28 29 27 12 41 21 16 30 43 33 37 20
19 38 18 26 31 17 36 42 6 39 9 7 15 14 32 22
23 6 32 35 16 11 30 12 42 18 41 28 0 43 14 45
5 47 44 3 14 1 24 17 26 9 21 37 25 31 46 15
29 41 12 45 2 20 4 8 28 30 27 21 33 16 0 23
19 38 18 31 9 26 17 22 36 15 7 6 42 34 39 13
4 12 45 8 2 16 29 27 28 41 20 21 30 37 33 43
45 8 43 2 14 12 29 41 27 4 21 46 28 16 23 30
18 38 19 31 15 9 26 36 17 6 22 42 13 10 34 35
5 31 32 26 34 38 42 6 35 18 16 1 25 3 19 10
13 18 38 17 19 36 31 9 6 47 15 0 14 39 26 22
4 33 5 16 11 37 27 41 40 9 29 3 12 35 25 32
18 19 38 36 17 31 26 6 32 15 22 7 42 35 9 10
12 4 2 8 41 29 45 27 28 20 30 16 33 5 21 43
4 8 45 2 12 28 29 27 41 16 30 20 21 44 33 37
41 20 12 29 4 45 8 28 16 2 27 21 33 23 30 24
18 38 19 36 17 9 31 6 26 15 22 42 39 7 32 0
16 37 22 47 6 26 4 9 11 5 34 30 23 14 31 42
23 12 30 41 29 45 2 28 20 4 8 27 16 33 43 11
12 4 8 2 29 45 28 41 27 30 16 20 21 47 14 33
19 18 38 31 36 26 17 22 6 9 15 7 34 32 42 39
37 16 1 11 4 5 12 47 27 30 25 29 43 2 26 42
31 5 26 43 44 30 47 14 13 38 17 36 35 42 19 8
6 46 42 10 1 3 24 14 26 47 0 37 11 15 28 4


37 12 1 33 31 45 34 14 11 23 15 43 29 30 10 13
20 11 0 13 26 47 36 41 30 8 2 23 1 21 6 12
6 36 19 26 24 20 5 25 9 39 2 3 28 42 46 0
37 12 34 13 23 1 45 30 6 10 46 14 38 0 11 33
12 37 40 1 45 32 46 8 38 2 11 23 13 18 47 29
12 13 25 37 23 1 8 26 3 45 38 2 40 30 46 32
1 37 12 45 33 38 29 16 7 31 15 23 46 21 11 35
12 37 1 32 46 38 8 31 14 21 27 23 0 19 11 45
35 42 30 44 17 3 4 23 27 25 2 39 46 20 47 9
17 39 9 2 30 40 26 20 44 4 18 7 28 5 42 21
14 37 12 33 1 38 45 43 32 19 29 10 27 4 42 23
12 37 1 46 45 21 11 32 38 23 13 40 44 2 8 27
33 37 1 12 31 45 10 14 7 16 47 30 23 22 11 35
27 36 19 13 35 14 42 3 6 46 38 31 4 34 0 32
2 17 26 39 40 21 8 12 46 38 32 28 44 13 1 11
31 12 37 1 45 23 32 46 19 44 7 38 30 21 11 4
37 12 1 0 38 14 31 21 10 46 43 34 41 32 11 16
37 1 12 31 45 46 38 23 14 32 33 21 10 13 16 11
45 23 46 37 12 1 7 30 27 44 32 25 10 38 8 42
44 35 20 34 0 16 2 8 11 42 28 36 13 41 15 6
5 9 18 22 41 39 10 20 28 24 26 0 36 6 33 19
0 13 6 33 37 38 34 14 12 21 1 36 16 15 29 22
37 12 1 43 10 16 31 14 11 33 34 27 8 45 7 42
12 37 46 1 27 23 32 38 43 45 34 40 21 19 4 11
37 1 12 31 33 45 14 10 38 46 23 32 43 15 8 16
24 22 19 5 10 7 33 28 42 14 9 15 29 18 45 4
40 23 39 26 30 44 17 46 7 21 3 25 9 27 24 42
37 1 12 31 45 33 14 10 38 23 16 13 46 15 11 7
13 41 8 11 26 36 20 0 28 2 39 24 47 43 32 37
12 1 37 13 3 31 35 41 2 8 40 38 20 44 30 46
35 37 12 1 14 42 44 30 16 31 4 27 47 45 13 32
31 37 1 12 33 14 23 45 36 25 22 30 13 42 7 34
44 35 20 17 2 16 3 7 39 36 40 6 47 12 8 46
26 36 17 39 31 44 13 3 2 20 24 1 46 28 30 12
40 2 17 39 29 11 43 20 21 26 9 16 28 34 15 7
37 14 33 10 1 12 45 22 23 30 31 16 7 35 15 27
39 17 9 26 44 2 18 20 40 28 5 19 36 42 7 30
18 2 9 39 20 36 17 26 11 8 28 40 34 5 41 0
14 42 27 4 22 16 19 31 43 38 10 34 15 37 35 33
37 1 12 14 33 45 10 38 31 8 46 13 35 0 47 23
17 2 39 9 44 42 40 20 18 26 27 19 30 35 21 3
17 39 2 9 26 40 20 44 28 21 36 19 3 25 6 34
22 5 33 10 9 24 14 18 15 28 20 3 42 41 47 30
9 17 39 22 5 20 26 28 44 24 36 31 41 6 25 3
2 21 19 40 38 12 32 17 4 8 27 47 35 42 46 25
2 17 9 39 0 32 6 19 18 36 25 35 40 42 20 21
12 11 2 8 40 1 37 36 32 41 13 46 38 0 26 21
37 12 1 31 46 45 38 23 8 27 32 14 33 16 13 11


0 6 23 35 19 41 36 3 2 45 33 9 31 22 32 42
39 30 13 43 4 1 28 37 19 38 2 29 16 46 23 9
42 26 37 11 47 35 16 7 4 5 40 3 28 1 23 36
46 15 11 21 17 40 16 26 28 35 27 42 4 14 25 7
25 10 12 2 1 22 37 32 15 44 26 13 40 14 17 47
36 16 28 29 4 11 27 21 42 19 40 47 43 34 13 30
25 32 23 44 1 37 12 7 45 35 42 31 47 26 39 33
44 28 25 29 34 8 12 22 47 27 40 46 17 4 11 13
21 34 29 11 6 5 35 28 17 33 38 36 42 22 9 0
2 25 10 22 27 6 0 39 38 41 16 23 46 17 43 18
37 1 43 7 32 3 5 26 35 45 30 23 15 12 20 21
42 47 11 34 35 18 21 5 28 36 17 6 29 37 33 26
44 11 34 22 5 25 21 14 46 24 12 26 6 17 2 37
44 12 25 21 5 22 13 34 46 17 2 40 38 14 33 6
45 2 39 20 23 43 32 27 16 0 19 13 12 18 30 3
37 1 25 32 4 12 42 23 26 13 7 31 8 19 43 44
21 11 4 29 36 19 34 28 16 5 38 0 8 42 33 47
25 27 22 16 2 12 5 34 17 10 9 46 6 0 44 43
25 44 40 37 12 4 8 33 13 1 14 28 26 47 7 32
37 28 1 4 8 25 29 43 44 32 47 11 15 18 36 7
0 16 6 19 3 23 27 36 35 2 43 5 38 39 42 9
3 21 16 35 36 0 6 23 19 45 34 27 11 26 9 38
9 10 12 31 22 18 32 15 8 1 14 24 37 35 25 38
43 4 10 23 32 19 1 9 27 16 42 35 31 47 36 7
12 44 32 33 14 5 3 35 37 25 45 26 2 13 1 21
1 37 8 43 32 7 25 39 28 30 4 46 10 13 15 24
10 6 27 36 29 45 17 16 0 34 22 41 28 2 35 25
44 12 21 33 32 8 5 25 45 38 13 1 14 35 7 37
0 34 6 41 35 20 46 12 22 27 17 21 5 36 33 42
32 37 1 12 8 31 44 24 10 25 2 38 23 33 41 15
21 6 24 45 39 34 2 5 11 0 20 33 38 35 46 14
21 35 34 27 6 47 18 0 11 16 38 36 5 29 17 3
44 25 11 28 37 47 34 22 17 21 29 8 1 5 14 42
27 6 22 17 0 36 34 10 35 9 16 3 42 2 40 29
44 25 13 41 26 17 31 12 15 2 29 33 8 38 24 30
17 42 34 22 46 11 0 47 5 35 36 20 27 6 16 9
40 32 1 12 37 4 43 7 8 25 14 33 9 13 28 20
29 34 45 6 0 44 20 36 41 19 33 21 2 24 27 28
1 37 25 8 12 44 4 7 40 32 13 47 43 18 30 39
25 40 12 13 44 30 37 14 2 1 9 18 26 3 28 39
7 1 25 14 45 26 12 5 47 10 21 40 37 27 43 13
21 11 4 35 7 38 1 43 37 8 24 28 36 47 15 23
44 25 37 5 12 34 24 47 7 33 46 39 20 1 13 30
43 19 0 32 4 16 2 36 31 33 38 23 25 30 24 27
1 32 10 37 31 15 38 24 25 8 43 39 23 12 7 2
16 27 0 6 10 23 45 32 2 19 35 36 3 43 42 41
44 1 37 21 39 7 25 12 2 8 38 24 20 11 13 30
40 13 9 30 14 7 3 27 5 43 12 45 18 22 16 36


24 13 27 34 28 17 20 15 12 31 1 46 44 7 21 38
45 40 41 36 47 6 5 32 43 0 2 11 42 38 29 44
31 27 24 13 20 17 28 34 1 12 21 46 22 30 33 23
5 36 4 40 25 45 22 37 32 19 16 9 42 11 47 3
6 18 12 31 1 41 26 45 40 28 33 39 8 10 36 46
5 36 32 45 40 4 47 11 2 19 16 39 29 6 41 30
12 7 24 28 20 13 27 34 17 15 33 46 31 44 21 1
46 20 10 30 24 14 17 15 13 28 27 12 25 31 11 38
14 42 15 13 12 24 28 44 29 41 9 27 17 7 18 20
8 26 25 18 9 29 5 44 30 2 47 16 4 15 22 21
44 7 8 17 39 18 43 2 24 30 25 15 41 6 27 28
45 5 36 32 40 4 2 11 19 47 16 6 29 30 39 25
12 20 28 24 31 13 17 1 27 46 15 7 6 33 34 21
30 14 39 40 31 1 22 10 18 29 4 11 26 28 36 16
5 45 36 32 4 2 11 19 47 40 16 30 39 6 29 8
17 34 28 13 27 24 20 44 15 22 46 1 12 31 23 21
10 14 23 11 30 36 25 19 16 5 45 38 32 4 42 39
33 21 2 7 1 12 44 31 28 32 18 35 6 0 34 46
36 43 45 40 5 2 4 14 47 19 41 6 32 11 8 30
26 18 38 29 16 3 41 23 15 8 9 21 32 47 11 12
40 36 45 6 32 47 5 41 4 11 39 29 19 43 26 3
9 26 3 46 18 21 23 42 15 14 34 8 22 16 29 12
10 25 14 23 30 42 11 43 46 1 31 39 12 28 0 27
2 32 5 36 11 45 16 19 4 40 47 6 30 29 41 39
21 2 4 5 16 37 32 39 3 29 43 47 18 14 33 19
26 16 2 38 11 35 3 25 32 5 19 29 9 4 47 10
34 13 24 27 28 15 20 17 23 7 37 44 42 35 46 38
3 23 9 26 29 21 42 16 40 6 8 1 35 22 43 32
33 12 1 20 28 31 7 21 24 13 44 34 27 17 46 14
15 18 9 46 26 27 24 13 28 12 23 25 17 34 10 39
26 3 35 38 29 10 41 31 2 16 9 18 7 36 15 5
28 12 13 15 3 26 29 18 34 24 1 27 17 31 33 38
41 15 7 26 12 42 45 3 6 40 47 33 36 29 20 11
8 34 17 7 44 22 6 9 21 27 37 33 38 43 13 20
4 2 29 11 32 16 47 5 30 19 36 39 21 45 8 37
28 24 27 13 18 31 17 34 12 20 15 1 44 46 33 7
29 3 33 35 18 10 31 32 28 9 47 42 40 19 22 7
34 13 17 28 35 24 27 20 12 18 15 38 44 7 23 1
22 27 46 37 1 17 21 39 25 4 18 16 34 13 10 31
28 13 24 27 17 20 12 34 1 15 31 46 44 7 33 21
33 4 32 2 40 7 36 29 5 11 16 19 39 21 47 45
24 20 27 13 17 34 28 12 46 31 21 44 23 15 38 1
18 47 45 32 5 29 10 6 40 36 25 2 39 44 4 7
13 24 34 28 27 17 20 12 15 1 31 44 46 7 38 23
5 4 45 32 29 47 36 19 11 39 2 40 16 37 9 3
17 24 27 13 28 34 20 30 46 21 23 31 12 39 15 7
24 13 27 15 17 28 20 34 12 46 42 23 31 1 22 25
12 28 13 1 20 24 27 17 34 31 15 33 22 46 7 21


31 11 29 46 16 47 19 26 14 40 0 7 2 5 27 41
29 31 11 46 16 26 47 0 14 19 40 7 45 43 22 39
39 20 2 18 37 47 16 46 17 11 4 42 29 40 27 31
13 34 33 28 35 32 6 44 1 10 24 8 25 36 4 43
40 42 19 25 43 28 11 31 7 45 29 15 0 22 13 44
45 18 22 12 2 20 10 3 7 39 42 8 30 37 35 32
33 24 32 36 8 21 34 35 44 9 6 23 1 17 13 12
11 46 29 31 16 47 40 26 14 0 19 7 2 27 39 5
26 31 4 19 43 13 15 5 16 29 11 25 35 1 45 22
35 32 33 8 44 24 34 36 1 9 6 13 10 21 23 17
31 29 11 46 16 47 19 26 14 40 0 7 2 27 41 25
31 29 11 46 16 19 47 26 7 14 40 25 15 43 0 2
31 29 11 46 19 16 47 7 26 40 0 2 43 45 25 41
2 18 42 20 39 37 3 0 17 47 46 23 38 6 27 32
31 11 46 29 16 47 19 26 40 0 7 14 2 25 5 41
17 37 8 35 1 24 9 36 33 32 21 13 44 34 23 30
18 27 42 2 47 38 14 3 41 37 20 19 8 39 46 40
46 31 11 29 16 47 19 40 26 0 14 7 2 27 39 45
33 24 34 32 6 35 36 44 13 10 1 28 21 3 12 23
46 47 11 31 29 16 2 40 17 37 39 18 19 14 7 20
6 34 32 28 33 13 44 25 24 4 21 26 0 10 43 3
25 28 31 19 0 30 47 29 11 5 18 16 46 44 12 3
15 11 14 46 16 29 17 31 5 47 37 40 45 7 9 2
24 32 33 8 12 36 23 35 10 34 21 3 44 17 6 37
23 38 3 17 28 46 41 27 18 6 8 2 47 10 34 37
38 27 45 30 23 42 39 10 18 1 22 40 16 14 33 7
12 5 10 31 22 11 0 16 7 29 46 47 26 40 3 15
29 31 0 11 46 26 19 25 47 16 43 7 14 39 22 45
29 11 31 46 0 16 14 39 47 19 38 7 25 27 45 40
37 17 20 2 23 8 39 18 24 3 36 35 42 6 13 32
44 33 34 5 15 10 14 26 32 4 24 9 25 28 43 21
4 41 44 43 23 26 30 9 7 31 36 13 24 16 35 22
13 34 44 33 6 28 17 32 20 18 23 8 35 10 30 24
18 2 37 39 17 20 42 13 8 6 24 44 33 34 32 23
1 43 42 45 30 39 10 27 22 38 35 13 23 36 40 20
31 29 11 46 16 19 47 26 14 40 7 0 45 2 27 22
30 27 45 38 22 47 23 16 10 44 37 1 40 39 4 17
26 31 29 46 11 16 0 47 19 14 3 25 38 40 5 4
39 2 20 37 47 18 17 23 4 28 42 40 38 3 30 14
20 39 47 2 27 18 37 43 45 3 1 0 25 42 22 36
44 45 13 1 31 17 7 11 43 29 16 22 19 40 37 14
45 22 7 30 29 16 27 10 11 38 46 42 26 31 39 14
33 34 32 24 44 35 21 6 10 28 8 9 36 1 13 12
14 16 26 31 29 11 5 46 47 22 12 45 40 7 0 15
1 36 19 35 43 5 31 40 14 13 26 16 17 11 25 8
46 11 31 29 47 16 19 26 0 40 14 7 5 27 2 3
37 17 8 5 15 12 1 9 35 36 24 10 21 40 23 45
45 11 29 15 9 7 19 13 46 1 16 31 37 5 17 39


44 39 37 9 33 1 31 30 2 45 24 10 14 34 3 25
18 26 36 43 33 6 38 16 45 34 19 0 40 7 3 12
13 19 34 21 36 7 12 40 18 41 32 3 11 43 23 4
11 4 36 8 41 22 40 17 6 32 23 18 35 46 38 28
14 42 16 0 29 39 21 33 1 45 3 44 5 38 9 25
30 33 3 31 5 19 39 45 9 1 44 42 29 32 27 2
36 18 41 26 40 8 11 23 6 15 4 17 12 19 32 21
1 29 30 42 44 33 14 39 2 16 27 37 45 25 9 15
14 39 42 16 44 29 1 33 37 0 30 24 45 9 5 3
11 4 22 41 36 32 40 8 18 19 31 35 17 6 23 34
18 36 26 5 8 6 40 38 17 12 16 0 41 11 19 4
36 41 40 4 18 11 8 22 26 19 32 31 17 35 43 12
44 1 9 33 39 30 45 14 2 37 16 29 31 6 46 42
41 36 4 18 15 40 8 11 23 22 19 26 6 35 32 17
31 4 27 41 22 23 32 40 15 37 30 19 11 35 10 46
4 41 11 36 18 22 32 17 8 40 19 31 35 46 10 23
19 36 18 41 26 4 12 38 40 22 46 35 11 47 10 28
6 18 16 0 33 42 29 35 14 45 3 23 19 21 34 38
18 36 40 0 8 11 6 26 19 4 16 41 23 34 29 12
41 22 4 11 36 25 40 15 32 23 31 34 17 8 46 35
7 47 19 5 30 33 25 15 29 31 34 14 0 26 1 13
36 18 40 41 4 8 34 11 26 43 23 12 13 28 47 19
35 9 26 33 46 19 15 45 44 28 39 38 37 24 1 18
36 40 18 8 4 41 12 13 11 28 26 43 47 19 34 22
39 10 14 45 24 44 33 9 3 42 37 17 1 43 21 38
41 11 0 36 6 26 16 42 34 22 18 3 33 23 21 35
11 36 6 4 8 40 41 18 22 32 26 17 35 23 19 12
36 18 41 40 4 11 8 26 6 19 23 32 22 34 12 35
40 23 4 22 27 8 31 47 32 36 37 18 19 17 7 41
31 18 41 36 32 4 11 10 40 8 43 22 19 26 17 46
36 8 41 18 4 40 11 32 17 22 26 31 6 19 46 43
15 41 21 36 17 11 4 26 8 23 32 25 40 35 22 6
21 13 20 7 42 32 0 3 14 19 2 15 10 12 8 39
36 8 17 18 40 11 4 23 41 22 6 26 46 38 5 34
17 9 5 37 44 39 31 41 35 46 15 32 22 25 4 19
4 41 22 11 19 24 15 2 36 43 25 10 9 34 35 44
11 4 41 22 32 23 17 36 46 15 21 28 35 20 19 18
36 18 40 41 8 4 11 19 34 22 7 31 32 10 43 28
36 18 4 11 8 41 40 35 19 26 22 32 12 47 46 38
13 17 11 38 22 34 18 36 6 19 8 3 5 20 40 32
47 3 13 7 4 18 41 32 19 36 11 23 22 40 12 5
30 42 39 1 29 33 14 45 16 44 0 25 2 9 37 24
36 40 8 22 4 11 41 31 32 18 17 27 43 19 12 7
36 41 40 18 11 8 4 26 22 12 19 32 34 17 43 35
1 44 30 29 37 39 45 42 2 14 27 33 25 9 16 21
19 38 5 45 30 9 32 33 1 39 3 44 10 31 37 20
16 6 8 12 14 17 18 29 26 5 20 36 40 46 0 38
1 30 37 44 27 39 25 2 29 15 33 9 42 24 31 10

