
17 65 70 37 2 89 31 28 43 6 1 85 56 79 49 19 47 32 61 48 45 69 22 82 9 88 71 20 59 13 52 95
91 40 27 73 29 46 33 90 78 53 24 42 5 0 16 77 18 93 76 30 57 54 39 84 72 44 11 64 94 35 8 12
44 84 72 63 93 54 77 30 5 35 16 75 23 64 3 81 8 15 74 76 14 60 92 0 34 38 67 66 73 57 90 36
14 38 74 84 72 60 44 63 92 35 93 75 8 77 5 81 64 54 3 76 23 15 16 67 73 30 86 50 52 34 62 90
0 15 16 54 57 30 77 81 5 36 93 3 84 83 44 76 59 63 39 72 18 75 67 66 64 8 23 35 58 73 21 90
17 31 65 70 1 37 82 56 89 32 47 19 28 49 45 6 69 26 20 61 48 2 68 71 85 21 22 43 79 12 29 78
78 27 12 29 62 94 52 17 6 42 70 46 53 48 40 85 47 22 31 65 33 49 88 37 50 38 19 7 32 9 69 91
65 70 17 48 31 37 1 6 56 85 89 47 22 28 19 49 88 32 45 61 82 43 50 68 52 26 79 2 69 13 71 20
19 31 17 37 89 70 47 85 48 2 45 65 69 6 1 68 82 32 13 49 28 56 20 43 52 26 86 41 95 71 9 21
27 73 29 90 46 33 78 40 91 53 42 12 5 35 64 72 76 30 84 44 93 16 74 54 66 55 14 62 23 38 0 75
44 84 93 63 72 35 75 8 14 74 77 54 30 92 23 3 5 60 64 38 81 76 16 15 67 34 66 73 0 90 86 57
0 16 30 15 54 5 57 81 36 84 72 77 93 44 3 18 63 76 23 66 64 35 75 83 59 39 73 90 67 86 8 74
27 40 29 91 78 46 73 90 33 53 12 94 42 62 6 76 89 95 25 39 0 5 49 74 83 11 93 32 66 55 7 21
38 14 60 92 35 74 75 23 34 8 52 88 44 63 9 64 72 77 85 84 93 76 48 50 62 73 51 55 5 3 54 67
65 70 48 31 17 85 37 28 47 6 56 1 89 19 49 82 45 32 88 68 50 2 43 13 51 26 61 9 52 69 95 22
69 79 41 71 59 20 83 45 2 86 57 37 19 32 17 1 49 89 81 21 82 52 39 22 56 70 27 78 62 65 29 25
70 48 17 31 65 28 85 47 6 37 88 1 13 89 19 56 49 45 82 43 32 61 50 26 2 68 22 69 51 9 52 20
39 83 21 68 15 86 26 20 0 81 57 82 45 69 71 19 16 32 1 41 84 93 30 56 25 54 67 5 76 89 37 3
20 83 21 71 69 82 39 32 26 1 56 19 68 45 2 41 89 37 57 49 61 0 59 36 31 17 79 65 25 15 22 18
75 14 92 60 38 63 72 44 35 8 77 84 74 93 3 51 54 23 67 50 64 34 5 76 81 30 16 73 15 95 52 24
65 17 31 70 56 1 89 37 32 82 28 61 6 47 19 49 48 26 2 45 43 85 69 20 68 22 71 21 88 13 79 50
26 31 82 20 61 32 21 69 2 17 56 28 89 71 83 1 36 45 68 47 29 39 65 49 70 19 43 18 37 51 48 6
14 38 92 60 35 74 63 75 23 44 52 34 9 77 8 72 93 84 62 76 64 5 88 3 73 50 54 55 90 81 95 85
11 66 4 80 67 3 34 10 23 8 44 58 95 7 63 22 55 54 24 12 30 64 84 75 14 72 38 16 93 92 42 76
19 69 45 37 1 41 82 68 71 20 32 89 83 21 56 47 49 2 86 17 39 31 26 70 65 6 79 25 22 57 52 43
51 50 88 14 64 72 84 38 8 54 93 29 12 48 92 35 85 63 68 60 26 15 5 62 44 66 24 90 73 16 27 34
1 56 37 82 32 19 45 65 89 17 69 71 20 2 26 21 49 31 68 70 6 61 47 83 43 48 28 39 79 85 41 22
58 10 13 67 8 3 93 44 80 60 84 64 63 81 76 15 54 72 30 77 74 16 24 11 95 14 38 23 4 86 75 92
44 84 72 63 23 35 64 54 77 8 30 93 75 5 14 3 16 38 34 60 76 74 92 81 15 66 73 67 0 90 55 36
1 56 65 32 17 37 82 70 45 69 49 89 20 31 26 19 61 6 47 71 22 21 2 43 48 68 79 28 85 83 50 41
12 29 27 78 18 46 66 53 55 62 42 59 23 90 22 7 94 34 36 33 73 35 0 30 49 39 5 64 72 92 79 69
44 84 72 35 63 93 75 14 8 74 23 54 64 30 77 5 92 38 60 3 16 76 81 15 34 67 66 73 0 90 86 18
17 89 65 31 27 37 49 46 19 70 1 6 82 78 32 29 56 69 91 48 40 45 12 26 20 47 68 21 61 2 71 85
15 0 16 57 39 30 81 93 54 5 84 83 72 36 76 3 21 77 67 63 18 64 44 41 71 86 8 68 35 20 90 26
27 78 29 40 73 33 46 91 53 90 12 62 6 42 25 89 55 32 94 70 65 17 48 49 69 31 87 79 2 85 18 22
44 35 77 75 54 84 63 72 23 93 8 5 14 30 64 34 3 16 60 92 38 76 74 81 15 66 73 67 0 55 90 36
0 57 16 15 83 39 36 81 54 30 21 5 71 59 20 18 3 84 93 77 41 76 72 66 26 67 44 69 63 90 86 2
70 17 65 6 31 37 89 32 2 48 85 56 47 28 1 45 49 19 82 61 43 69 26 88 25 50 68 29 62 22 78 51
8 84 63 44 64 54 72 77 93 35 38 3 60 14 23 76 30 81 15 5 16 67 74 75 92 66 34 73 86 0 58 90
14 23 38 35 44 72 75 63 64 60 92 84 74 8 34 77 5 93 30 76 54 3 73 16 90 67 51 81 66 95 55 52
80 58 4 10 8 13 38 3 11 9 88 14 60 74 44 52 92 63 67 95 85 75 7 48 34 40 23 94 77 66 50 84
81 44 84 16 30 93 3 77 54 15 72 63 74 5 75 35 23 76 0 8 64 92 67 57 14 86 60 66 34 73 38 18
1 37 65 56 19 17 31 32 70 45 89 82 49 6 68 47 2 69 26 61 71 20 21 48 85 28 43 22 79 4 9 88
84 72 44 54 93 30 16 5 63 77 35 15 81 75 64 3 8 76 23 74 14 0 60 92 67 38 57 34 73 66 36 90
25 62 45 60 24 67 6 89 32 5 49 2 56 1 37 47 85 65 17 48 10 61 70 19 92 76 82 93 77 43 73 4
38 60 14 35 92 8 74 93 27 75 63 72 84 94 64 44 23 52 5 77 78 91 62 12 88 90 76 54 30 9 40 34
51 88 14 85 48 38 28 60 50 34 9 8 64 13 35 92 52 72 6 63 65 75 84 70 93 62 44 95 23 24 76 73
14 38 60 8 35 64 34 72 44 92 75 63 84 23 93 88 51 77 54 74 76 5 30 50 3 73 66 67 85 9 52 62
14 38 44 75 74 35 92 23 63 60 8 72 84 77 93 64 3 34 76 5 54 30 81 67 52 16 73 66 15 90 86 95
21 83 71 20 29 26 32 59 82 56 25 57 1 39 91 0 69 94 45 2 36 78 40 61 79 49 19 62 68 37 16 89
44 23 35 63 84 72 64 77 8 30 54 75 14 93 38 3 60 5 34 74 76 16 92 81 66 73 67 15 0 90 86 55
31 65 70 17 37 1 48 28 89 56 19 85 82 47 32 45 6 49 2 68 26 43 13 69 61 20 88 21 50 71 22 51
48 50 65 70 17 85 1 47 31 37 56 45 6 19 88 68 49 52 82 89 26 32 13 61 22 51 28 69 38 21 43 78
80 58 4 8 3 40 7 10 77 11 87 91 75 15 55 34 63 44 73 43 42 94 76 81 66 30 79 13 23 74 84 38
1 56 32 82 37 45 19 69 20 26 89 65 71 17 21 2 49 68 31 70 61 83 6 47 22 39 43 79 48 41 28 25
41 23 18 36 43 47 95 79 69 57 4 59 92 75 34 0 83 7 42 55 28 87 74 86 12 13 81 3 20 30 2 67
44 84 72 30 54 16 77 63 93 75 23 5 3 81 35 15 8 64 74 76 0 14 92 34 67 60 38 73 57 66 36 18
83 20 36 21 39 0 71 26 57 59 82 69 16 61 32 2 15 18 11 56 68 41 1 30 54 66 4 3 19 58 10 89
4 80 58 10 3 22 13 55 67 66 34 87 23 11 59 43 79 15 7 44 77 63 75 81 8 36 30 47 16 54 92 50
38 14 85 60 52 9 48 74 88 92 13 8 35 50 28 23 63 75 34 64 44 51 95 47 72 6 62 84 70 76 93 94
19 1 82 69 89 20 37 32 68 71 56 31 45 17 2 21 49 65 47 26 83 70 61 22 43 79 6 39 41 28 59 13
19 37 41 69 45 47 1 89 17 31 82 70 49 32 68 6 20 65 2 71 56 86 21 83 48 52 26 85 79 9 22 39
29 27 78 33 62 73 46 40 90 91 12 25 53 5 42 35 18 94 72 6 0 55 16 30 64 93 76 84 54 24 39 66
44 77 75 63 54 84 72 3 35 8 93 23 14 5 16 64 30 81 60 76 34 74 92 38 15 67 66 73 0 57 36 58
23 34 35 44 64 30 14 38 75 63 72 77 84 8 60 66 55 74 92 3 54 5 93 16 94 42 18 76 81 90 0 15
93 60 63 14 77 84 8 74 35 76 9 54 81 15 75 38 92 5 44 62 91 64 72 3 16 78 94 30 67 40 86 90
13 43 50 58 80 70 65 10 4 85 48 7 28 31 17 56 37 95 88 51 47 1 19 61 9 49 52 45 2 82 89 22
38 72 84 60 74 93 64 63 8 14 35 86 76 92 44 5 81 67 62 54 75 15 16 30 91 90 23 77 78 25 73 3
40 91 73 27 33 90 29 78 62 25 5 18 46 42 53 0 83 57 39 24 55 77 16 32 6 89 76 21 94 36 30 71
60 5 93 76 84 72 25 67 44 63 35 54 77 62 14 92 64 81 16 30 38 74 15 75 24 8 23 73 3 86 0 57
35 74 93 94 75 44 60 14 63 92 77 38 84 5 8 72 91 23 64 54 81 30 73 76 27 16 78 53 15 90 52 34
54 84 66 16 30 72 5 15 64 77 93 35 0 63 44 3 75 8 73 34 81 57 42 76 14 18 55 90 12 36 94 23
54 15 16 93 84 30 5 0 72 81 77 44 76 64 63 57 8 3 35 36 67 75 39 66 60 73 23 90 74 92 14 18
10 67 8 76 80 58 73 44 38 14 74 3 63 87 91 9 93 84 64 60 40 72 11 88 23 24 34 75 77 90 92 48
58 10 67 44 3 8 91 93 80 77 63 13 11 60 81 76 84 54 15 75 74 64 30 23 94 16 72 24 14 73 34 40
27 91 29 40 73 46 33 78 90 53 42 6 89 62 24 94 32 25 51 48 39 18 2 49 83 55 7 69 21 70 61 65
4 58 10 80 3 13 43 7 87 67 42 50 63 77 81 75 8 66 15 34 23 57 22 55 16 84 44 54 95 86 59 47
80 4 87 55 10 58 67 11 3 44 73 66 34 43 22 23 24 63 77 30 53 81 7 16 13 64 84 74 72 86 54 15
2 71 20 82 69 89 32 56 1 21 19 26 37 31 17 83 65 43 68 61 70 22 59 49 42 45 39 79 28 41 95 47
30 54 5 16 44 23 84 77 72 64 35 34 93 63 75 0 15 66 3 76 8 81 36 73 18 14 57 55 60 92 74 90
54 0 16 30 34 18 36 15 5 66 59 77 51 11 57 93 84 23 72 44 75 64 39 35 63 3 83 61 76 55 21 73
54 75 44 16 84 77 72 30 93 63 5 35 81 3 15 23 0 92 74 76 8 57 14 64 34 36 67 66 60 18 73 38
44 84 30 72 16 5 54 93 81 63 77 15 35 3 75 23 76 74 64 0 8 57 92 14 67 60 66 34 36 73 38 86
44 84 54 72 64 3 8 30 93 63 23 16 77 35 15 81 75 5 67 76 0 14 74 34 60 66 38 92 36 58 57 73
64 72 84 44 14 8 35 23 63 38 93 54 30 60 75 34 77 5 76 92 16 3 74 15 67 66 81 73 51 90 0 18
44 84 63 72 54 35 77 23 93 64 30 5 75 8 3 16 81 76 14 74 15 60 34 38 92 66 0 67 73 57 36 90
38 14 52 74 92 60 85 88 50 48 9 75 35 8 63 95 44 23 86 13 70 34 62 73 72 77 6 76 84 93 55 28
85 48 38 88 28 52 50 14 13 9 70 47 51 60 6 31 92 65 17 95 74 8 43 62 37 35 64 7 34 94 24 86
31 19 37 17 1 45 47 89 82 70 65 28 32 48 85 68 69 6 49 56 13 2 26 20 43 61 21 71 9 22 83 88
93 84 54 72 5 15 16 30 63 77 76 64 35 44 14 8 75 81 60 92 0 67 3 74 38 51 73 57 90 23 62 34
39 20 26 21 71 82 83 69 36 2 19 31 56 68 1 32 41 61 89 10 45 57 11 13 95 49 37 17 0 58 43 47
3 44 63 23 72 64 84 30 8 14 34 75 38 74 76 35 54 77 16 5 66 67 81 93 60 58 92 55 4 73 7 15
84 44 63 72 81 54 16 5 93 35 3 77 74 15 75 30 8 23 0 64 76 92 57 14 67 86 38 60 66 36 73 90
91 46 67 10 93 8 76 40 58 78 27 53 95 11 49 9 80 15 94 84 13 21 19 39 90 12 26 73 92 56 81 37
50 51 70 17 56 65 61 26 88 48 43 32 2 11 95 37 24 31 89 20 22 85 69 82 6 45 1 68 87 52 49 10
17 70 65 37 31 1 89 19 32 82 56 47 45 6 49 69 2 48 28 85 20 26 68 43 61 71 22 21 79 13 12 88


25 51 44 75 0 10 28 79 8 91 16 78 7 86 87 47 55 42 60 40 80 11 17 14 19 73 52 71 85 58 2 1
39 18 38 65 67 32 31 74 84 22 9 33 45 61 23 34 43 12 7 15 62 91 76 27 48 20 82 3 53 36 95 54
88 94 85 80 75 24 14 2 11 73 13 10 55 49 0 1 77 26 4 57 58 47 28 6 51 63 41 16 8 90 30 87
72 67 33 38 18 23 84 31 39 22 20 44 15 61 65 9 12 74 54 43 91 34 40 81 3 32 19 66 93 92 7 52
55 93 75 16 10 42 13 49 2 60 50 28 7 85 21 36 25 78 71 79 3 0 46 92 58 83 86 44 63 73 22 8
55 16 75 10 80 58 94 85 13 2 8 0 1 14 28 88 11 49 51 24 73 77 47 87 25 86 66 26 6 57 71 78
78 79 1 29 26 94 11 35 73 5 58 21 60 13 87 62 41 85 40 2 25 93 19 48 28 69 57 71 72 83 89 70
75 16 10 78 13 85 80 49 11 58 55 0 28 57 1 2 73 5 87 8 51 66 29 86 94 26 14 52 47 4 70 79
28 79 27 54 34 0 19 7 82 66 11 72 91 87 40 58 25 78 89 70 45 93 21 1 2 8 5 10 35 23 51 47
81 20 92 15 43 33 7 44 67 18 17 61 74 54 22 31 42 51 4 12 23 52 64 72 46 38 84 65 9 60 40 86
13 85 1 58 0 26 80 75 55 87 11 2 94 28 47 14 10 73 57 88 24 8 79 62 56 66 51 16 49 40 86 78
24 14 51 80 87 47 71 11 79 17 13 73 8 85 75 0 10 58 28 40 56 44 55 7 12 89 94 43 86 77 1 2
61 18 39 67 38 84 22 74 31 92 65 9 20 33 23 82 34 27 68 53 32 43 6 95 60 25 54 72 44 62 15 52
80 75 10 0 85 11 13 73 55 58 28 16 1 87 94 2 8 47 51 57 14 79 88 24 49 25 66 69 78 71 40 26
22 61 67 38 18 65 31 84 34 20 39 23 9 33 74 92 45 93 95 44 32 91 40 72 54 60 36 43 15 66 52 3
8 10 55 75 13 0 85 80 94 87 58 16 1 2 11 28 57 88 14 25 51 47 73 78 79 24 66 26 49 62 6 86
36 76 64 63 15 84 42 95 45 39 65 67 68 18 38 48 61 43 22 7 33 31 32 50 77 74 81 56 40 34 29 66
30 27 89 69 6 24 94 75 10 41 25 80 51 73 88 85 8 17 47 12 90 55 5 4 11 49 70 0 13 71 14 26
18 31 38 67 74 39 22 61 65 30 84 32 33 48 23 92 9 82 20 68 43 95 53 12 63 34 81 76 35 69 45 15
51 53 69 70 86 80 27 82 6 26 30 68 11 14 58 85 5 35 94 2 73 75 0 41 1 12 90 79 28 24 56 29
56 30 95 65 23 69 45 34 32 68 62 7 53 48 87 38 70 40 52 63 39 12 18 83 84 86 93 31 47 71 24 82
11 47 64 88 1 80 73 94 87 8 14 79 57 58 53 85 28 13 10 4 49 2 75 69 25 24 0 55 78 71 51 35
88 94 73 10 4 80 2 6 81 49 75 0 16 1 24 47 64 85 29 90 14 19 11 37 25 36 30 57 68 41 13 77
19 72 5 31 29 9 82 22 35 41 32 74 18 38 61 70 90 67 39 88 33 84 83 65 30 81 20 6 27 34 94 52
58 13 85 55 75 11 1 26 2 28 0 80 10 94 57 73 47 14 88 24 87 16 56 49 66 79 51 8 5 4 78 19
82 27 70 41 90 34 6 5 9 29 72 19 32 23 77 93 22 69 50 21 62 89 31 36 61 44 18 52 38 39 75 71
93 22 61 92 34 21 20 36 63 67 18 31 74 42 54 38 33 60 48 89 45 9 95 70 39 83 23 35 81 17 84 7
24 0 85 11 57 14 4 94 51 28 80 88 76 1 73 2 13 6 58 75 10 87 56 12 55 26 53 77 79 66 5 8
55 58 85 75 13 80 2 11 1 10 94 87 8 0 14 28 47 16 26 24 57 73 51 88 49 56 66 79 62 25 69 86
22 23 61 65 38 18 31 67 39 34 74 20 9 33 84 92 32 48 95 93 45 27 7 63 60 21 54 72 81 82 43 44
85 13 11 80 1 75 0 10 58 73 55 94 2 28 87 57 88 14 47 26 24 8 79 16 51 56 49 66 4 86 78 83
12 76 53 51 91 68 30 24 17 14 15 43 64 42 54 77 4 86 80 84 47 7 59 87 85 40 79 66 65 11 0 73
44 34 91 62 40 45 28 90 82 65 54 79 66 32 89 23 50 71 9 84 39 19 25 78 33 72 61 38 93 3 70 58
58 13 85 55 26 62 80 47 75 56 2 28 11 1 94 8 24 87 14 16 10 0 49 57 45 79 5 77 86 51 69 66
56 65 45 48 1 79 33 81 72 26 23 62 54 9 34 93 12 39 40 76 77 17 3 24 15 42 28 87 38 7 14 32
88 29 90 49 77 16 94 50 75 2 80 36 6 10 41 13 64 85 73 55 26 19 15 1 30 89 28 0 68 59 37 72
85 13 94 75 80 73 11 1 2 0 10 55 58 57 47 14 88 28 24 87 8 16 26 49 56 4 66 51 79 30 29 83
94 2 13 85 88 80 1 11 75 58 73 14 55 47 24 49 10 26 57 0 64 30 16 56 28 4 87 8 90 29 66 59
79 5 35 83 76 27 70 78 7 46 86 56 82 48 4 53 59 81 51 63 93 45 57 19 91 28 20 47 58 10 2 22
19 28 88 72 26 1 2 73 81 76 85 35 36 77 0 11 13 79 42 80 94 91 3 75 66 14 53 49 10 64 47 86
17 77 15 90 63 71 75 95 60 24 49 59 68 52 86 43 14 50 81 80 89 16 41 10 51 64 8 42 13 47 54 94
38 65 39 61 18 67 31 74 22 9 84 23 32 34 33 54 72 20 12 92 15 45 82 62 36 95 44 27 17 60 30 53
55 10 75 80 0 94 85 16 11 88 2 8 73 13 1 58 28 57 14 87 51 24 47 25 66 49 6 26 79 78 77 42
92 20 25 61 22 74 4 67 31 10 16 51 33 88 54 6 81 9 82 44 21 18 35 84 94 73 41 49 76 42 93 8
65 38 39 18 23 61 67 9 22 33 34 31 74 32 84 45 44 20 62 91 72 92 93 27 60 36 54 82 7 21 53 35
62 58 79 13 1 87 26 66 55 8 53 78 85 94 28 0 91 40 57 69 11 32 45 56 80 2 14 35 5 73 3 72
38 65 31 67 61 39 18 22 9 74 23 33 84 32 34 20 72 15 92 54 45 82 12 62 27 95 48 30 36 17 52 63
10 75 13 85 0 26 88 28 1 14 55 80 11 94 73 42 2 51 87 47 27 7 58 24 79 83 86 35 77 4 21 8
51 80 10 0 73 88 75 11 14 85 94 24 57 16 2 86 4 55 6 26 53 1 87 28 49 42 25 13 58 79 69 77
66 91 44 56 57 79 19 50 3 72 58 76 78 40 73 5 35 11 85 53 83 87 45 80 28 43 47 1 60 13 0 54
62 58 45 32 34 36 66 55 16 65 3 95 50 39 40 13 60 26 91 90 8 53 69 28 29 68 5 78 86 71 52 93
92 20 61 22 67 33 31 74 25 18 9 38 23 84 21 44 43 82 81 60 54 39 65 95 91 15 34 72 50 90 93 41
65 18 27 38 23 67 31 74 39 22 61 9 84 82 33 17 34 68 92 20 90 44 32 77 43 69 86 54 62 71 30 15
13 85 11 80 58 28 75 1 0 10 55 2 94 14 47 73 87 57 8 24 79 88 26 56 16 66 51 49 4 78 83 42
7 48 70 79 81 51 15 14 56 46 82 27 76 86 24 4 47 17 63 89 28 2 52 83 57 18 43 59 54 20 45 32
77 90 6 81 17 88 15 64 94 36 41 29 72 19 26 24 63 75 86 30 14 32 59 68 37 27 50 31 47 49 82 52
85 80 13 11 73 47 75 58 2 14 10 28 1 94 0 24 57 4 55 56 88 26 79 87 49 16 51 66 8 81 42 83
77 75 55 94 10 85 13 88 36 2 16 49 80 6 26 14 58 11 0 1 47 28 90 24 73 8 64 42 51 86 29 3
95 30 68 40 63 69 84 23 48 52 12 34 43 87 57 60 90 24 71 37 31 70 65 53 4 7 82 67 92 44 22 38
41 89 6 88 94 70 90 29 21 48 37 26 77 27 30 72 5 75 49 13 35 2 81 24 73 63 10 93 17 34 80 22
85 75 10 80 73 11 0 94 13 2 1 88 47 28 55 57 14 87 58 16 24 4 51 8 79 49 26 66 78 56 86 83
55 10 94 75 0 80 8 2 85 16 88 11 28 1 13 58 14 57 87 73 51 66 25 24 47 49 79 6 77 78 83 42
94 10 88 5 75 6 49 77 16 80 55 8 21 85 29 35 1 25 13 26 2 73 0 11 68 90 41 53 28 19 58 66
11 85 0 87 13 80 1 28 75 73 58 57 10 14 47 55 79 94 2 8 88 66 16 24 51 40 26 56 78 49 4 71
19 88 72 94 26 29 35 13 24 85 73 63 47 75 10 55 6 81 89 42 1 80 77 2 54 37 83 14 41 4 56 0
32 45 39 62 56 34 26 18 38 65 36 63 58 84 95 43 67 68 93 22 31 64 48 15 17 30 60 40 61 13 3 59
75 85 10 80 11 73 13 0 94 55 1 2 28 14 57 88 87 58 47 8 16 24 51 79 4 49 26 66 56 78 83 25
47 57 16 46 89 2 66 53 85 49 58 75 11 4 0 91 13 55 76 73 94 10 56 28 59 3 70 87 1 68 80 79
80 0 75 85 51 73 28 10 11 1 88 13 58 57 2 94 16 47 14 55 87 24 8 79 26 27 70 49 83 69 25 86
29 15 36 64 50 16 90 49 68 63 17 3 59 77 75 69 71 43 45 89 80 83 95 13 60 2 88 55 26 14 30 11
80 58 69 85 6 0 75 94 73 8 11 1 10 78 47 88 13 55 53 19 25 87 28 51 26 57 16 2 5 49 86 35
20 92 81 4 30 23 31 43 67 68 25 84 22 74 33 61 69 18 48 63 95 12 65 40 17 57 73 15 53 38 51 60
90 50 16 6 29 37 41 3 52 5 36 75 77 86 88 49 94 19 82 30 80 21 69 68 72 2 10 46 55 74 73 85
31 67 38 18 22 74 61 33 65 39 9 23 84 20 92 32 34 48 72 54 27 82 81 63 15 43 17 7 44 12 21 95
77 52 90 6 29 19 41 49 86 64 5 88 94 50 75 26 30 80 15 2 72 82 59 16 13 37 21 69 10 1 8 25
13 58 28 85 1 11 2 47 56 94 55 87 80 26 14 0 75 57 79 24 45 73 66 8 10 88 62 3 4 49 42 89
85 13 58 75 11 80 0 1 28 55 87 73 2 47 94 14 10 57 26 24 8 88 79 16 51 56 66 49 62 86 71 78
38 65 39 18 45 56 67 82 31 32 23 22 95 48 61 9 74 33 5 84 72 63 27 52 40 91 69 60 34 86 43 70
71 17 69 90 48 51 43 68 24 89 63 95 14 30 80 27 84 70 50 81 44 64 15 59 46 82 31 12 52 86 73 56
73 14 80 11 85 0 24 13 94 88 75 1 10 28 57 87 47 2 4 51 55 79 56 8 58 81 26 66 83 16 42 25
12 41 6 82 90 53 30 5 68 15 29 77 86 25 52 50 80 19 69 49 51 9 54 27 74 94 31 21 8 34 67 11
75 11 51 85 73 57 80 55 24 58 69 43 0 14 4 10 16 94 47 49 87 28 78 8 6 71 5 89 70 13 40 95
77 36 88 2 94 19 75 14 85 28 64 13 55 24 47 1 49 80 0 6 10 11 15 73 58 42 26 90 29 50 72 51
55 10 93 94 8 25 88 1 75 2 16 73 21 87 0 13 42 34 63 85 89 92 57 29 49 28 24 22 11 71 70 90
70 2 25 57 19 1 82 10 75 11 0 73 85 8 66 49 88 90 28 94 5 58 80 55 52 56 29 93 87 13 78 79
53 70 57 5 82 30 69 76 51 16 1 4 86 11 85 79 87 58 10 66 2 83 73 56 78 80 46 8 75 68 13 90
73 81 4 88 14 51 75 10 85 80 11 1 0 33 92 43 94 49 7 24 2 57 64 86 15 47 19 48 79 25 83 26
61 31 22 74 67 92 18 20 38 23 33 9 65 84 39 34 82 48 54 81 27 95 32 60 43 21 44 17 63 7 69 30
38 67 61 18 65 39 31 22 74 23 84 33 9 34 20 32 92 54 72 12 44 15 82 95 27 60 45 43 91 93 17 62
33 8 92 81 61 74 4 54 9 35 94 22 73 31 16 75 10 83 88 20 67 82 19 65 38 93 23 63 37 2 21 79
85 13 75 80 10 11 0 55 58 28 2 94 73 14 47 1 57 87 24 16 88 8 51 26 49 56 79 4 66 86 77 83
64 30 57 4 63 53 76 24 47 87 14 68 2 73 11 95 94 88 56 7 85 80 84 51 37 49 13 48 1 40 75 70
90 50 71 70 14 48 82 64 2 44 59 68 16 51 43 40 30 75 69 57 80 46 37 49 73 24 29 84 52 17 47 89
7 79 76 28 42 58 13 91 87 26 14 51 86 55 11 47 56 85 27 83 1 0 45 8 78 2 62 53 48 44 36 10
85 13 75 11 80 10 55 0 28 58 2 94 1 73 57 47 14 87 88 16 8 24 79 51 66 26 49 56 4 78 83 86
0 10 75 80 85 88 73 1 94 11 55 51 2 13 57 14 87 16 28 24 8 58 47 49 4 25 79 26 6 66 83 86


89 9 75 28 77 19 64 87 59 70 88 84 58 49 53 91 21 66 43 73 37 6 95 54 69 42 32 39 40 72 1 47
59 16 95 6 88 75 87 49 91 9 69 21 58 43 66 71 42 54 73 89 77 72 32 19 1 28 36 26 84 64 70 57
51 61 86 65 3 31 60 93 50 67 4 81 8 68 41 11 14 24 62 74 33 0 12 7 5 2 45 46 63 15 83 55
93 4 8 31 60 67 65 61 33 11 22 68 51 14 81 29 3 50 86 76 24 44 0 55 62 23 10 74 25 35 20 79
41 33 68 5 65 40 7 0 86 62 51 32 12 46 76 55 61 79 64 37 78 28 19 3 92 47 83 15 35 81 73 45
0 51 79 40 33 1 61 43 62 85 37 47 32 65 20 29 7 81 52 63 76 3 80 44 19 28 55 84 25 35 56 53
67 11 31 4 60 8 93 18 24 81 23 17 50 30 3 61 2 14 27 22 74 35 36 94 44 51 63 48 25 86 12 78
11 4 67 8 60 31 50 17 24 18 30 2 23 61 74 93 81 14 27 3 22 36 57 16 13 94 78 90 44 63 52 25
24 8 67 4 31 11 81 60 61 30 86 74 93 50 17 2 18 36 3 23 14 22 16 65 94 25 41 63 45 68 51 44
64 77 75 28 9 53 89 84 70 21 88 87 49 82 66 91 59 19 72 58 43 73 37 6 95 39 69 42 47 46 32 5
64 86 70 77 21 28 75 82 87 53 84 66 88 58 49 89 59 9 5 39 91 6 46 57 72 73 43 19 42 45 95 32
33 68 65 40 0 55 12 61 56 62 41 35 47 38 79 29 37 45 81 10 5 74 22 44 20 82 4 52 76 50 60 32
34 80 63 94 62 92 41 55 37 79 45 73 52 47 3 39 61 14 29 83 85 50 84 2 70 53 32 19 0 51 69 44
67 11 60 4 8 31 17 50 24 93 61 18 2 81 3 23 30 74 14 36 27 86 51 90 13 44 57 22 78 16 7 94
74 24 86 11 4 30 50 61 60 8 2 16 67 81 23 69 31 36 45 58 22 17 18 3 27 41 0 68 65 14 78 63
46 90 26 78 7 15 18 36 38 17 13 16 86 92 12 3 57 24 95 83 67 93 75 6 30 23 49 31 59 66 91 72
86 24 16 30 32 74 58 59 36 81 0 69 95 68 42 41 61 75 73 65 72 89 88 8 4 9 33 71 11 17 67 15
16 69 58 59 86 95 73 80 30 88 71 32 84 6 45 34 26 24 2 36 72 75 9 10 87 70 53 83 91 22 89 66
50 11 60 4 67 8 30 18 3 17 31 27 14 61 90 2 24 16 36 81 74 23 93 26 94 7 52 13 80 34 57 63
60 4 11 31 8 67 93 61 50 81 24 74 14 18 2 3 17 30 23 94 63 22 51 86 44 90 27 25 36 65 34 57
24 30 8 11 74 4 67 16 81 36 50 61 23 60 2 17 18 86 31 22 27 78 3 65 57 13 45 68 69 63 33 93
18 17 30 11 67 8 90 60 4 24 50 31 16 3 2 74 36 13 27 81 61 23 7 57 78 26 93 14 94 63 34 52
67 31 60 8 4 11 93 18 50 17 14 61 3 24 81 2 23 30 94 74 22 44 25 51 63 27 90 36 57 13 34 52
89 9 75 84 19 28 70 53 77 37 58 64 87 88 49 59 43 73 91 42 21 66 54 69 6 95 39 32 40 47 72 82
9 89 75 59 87 19 88 77 28 49 58 91 64 84 21 70 6 66 95 73 43 53 54 69 42 37 32 72 39 1 40 47
54 57 27 20 30 18 79 71 80 34 29 90 6 85 94 16 10 17 95 1 76 24 66 36 22 81 63 8 67 91 15 49
31 60 67 4 8 11 93 50 18 14 61 17 81 3 24 2 74 23 30 94 51 22 44 63 27 25 90 36 86 13 57 65
8 81 67 31 4 11 30 60 18 24 93 17 94 2 61 14 23 50 3 22 27 25 36 10 74 13 16 34 80 63 56 48
28 21 77 87 91 49 64 88 6 95 66 46 75 59 72 9 32 89 86 42 19 78 71 35 43 12 40 33 54 68 1 58
75 64 9 88 87 77 89 59 49 28 21 58 66 91 19 73 6 95 84 70 53 43 69 32 42 54 72 37 39 40 1 71
51 41 62 83 55 61 10 80 79 32 65 47 92 45 3 40 72 86 37 29 7 12 19 73 14 76 5 81 0 82 35 63
7 64 58 70 59 53 84 75 88 43 69 86 39 87 73 77 89 9 16 72 82 1 5 95 13 78 51 49 45 28 6 91
95 59 88 6 87 91 9 49 75 66 69 21 77 73 72 58 89 64 16 19 54 28 32 84 43 71 53 42 70 80 26 1
52 50 60 74 14 82 11 61 93 4 3 47 31 51 2 94 63 90 39 41 8 67 65 44 62 23 18 85 5 53 34 45
41 65 68 55 73 5 40 15 79 37 75 33 47 92 64 69 89 86 84 53 46 58 12 19 42 74 9 21 32 88 0 28
41 90 79 3 14 50 60 15 31 93 61 4 11 92 8 67 81 63 52 74 51 94 62 2 25 80 7 45 85 57 18 65
9 89 75 77 28 87 19 59 88 49 64 91 66 21 58 84 43 70 6 53 95 73 54 37 42 69 32 72 39 1 40 47
27 26 16 78 36 18 17 30 13 63 57 90 48 23 38 20 54 80 6 67 11 7 95 59 2 60 24 4 46 81 72 66
89 75 84 58 70 37 9 28 19 53 64 77 73 88 59 87 49 69 42 91 21 43 32 66 6 39 54 40 95 47 1 82
24 11 4 8 74 60 67 30 61 2 50 31 86 81 17 18 16 23 36 3 93 22 14 27 45 63 94 44 65 90 57 41
10 83 56 38 55 45 48 80 26 72 92 14 47 62 12 52 61 73 41 82 65 2 25 81 37 3 79 74 94 40 50 68
86 50 60 4 93 11 74 31 61 14 67 3 8 5 23 2 17 18 51 24 52 44 45 78 81 90 27 22 7 94 63 65
77 21 91 59 49 75 66 87 6 88 95 9 64 28 89 19 54 84 53 43 70 69 73 58 32 71 78 72 1 42 37 39
16 78 95 6 59 26 66 12 13 24 27 38 36 54 91 49 75 71 57 21 18 87 48 42 39 1 69 30 64 23 77 70
24 67 30 17 8 36 11 81 31 4 18 16 60 23 93 13 27 2 3 57 61 50 78 14 90 74 22 25 7 71 94 86
58 59 75 69 89 32 64 73 84 88 9 70 87 53 95 77 49 28 42 19 6 86 91 21 66 72 43 37 5 40 39 16
18 93 31 67 8 2 94 4 11 60 14 3 26 17 83 24 81 10 51 25 48 12 23 63 30 35 38 50 61 92 90 34
56 61 4 10 8 11 60 74 2 81 33 67 31 68 50 65 30 24 55 23 93 22 12 14 0 62 94 35 45 48 18 3
6 95 78 36 54 71 16 59 66 91 49 42 87 21 1 88 75 18 9 77 69 32 89 58 19 28 30 43 27 24 17 46
60 11 67 4 31 8 93 14 50 18 81 61 3 17 24 2 23 74 30 94 22 25 44 27 63 51 90 52 13 45 57 36
1 13 7 43 30 80 26 16 27 36 81 51 83 52 72 10 48 25 94 3 39 23 14 70 62 63 32 61 47 17 57 22
60 4 11 67 8 31 50 93 2 61 18 74 14 24 3 17 81 23 94 30 22 44 63 27 51 86 90 57 52 34 36 25
75 58 89 84 73 53 70 9 69 28 64 42 59 88 37 19 87 77 32 21 49 91 66 5 47 95 6 39 40 86 41 43
74 5 68 65 41 86 50 60 61 93 11 4 15 14 3 33 12 31 67 55 2 8 52 44 47 62 45 24 23 46 82 63
9 89 59 75 77 88 84 19 87 64 58 91 49 70 53 28 66 95 21 69 73 6 54 43 72 32 37 39 42 82 40 1
52 86 82 14 39 7 5 45 64 3 70 47 53 84 23 61 78 13 93 51 50 57 72 46 2 16 68 60 74 75 26 69
67 60 4 11 31 8 50 93 18 81 17 14 27 61 3 30 23 2 94 24 22 44 25 74 13 63 52 51 45 57 36 90
67 8 24 31 11 4 17 60 30 81 18 93 23 36 2 61 50 3 14 22 74 27 16 94 25 57 44 63 13 78 51 90
75 89 58 84 9 59 53 70 64 88 69 87 77 73 19 28 49 91 37 21 95 66 6 43 32 42 39 72 54 47 82 40
60 4 31 67 8 11 50 61 81 93 24 74 14 18 2 17 3 30 23 94 44 22 51 63 25 90 45 86 27 36 34 57
5 39 47 82 37 53 70 45 52 41 84 55 64 58 73 40 79 92 89 75 42 86 15 62 0 19 46 50 44 28 32 29
59 9 75 89 88 87 95 49 91 58 19 6 77 69 28 73 66 84 21 42 54 64 53 43 70 32 37 72 1 40 47 39
9 89 75 59 19 87 88 77 28 49 58 84 91 70 64 43 53 6 66 73 95 21 54 69 42 37 32 72 39 1 40 47
33 40 65 0 68 55 5 79 47 62 12 61 37 56 35 41 82 85 22 29 20 52 32 39 84 45 53 70 19 74 64 28
74 60 2 50 61 4 11 52 14 31 94 8 67 3 63 93 34 18 82 45 44 51 80 23 81 22 24 55 41 90 27 65
32 58 37 89 42 84 69 75 40 73 47 70 19 53 9 0 41 79 59 28 55 62 5 39 88 87 64 33 43 54 95 49
40 33 84 5 89 37 28 75 58 53 70 42 68 15 79 73 65 64 19 32 47 0 9 69 41 39 77 46 87 85 55 88
61 3 60 50 4 11 31 8 67 93 65 62 74 81 14 51 2 86 33 45 41 24 52 44 30 0 94 22 23 17 5 18
18 17 67 4 11 78 60 31 93 8 23 46 50 36 3 90 27 24 74 14 13 2 22 44 7 30 57 86 61 81 25 26
65 41 51 81 61 79 3 62 0 68 14 33 55 7 60 31 83 47 32 8 12 93 67 92 25 40 50 11 4 76 24 5
60 4 11 31 67 8 93 50 14 61 18 2 74 3 17 24 81 23 94 51 44 30 22 63 86 90 27 25 52 57 34 65
81 8 31 67 30 4 60 11 94 61 24 93 2 14 3 17 18 50 63 22 80 27 23 51 34 36 74 10 83 16 25 48
7 51 1 43 80 3 13 30 62 39 32 83 52 94 47 70 84 53 81 69 61 37 72 58 63 26 79 19 73 90 0 36
41 32 81 30 0 61 42 69 74 58 24 79 47 8 73 55 92 62 11 36 4 68 37 5 15 60 50 40 45 67 56 65
24 67 8 30 31 17 4 11 81 60 18 36 93 16 2 23 61 50 3 14 22 74 27 94 25 57 86 63 44 71 78 90
58 89 75 9 59 84 69 53 88 70 19 73 87 64 77 32 37 28 49 95 91 6 66 21 40 43 54 39 47 72 42 1
54 19 9 77 28 89 49 66 43 91 53 75 37 84 87 88 6 21 59 70 64 95 69 73 58 39 1 42 40 76 32 47
58 86 69 32 74 89 84 45 5 73 42 70 47 75 59 53 61 41 0 16 55 40 68 26 37 11 83 39 88 24 38 50
60 31 67 4 11 8 93 50 14 61 18 17 3 81 24 2 74 23 30 94 51 22 44 63 27 90 25 86 36 57 13 65
31 93 67 8 60 4 11 14 61 24 81 50 3 17 18 2 74 51 23 65 86 94 44 30 25 63 22 68 90 36 41 45
13 27 1 7 16 36 30 17 57 43 78 23 26 48 90 18 51 94 80 6 59 95 39 63 81 67 3 20 49 38 8 70
4 11 60 8 67 31 24 50 61 93 81 18 74 17 2 30 14 3 23 86 22 94 44 36 27 63 90 51 25 57 34 16
86 17 11 2 18 44 24 78 71 67 8 31 22 35 60 27 4 23 93 46 14 16 3 36 51 20 74 82 45 68 21 12
68 78 7 12 64 46 33 36 75 38 65 66 88 21 59 77 86 28 5 6 13 49 23 95 72 91 87 32 73 9 40 1
60 31 67 4 11 8 93 50 61 14 18 17 81 3 24 2 74 23 30 94 51 22 44 63 27 90 25 86 36 57 13 65
67 8 31 4 11 60 24 18 17 81 93 50 30 2 61 14 3 94 74 23 22 27 25 90 36 44 51 63 57 34 16 13
65 5 68 33 40 86 55 12 41 35 46 32 29 79 15 0 74 76 62 64 28 21 71 44 92 77 85 75 42 66 19 87
89 75 9 28 19 77 84 70 53 64 58 88 59 87 49 37 91 43 73 66 21 6 54 69 95 42 32 39 40 1 72 47
33 0 40 65 68 55 5 56 79 12 32 62 41 37 47 61 76 10 35 29 45 81 19 38 51 42 92 28 46 64 15 44
89 58 75 59 9 88 87 19 84 32 70 28 73 77 49 64 95 69 91 42 53 6 43 21 66 37 54 40 39 1 72 71
60 4 31 11 93 50 67 8 61 14 3 18 74 2 24 17 81 23 51 86 94 30 44 90 22 52 63 45 25 65 57 27
60 11 4 67 8 31 93 50 18 61 14 24 17 81 74 3 23 2 30 94 27 22 44 90 86 51 63 13 57 36 52 25
65 48 33 68 38 23 56 12 62 15 85 10 0 3 61 57 13 8 40 1 4 81 93 79 25 72 14 50 30 31 47 67
31 93 67 60 8 4 11 14 24 17 50 61 3 18 81 2 51 23 30 74 94 86 22 44 25 36 65 63 90 57 27 13
59 9 89 75 84 58 88 19 87 77 49 70 53 91 95 6 69 43 28 54 66 73 64 21 37 32 42 39 1 72 40 47
67 60 11 4 31 8 93 18 17 50 81 14 61 24 3 30 2 23 74 94 22 44 27 36 51 25 63 90 13 57 16 52


92 62 63 75 49 64 27 89 13 34 47 2 79 84 78 19 68 94 55 6 22 20 24 14 0 71 88 10 9 25 18 82
95 12 45 72 60 4 11 28 38 44 50 82 37 73 3 35 46 26 15 80 53 70 52 85 23 56 36 54 33 39 6 88
2 49 9 27 1 86 84 47 11 19 92 34 36 76 62 10 93 68 64 6 17 63 59 55 0 13 42 22 30 54 78 69
0 22 78 93 76 10 1 19 59 17 6 30 38 31 34 89 2 28 84 27 36 13 9 47 54 81 48 11 41 55 88 63
0 22 78 10 19 93 1 76 59 6 34 38 17 89 30 2 27 31 84 47 28 13 36 9 81 54 11 55 88 48 63 41
88 36 76 10 34 6 47 1 78 2 19 27 30 22 0 17 93 66 13 63 94 59 38 3 28 62 54 55 81 89 31 18
88 94 65 36 18 16 62 47 63 92 79 7 49 61 3 75 43 91 34 1 29 8 66 73 51 21 40 27 52 39 77 4
49 51 83 77 80 91 61 70 85 7 90 33 74 35 21 65 16 46 92 42 40 75 50 52 72 14 4 79 73 25 68 62
56 12 72 95 26 45 60 82 50 83 69 87 4 73 85 15 77 35 33 80 53 46 52 90 70 7 91 61 57 74 14 44
79 61 60 91 7 77 33 16 70 21 50 4 72 35 51 85 80 83 20 73 29 46 25 90 82 66 12 74 39 65 14 52
0 78 22 19 10 6 34 1 89 93 27 76 59 47 2 13 84 38 36 17 28 81 30 9 31 54 63 88 53 11 55 37
86 71 64 92 68 62 2 49 57 14 40 69 75 20 67 5 63 25 6 84 33 27 81 89 24 13 34 9 79 10 47 56
77 85 80 7 50 91 61 70 16 33 21 60 83 20 35 79 72 4 46 56 90 51 12 40 73 52 82 74 24 14 25 69
90 72 60 74 50 70 80 85 46 52 15 33 73 56 4 69 61 12 24 91 21 41 95 37 45 83 7 26 20 82 77 48
49 92 62 64 75 65 86 2 68 42 63 57 25 14 71 27 5 24 69 83 67 84 51 13 34 10 54 9 55 40 56 79
91 70 61 21 50 73 72 77 90 60 7 4 74 33 80 51 16 85 46 35 82 79 20 83 40 12 52 15 25 69 66 14
34 19 27 13 84 47 78 63 0 22 36 2 10 1 28 6 89 9 81 54 93 59 76 38 55 62 37 17 53 88 94 30
2 55 78 6 34 10 22 0 1 19 93 76 84 17 11 27 59 9 13 89 30 71 36 47 31 63 28 5 62 64 48 38
16 7 79 77 33 12 18 20 4 50 21 61 35 80 85 72 14 70 60 94 91 24 46 82 49 56 62 40 3 83 69 52
31 10 93 17 76 30 59 0 38 22 1 78 19 81 34 48 6 36 9 41 89 58 2 47 28 44 54 13 84 43 23 11
45 95 44 60 26 87 32 50 38 80 72 85 4 43 8 3 12 73 46 23 15 82 77 74 39 53 90 91 57 11 21 70
83 85 77 80 61 52 51 7 91 70 73 35 16 46 60 90 72 66 33 21 50 74 4 79 15 25 43 40 14 69 12 56
72 91 70 61 60 77 80 73 85 33 4 7 50 21 90 35 46 16 83 51 12 52 79 25 74 20 69 82 15 56 45 40
31 17 30 59 93 38 48 76 22 0 58 78 10 1 41 89 6 11 9 19 55 81 44 2 32 84 54 34 43 28 47 27
10 19 1 76 93 78 0 22 34 2 59 36 27 30 6 47 13 28 17 38 84 31 9 88 89 54 63 81 11 55 48 41
61 91 70 77 50 21 7 85 80 60 72 16 33 4 73 90 83 74 46 51 35 79 20 52 82 12 40 56 14 25 69 15
43 52 83 56 51 61 69 73 57 29 65 91 12 77 86 90 70 21 26 40 46 45 85 14 35 8 3 32 7 15 74 58
26 43 69 73 95 83 56 90 52 45 8 12 15 87 72 85 58 74 60 91 77 61 70 46 3 57 50 66 35 51 21 23
70 91 77 61 85 33 50 7 21 80 90 69 83 72 73 60 4 46 74 35 16 56 20 51 40 12 82 26 52 25 14 79
36 34 63 88 27 47 19 76 10 13 78 1 2 93 6 62 28 0 30 94 22 59 84 81 37 9 92 54 38 64 75 89
91 70 61 77 50 21 7 85 80 60 72 90 33 4 16 83 20 73 74 46 51 79 35 52 12 40 82 56 14 25 69 24
72 12 95 50 45 4 60 80 56 26 85 21 33 77 35 46 70 3 87 61 91 7 20 14 24 83 79 73 82 90 16 40
70 91 90 61 50 72 21 77 60 80 74 4 33 85 73 7 16 51 46 20 83 79 82 12 35 52 40 56 15 25 69 14
48 31 93 30 58 76 41 9 17 1 10 59 2 0 38 11 28 19 22 78 55 34 84 43 13 6 36 27 71 23 65 54
60 4 80 50 33 72 77 79 20 70 91 21 7 85 61 16 12 46 35 90 71 45 73 82 83 56 40 25 14 24 52 51
16 77 20 7 79 80 33 91 61 21 85 50 94 70 4 56 35 40 60 83 24 72 46 18 82 12 75 14 92 62 49 51
74 90 70 61 91 73 60 51 85 77 50 72 80 21 83 46 52 4 7 33 66 82 16 35 15 40 8 25 69 26 43 58
93 48 0 28 59 78 76 19 22 2 10 38 89 1 30 34 31 9 81 13 41 27 6 37 17 84 54 11 47 36 58 63
91 7 77 85 80 50 61 70 60 16 21 4 72 33 35 82 20 83 46 79 73 90 12 56 69 51 40 74 52 26 14 24
28 53 13 27 6 54 19 34 47 84 0 78 22 89 2 38 10 87 81 1 37 36 59 93 88 76 63 26 9 71 86 45
50 33 79 4 72 77 60 7 20 80 70 16 21 61 85 91 12 56 35 83 82 14 46 90 40 71 24 51 73 74 29 86
43 52 95 83 72 8 91 73 50 61 70 77 60 74 12 85 90 4 66 45 46 21 65 51 80 7 35 15 16 56 58 42
91 61 70 77 50 7 21 60 80 85 72 33 16 4 90 73 46 83 35 74 51 79 20 52 82 12 40 56 14 25 69 15
76 10 93 1 0 78 19 59 22 30 2 34 36 6 17 38 31 27 28 13 47 9 88 84 89 81 11 54 41 48 63 55
95 86 87 57 71 69 26 80 53 89 6 33 82 45 64 38 67 50 72 11 3 37 84 28 4 22 85 47 56 88 81 0
53 89 6 22 81 0 78 44 47 38 84 19 35 71 79 87 27 13 17 63 28 82 54 34 10 45 59 95 32 25 85 31
58 44 66 26 85 32 45 31 73 23 8 48 41 80 38 74 39 83 53 35 51 90 69 87 43 15 52 95 46 60 25 82
75 54 95 32 27 0 6 59 65 93 78 17 48 22 62 30 41 1 28 84 76 42 19 2 9 36 72 26 12 63 56 53
95 3 12 45 72 60 4 52 50 56 28 24 11 14 46 83 77 54 80 73 15 85 38 70 61 35 44 43 91 90 53 8
74 51 61 90 73 91 70 85 80 83 77 58 46 66 35 21 40 41 52 43 7 82 50 25 33 16 60 8 23 48 69 72
7 12 16 79 4 60 35 52 77 85 83 72 53 56 20 80 50 33 94 61 21 14 46 91 45 70 24 69 40 3 73 54
79 16 61 73 94 7 77 33 4 80 91 88 50 21 70 82 20 60 75 85 62 51 49 72 92 14 46 67 3 39 29 74
77 80 91 50 70 61 85 7 21 33 60 72 83 16 35 4 20 79 46 90 51 73 74 56 12 40 82 52 14 25 24 69
0 22 78 10 93 76 1 19 59 6 34 17 2 38 30 89 31 27 28 13 36 84 47 9 54 81 48 11 88 55 41 63
80 79 91 70 50 33 21 16 20 61 77 82 60 4 7 85 51 74 90 40 72 46 71 92 25 35 73 83 29 14 75 39
61 91 70 77 21 7 50 80 60 85 16 33 90 4 72 83 73 20 51 79 74 46 35 52 40 12 82 14 56 25 69 15
91 61 70 21 4 77 72 7 50 60 16 33 35 90 73 51 80 12 85 46 20 79 52 74 83 40 25 65 82 14 15 66
72 60 4 50 73 61 91 52 70 12 77 51 85 83 90 21 7 80 95 16 33 56 26 35 46 79 20 74 45 15 40 39
45 95 26 28 54 12 53 38 23 56 57 72 43 44 11 15 69 52 60 37 87 35 8 58 81 4 6 76 50 10 73 36
0 78 19 22 34 10 1 6 27 93 76 28 13 2 84 47 36 59 38 89 54 81 17 30 9 63 31 88 37 53 11 55
36 48 84 19 93 63 34 30 13 78 1 9 37 55 0 27 76 31 59 11 81 89 41 2 47 38 22 10 28 94 24 20
17 30 76 93 31 1 10 59 41 55 0 78 22 36 38 2 58 48 19 6 11 88 9 89 66 34 65 27 43 47 62 42
22 0 38 78 93 89 10 6 19 59 76 1 11 17 31 30 28 34 84 47 9 81 36 27 13 2 54 44 48 88 53 58
0 78 28 2 22 76 6 93 19 1 27 10 59 34 54 38 13 84 30 17 36 37 89 47 9 48 41 53 55 31 88 63
76 93 0 10 22 17 78 1 30 59 38 19 31 2 6 34 36 89 28 27 9 41 48 81 47 13 88 54 11 84 55 58
53 13 27 47 94 54 63 34 28 84 88 79 36 62 19 6 2 12 14 20 56 86 24 37 78 87 75 4 7 16 22 57
5 81 44 39 92 68 40 23 64 29 71 67 9 20 32 89 63 66 43 31 38 10 94 34 8 21 13 52 16 62 79 47
50 77 80 56 85 7 33 21 72 4 60 61 87 20 91 79 69 16 83 70 35 26 12 46 73 24 90 40 82 14 74 95
87 26 2 0 78 76 6 28 93 41 59 34 53 22 69 89 48 81 1 10 54 19 15 27 67 13 5 38 30 84 37 9
43 45 52 95 8 58 12 65 72 54 3 56 38 60 66 83 31 44 46 74 35 42 50 41 48 30 15 28 73 61 32 76
91 70 61 77 80 85 90 50 73 60 72 21 74 33 7 46 4 35 83 51 16 82 69 52 12 15 40 56 20 26 25 79
75 11 17 78 22 93 84 27 0 19 2 63 1 30 55 59 49 34 10 76 36 89 13 6 48 41 31 62 47 9 18 28
70 91 61 77 50 21 90 80 74 60 85 72 7 73 33 4 51 46 83 35 16 82 52 20 40 79 12 25 56 69 14 15
0 22 78 19 38 84 1 89 6 34 93 59 10 28 13 47 27 54 76 53 31 36 81 9 2 30 17 37 55 87 48 63
42 28 95 57 53 27 2 72 6 86 12 4 54 25 84 49 24 14 93 22 0 48 19 37 78 13 56 75 69 11 76 1
61 70 91 74 21 90 43 77 52 51 60 73 83 50 46 65 72 7 35 66 85 16 4 8 40 12 80 5 33 25 82 20
83 60 85 77 56 91 7 72 61 80 50 70 4 35 12 16 73 33 52 21 46 90 79 51 20 14 69 40 26 15 74 45
92 62 49 65 64 75 63 29 51 79 16 18 94 20 40 68 7 24 55 14 27 74 34 61 66 70 91 82 13 2 47 17
87 53 26 71 89 6 69 0 38 22 86 44 78 37 59 28 81 57 95 19 84 2 39 13 32 67 93 48 10 1 76 34
43 65 52 8 83 58 31 17 66 3 30 54 48 59 68 56 74 12 93 1 9 49 44 51 76 10 14 32 5 41 90 77
25 33 57 90 73 70 86 82 72 74 61 11 60 80 21 45 91 71 4 51 50 77 35 79 20 85 46 23 29 53 67 7
0 22 78 10 19 1 93 6 76 34 59 38 89 2 17 27 36 47 84 30 13 28 31 9 81 54 88 63 11 55 48 37
22 0 78 10 19 1 6 93 59 34 76 89 38 17 27 47 84 2 54 13 30 28 31 36 9 81 88 63 11 55 53 48
79 20 16 94 61 7 91 4 33 21 70 50 60 77 72 14 80 82 85 12 75 73 90 83 46 51 49 56 24 29 40 92
78 19 0 22 34 84 13 54 27 10 6 47 1 89 81 28 53 38 36 2 93 59 76 9 63 17 88 31 37 30 55 11
78 0 22 10 19 6 34 2 89 1 93 76 27 59 36 47 38 13 9 81 84 17 30 28 63 31 88 55 54 11 62 48
0 22 6 78 76 10 1 93 59 38 19 17 30 31 54 34 36 89 2 81 13 9 27 47 84 28 88 37 53 11 58 41
61 91 90 70 83 77 52 21 73 85 74 46 51 80 50 7 43 60 72 33 35 69 12 4 16 40 56 20 57 15 14 66
78 22 0 19 6 34 10 1 27 2 93 84 89 76 59 47 13 36 28 38 17 54 9 30 81 63 31 88 55 53 11 37
32 75 95 3 44 54 36 27 14 2 94 65 37 19 46 17 47 28 10 78 22 63 55 6 60 11 76 84 88 0 59 34
0 22 78 93 59 10 6 1 17 19 89 76 84 2 38 34 30 31 9 27 54 28 47 13 55 53 36 48 11 81 63 58
70 61 91 77 21 50 7 60 80 85 72 90 33 16 4 73 74 83 46 51 35 20 79 52 82 12 40 56 14 69 25 15
91 70 61 77 50 21 90 7 60 72 85 4 80 16 33 73 74 20 83 46 51 52 35 12 79 40 56 82 69 14 15 25
0 78 22 19 10 1 93 76 6 34 59 38 2 28 27 84 17 13 89 36 30 47 31 54 9 81 48 63 55 11 88 37
30 93 31 76 17 48 59 41 0 1 10 38 58 22 78 11 19 9 2 6 55 89 36 34 28 84 81 54 27 43 32 47
16 79 7 77 91 94 61 20 85 51 83 52 65 21 70 60 50 75 35 4 12 80 72 46 73 33 82 92 24 49 66 8


