

17 59 65 61 89 70 1 56 88 36 2 22 11 26 37 32 20 51 43 49 82 71 34 66 28 79 42 19 21 69 12 45
90 46 53 76 5 91 93 81 33 18 63 54 67 40 84 77 7 16 35 64 75 15 24 14 62 38 74 6 60 44 9 50
74 14 84 38 35 44 64 60 75 63 93 54 9 77 23 13 52 18 85 67 92 81 5 76 73 3 48 50 8 62 34 47
14 60 38 75 74 35 9 44 85 92 23 77 64 52 50 48 84 13 93 63 73 67 54 62 8 76 47 34 81 18 5 6
71 21 26 1 82 20 2 32 36 56 83 39 57 0 69 89 19 45 49 68 15 37 59 61 41 51 16 30 11 86 17 65
17 65 89 61 1 56 59 36 26 82 20 32 37 22 2 88 70 49 19 51 21 11 69 71 28 43 45 12 83 31 41 42
62 52 38 14 94 78 48 60 92 35 9 85 12 74 27 75 93 23 50 77 64 6 47 8 88 84 34 73 18 79 13 28
22 59 61 11 65 55 88 80 17 34 89 29 42 79 66 1 87 43 7 70 56 4 50 36 48 26 31 33 28 32 23 94
64 13 63 31 84 75 54 35 93 85 74 14 23 3 5 18 67 60 77 48 76 38 44 9 50 16 81 6 51 68 15 62
90 46 53 76 33 64 18 35 40 93 38 14 75 5 84 74 63 62 77 9 54 7 91 6 60 52 48 73 81 85 23 44
74 14 84 38 35 93 44 60 63 75 9 92 64 52 54 77 67 81 23 76 85 3 13 5 73 18 8 50 48 62 47 24
0 57 83 39 71 21 16 15 20 69 30 36 32 2 26 82 68 19 41 86 56 1 45 72 89 37 5 59 12 25 81 49
90 46 53 33 76 7 12 40 62 6 93 94 18 35 50 75 77 81 43 48 92 9 63 64 5 25 89 45 54 52 38 51
38 14 60 85 23 9 52 74 48 75 35 44 92 34 77 13 73 64 8 88 50 63 79 28 84 62 93 47 6 67 55 76
28 48 88 70 34 6 85 65 47 79 9 52 75 17 23 92 60 14 38 43 8 50 13 77 62 51 7 74 73 53 55 35
15 5 81 93 54 16 57 39 84 0 76 63 62 68 71 35 30 92 25 3 74 77 95 45 18 67 75 50 83 59 21 78
48 85 23 13 34 88 38 75 14 60 28 9 64 52 50 44 8 35 74 6 47 77 92 79 73 62 70 67 63 55 7 84
81 15 54 84 93 16 5 68 76 63 86 67 30 0 18 39 3 57 77 64 35 72 24 74 14 62 45 60 25 38 50 92
21 82 20 26 83 71 32 2 69 36 56 1 19 39 41 0 57 89 37 45 61 68 49 86 30 11 15 72 59 65 16 51
75 50 77 14 60 92 9 85 38 13 35 48 6 47 63 74 93 23 52 67 62 76 44 64 54 73 34 51 84 81 5 18
65 17 61 89 70 88 28 56 22 43 1 51 59 37 36 26 20 32 34 82 49 2 6 11 79 69 19 87 21 45 71 12
39 26 20 0 71 21 36 82 19 61 32 89 83 31 57 68 2 1 56 69 16 51 59 45 15 49 41 12 72 53 37 11
14 60 38 74 9 52 75 35 92 44 23 85 48 63 77 64 13 34 84 93 73 50 8 62 67 79 76 47 54 88 18 3
67 10 7 8 13 3 64 9 44 35 38 80 14 23 90 63 74 84 75 43 54 93 92 58 52 48 60 50 85 76 46 33
81 93 84 5 15 54 16 63 30 76 86 3 74 67 18 68 57 35 0 77 92 14 60 62 24 39 44 38 64 9 52 75
14 38 60 35 75 64 74 9 84 77 93 44 92 50 63 85 23 54 48 13 52 62 73 81 67 76 47 18 5 8 34 24
21 56 82 1 71 32 20 26 83 69 2 36 37 41 19 89 39 45 57 0 49 61 86 68 65 30 15 17 59 72 11 25
58 10 13 67 8 3 44 93 64 76 80 84 74 14 38 81 9 63 60 24 54 85 75 48 35 23 91 49 92 77 46 43
14 38 74 44 64 35 75 60 84 23 63 13 9 77 85 93 52 54 92 73 48 18 67 50 3 76 5 8 81 34 62 47
65 17 37 56 70 89 1 61 41 28 69 88 32 26 45 82 20 43 36 49 22 2 21 71 83 79 19 6 59 34 11 48
12 94 27 53 78 23 18 34 62 42 50 6 48 47 31 75 52 7 17 55 59 64 92 22 38 77 88 90 14 79 35 85
38 14 74 35 44 60 84 75 64 9 52 93 63 23 92 85 77 54 13 67 48 18 73 81 76 8 3 5 50 62 34 47
46 53 49 90 12 7 89 91 41 65 17 19 28 40 37 26 27 31 69 20 56 48 82 43 72 88 51 21 39 33 36 83
39 0 57 15 68 30 16 83 21 71 86 69 19 41 72 82 20 32 26 2 81 36 56 45 5 1 37 54 25 84 93 49
40 62 90 33 29 25 12 42 27 78 94 89 73 55 70 18 5 17 65 34 46 35 79 59 88 48 6 32 45 52 22 7
14 38 60 75 74 44 35 92 52 23 9 77 85 64 73 63 50 84 93 48 13 8 34 54 67 62 76 47 18 79 81 5
39 71 0 57 21 83 20 82 26 2 32 19 36 68 69 56 1 15 16 30 41 89 45 61 37 49 59 86 11 51 72 31
89 32 56 2 36 37 20 69 26 82 1 71 83 21 45 41 61 65 17 19 51 25 57 0 59 39 49 70 86 43 72 12
68 11 30 3 15 66 86 84 31 39 8 95 81 63 0 19 10 16 54 93 57 80 21 83 64 26 24 58 74 82 20 35
14 64 38 35 75 74 60 44 63 84 13 23 9 85 93 77 54 52 18 48 92 67 76 5 73 50 3 81 34 62 8 47
44 38 14 60 23 74 85 9 8 75 73 52 48 58 13 35 92 34 80 79 55 77 64 88 4 67 84 28 63 3 47 50
84 74 44 93 81 35 14 54 38 63 64 60 75 18 9 67 77 3 52 5 92 76 23 13 73 85 16 50 15 8 62 47
49 1 66 11 56 21 26 61 32 82 78 2 27 45 19 20 17 71 65 59 22 95 37 91 39 36 89 83 69 4 24 25
84 54 93 81 63 74 35 5 64 14 44 67 38 75 60 18 77 76 3 92 13 9 52 16 73 23 15 50 85 62 24 8
45 67 93 24 76 62 81 25 60 92 6 91 35 9 89 29 84 70 5 37 15 90 14 86 1 46 54 75 49 43 72 8
60 38 14 74 75 35 23 92 52 85 9 48 93 77 44 8 64 84 13 73 63 62 50 34 94 47 27 78 54 6 18 88
48 85 38 14 60 9 88 23 34 28 75 52 74 35 92 13 8 44 77 64 73 79 6 47 50 62 63 70 55 93 67 84
38 14 60 85 48 9 23 75 52 74 35 92 44 34 77 13 8 64 73 50 28 88 63 84 47 62 93 79 6 67 76 55
14 38 74 75 60 44 35 23 9 52 85 64 92 13 77 84 63 48 93 73 67 50 54 8 18 34 76 3 81 62 47 5
56 89 2 32 1 37 82 36 26 20 83 33 21 69 71 29 19 65 61 41 45 0 86 59 57 95 17 90 25 39 43 11
38 14 44 74 60 35 23 75 64 85 9 52 84 13 63 77 92 48 73 93 8 67 54 34 18 50 76 3 62 81 5 47
65 89 17 37 56 1 61 36 26 70 82 2 20 32 49 69 43 28 19 88 51 21 11 41 83 71 45 22 59 66 10 87
14 38 60 77 75 50 35 74 92 64 84 85 52 48 9 93 44 13 54 23 63 67 73 81 62 8 47 76 18 34 5 3
80 58 4 8 10 3 55 34 11 66 23 42 22 87 79 44 59 7 13 94 77 40 88 73 43 31 48 75 38 85 74 27
56 32 20 26 82 2 1 36 69 21 83 71 37 89 41 19 45 61 39 57 0 65 49 86 17 59 11 51 68 30 95 25
18 31 13 72 47 16 53 23 80 7 4 67 3 43 58 87 34 44 75 54 64 28 46 84 10 48 81 6 0 42 79 30
14 38 75 44 74 35 60 84 9 77 52 23 64 63 92 67 13 93 54 18 85 81 48 50 76 73 3 47 8 34 5 62
61 26 20 19 36 82 71 21 1 89 32 56 2 59 39 83 31 0 51 69 57 68 11 49 17 45 37 41 65 16 15 43
4 80 66 22 55 11 58 59 42 34 79 23 73 87 10 31 3 13 12 44 61 95 94 88 8 49 47 50 74 28 77 30
38 14 60 85 74 9 23 75 35 44 48 52 92 64 13 77 34 63 73 8 84 93 50 67 47 88 62 28 76 79 6 54
20 36 82 2 26 21 71 83 32 19 1 56 69 89 39 37 41 0 61 57 59 11 68 30 49 45 86 95 65 51 17 15
84 81 93 67 74 52 38 14 72 9 60 92 86 76 44 5 18 35 54 63 75 24 47 62 77 73 3 85 6 91 16 48
62 29 25 33 40 90 5 78 27 12 18 42 93 35 45 54 16 73 91 84 94 0 92 52 64 60 46 89 81 68 38 72
14 75 38 44 74 77 60 35 64 84 63 54 93 23 13 67 52 92 85 9 73 50 18 81 3 48 76 5 8 62 34 58
38 35 74 14 23 60 44 64 9 85 75 52 84 13 63 48 92 93 18 34 77 8 73 54 55 3 62 50 79 47 67 94
93 84 14 74 35 60 38 63 64 75 9 54 77 44 85 92 81 52 67 13 76 5 73 62 3 48 23 18 50 8 24 6
43 10 65 70 80 58 7 17 34 28 88 87 4 89 50 51 79 49 61 13 56 48 1 37 53 8 46 3 36 26 85 6
64 84 54 13 93 63 35 18 38 14 74 67 76 44 75 5 81 60 85 77 3 9 48 23 31 16 52 62 92 73 6 8
90 62 25 5 33 18 16 40 53 46 45 81 76 63 72 68 6 93 7 39 15 54 0 89 35 84 57 77 51 83 32 91
25 62 5 60 24 73 93 35 85 84 14 63 74 38 76 44 92 77 81 67 75 54 6 91 52 64 9 48 45 18 72 23
35 74 93 60 14 38 75 44 63 84 64 9 92 52 23 77 13 85 54 5 18 94 81 76 62 48 67 73 8 50 6 91
54 84 16 15 5 81 63 93 3 64 18 30 68 77 0 57 35 12 50 14 67 42 74 94 76 62 39 90 75 38 7 73
0 83 30 57 39 21 86 71 15 69 41 32 82 68 2 26 20 16 56 19 36 1 45 72 37 95 25 81 89 5 49 91
80 34 23 44 8 79 48 55 38 73 58 14 85 52 9 60 13 28 88 75 74 92 67 77 4 10 35 47 22 43 64 66
58 3 66 11 80 44 10 67 8 13 4 49 73 22 27 91 55 24 74 95 79 87 23 64 14 78 84 38 94 9 34 54
90 46 33 53 40 76 91 43 89 6 7 62 45 51 25 5 18 29 70 35 93 32 37 69 83 56 24 16 48 17 0 65
10 4 58 3 80 87 67 13 7 43 16 42 53 63 31 15 49 77 57 54 19 8 81 68 84 75 18 71 0 64 61 50
80 53 87 4 58 55 43 6 7 44 3 34 67 79 13 23 18 22 10 42 77 31 73 59 75 11 66 28 52 64 46 14
36 56 2 20 82 26 1 32 89 71 21 69 61 83 37 59 19 65 41 17 49 11 39 57 0 45 22 51 95 43 66 12
64 23 35 75 44 14 18 38 77 74 63 60 54 13 84 5 73 34 9 85 93 52 92 62 50 48 55 76 94 47 7 3
51 13 59 64 31 34 88 61 23 48 17 75 50 85 42 6 68 89 7 63 80 54 87 11 94 77 18 35 33 12 29 79
54 16 81 18 84 3 67 63 5 93 15 76 75 74 77 35 0 57 44 30 64 14 53 13 68 52 92 38 46 95 39 9
84 81 93 5 54 74 63 35 44 18 38 3 14 64 76 67 16 60 52 92 75 77 15 30 9 73 62 23 24 13 86 68
64 13 44 84 14 38 35 74 75 23 63 54 60 93 67 77 9 85 3 18 48 76 81 92 52 50 8 73 5 34 47 58
38 14 60 74 35 44 75 64 23 85 9 13 48 84 52 77 63 92 93 73 67 54 18 8 34 50 76 62 47 3 81 5
74 38 14 44 35 60 64 84 23 75 63 9 13 85 93 52 77 92 73 54 67 48 3 18 8 76 81 5 34 50 62 55
38 14 60 85 23 75 48 9 52 74 44 92 35 34 77 13 8 73 50 64 88 79 63 28 84 93 62 47 67 6 76 55
38 14 60 85 9 74 23 75 48 44 35 52 92 13 64 77 8 34 84 73 63 93 50 47 67 28 62 88 76 79 6 18
64 85 13 31 84 38 23 9 35 74 44 48 60 14 63 8 93 76 67 73 28 18 54 3 24 75 5 88 47 68 62 81
84 93 54 5 81 63 16 15 76 35 74 67 18 64 14 77 3 60 62 68 38 30 75 44 24 92 9 72 52 73 25 0
21 20 82 71 26 83 39 36 2 19 0 32 69 57 56 1 41 68 49 89 30 61 37 11 15 59 45 16 95 31 86 72
64 74 38 84 44 14 35 63 85 9 60 13 23 3 67 75 54 52 73 93 18 48 76 77 92 8 81 4 5 24 55 34
5 15 54 81 93 63 84 3 16 76 64 35 74 50 67 57 44 77 75 92 0 60 14 68 18 13 24 51 73 30 38 62
8 66 10 11 49 95 27 91 93 3 67 58 78 80 24 94 73 30 84 9 92 68 40 74 44 38 86 17 19 60 54 88
37 56 69 41 20 65 32 89 26 36 2 82 1 83 21 61 71 17 19 49 45 86 70 51 72 11 39 43 57 0 22 95
65 89 37 56 17 36 1 20 26 61 82 69 32 2 41 21 19 70 83 49 71 45 22 59 11 43 28 12 88 51 66 39


92 51 25 33 9 61 20 74 44 67 81 31 18 22 8 84 78 15 10 43 4 91 7 54 0 38 82 17 23 90 12 21
20 18 67 4 22 74 84 31 81 39 43 91 73 93 95 92 54 61 48 7 56 50 38 76 82 17 60 63 64 9 44 70
94 58 88 85 55 26 11 13 66 62 27 80 2 56 36 45 83 75 24 49 10 0 28 8 25 79 19 59 57 69 47 30
72 39 18 22 84 15 12 67 7 38 4 40 20 54 3 31 61 46 44 74 48 29 73 76 91 23 70 17 50 34 32 9
22 20 92 74 67 61 81 31 18 4 33 9 48 15 93 54 38 84 25 44 43 63 51 17 7 60 10 73 50 42 82 90
55 94 58 62 8 27 85 13 66 1 26 10 25 88 49 2 45 93 21 75 78 28 16 87 80 11 86 0 34 19 59 43
62 13 45 79 58 28 26 85 56 14 75 66 55 94 2 11 16 72 57 27 77 47 5 87 80 32 1 34 88 3 24 71
58 13 75 85 11 26 27 28 80 56 55 62 45 16 66 57 0 2 79 14 47 49 24 88 5 10 78 94 87 86 69 73
28 27 79 34 11 88 0 58 45 66 40 13 72 62 26 55 57 3 1 2 85 6 56 14 87 7 42 94 75 71 35 23
81 20 92 4 67 51 18 31 22 61 74 7 15 17 54 33 9 82 60 63 10 12 76 70 73 48 14 0 71 43 64 89
13 26 62 58 45 85 75 28 72 55 66 56 87 2 94 11 79 47 32 16 57 88 27 80 5 1 34 24 0 14 77 71
14 71 80 24 57 75 13 28 47 85 56 79 16 58 11 45 62 26 60 77 0 2 64 7 66 73 17 55 82 86 51 50
55 49 10 66 28 43 58 88 80 27 11 85 25 2 57 94 42 79 86 62 47 6 21 13 0 5 78 40 71 68 53 16
58 13 75 85 55 80 62 16 11 66 0 28 79 26 57 56 45 27 2 94 47 71 40 88 24 87 14 10 69 5 49 77
22 20 93 95 61 67 92 18 31 84 81 4 74 21 33 38 43 73 63 48 91 42 29 9 44 15 52 83 78 54 89 10
8 10 25 78 0 55 88 87 21 94 1 33 51 19 49 80 23 92 9 86 85 83 69 44 43 29 90 2 13 36 58 3
36 95 83 69 84 42 56 43 64 25 68 57 0 50 40 78 88 6 44 8 77 51 66 53 74 65 15 23 92 11 38 30
27 30 94 43 10 25 89 8 21 80 85 58 55 24 73 12 41 88 47 49 90 69 11 0 78 59 68 26 13 52 4 87
74 31 67 18 92 61 22 4 81 38 20 33 84 12 9 54 15 48 76 82 68 17 30 70 51 41 63 60 89 35 43 44
26 19 53 85 58 11 27 86 94 2 80 62 66 88 49 55 35 13 75 24 28 51 59 5 25 45 41 30 43 83 78 70
56 14 45 62 79 13 47 16 58 57 69 32 24 26 75 87 11 71 77 2 28 66 5 85 34 70 36 65 30 95 53 23
11 80 88 86 53 58 85 26 28 55 47 66 94 49 62 46 72 68 13 79 16 57 59 2 12 71 1 27 10 64 25 45
10 73 88 4 80 49 24 20 25 0 81 2 42 94 43 47 11 57 70 30 6 29 37 16 52 68 19 46 85 90 89 92
83 78 19 21 25 36 43 73 94 8 10 88 29 95 27 90 56 69 80 0 49 42 5 30 66 41 58 52 35 2 4 20
13 58 26 85 62 45 66 28 56 75 11 55 2 79 47 16 27 94 80 57 72 88 24 14 5 87 0 71 77 49 42 53
75 58 13 62 85 28 45 26 79 27 14 11 16 56 55 2 47 57 66 80 77 73 94 5 71 88 72 24 36 42 0 32
22 61 31 92 67 74 33 18 20 38 81 9 84 54 4 93 48 63 21 95 15 44 82 43 60 17 23 91 70 35 29 76
36 69 6 56 14 57 79 0 88 26 77 37 58 85 82 28 75 13 51 80 62 66 24 40 64 11 94 55 2 53 83 1
58 55 13 62 85 26 2 45 75 66 28 11 94 56 88 47 79 80 57 1 10 27 87 49 0 24 16 36 8 71 25 14
61 22 67 92 31 18 74 20 33 38 9 84 81 4 23 95 48 54 82 93 21 15 60 65 7 44 39 17 43 78 51 63
58 13 85 26 62 28 45 55 11 66 75 56 2 79 94 47 80 57 88 27 16 24 0 87 14 72 5 71 49 77 10 1
12 53 76 15 68 86 89 43 19 80 66 30 51 24 85 91 26 84 11 4 21 74 59 72 49 39 44 35 94 46 77 58
62 28 55 45 13 58 66 34 94 85 2 75 79 27 11 87 8 26 65 16 47 80 19 72 32 89 56 44 42 91 88 3
13 62 58 85 45 75 28 56 26 55 66 47 2 16 79 11 80 94 27 24 57 14 5 77 72 71 87 49 88 32 86 42
1 14 77 28 56 79 11 45 88 73 13 0 26 58 94 57 3 47 36 93 62 40 66 64 24 85 2 34 42 50 87 6
94 13 88 85 80 2 29 28 55 58 26 66 16 49 75 11 45 62 10 47 72 89 27 19 63 21 73 24 5 30 77 56
13 85 58 55 75 28 94 2 45 62 66 11 80 56 47 26 16 57 24 88 79 0 49 27 73 14 87 71 10 5 77 42
13 94 58 2 85 45 62 55 26 30 56 75 47 28 66 11 88 57 16 49 80 24 14 59 72 27 64 73 36 83 1 71
76 59 5 35 56 70 79 47 93 24 4 83 54 81 82 60 89 57 63 48 22 72 27 45 37 2 18 32 78 20 13 16
28 13 26 85 58 66 75 2 11 62 79 56 72 80 45 55 94 14 88 47 24 57 16 77 27 0 86 53 42 5 19 73
15 17 63 90 71 77 60 52 68 54 75 59 0 8 87 81 41 24 10 48 50 3 89 29 18 47 30 43 12 13 51 16
32 39 65 38 34 23 72 12 61 18 31 84 62 82 77 67 22 54 45 17 5 15 60 87 70 3 41 53 1 76 40 30
55 10 58 88 26 13 0 66 8 94 25 85 11 80 75 2 62 27 87 28 45 78 49 19 56 72 16 21 24 42 1 57
92 61 74 67 31 20 22 33 81 18 9 4 84 38 54 51 25 15 43 82 48 44 76 21 6 17 12 60 95 90 10 35
38 61 33 18 67 31 22 23 92 9 84 74 65 44 20 54 39 91 34 7 82 81 76 35 60 48 15 51 32 17 78 93
13 62 55 45 85 58 75 28 26 66 87 56 79 94 2 16 11 80 47 57 14 27 72 77 24 32 5 88 1 8 0 71
38 32 65 39 23 31 61 18 33 34 67 22 9 84 12 74 54 15 82 17 72 76 92 1 77 64 70 48 44 60 7 30
7 27 42 26 87 34 3 72 13 83 29 88 28 55 10 79 1 86 58 93 0 45 5 40 85 48 21 56 35 46 62 94
51 10 80 25 0 81 92 4 20 73 24 43 88 86 42 74 53 49 6 68 76 19 69 12 57 9 14 46 16 50 67 2
66 79 57 91 58 40 11 56 3 72 39 62 85 53 45 5 65 28 1 73 87 13 32 55 83 26 78 47 12 7 95 46
62 58 45 55 13 66 28 26 85 11 27 94 75 16 87 56 1 79 2 34 47 65 32 8 80 36 86 71 53 77 40 5
92 67 61 33 18 31 74 20 22 9 38 84 81 4 15 54 43 21 51 25 44 48 12 17 63 95 78 82 91 76 90 93
0 16 80 81 27 77 10 68 28 42 25 51 71 86 49 21 44 43 92 47 20 90 24 53 41 36 11 2 17 13 6 52
13 58 62 85 28 45 55 26 66 11 56 75 79 2 94 47 27 80 57 16 88 87 72 24 14 1 0 5 77 71 42 49
14 17 82 81 54 70 71 77 7 56 24 51 60 50 64 76 47 57 79 12 16 75 46 37 6 15 28 72 31 2 32 18
77 19 94 86 75 24 85 26 90 52 29 41 72 13 46 80 88 73 14 47 3 63 28 17 6 53 15 16 45 32 68 2
73 4 47 56 80 42 43 20 24 49 72 16 14 81 89 79 2 10 66 26 35 19 57 5 70 76 59 63 11 85 58 13
13 75 26 85 58 77 55 45 94 28 16 62 88 56 80 47 66 2 11 27 10 86 72 24 0 14 53 42 87 49 19 46
95 30 68 84 82 69 31 52 60 37 92 70 90 22 23 67 57 63 61 4 18 6 71 20 48 81 38 74 44 73 16 93
29 21 34 93 94 89 48 41 27 88 83 63 43 22 95 90 10 5 35 42 49 78 73 30 13 25 70 65 2 45 55 36
80 85 47 2 10 11 13 28 58 73 57 0 75 55 66 94 88 79 49 24 56 26 16 42 62 14 45 86 27 71 25 53
25 8 55 94 10 0 88 87 2 66 13 58 62 28 78 80 1 23 85 75 51 19 45 36 26 49 16 21 34 9 24 11
21 43 63 29 15 89 10 8 19 35 25 94 55 93 49 78 88 27 48 66 1 58 42 83 34 40 5 59 20 11 33 13
13 58 62 45 28 85 66 11 79 26 75 55 56 16 47 87 27 57 80 2 94 0 72 40 14 24 88 71 5 53 77 1
19 29 63 94 88 90 72 43 46 15 10 48 37 21 4 83 42 89 22 8 52 41 95 27 3 26 20 39 84 34 74 35
58 56 47 13 45 11 26 85 62 28 66 57 2 75 79 73 24 55 27 16 49 88 71 93 80 42 14 10 95 5 40 72
13 85 55 58 28 75 2 80 11 94 66 62 45 26 47 57 0 88 56 16 79 10 24 27 49 14 87 42 73 71 5 77
47 89 16 59 58 13 66 85 11 45 2 24 62 94 63 57 75 28 56 55 71 49 46 44 5 80 41 26 10 68 73 79
27 0 80 83 26 88 58 78 11 85 69 25 66 51 75 94 56 13 55 57 79 10 62 40 24 87 36 28 23 2 8 16
69 95 36 29 83 15 43 52 0 68 90 16 80 88 75 56 50 10 42 60 3 46 59 86 71 51 23 8 66 55 87 57
78 36 83 8 58 69 88 25 55 19 94 43 27 21 10 66 0 62 11 95 91 85 26 1 87 13 53 6 79 80 35 49
81 92 20 31 74 4 67 22 33 25 61 9 51 18 84 30 0 43 68 69 82 6 95 10 73 38 44 60 23 15 54 17
29 89 52 86 63 21 16 90 50 46 19 94 15 41 68 49 5 30 80 70 10 74 43 4 24 71 34 3 75 81 67 22
67 61 31 18 38 74 22 92 33 20 9 84 81 54 4 82 48 15 39 17 12 44 7 23 65 51 60 21 6 70 63 50
21 19 29 43 8 52 15 27 78 83 94 90 86 41 30 55 10 88 59 26 63 49 65 40 58 25 87 80 66 11 46 85
62 45 13 58 55 28 85 26 66 56 75 79 11 94 2 47 87 27 32 72 16 57 1 34 65 5 14 77 88 80 24 71
62 58 13 45 85 26 75 28 56 79 66 11 55 16 47 2 27 94 57 72 14 80 32 24 5 77 87 71 88 53 86 1
56 79 69 66 57 58 36 45 13 95 26 73 62 27 85 11 24 75 83 28 72 86 80 53 88 55 91 52 40 90 64 87
69 68 51 90 36 19 6 44 80 82 95 84 43 26 86 50 71 78 75 0 53 30 8 64 52 58 56 24 85 74 37 41
13 56 28 58 85 66 11 2 80 79 75 55 57 26 45 47 94 62 24 0 88 16 14 73 27 72 42 87 10 5 77 71
12 41 68 15 53 86 80 51 90 24 74 19 9 30 6 59 67 18 27 4 29 84 43 31 94 92 8 52 85 38 77 21
58 27 85 62 55 11 45 75 13 47 26 66 32 28 52 65 5 43 87 89 40 79 21 83 95 57 16 94 63 78 39 56
36 77 88 94 26 58 45 13 62 85 55 56 75 6 28 64 2 1 14 72 19 11 66 79 32 90 24 37 69 47 86 16
93 8 34 1 55 87 23 65 33 45 9 63 25 22 94 32 62 21 95 48 61 44 2 29 54 13 75 10 3 88 17 38
70 14 82 57 56 7 93 2 28 45 79 13 47 34 5 54 75 73 50 72 0 17 6 24 1 40 62 16 60 37 3 81
76 56 53 6 85 24 57 26 75 5 14 69 58 13 30 62 70 79 82 66 16 2 28 68 71 11 55 86 80 37 45 51
73 81 14 85 80 57 10 2 7 75 24 11 0 47 4 49 28 79 50 51 42 88 94 86 64 13 20 37 71 43 25 56
92 81 20 74 31 33 67 61 22 9 4 18 25 51 43 8 82 84 38 69 54 95 48 44 21 10 78 23 90 60 73 37
61 38 67 18 31 22 33 74 84 92 20 9 54 39 23 15 81 44 12 4 65 60 21 82 48 95 91 17 43 32 76 7
33 61 38 31 9 22 74 92 67 65 23 18 81 54 32 8 82 15 84 48 63 12 44 76 34 41 4 21 60 17 35 68
13 85 58 55 28 11 62 66 26 80 47 75 2 45 94 56 16 24 57 79 27 0 88 49 10 86 71 14 5 42 77 53
14 82 64 57 6 76 77 37 56 71 75 17 50 70 24 32 30 2 5 51 54 26 16 60 45 13 40 72 85 7 47 69
69 6 82 36 14 64 37 95 57 56 50 71 79 75 51 77 0 90 44 88 28 60 54 2 73 45 42 68 13 62 80 23
7 44 91 76 82 1 79 54 53 39 33 3 64 87 65 14 38 93 77 32 60 23 28 51 17 36 37 45 50 18 61 71
13 58 85 28 55 66 11 62 45 2 75 26 80 47 56 94 79 57 16 27 88 0 24 10 14 49 42 87 71 5 72 73
0 88 10 80 25 26 57 85 13 55 11 87 8 24 75 94 51 58 2 1 66 28 71 6 14 49 69 56 62 16 45 86


28 77 9 66 75 49 89 87 76 21 91 19 54 64 43 6 88 72 95 37 84 70 59 53 73 82 52 29 40 47 51 1
30 16 24 36 8 81 74 45 11 18 2 4 50 58 67 23 22 17 32 60 27 31 86 3 42 41 93 71 69 78 26 59
60 50 45 8 4 24 11 31 67 86 2 93 81 30 23 74 16 3 61 36 65 69 18 17 41 7 14 94 51 46 22 62
86 3 31 61 93 60 8 4 67 50 11 23 45 74 22 24 2 68 81 5 36 35 17 30 48 65 41 69 18 78 16 33
7 5 51 0 37 65 68 55 40 32 73 61 41 33 86 92 64 78 12 46 44 35 19 15 76 47 62 89 75 69 53 58
33 0 40 62 12 56 61 65 32 43 51 15 25 46 1 38 42 47 35 23 37 7 90 58 53 70 84 72 39 85 81 28
11 8 24 4 45 30 67 18 50 60 81 16 31 2 23 17 93 22 36 44 74 71 27 85 41 42 86 79 34 3 0 20
11 60 8 50 4 67 45 24 2 31 30 16 18 81 23 17 74 22 93 36 27 3 86 44 41 14 69 42 94 78 71 90
8 24 4 11 45 50 60 67 30 31 81 2 16 74 18 23 93 86 36 17 22 3 41 27 69 44 61 65 5 71 80 58
64 77 49 76 75 28 66 9 72 21 87 91 88 43 89 82 19 53 6 84 52 37 54 95 73 51 70 59 47 39 29 40
64 82 52 57 86 51 39 76 77 21 66 53 28 49 72 75 43 70 84 5 90 87 29 91 9 14 88 47 26 6 93 20
61 33 40 3 12 62 35 92 65 56 15 52 73 69 38 68 5 53 64 47 72 39 10 43 84 0 82 41 37 86 60 93
63 94 34 80 7 83 29 47 73 37 84 19 88 70 55 85 79 53 44 75 41 43 39 89 62 48 28 51 76 5 9 64
60 11 50 4 8 67 2 31 45 16 24 17 30 23 86 74 36 81 18 93 22 3 69 27 44 90 41 65 94 61 57 71
4 50 60 11 8 45 24 67 31 2 30 81 74 16 23 18 93 86 17 22 36 3 27 41 69 44 61 65 94 14 5 85
46 90 15 12 38 18 33 17 65 85 92 7 13 40 16 57 67 42 93 36 71 11 24 78 81 41 1 23 8 60 25 50
74 30 24 8 16 4 2 81 58 11 45 50 60 18 69 67 36 23 86 22 41 31 32 17 27 0 80 65 3 61 42 93
45 16 4 50 24 8 30 60 58 2 11 86 69 74 36 31 67 23 22 61 18 93 80 5 81 3 34 14 17 94 71 27
50 11 60 8 45 4 67 24 31 30 2 16 81 18 17 93 23 74 36 22 3 27 86 41 44 94 14 85 69 90 42 78
4 8 60 50 11 2 45 24 31 67 74 30 81 16 86 23 18 93 3 22 17 36 41 69 27 61 94 44 80 65 5 14
24 8 4 30 11 50 45 67 60 2 16 81 31 74 23 18 36 22 17 3 86 93 69 27 58 94 61 44 41 63 65 14
24 8 50 11 4 30 45 60 16 67 2 18 81 31 74 23 17 36 93 22 3 27 86 69 44 41 94 90 58 85 78 26
11 8 67 45 50 4 60 24 31 18 93 30 81 17 2 16 23 22 44 36 71 74 86 27 3 41 85 94 14 79 42 25
28 77 76 9 66 49 75 21 87 43 91 89 64 19 54 72 88 6 37 95 84 53 82 73 70 59 52 29 47 40 51 39
77 75 9 89 28 49 87 91 66 19 21 54 6 76 95 88 72 43 64 59 37 84 70 73 53 82 52 29 1 40 47 51
18 79 85 24 71 81 30 67 11 8 44 45 17 42 4 34 16 50 60 93 32 23 20 22 27 2 31 36 25 41 0 55
31 60 67 93 11 50 4 8 86 45 2 17 3 24 23 81 18 22 16 74 30 36 14 94 27 44 41 61 63 48 69 57
8 11 24 4 81 67 45 30 50 60 2 31 16 18 23 74 17 93 22 36 27 3 44 94 41 85 34 42 65 86 71 80
17 93 24 81 67 18 30 8 11 71 23 32 44 45 36 79 22 50 31 4 42 60 46 16 85 86 27 41 35 90 78 1
64 66 9 77 75 28 76 49 53 21 87 84 43 91 72 89 70 19 88 6 82 52 54 73 95 51 39 37 59 47 29 40
83 55 51 7 80 41 63 65 32 34 62 61 86 12 73 94 58 69 5 38 40 74 48 10 72 45 47 35 19 64 82 93
45 16 24 50 7 23 4 86 8 2 60 30 11 58 74 5 67 69 31 18 17 36 22 81 93 44 78 57 85 27 94 46
74 2 59 69 16 30 80 58 24 95 4 22 8 83 18 27 26 81 68 48 6 34 88 23 11 45 50 73 60 72 32 78
50 60 11 45 2 4 31 93 74 8 41 67 39 3 94 23 81 86 69 14 90 82 24 85 65 63 47 17 44 53 18 34
73 55 41 92 75 65 84 64 89 88 47 9 19 53 37 28 21 77 76 87 66 49 15 82 79 72 68 70 91 63 54 5
41 15 90 92 79 50 60 45 93 31 11 85 62 4 81 8 3 65 14 67 2 47 24 74 86 46 42 17 34 73 39 18
77 28 9 66 75 49 76 87 21 91 89 19 64 43 54 6 72 88 95 37 84 59 70 53 73 82 52 29 40 51 47 1
27 16 18 30 81 17 26 36 11 67 24 45 60 8 4 50 2 78 74 31 23 83 85 20 57 93 44 22 63 86 13 80
89 9 19 28 75 87 77 54 91 37 49 70 88 66 84 6 21 95 72 59 76 43 73 64 53 58 40 32 82 1 47 29
24 8 4 30 45 11 50 2 60 74 16 81 67 18 31 23 22 36 17 86 93 41 3 69 58 27 44 32 65 85 80 61
10 48 26 83 55 80 38 92 45 56 14 73 74 84 58 82 94 70 32 2 47 3 61 79 62 39 52 53 5 65 19 69
50 60 4 86 45 11 8 31 67 24 93 2 74 23 30 17 81 16 18 22 3 36 5 27 44 69 41 14 61 65 94 78
77 66 21 28 49 64 75 76 91 87 9 89 43 6 19 88 54 72 95 59 37 84 70 53 73 52 29 82 51 47 39 1
79 71 18 20 85 1 32 25 54 44 70 13 83 6 24 29 58 95 78 66 27 30 57 34 55 16 91 21 17 59 9 19
67 8 16 30 24 11 81 4 60 31 2 18 36 50 17 45 23 74 22 93 86 27 3 71 42 78 41 90 57 44 85 65
69 58 61 86 5 84 59 70 73 74 72 64 75 52 89 53 26 48 80 95 32 83 49 6 87 88 19 91 77 3 68 16
66 76 77 21 64 12 91 49 87 43 72 9 54 6 28 95 75 19 10 82 88 59 89 38 33 51 40 56 35 52 71 46
61 3 56 33 8 4 50 11 60 23 45 62 30 2 16 81 24 67 31 74 22 65 12 35 93 36 10 92 17 69 15 90
18 24 30 85 8 11 16 67 79 45 17 4 50 81 44 23 71 36 27 34 60 78 2 42 31 22 58 20 74 32 93 1
67 11 8 24 45 93 50 4 81 60 30 31 17 18 44 71 22 36 23 16 2 41 25 3 27 14 86 79 74 85 42 65
13 7 36 94 1 26 81 3 27 30 63 16 43 25 48 83 14 17 38 80 67 39 23 31 51 10 8 61 32 57 62 11
60 11 50 4 31 67 8 45 2 24 93 18 81 17 23 30 74 16 86 22 3 27 36 44 94 41 14 63 90 85 65 69
53 84 52 64 73 37 82 28 75 9 77 47 76 70 88 21 89 49 66 39 72 87 92 91 51 19 69 29 55 61 5 43
86 5 93 61 65 3 41 74 31 60 50 15 11 14 35 39 4 68 45 67 69 92 47 2 8 23 52 53 63 12 22 82
72 75 9 77 49 89 66 91 28 87 19 84 54 64 21 59 76 95 88 6 52 82 53 43 70 73 38 26 47 37 39 29
64 77 52 76 66 53 75 28 49 21 9 43 82 72 84 87 91 51 88 89 19 70 39 37 6 73 47 54 95 59 29 13
45 24 8 11 30 50 4 67 81 60 16 18 17 93 23 44 36 31 2 71 22 27 25 85 58 74 32 79 41 42 3 34
67 8 11 16 24 30 18 4 81 60 31 17 50 45 36 2 23 22 93 71 27 74 42 86 3 44 41 85 78 57 35 65
84 69 59 73 75 72 89 70 53 52 88 58 47 87 19 49 77 9 95 64 91 6 82 28 37 66 21 61 48 54 74 26
11 50 8 45 4 60 24 67 31 30 2 81 16 18 74 23 93 17 22 36 86 41 3 44 27 71 69 65 85 42 94 14
39 82 53 51 52 70 64 84 47 5 55 37 14 44 76 40 28 43 46 9 94 29 93 75 25 66 73 77 92 10 90 15
59 95 54 6 89 91 19 87 88 75 49 9 72 77 28 21 66 73 43 1 32 76 58 37 40 84 70 64 42 62 33 29
9 77 75 54 89 87 28 91 49 19 66 21 6 95 88 72 76 43 59 64 37 84 73 70 53 82 1 40 29 52 47 32
33 40 61 12 62 65 64 56 92 53 52 15 76 35 84 73 37 72 28 43 47 77 9 39 89 82 75 66 68 70 49 38
52 84 53 73 82 75 64 69 72 70 47 77 49 88 37 9 89 59 66 87 39 91 19 28 61 76 21 95 51 6 55 94
32 58 89 19 59 75 70 54 95 40 6 73 1 37 84 9 87 79 91 88 72 28 55 0 77 49 62 66 33 25 5 43
28 75 84 89 77 64 76 9 19 73 66 53 21 49 40 70 87 72 37 54 88 15 91 47 33 43 82 6 12 95 39 52
61 3 60 33 50 31 4 65 11 8 62 86 67 45 69 23 93 2 41 24 30 74 92 5 81 15 36 12 16 35 17 90
78 17 46 18 86 3 7 31 13 67 22 23 36 60 93 20 4 50 11 44 48 8 2 5 69 16 74 94 24 39 57 27
81 41 65 45 50 8 24 31 11 32 60 67 4 93 0 74 3 30 61 62 92 79 2 33 23 7 5 86 94 12 34 25
60 11 50 31 4 67 8 45 2 93 24 86 81 17 23 18 74 30 16 22 3 36 41 27 44 14 94 65 69 63 61 90
30 81 8 67 24 31 11 2 45 4 16 60 50 36 18 22 23 27 17 93 74 94 80 3 63 34 83 44 86 48 26 14
7 51 1 30 23 94 3 13 80 81 50 16 8 60 17 57 63 46 62 32 45 31 11 36 85 67 83 69 24 90 4 61
24 30 8 81 45 58 4 74 50 11 32 16 67 60 18 2 36 23 31 41 22 17 69 93 42 79 80 3 5 86 27 85
24 67 8 30 11 16 81 4 31 60 45 2 50 17 36 18 23 93 22 74 71 86 27 3 41 44 42 94 65 78 63 34
58 32 74 69 59 30 24 2 4 45 81 16 8 50 1 41 80 68 11 23 89 18 70 73 85 55 95 83 84 27 60 79
77 66 28 76 49 75 9 21 87 91 89 43 54 19 64 6 72 88 95 37 84 59 53 70 73 52 82 29 47 40 51 1
24 8 45 11 81 4 30 50 67 74 60 16 2 31 23 18 93 86 22 36 17 58 27 32 41 3 44 85 5 69 65 79
31 60 67 93 11 50 4 8 45 86 2 17 24 81 3 23 18 30 22 16 74 36 14 27 94 41 44 61 63 90 48 5
31 93 67 60 8 4 50 11 45 24 86 2 81 17 18 74 23 30 3 14 16 22 41 36 65 71 44 94 61 63 5 68
13 1 27 7 36 57 17 23 94 78 16 43 63 46 30 51 20 80 59 67 3 48 39 90 6 70 18 95 81 12 26 38
8 11 4 60 24 50 45 67 30 31 2 81 16 74 18 23 93 17 86 22 36 3 41 27 44 69 65 61 85 94 42 5
42 18 71 17 22 11 16 27 44 67 81 8 2 35 24 78 60 36 30 23 4 45 20 74 31 41 93 68 86 95 50 79
3 61 31 23 86 93 78 17 14 60 50 67 36 68 13 39 69 48 5 2 11 8 26 4 45 24 74 81 94 30 7 27
60 31 11 50 67 4 8 45 2 93 24 81 30 86 23 17 18 16 74 22 3 36 41 27 44 14 94 61 65 63 69 90
11 8 67 24 18 4 81 31 45 60 30 50 16 2 17 71 93 22 23 42 36 74 41 27 44 34 79 86 3 85 94 80
65 5 33 35 15 92 12 41 61 46 55 40 86 68 62 32 14 29 71 79 42 0 73 21 28 64 93 88 23 76 44 75
77 28 75 9 66 49 76 87 89 21 91 64 19 43 54 72 6 88 95 37 84 53 70 59 73 82 52 29 47 40 51 39
40 33 32 12 0 56 62 5 65 10 46 61 1 35 38 81 92 42 44 15 58 79 43 68 25 93 19 51 55 37 45 89
32 58 40 30 70 24 59 1 25 79 81 33 85 89 16 45 71 95 0 54 12 19 56 6 38 8 42 36 44 62 55 15
60 31 50 45 4 93 11 67 8 86 24 2 17 23 3 81 30 18 16 74 22 36 14 41 61 44 94 5 27 90 65 69
67 11 8 50 60 31 4 45 24 93 81 2 18 23 30 17 16 86 74 22 36 3 27 44 41 94 85 90 14 65 5 61
3 48 61 69 23 5 26 35 31 86 52 10 74 93 56 39 50 60 13 4 2 53 36 94 84 47 68 45 80 8 1 14
93 31 60 67 86 50 11 4 17 45 14 8 2 3 24 23 18 51 22 71 81 44 94 36 39 16 90 41 57 65 30 61
59 89 75 95 54 6 9 19 84 91 70 87 49 77 66 72 28 88 43 21 73 53 58 64 37 76 52 1 82 47 32 39
60 67 31 11 50 4 8 45 17 16 36 93 18 30 24 2 81 23 22 3 14 44 27 94 71 86 57 74 42 90 39 63


92 63 64 75 62 89 27 34 49 13 47 78 22 19 84 0 55 20 17 36 94 10 29 59 2 28 9 6 76 31 25 24
72 4 45 12 95 52 60 37 11 50 3 80 23 70 18 35 73 46 91 21 61 20 38 66 85 82 51 77 28 79 33 29
69 2 1 11 76 9 49 45 42 64 10 36 17 55 93 86 47 31 57 19 58 30 54 59 34 48 27 84 92 87 68 13
78 0 22 76 19 10 59 31 17 93 84 38 30 36 34 13 58 47 48 28 9 2 27 11 89 55 63 54 6 44 32 56
0 22 78 19 59 10 76 17 31 93 84 38 34 36 13 30 47 58 89 28 27 9 48 2 55 11 63 6 54 44 32 56
88 36 1 10 17 78 6 19 13 22 76 30 47 38 93 59 58 27 28 31 0 55 34 11 2 63 4 35 8 84 42 5
18 16 7 79 77 61 12 91 35 40 21 66 60 1 88 3 65 51 52 70 46 4 83 33 85 15 72 80 73 50 62 43
51 77 49 61 91 80 83 7 18 85 70 21 35 46 62 16 40 79 33 12 73 66 65 75 72 92 3 90 50 60 15 25
45 56 54 83 26 53 12 52 15 80 60 11 28 37 72 77 82 73 69 4 46 33 95 50 85 35 66 7 90 6 61 1
16 35 61 7 79 91 60 66 77 85 12 21 70 50 46 4 33 72 18 73 51 52 80 3 83 15 88 40 65 82 25 90
22 0 78 19 84 10 34 89 13 59 17 47 76 31 27 36 38 93 63 28 30 2 6 9 55 58 48 11 54 44 94 75
68 71 14 2 95 69 5 10 49 92 75 57 27 84 67 86 36 87 64 76 20 56 93 24 48 32 59 13 47 30 63 19
77 80 85 7 33 53 79 61 60 21 83 50 16 70 24 91 18 46 35 20 12 40 94 72 3 73 4 51 90 82 25 62
73 70 72 50 61 91 60 46 21 90 85 7 80 51 12 66 77 4 18 82 33 16 15 52 35 3 79 69 25 40 74 83
64 49 5 86 92 68 65 71 75 62 43 25 2 57 26 69 87 14 63 67 10 27 20 24 35 17 88 91 70 55 85 74
91 61 70 21 60 73 50 72 7 77 18 46 51 90 66 12 80 16 15 85 33 4 79 3 35 82 40 52 83 25 69 65
84 34 19 0 78 13 47 59 22 36 27 63 76 31 10 28 93 9 38 17 2 30 89 55 94 48 56 54 81 58 11 53
78 10 76 2 0 22 59 19 17 93 55 36 31 30 34 84 13 58 47 27 48 38 11 9 28 63 89 6 87 32 64 1
77 18 7 12 33 16 61 21 79 35 50 85 91 60 70 4 3 80 46 72 66 82 40 73 51 14 25 83 52 20 69 62
31 30 59 93 76 17 48 38 58 10 0 78 22 19 36 44 9 41 11 84 34 13 47 8 28 74 55 2 89 63 23 81
95 87 26 85 45 44 69 43 71 3 68 50 38 72 73 60 32 66 12 21 4 81 52 67 80 11 77 70 35 91 90 8
53 83 15 37 43 80 66 54 79 77 40 89 7 3 52 46 90 51 33 6 45 81 61 23 16 12 60 65 25 21 85 42
72 4 50 12 60 73 52 70 35 91 85 45 33 61 16 7 21 29 88 51 79 3 46 90 25 77 18 66 20 80 15 40
83 80 15 43 53 77 90 66 37 51 46 41 61 40 25 89 73 70 91 35 32 21 3 58 60 74 39 54 44 8 82 71
10 76 59 78 19 93 31 36 0 22 30 17 38 13 84 58 34 28 48 47 2 11 27 9 63 55 89 54 6 44 41 56
61 91 70 21 77 60 7 73 50 80 72 46 85 18 12 51 90 33 16 79 66 35 15 3 4 83 40 82 52 25 69 65
45 69 43 14 52 73 11 83 68 26 71 90 56 12 8 15 95 58 61 54 46 91 77 18 66 70 21 3 41 81 86 1
26 43 69 95 45 83 73 11 5 14 56 90 15 12 52 68 8 58 87 46 54 3 66 42 41 61 57 38 91 71 60 77
69 73 70 50 91 90 26 21 61 72 33 85 7 46 60 77 4 12 18 57 82 80 87 51 15 16 35 52 25 14 74 86
30 93 76 48 74 41 59 36 31 10 58 78 38 17 11 19 8 28 64 22 9 2 0 29 13 88 20 4 63 92 47 55
70 61 91 21 50 77 60 7 72 73 85 80 18 46 90 33 12 51 79 16 4 66 3 15 35 40 82 52 83 25 69 14
95 12 4 72 45 3 50 85 60 21 26 80 52 77 33 46 35 61 24 70 91 66 73 88 7 79 18 20 15 16 37 53
70 61 91 21 90 60 50 73 72 77 80 46 7 51 18 33 85 66 15 12 4 79 16 3 82 40 52 35 25 83 69 74
76 10 93 31 59 30 78 17 19 0 22 48 38 58 36 84 28 2 13 9 34 11 47 55 27 63 41 89 56 44 54 74
60 50 77 80 4 85 12 72 33 21 7 61 70 79 46 91 16 3 18 35 40 73 45 53 90 51 20 83 66 15 82 71
77 7 18 61 91 79 80 21 85 16 33 60 70 12 46 50 35 40 51 72 3 83 66 73 4 82 14 52 62 94 37 25
74 41 73 90 70 91 61 82 66 8 51 21 72 50 60 46 5 15 69 48 43 26 4 35 52 25 12 18 14 77 3 58
59 76 31 93 0 78 19 10 22 38 30 48 17 84 28 13 34 36 58 9 47 2 27 63 11 89 55 54 56 44 81 74
36 47 13 19 84 10 28 63 78 34 27 59 38 31 76 0 56 22 93 94 30 20 17 9 55 24 89 44 11 48 81 2
28 13 19 47 10 78 36 22 38 84 0 27 34 59 76 54 31 93 2 17 63 11 58 9 89 87 6 30 56 48 53 86
50 72 4 33 70 85 21 77 60 61 91 7 12 79 80 46 16 73 40 51 3 18 35 90 24 20 82 52 87 26 62 83
43 52 66 72 91 61 60 21 73 12 70 95 83 45 77 18 15 8 51 3 65 7 35 85 90 50 4 46 16 37 80 40
61 70 91 21 77 60 7 50 72 80 73 46 85 18 33 90 12 51 16 79 66 4 15 3 35 40 82 52 83 25 69 65
76 59 93 10 31 30 78 19 0 17 22 36 38 58 48 84 13 11 28 34 2 47 9 27 55 63 89 41 44 6 54 56
95 71 87 57 67 85 68 86 69 38 89 3 14 53 50 32 6 33 11 26 80 24 4 28 75 84 20 72 81 2 27 45
85 53 79 80 7 16 77 35 33 60 21 12 46 66 61 70 3 82 83 18 72 91 50 25 4 15 51 20 37 73 40 69
66 15 53 37 83 6 79 80 89 16 54 7 35 77 12 46 40 18 3 60 45 52 43 1 61 44 51 85 23 33 32 25
54 0 78 75 22 17 76 93 59 27 19 6 48 30 34 36 84 31 38 28 2 9 63 11 13 62 58 29 10 65 53 32
45 3 12 52 72 95 4 50 60 11 24 73 54 83 46 56 77 28 15 70 61 85 80 21 66 90 35 91 40 18 42 14
61 73 91 70 66 46 21 77 90 51 85 80 60 35 18 7 82 50 83 15 16 12 72 33 3 40 52 79 25 43 41 69
53 79 12 16 7 35 54 83 94 77 52 60 4 85 33 80 88 40 45 3 20 27 18 72 61 47 37 46 21 6 15 13
79 77 61 33 80 16 21 85 50 91 7 70 24 18 60 75 3 40 20 62 51 73 94 92 46 49 90 53 83 82 4 72
77 80 61 7 21 70 85 60 33 91 50 79 46 72 83 12 16 18 73 40 51 35 90 3 4 15 66 53 82 25 52 20
78 0 22 19 10 76 59 17 31 93 84 13 36 34 38 30 47 58 28 27 2 9 48 89 11 63 55 54 6 44 1 56
51 80 91 50 70 82 92 60 21 79 61 7 85 77 62 46 4 72 33 16 75 25 18 40 90 64 73 66 35 12 29 20
70 61 91 21 77 60 7 50 73 72 85 46 80 18 90 33 12 51 16 79 66 4 15 35 82 3 52 40 83 25 69 65
70 21 72 91 4 50 61 60 7 51 18 12 73 90 77 65 52 3 33 46 85 35 80 25 79 15 40 16 66 82 20 43
72 4 60 51 61 52 91 12 70 73 50 21 7 77 46 80 18 79 16 85 35 66 90 40 3 15 33 83 29 37 65 45
45 54 95 11 38 26 28 56 43 12 69 58 53 52 71 83 1 44 23 84 13 6 10 19 47 36 57 8 22 76 37 0
19 0 84 34 22 78 13 27 47 36 10 76 59 28 38 31 17 63 93 89 54 2 9 6 30 55 58 11 94 48 56 53
74 48 41 30 93 81 90 59 31 20 76 56 24 36 11 38 29 58 94 55 84 9 8 78 19 50 32 0 67 63 37 95
17 76 10 30 93 31 78 59 36 22 0 58 19 38 48 55 13 11 2 84 34 47 9 27 28 1 63 89 6 41 88 44
0 22 78 89 31 59 19 93 76 38 10 17 11 58 84 30 9 34 28 13 48 36 47 6 54 27 44 2 32 55 63 56
54 53 37 27 34 89 0 56 9 84 22 19 28 2 78 76 6 13 55 47 93 63 38 59 17 31 83 94 11 48 10 42
76 10 17 78 93 31 22 59 0 19 30 38 36 58 84 13 48 34 2 47 11 28 9 55 27 89 63 54 44 6 41 1
53 27 34 47 94 54 13 63 84 6 28 19 36 89 78 62 22 0 56 20 79 37 9 2 75 86 10 81 57 24 45 33
5 44 81 39 92 64 68 23 67 32 63 29 40 20 86 71 8 34 62 14 25 49 13 94 65 47 24 43 10 89 38 16
77 61 50 33 7 80 21 60 91 85 70 46 12 18 73 72 79 16 3 35 69 90 4 83 40 15 66 51 82 26 52 14
53 56 83 26 5 87 62 81 15 34 75 2 54 80 89 94 92 67 40 29 57 37 0 27 39 86 7 63 33 69 84 49
45 52 43 95 8 54 83 58 56 12 72 3 66 73 42 14 15 60 46 37 50 41 61 90 38 11 40 18 77 35 70 7
91 61 70 73 46 21 60 77 90 50 7 12 72 80 66 18 15 51 85 33 82 4 3 16 35 69 52 79 83 40 25 26
5 75 49 62 71 92 67 64 63 22 17 78 27 55 93 87 59 2 0 51 65 26 30 74 86 10 84 19 89 43 41 48
70 91 73 61 50 21 72 90 60 77 46 85 51 7 80 18 33 12 4 66 82 35 16 3 15 52 79 40 25 83 74 69
0 19 78 22 84 59 13 38 10 31 76 34 93 28 36 47 17 30 58 27 89 9 48 2 11 54 63 56 55 87 44 6
28 2 10 93 76 17 11 78 22 48 19 30 59 95 27 36 84 0 58 87 31 42 13 6 24 47 57 71 38 86 68 9
10 93 31 30 59 76 17 19 36 48 78 58 38 11 22 0 28 84 2 55 13 47 9 34 63 27 74 41 5 44 8 56
83 53 43 15 45 12 54 79 7 56 60 77 52 80 35 16 61 40 85 14 33 3 21 68 69 66 46 86 37 23 91 70
92 49 64 65 62 75 63 68 8 43 20 94 51 95 14 79 16 23 27 7 37 18 74 5 85 82 39 91 32 55 21 34
87 69 85 71 33 80 53 50 26 57 46 77 79 16 7 73 60 90 21 72 70 81 15 67 86 4 25 82 32 91 61 3
43 83 8 65 15 54 66 5 3 77 52 95 1 37 61 12 68 14 45 18 23 56 7 53 79 16 46 58 55 35 40 21
33 25 90 11 6 53 72 57 73 86 4 82 60 70 29 37 80 3 45 74 95 61 79 50 21 51 77 15 12 41 91 28
0 22 78 19 10 59 76 17 31 84 34 93 13 36 38 47 30 27 89 28 58 9 2 63 48 55 6 11 54 44 1 32
22 0 19 78 34 84 89 17 47 10 54 13 59 27 6 38 76 31 93 9 36 28 63 2 58 55 30 53 11 1 48 44
16 7 88 79 35 12 61 91 60 20 77 4 94 50 21 70 85 72 33 1 46 18 62 82 3 73 75 40 49 14 51 83
34 84 53 27 54 0 13 89 47 19 63 22 78 94 9 56 36 28 81 37 2 55 6 38 10 17 59 76 31 44 93 62
19 0 78 22 34 10 84 13 59 36 17 27 47 76 31 63 89 38 93 2 28 9 30 55 6 58 48 11 92 64 44 62
6 15 1 66 54 16 79 52 43 35 12 83 3 40 37 18 7 53 45 46 89 88 77 23 69 61 22 14 42 0 60 58
61 91 70 73 21 60 77 46 90 12 7 80 15 72 18 83 66 50 52 51 85 3 33 35 43 16 79 40 82 69 4 26
34 22 0 19 27 78 84 13 6 47 89 63 36 10 59 17 54 76 28 2 38 31 9 55 93 53 94 30 62 58 11 75
14 68 32 2 75 71 95 87 44 10 69 84 27 59 24 57 76 19 36 93 48 8 17 81 13 30 22 56 1 33 49 94
0 22 89 84 34 54 78 6 19 17 27 53 59 9 76 55 13 2 31 58 10 93 47 38 63 30 11 28 36 56 1 37
91 70 61 21 73 50 60 72 77 7 85 46 18 12 90 80 51 33 16 4 66 35 79 82 3 15 52 40 69 83 25 14
91 70 50 73 72 21 61 90 60 18 4 7 46 85 77 51 12 82 33 16 52 66 69 80 15 74 3 35 79 20 14 40
0 78 22 19 10 76 17 84 31 36 59 34 93 13 38 47 28 30 27 58 2 9 89 11 63 55 48 54 6 44 32 94
93 76 30 31 17 59 58 0 10 78 22 48 38 19 11 36 84 55 9 2 34 13 28 89 41 47 27 6 44 63 54 8
79 16 7 77 1 18 88 12 61 35 66 3 83 85 91 40 65 94 21 60 75 46 51 20 14 52 33 62 80 49 4 70


