
70 17 65 28 85 88 6 47 48 37 43 31 52 19 13 45 22 9 38 69 50 86 89 79 95 23 1 42 12 75 7 74
29 24 73 33 46 90 91 53 94 89 5 42 40 27 0 16 18 30 93 54 51 62 25 35 39 12 84 72 77 83 21 55
44 84 93 63 77 14 92 34 35 76 23 60 74 75 67 5 3 30 72 81 55 9 38 18 8 51 54 73 16 15 95 66
60 14 38 74 63 9 92 75 81 93 44 35 84 52 86 48 85 77 8 62 76 23 13 67 34 3 64 95 72 73 55 88
0 15 16 54 57 39 83 21 71 30 36 56 26 59 5 51 32 20 2 61 66 82 72 18 11 68 1 77 84 93 3 49
31 17 69 65 1 45 70 37 82 20 28 32 2 43 56 26 19 71 21 61 89 6 47 50 59 88 36 49 12 22 83 48
85 48 86 17 47 38 70 52 6 19 12 88 29 37 62 78 74 9 31 28 89 46 13 14 60 94 45 23 27 33 65 50
56 21 11 26 71 61 32 59 1 20 82 57 36 39 2 83 65 69 31 68 22 50 45 0 15 80 49 33 66 40 54 43
48 85 86 47 38 52 19 70 74 17 6 13 9 37 28 60 88 14 31 95 89 23 41 92 81 75 62 43 45 8 63 24
29 24 33 73 46 89 42 90 53 35 12 62 94 27 6 14 25 74 34 93 18 55 38 9 5 84 63 79 40 23 30 92
44 63 14 93 84 92 35 77 74 76 60 23 75 34 67 9 81 38 3 8 55 5 72 30 95 51 73 18 54 15 52 86
16 0 30 54 15 5 72 18 51 57 66 84 36 83 39 77 93 21 71 59 26 67 3 34 56 2 73 20 76 61 32 12
29 46 33 73 24 90 94 89 42 62 25 53 6 40 12 35 55 79 74 5 14 63 18 9 93 38 0 84 86 34 22 27
38 9 74 14 60 23 52 92 75 44 63 35 48 34 85 86 13 76 8 95 81 55 77 88 93 79 47 62 6 84 67 3
48 70 47 17 85 19 52 6 37 88 28 13 65 38 31 86 9 74 43 45 95 60 89 75 50 69 22 23 14 41 62 78
52 70 85 6 17 38 47 9 19 48 86 88 37 60 74 65 62 75 28 14 45 13 79 23 31 22 95 43 92 41 35 81
17 70 31 28 37 47 19 65 85 48 45 6 43 88 69 1 52 13 50 89 22 82 86 49 20 32 38 2 12 78 61 56
68 19 45 81 86 39 69 37 1 26 82 83 41 20 32 21 57 15 25 31 71 56 84 47 89 0 49 62 72 78 50 67
20 21 82 26 32 56 71 1 83 39 2 57 69 36 68 45 61 31 0 37 59 11 49 65 89 15 43 17 50 19 16 25
75 92 14 77 44 34 63 60 23 3 76 74 93 9 35 67 84 95 81 8 51 38 13 52 5 72 55 73 58 30 18 86
65 31 1 17 69 82 20 43 61 56 2 32 70 28 45 26 71 21 59 37 50 89 36 83 49 12 39 47 57 19 6 88
36 26 20 2 32 82 21 71 56 83 57 39 61 1 69 59 0 31 45 11 68 50 16 89 29 43 65 12 49 54 15 17
9 74 38 60 14 52 92 23 75 63 44 35 86 48 95 85 81 13 34 76 8 77 55 47 62 79 93 6 88 3 84 67
3 7 58 8 78 13 49 4 10 67 80 95 76 44 75 23 77 34 92 14 9 93 52 66 15 60 38 74 27 84 12 51
86 19 41 37 81 47 45 69 74 52 38 70 68 48 6 89 17 62 60 85 31 25 1 9 63 92 13 82 78 20 49 84
51 15 84 54 5 16 93 72 30 77 0 18 63 67 66 76 44 3 14 34 35 64 92 39 81 68 73 62 8 55 57 29
1 82 56 32 21 26 71 20 2 69 45 39 83 57 31 61 37 65 68 36 59 17 49 89 50 43 19 11 70 0 25 28
58 10 67 13 3 8 44 93 80 76 84 81 4 63 60 14 95 64 7 74 77 92 9 49 30 34 38 43 23 75 72 54
44 84 14 34 63 77 93 92 35 23 76 60 75 55 74 67 5 3 9 30 72 8 38 51 18 54 81 73 95 66 16 79
20 56 82 32 21 1 26 71 83 2 69 57 61 39 59 45 36 31 65 11 0 68 49 37 89 43 17 50 70 22 28 16
78 12 27 7 49 17 47 70 50 23 53 92 75 62 13 48 89 77 31 69 36 85 28 39 34 52 37 91 64 20 65 51
44 92 14 63 74 84 60 23 35 93 76 38 77 34 9 81 75 67 55 8 3 95 72 5 30 52 86 18 73 51 13 79
89 29 78 12 27 24 17 6 46 47 70 53 37 48 19 69 91 41 45 31 33 73 28 65 86 85 1 38 20 79 82 94
0 39 15 57 16 83 54 21 30 71 26 68 56 36 5 72 32 20 82 51 2 18 84 1 61 93 66 11 59 25 67 69
29 89 24 73 33 46 62 12 94 6 53 35 42 25 78 90 17 86 48 85 37 70 27 38 69 41 74 19 45 64 14 47
34 77 44 84 93 14 35 92 63 5 30 51 55 76 23 54 75 72 60 3 18 16 67 66 8 15 74 73 9 95 81 79
0 16 39 57 54 15 21 71 83 56 36 26 30 59 5 61 2 32 20 51 18 66 82 11 68 72 1 84 93 77 49 25
29 89 33 24 25 2 62 73 46 94 42 6 32 17 50 69 36 65 12 45 70 90 20 43 82 37 26 28 85 71 41 53
84 30 15 51 54 72 68 11 93 5 81 16 0 18 63 90 77 8 80 76 66 44 39 67 3 40 55 83 35 92 4 57
14 23 9 74 38 60 92 75 44 63 34 35 95 52 13 48 76 85 77 8 55 86 81 93 84 79 67 73 88 47 3 62
80 22 4 52 38 8 9 88 60 74 40 48 13 85 95 55 23 44 86 58 14 47 76 75 11 79 19 6 70 7 92 90
92 44 14 74 81 63 23 77 84 60 76 34 9 93 35 75 38 67 3 55 8 95 52 86 30 18 73 72 5 13 51 79
35 93 3 14 75 77 84 9 63 60 5 44 76 79 34 15 67 38 92 66 54 74 64 52 16 23 30 78 95 62 81 72
84 93 5 30 54 72 77 16 15 44 63 51 67 76 35 18 34 14 3 92 0 66 73 81 64 55 75 8 60 23 74 9
24 29 73 46 89 33 40 90 91 67 62 43 25 93 10 45 76 1 6 35 87 5 84 63 81 94 0 21 19 68 86 60
38 60 74 14 9 92 52 23 75 35 63 86 48 8 85 95 44 81 93 77 6 47 62 34 13 76 84 94 88 24 90 55
14 44 34 92 63 77 93 60 35 23 74 84 75 76 9 55 51 8 38 67 3 81 5 95 72 30 79 73 54 18 52 13
14 44 34 92 77 63 93 35 84 60 23 75 76 74 9 55 38 8 67 51 3 5 72 81 30 95 73 54 18 79 66 52
74 14 38 9 60 23 92 44 75 52 63 35 95 13 34 81 76 86 48 8 85 77 55 93 84 67 3 47 79 88 62 6
29 94 71 56 21 26 32 57 1 82 2 39 46 33 36 83 20 25 0 59 62 68 45 54 16 61 69 11 49 64 89 65
44 92 14 23 63 74 35 84 34 60 77 93 76 38 9 75 67 81 55 3 8 72 95 30 73 5 86 13 18 52 51 79
31 37 17 70 69 45 19 28 43 1 65 47 85 82 48 89 32 20 6 2 26 49 50 86 56 88 68 13 21 71 41 12
50 19 86 48 52 47 38 45 85 81 68 88 1 31 17 37 62 64 60 6 25 70 13 14 22 74 84 69 8 9 26 91
80 8 91 40 4 11 22 27 7 58 55 49 3 95 87 66 44 88 76 75 77 79 59 15 52 42 90 34 23 53 5 60
1 56 32 82 20 21 26 71 2 69 83 39 57 45 61 36 31 68 37 65 59 11 49 17 89 50 0 43 70 19 25 12
28 41 43 47 70 23 13 48 17 6 95 89 37 86 19 85 38 75 74 92 69 10 31 9 79 52 58 44 78 87 67 34
92 44 14 63 77 84 23 34 74 93 35 76 81 75 60 67 3 9 72 38 55 30 95 8 5 51 18 73 54 79 86 13
56 21 71 20 26 83 57 61 82 32 36 2 39 59 1 0 11 69 16 54 15 68 66 49 45 31 65 43 30 18 89 51
4 80 22 11 58 40 49 66 7 55 13 87 59 8 3 44 88 76 43 79 10 34 23 28 61 15 95 91 52 50 75 31
38 74 9 60 52 14 48 85 86 23 92 13 75 44 63 47 35 95 81 8 6 88 76 34 19 55 62 70 77 93 67 28
19 37 17 47 70 31 69 45 43 1 65 89 20 68 82 6 41 86 32 22 28 48 49 2 52 87 4 56 42 83 85 71
86 47 19 38 48 52 74 85 70 41 6 9 37 60 17 13 81 28 14 92 23 45 75 95 62 31 63 89 88 69 43 22
29 89 24 73 33 46 62 35 94 25 12 53 0 78 18 72 51 16 93 5 30 92 64 14 34 42 54 63 84 6 90 77
77 34 54 84 44 93 5 16 51 3 30 63 14 67 75 76 18 55 35 66 15 92 23 72 64 73 8 60 0 9 81 79
23 14 92 74 44 60 9 38 35 34 63 75 55 77 95 76 81 52 84 93 8 13 3 86 79 67 48 18 73 85 62 72
93 63 77 84 14 44 35 60 92 76 75 5 67 34 9 74 3 81 30 54 51 23 72 38 15 55 16 8 73 79 18 62
7 13 58 49 80 3 4 10 50 43 8 75 65 88 52 85 70 48 28 47 87 17 95 60 9 77 11 22 67 23 31 34
41 86 38 74 48 63 60 81 47 72 19 84 28 6 67 92 76 85 9 93 14 62 44 13 52 90 35 8 37 89 25 75
29 33 73 90 24 46 25 94 40 62 89 42 6 5 91 53 18 27 32 22 83 21 79 39 0 55 45 68 61 57 20 59
5 84 72 76 93 77 44 63 62 25 30 67 81 92 60 16 54 15 18 14 51 73 35 74 34 0 3 91 90 64 23 75
14 74 9 60 63 35 92 38 75 23 44 94 93 34 76 55 84 73 52 77 95 90 62 81 33 79 86 8 85 6 46 67
0 57 39 21 16 83 54 71 15 56 26 36 32 59 20 30 2 82 61 66 5 68 11 51 72 1 18 84 69 12 50 25
16 54 15 0 30 5 72 51 57 39 66 83 18 84 21 93 36 71 59 56 26 77 11 2 32 61 67 68 3 20 82 73
76 67 14 9 44 8 38 74 60 92 63 10 93 23 52 81 75 3 13 48 77 86 84 58 34 85 35 73 80 95 55 91
67 58 44 93 3 10 77 76 84 63 34 30 94 54 80 8 51 14 91 16 60 92 5 15 75 66 55 23 72 13 74 79
46 73 29 90 33 24 94 40 89 42 25 62 53 6 27 91 12 32 55 5 22 18 0 2 35 83 21 69 48 87 79 45
4 7 3 58 80 13 87 43 10 8 42 22 50 11 28 75 67 66 95 52 47 65 61 44 88 77 31 85 59 70 56 15
80 4 11 22 55 87 66 44 3 53 59 58 90 30 7 40 67 79 54 34 43 10 84 16 63 15 42 68 18 77 72 5
65 31 17 2 43 1 69 82 70 32 20 37 56 71 45 26 28 50 61 21 36 59 89 19 88 83 12 42 49 57 22 39
30 77 34 5 54 84 16 93 51 44 18 72 35 15 66 63 55 92 14 76 23 3 0 67 75 73 79 60 8 64 81 74
54 51 30 16 34 5 77 66 18 0 15 93 84 79 55 72 44 63 3 59 35 76 75 67 92 73 23 14 11 61 90 57
34 77 44 92 93 63 84 14 75 35 23 76 51 67 30 55 5 3 18 60 54 74 95 9 72 79 16 81 66 8 73 15
84 44 93 63 92 77 14 35 34 76 23 5 74 30 81 72 60 67 75 3 55 9 18 51 38 54 8 16 15 73 95 66
84 44 77 93 63 67 92 34 30 14 3 72 35 51 23 76 54 18 5 16 75 81 60 8 15 74 55 66 9 64 95 38
44 84 92 14 63 93 77 35 34 23 76 74 60 67 72 81 75 30 3 55 38 9 8 5 18 51 95 73 54 16 15 64
14 44 23 74 92 60 9 63 38 35 75 34 77 76 84 81 55 93 8 95 52 67 3 13 86 79 73 48 85 62 72 5
38 74 52 9 60 48 14 86 85 92 23 75 13 47 81 44 63 95 6 35 88 8 19 70 76 34 62 55 79 28 17 77
38 85 48 86 52 74 9 60 13 14 47 23 6 92 19 88 75 70 81 95 8 63 44 35 17 28 76 62 37 64 34 55
19 85 37 47 70 17 48 31 86 28 6 45 69 43 52 38 13 88 65 89 41 1 9 74 22 50 68 82 64 60 62 49
84 93 5 54 30 15 51 16 77 72 63 18 76 0 67 44 35 3 92 34 14 81 66 73 75 55 60 64 8 62 74 90
82 36 20 31 69 26 2 1 32 56 21 71 61 45 83 39 17 37 43 57 68 19 70 11 65 49 50 10 12 47 41 58
74 38 23 9 14 63 44 60 92 55 86 35 95 34 81 52 48 13 75 67 85 76 28 84 3 47 6 87 79 42 41 7
92 84 44 81 63 14 74 77 93 35 76 23 67 72 60 34 3 30 75 51 38 5 95 9 8 18 55 15 86 73 54 16
49 46 91 8 76 67 10 93 58 53 78 40 15 80 13 11 27 84 39 3 7 68 19 21 64 54 71 94 9 1 56 26
69 1 82 20 32 45 31 26 56 37 2 21 71 17 61 70 83 50 19 36 39 68 65 57 43 89 11 49 41 47 12 22
17 70 31 37 19 45 69 65 47 28 1 43 6 48 85 82 20 89 32 88 2 86 50 26 22 56 12 52 49 41 71 21


25 16 75 8 94 44 0 10 55 87 86 51 11 60 28 79 40 80 89 42 91 58 14 77 85 13 95 19 2 73 69 47
39 62 38 18 45 32 53 7 65 3 34 12 33 40 58 56 76 87 48 91 26 1 84 23 17 63 15 66 95 37 21 79
88 75 94 73 10 14 85 77 80 11 26 24 13 28 49 16 2 51 58 56 64 47 55 68 57 63 79 4 41 6 36 83
39 32 38 18 33 72 84 1 65 12 23 15 62 91 34 67 48 60 31 40 95 3 45 66 19 44 54 53 22 56 87 26
92 20 74 22 55 61 31 67 9 16 44 60 42 36 23 34 90 25 50 84 6 81 93 17 8 91 43 78 15 63 89 75
55 16 25 77 94 75 93 10 66 8 86 36 58 78 88 51 49 92 91 2 80 14 17 71 90 50 44 59 68 85 62 28
10 94 85 13 80 26 73 58 11 14 79 75 47 1 28 56 88 29 45 78 2 49 62 0 57 87 69 86 66 16 19 5
29 70 10 2 28 0 75 82 13 51 26 85 58 80 14 41 78 83 86 47 49 7 45 27 3 5 57 1 52 73 50 6
27 34 28 3 7 51 6 23 21 20 92 78 9 0 82 54 52 70 67 25 83 11 22 31 37 2 65 15 19 12 8 40
15 81 12 54 17 51 42 18 64 89 0 32 67 31 14 7 43 28 39 44 77 52 59 6 72 19 3 50 92 61 60 11
26 13 85 47 58 56 10 80 45 79 14 28 62 2 24 1 75 0 88 73 57 66 94 5 87 11 32 40 49 53 3 72
24 47 80 56 13 79 10 14 85 58 28 26 0 45 71 87 51 86 73 11 75 2 59 94 1 62 43 8 66 17 54 77
62 45 55 38 84 58 49 53 39 34 68 66 64 16 5 33 61 71 82 22 25 27 18 60 52 30 23 65 69 86 35 46
80 10 58 13 85 47 26 0 75 28 94 14 73 79 56 16 11 66 62 1 45 2 88 51 86 25 69 87 71 24 49 57
95 66 93 44 57 91 92 36 22 34 20 40 78 25 61 56 76 84 43 4 67 31 65 42 16 21 3 52 63 9 28 54
10 0 8 13 85 80 58 55 28 51 75 94 25 87 26 2 79 47 66 1 86 14 62 11 45 16 71 88 24 73 56 40
57 15 36 64 76 24 42 84 63 68 48 2 4 81 29 18 6 37 38 39 30 7 59 65 56 31 32 67 47 82 33 61
89 27 30 6 51 41 47 69 29 54 80 37 94 42 10 88 72 59 75 9 17 85 26 5 52 24 15 71 70 13 57 14
62 26 80 30 53 56 68 48 58 86 47 69 45 35 12 79 32 24 39 87 91 66 13 38 77 82 85 7 18 50 41 76
51 26 57 80 85 68 7 5 70 37 13 58 2 27 24 47 6 82 1 10 35 30 73 28 14 4 79 88 76 75 62 45
47 56 13 26 58 45 80 24 57 79 85 14 10 1 62 73 87 28 0 68 69 4 32 30 11 95 7 5 2 86 53 63
47 64 88 5 57 80 54 93 53 1 58 72 26 13 4 62 73 85 12 32 11 21 45 68 33 84 79 63 14 94 49 10
47 80 88 58 13 26 1 85 10 45 73 56 62 94 57 2 28 24 77 14 5 0 75 49 32 37 64 29 72 19 79 68
19 72 47 5 29 41 32 35 80 88 1 52 70 9 83 69 59 49 25 78 22 81 73 64 94 89 56 39 71 13 18 57
26 58 13 85 47 10 56 45 80 79 28 1 14 75 62 73 88 94 24 2 66 0 57 49 11 87 77 5 3 16 86 59
29 37 5 75 88 47 10 57 80 85 13 73 51 26 6 14 2 58 27 93 28 70 45 94 41 83 82 52 62 21 1 49
22 61 92 74 31 20 67 9 55 23 34 18 84 93 81 38 42 54 36 21 6 48 63 65 44 27 29 17 83 35 15 70
76 57 24 4 37 85 26 79 28 5 13 58 56 10 51 53 73 1 88 80 94 21 45 7 40 75 83 6 47 14 78 3
62 58 26 2 45 80 87 56 85 55 47 13 10 25 79 1 24 49 66 68 86 71 94 77 88 14 16 0 75 35 28 29
23 65 22 61 38 20 34 67 31 18 74 9 92 84 39 48 33 27 63 21 95 81 82 30 8 52 7 87 70 37 17 54
26 13 58 85 1 80 47 45 10 28 79 56 62 73 0 14 88 11 87 24 57 75 94 2 66 86 49 3 32 77 5 51
76 12 53 24 91 40 68 43 4 17 30 42 77 79 64 87 15 51 57 54 66 46 85 26 56 7 11 84 95 81 44 65
66 91 40 44 62 79 28 87 45 34 58 8 16 60 90 80 0 13 25 55 14 10 11 89 50 59 94 56 78 53 77 47
58 26 13 45 62 80 47 85 56 79 1 10 28 24 14 87 0 73 57 66 94 75 5 2 77 32 3 49 86 88 11 71
56 26 13 47 28 79 85 58 45 1 0 10 11 73 14 24 80 87 57 40 88 94 62 66 51 3 2 93 86 83 43 75
80 13 85 26 77 47 10 58 75 88 14 2 28 49 64 1 45 16 94 86 59 62 0 73 56 66 71 90 55 19 50 11
85 13 10 80 73 58 47 26 28 75 94 56 14 79 88 45 1 24 11 57 0 62 2 49 87 66 16 77 86 71 51 3
13 26 85 47 58 80 56 45 10 28 1 14 2 73 79 24 94 62 88 77 11 75 66 0 57 64 59 49 87 86 32 71
76 4 79 5 27 24 35 78 83 53 91 70 56 48 3 21 54 63 82 93 43 28 7 81 40 45 37 57 25 86 87 20
85 73 28 13 11 75 10 88 26 80 14 1 94 79 77 47 91 56 66 57 49 58 0 53 2 19 32 24 76 51 4 64
17 77 15 90 60 86 59 71 8 87 42 95 25 55 0 43 50 41 64 89 11 19 44 69 92 16 84 61 31 75 66 20
61 23 74 67 20 31 22 9 65 92 38 34 84 18 44 39 54 12 33 72 82 27 8 21 6 15 17 30 55 42 52 60
55 8 16 75 94 25 20 88 66 2 44 9 10 92 19 89 42 87 14 77 74 0 6 22 72 11 71 60 23 54 73 64
92 20 74 61 31 9 22 67 55 25 6 16 23 44 8 27 54 42 81 78 84 51 36 82 21 76 41 75 90 4 83 43
61 20 23 67 74 92 31 22 9 65 84 38 18 34 44 39 60 33 91 27 78 53 82 21 25 72 54 8 48 19 12 50
13 58 85 26 80 10 47 79 1 28 45 56 62 73 14 94 75 87 0 66 24 57 11 88 2 49 86 3 77 16 51 40
74 20 61 9 23 31 65 22 92 67 38 84 34 18 81 44 33 27 54 72 6 15 82 30 39 8 12 17 63 21 64 76
7 13 10 26 85 5 58 28 47 88 1 94 80 56 79 21 24 57 45 73 75 27 14 37 83 51 93 0 87 3 11 6
85 10 80 73 75 14 51 26 88 13 24 58 28 11 47 0 79 2 56 94 57 86 77 87 16 66 1 25 55 3 49 68
91 44 66 53 39 38 60 95 84 67 72 74 31 18 19 78 40 61 76 65 43 22 32 20 12 50 56 64 46 54 35 63
62 58 66 45 26 13 69 87 16 86 60 56 79 1 91 80 53 40 95 28 0 3 34 49 55 85 10 39 71 8 36 59
67 61 31 92 74 20 18 84 38 22 65 9 23 33 91 39 25 44 60 34 82 50 95 78 21 53 42 72 90 54 81 43
86 0 16 77 71 82 70 90 28 2 14 87 17 68 80 27 50 51 58 62 79 10 45 47 34 8 24 30 75 11 52 41
13 85 10 28 80 1 26 58 47 73 79 56 75 14 45 94 0 11 57 24 88 62 2 66 87 32 51 77 49 3 40 16
15 7 14 2 50 51 81 48 4 82 86 12 24 27 43 3 17 30 63 68 54 70 59 47 57 29 0 28 56 37 46 83
77 86 71 90 19 15 59 42 47 41 2 0 87 81 80 14 75 8 51 70 24 17 73 82 52 26 29 6 13 50 85 10
13 47 1 85 26 80 58 56 73 45 28 79 10 32 24 14 57 62 75 88 77 49 11 5 0 94 4 66 3 2 59 43
77 75 10 86 85 80 26 58 2 55 13 14 94 0 11 87 47 16 88 79 71 28 73 36 56 45 24 62 90 8 51 59
68 63 95 84 30 48 4 7 82 31 34 37 65 67 69 57 18 90 38 53 92 70 52 43 78 23 21 22 32 74 61 17
41 42 70 89 48 21 90 27 88 72 30 5 6 22 94 35 2 36 29 82 77 75 49 10 59 7 13 26 37 81 0 93
85 13 10 80 47 73 28 58 26 79 75 14 56 94 45 11 1 0 88 24 2 57 66 62 49 87 16 51 77 86 3 71
55 25 8 16 92 66 20 94 74 9 61 44 22 77 60 34 91 78 23 36 53 51 93 6 19 75 10 0 2 89 88 90
77 55 25 75 21 90 86 41 49 5 16 94 11 8 10 64 60 88 35 19 42 91 50 66 63 73 92 85 53 80 13 40
13 28 85 10 80 79 47 58 11 73 0 26 14 1 75 56 45 88 87 94 57 24 66 2 62 40 51 16 3 86 49 71
19 41 42 72 59 54 47 2 71 64 15 29 80 89 88 9 90 86 81 50 73 48 75 6 14 77 35 31 94 84 10 0
62 45 58 26 32 1 56 47 39 13 85 80 79 33 3 28 38 87 18 24 59 66 5 40 0 48 57 63 95 49 77 7
10 75 73 85 13 28 94 80 14 88 79 11 58 47 26 0 56 16 24 1 2 57 45 87 66 51 55 49 8 77 62 86
66 91 46 79 56 47 45 58 87 13 44 16 36 85 28 59 40 95 62 10 0 80 26 49 11 73 43 3 60 53 71 94
0 51 27 80 70 2 29 83 85 10 47 57 88 19 37 13 75 28 89 26 58 1 52 71 73 14 69 59 6 82 48 78
60 89 64 69 71 59 15 16 36 66 55 50 77 8 43 0 86 90 44 49 29 14 20 17 61 42 95 87 92 31 74 67
80 47 19 85 10 73 71 58 25 88 69 13 75 26 94 78 0 70 57 2 8 1 5 86 79 6 11 56 42 49 72 24
92 81 20 31 65 23 67 74 61 4 84 18 9 22 30 33 21 27 44 8 68 69 38 63 48 78 76 83 34 12 82 6
86 50 41 71 90 2 72 82 3 14 77 42 52 29 80 55 19 88 16 75 70 46 0 36 6 8 47 51 69 73 10 34
67 31 61 18 38 74 23 65 22 84 92 20 9 39 33 82 48 34 27 81 6 15 54 21 12 72 70 17 30 32 63 7
19 77 86 41 52 29 25 49 90 80 94 64 5 8 59 71 15 75 50 88 6 69 60 47 72 11 10 73 55 16 13 85
13 26 58 85 47 45 1 80 28 10 56 79 62 14 73 24 57 0 94 87 11 75 88 2 66 32 3 77 49 40 5 59
58 85 13 80 26 10 47 79 28 45 73 56 14 62 75 88 1 11 24 94 0 87 57 2 66 16 49 86 51 77 3 71
56 45 32 1 48 39 62 79 58 47 26 66 33 13 24 95 57 38 18 63 4 80 86 19 91 65 82 85 70 50 87 43
71 50 69 90 86 48 59 60 17 87 8 89 0 66 84 70 68 43 14 95 15 12 51 80 64 30 56 16 82 23 29 2
13 85 47 28 80 10 56 26 58 73 79 14 45 1 24 75 0 94 88 57 11 62 2 87 66 51 3 77 86 83 59 71
41 86 12 82 90 11 25 50 60 19 68 53 77 74 21 9 17 15 8 69 5 92 94 80 91 20 31 67 73 51 66 75
92 20 51 31 74 43 67 75 11 78 6 4 81 27 73 44 61 42 54 25 55 95 9 88 36 21 16 10 83 2 82 90
77 64 36 19 88 15 2 94 75 26 50 55 49 45 29 85 14 13 90 72 47 28 1 58 10 59 80 86 63 62 73 66
55 8 94 1 10 87 25 75 58 2 93 62 88 45 13 16 85 66 34 26 73 42 77 79 35 29 71 28 47 0 33 89
19 29 70 50 82 5 57 80 56 25 93 10 78 45 47 83 2 58 13 1 85 52 73 28 49 11 66 90 8 62 94 88
76 24 57 30 53 70 51 79 5 37 68 82 46 85 40 7 4 6 56 10 13 26 78 69 73 58 28 87 75 3 11 2
85 26 13 73 47 10 1 7 75 28 80 14 11 79 45 58 57 88 4 49 2 24 51 32 43 0 86 62 35 94 56 64
61 20 74 31 67 23 92 22 18 38 9 65 84 27 82 34 48 81 39 54 21 33 44 8 30 6 12 69 70 17 63 95
61 38 23 18 67 84 31 65 39 22 74 34 20 9 33 92 72 12 54 44 82 15 27 48 32 52 21 60 29 17 42 30
8 33 94 55 75 16 73 65 88 23 79 9 62 81 20 35 87 83 45 77 10 22 42 14 66 61 80 74 54 28 44 58
10 13 85 28 80 58 26 47 79 75 73 56 14 45 0 24 94 11 1 88 57 2 62 66 51 87 16 49 77 86 3 71
57 6 37 4 5 88 24 47 2 29 82 27 83 73 51 30 64 85 80 72 54 76 68 26 93 75 10 70 81 13 63 52
2 71 48 70 59 14 82 90 64 50 51 29 30 68 75 49 57 0 47 80 36 16 24 52 27 87 42 6 89 35 69 37
7 76 3 28 79 53 40 91 13 87 26 4 45 27 11 51 85 83 32 12 0 43 1 93 17 2 24 56 15 58 21 10
10 13 85 58 80 28 47 26 79 75 73 56 14 45 94 1 11 0 88 24 2 66 57 62 87 16 49 51 86 77 55 3
85 10 13 80 58 26 47 28 0 14 79 56 75 73 88 45 1 24 94 62 2 11 87 57 51 66 16 49 71 86 77 25


9 75 28 77 89 87 21 88 64 19 91 49 66 59 43 54 47 70 37 95 6 53 73 84 72 76 42 52 85 71 39 58
16 58 84 57 86 26 59 42 73 70 69 52 34 53 74 37 75 36 80 39 27 5 47 90 89 23 92 22 50 20 95 15
51 69 61 60 74 50 65 86 0 4 81 33 68 5 41 31 67 2 93 62 3 11 40 24 46 58 15 30 8 83 12 45
33 40 61 46 65 93 31 12 62 68 8 14 67 24 4 3 60 18 1 11 51 79 0 86 50 81 5 41 82 85 78 25
33 62 40 46 78 12 61 7 68 65 5 41 83 0 51 1 32 38 64 86 43 47 13 85 72 28 18 93 3 37 89 81
0 40 33 32 1 79 62 51 65 61 43 81 13 7 46 85 15 68 5 83 12 30 37 3 19 25 69 47 76 28 35 60
4 11 60 67 24 50 8 30 31 81 2 23 14 45 22 74 27 86 93 3 18 44 36 61 5 35 16 32 48 17 12 40
4 60 50 11 67 8 14 31 24 30 2 81 23 74 27 3 93 45 22 44 18 86 17 16 36 61 90 25 41 51 63 79
60 4 86 50 11 74 24 67 2 45 8 61 81 31 30 5 14 3 93 23 18 41 69 16 58 22 27 32 90 36 51 44
75 64 70 89 84 53 59 47 9 77 28 21 73 88 37 87 42 52 49 91 72 66 95 19 43 6 39 58 54 82 85 76
86 58 70 42 84 5 45 39 57 52 53 74 73 90 69 47 75 64 16 59 89 82 61 37 26 50 15 46 2 23 11 60
33 40 65 12 68 0 46 62 61 85 1 5 56 32 38 35 41 47 83 82 48 45 43 79 10 81 37 72 39 55 64 19
62 40 85 61 43 1 46 33 63 94 3 32 68 39 83 0 80 5 37 34 65 45 47 79 52 19 84 81 12 82 53 14
11 60 50 4 2 74 45 14 8 67 86 24 23 31 22 30 27 3 61 44 81 16 51 18 69 93 5 90 12 68 58 35
74 86 4 60 50 11 45 58 69 2 5 24 61 16 23 30 67 8 81 27 41 14 22 3 32 31 44 90 0 68 18 93
90 15 38 18 86 78 36 17 16 46 26 13 7 57 5 24 93 92 67 3 31 60 30 50 42 11 69 25 41 74 75 51
58 84 59 37 69 89 73 70 53 42 75 86 47 52 5 74 9 16 64 0 65 21 72 33 68 95 15 28 49 88 39 12
69 16 58 74 50 52 84 86 4 34 80 60 2 81 36 30 26 53 73 39 37 24 51 5 45 61 70 27 59 0 57 22
50 11 60 4 45 86 74 27 2 24 30 14 8 23 16 67 3 22 44 58 61 31 81 5 90 80 69 34 41 26 32 18
4 60 11 50 8 67 24 31 2 14 74 30 81 3 86 93 45 23 61 18 22 27 44 41 90 5 16 32 51 36 17 69
74 58 86 69 4 50 11 60 5 45 24 2 16 61 30 23 67 81 27 8 22 3 14 31 41 32 18 90 36 68 39 33
86 60 50 4 74 11 18 16 69 61 90 24 3 2 30 67 5 58 45 8 27 36 31 81 14 78 13 62 23 93 46 83
8 67 11 24 4 31 60 14 30 50 93 81 3 45 18 23 25 2 44 22 86 61 17 27 79 90 74 41 36 32 5 63
28 77 75 9 87 19 88 21 89 64 47 43 91 54 70 49 66 37 42 53 72 59 84 6 73 76 95 52 82 39 85 71
75 9 89 28 77 87 21 88 64 59 91 49 19 66 95 37 70 43 54 47 6 73 53 84 42 72 76 52 71 85 39 58
6 95 54 71 29 66 76 87 49 79 91 77 20 19 55 21 9 28 88 75 89 57 25 42 43 34 80 94 59 48 85 64
31 93 67 8 14 60 4 81 3 50 24 11 17 18 30 2 51 61 36 23 22 27 74 25 86 44 90 41 13 63 45 79
67 4 81 11 30 60 8 24 50 31 2 14 74 23 22 45 3 93 27 44 32 18 36 16 61 86 25 41 17 79 69 5
82 17 71 25 1 93 72 46 14 21 87 64 76 91 28 77 19 54 31 66 18 29 88 79 35 8 44 57 90 6 49 51
59 75 84 89 73 53 70 58 37 9 52 64 42 47 21 49 95 28 77 69 88 87 91 66 6 39 43 19 72 54 16 85
41 55 51 12 7 65 92 72 61 32 79 35 73 82 29 0 45 47 80 19 58 40 83 33 37 10 74 69 44 81 86 52
58 86 69 74 5 16 84 61 45 52 39 50 70 7 53 60 2 78 4 73 11 42 3 90 59 83 24 41 23 51 68 62
59 9 75 21 91 95 49 64 88 77 66 87 6 73 89 28 19 54 53 47 37 72 84 52 70 43 71 42 76 85 94 34
50 82 60 14 61 2 11 74 4 45 3 86 31 39 51 41 93 8 90 69 52 23 44 27 53 5 62 67 84 63 22 80
41 65 55 33 15 68 73 38 74 40 47 0 46 12 64 5 75 89 69 53 84 78 85 72 66 21 37 86 42 9 58 87
90 62 3 18 41 61 78 79 86 15 93 46 60 31 50 83 14 5 45 24 11 4 38 40 67 25 10 1 51 8 13 81
9 75 77 28 87 21 89 88 64 91 49 59 66 19 43 54 95 37 6 47 70 53 73 84 42 72 76 52 71 85 39 58
16 26 27 30 11 4 60 2 36 63 50 90 80 45 44 34 14 67 74 24 8 22 81 17 86 3 23 57 31 25 18 94
70 47 84 75 89 42 37 53 28 64 73 9 77 21 58 87 59 39 52 43 19 88 72 49 82 91 66 54 95 6 85 46
11 4 60 50 86 45 74 24 2 8 67 30 23 14 5 61 81 31 3 27 32 58 22 41 44 16 69 18 93 90 68 0
10 83 38 48 62 56 12 1 40 61 32 13 3 45 68 43 46 41 26 72 0 51 33 81 85 82 25 7 18 52 79 64
86 74 5 58 50 60 61 45 69 4 11 2 3 39 24 41 90 84 14 23 31 93 16 78 53 67 52 8 18 27 15 68
9 21 91 88 77 66 59 75 49 64 87 95 54 28 19 6 89 76 37 53 73 47 43 52 71 70 72 84 42 57 85 15
71 95 6 54 66 57 91 87 19 49 21 76 77 16 9 59 78 26 75 17 28 64 88 38 24 18 13 72 94 89 25 55
4 11 24 67 60 8 50 30 31 86 81 14 2 3 45 74 23 18 93 61 27 16 36 22 5 90 44 25 17 41 32 78
58 86 74 69 45 5 50 4 61 60 16 11 2 84 24 41 23 39 70 52 42 27 53 32 73 0 90 68 22 3 83 30
71 76 54 66 91 19 17 6 95 87 72 49 21 77 88 18 93 10 43 9 25 64 1 12 28 36 94 38 83 92 8 67
40 33 62 46 65 12 61 56 68 0 1 85 10 4 5 48 45 11 81 60 83 67 31 50 8 32 14 30 3 93 24 79
24 18 67 36 30 78 8 4 16 11 50 17 81 60 23 31 90 25 2 14 74 93 86 34 27 45 3 44 15 5 22 68
8 24 30 11 67 45 4 25 81 60 32 14 23 50 44 93 31 79 3 22 27 18 40 2 41 86 17 61 1 5 90 36
7 13 27 80 30 1 36 16 26 43 81 94 25 32 51 17 23 39 34 3 22 14 57 70 8 52 56 0 63 10 44 83
60 4 11 50 2 8 67 14 31 24 74 3 86 45 30 93 23 81 18 61 22 27 44 90 41 16 17 51 5 63 69 36
84 70 89 53 75 42 58 47 37 73 59 52 64 9 28 39 21 77 88 69 87 49 72 91 66 19 95 5 43 6 55 85
74 5 86 50 60 11 4 45 61 2 65 41 33 68 24 23 69 40 14 93 8 31 67 58 12 0 3 15 62 46 55 18
9 59 88 75 89 77 91 66 21 52 53 19 64 54 95 49 87 28 37 84 47 73 6 70 72 76 43 85 71 39 69 94
75 64 84 53 70 47 59 52 89 9 73 21 37 28 77 88 42 39 87 49 91 66 72 43 95 58 19 6 54 85 69 76
8 67 30 11 25 4 14 81 44 45 24 60 27 31 23 50 93 22 32 79 3 17 1 18 13 40 2 29 36 61 35 20
67 8 31 24 4 30 11 60 81 14 50 93 23 3 18 2 17 36 22 27 25 44 45 16 86 61 74 90 51 79 13 41
75 64 47 53 70 84 9 89 59 77 21 28 73 88 87 37 52 91 49 66 19 72 42 39 43 95 54 6 82 85 58 76
60 50 4 11 67 8 14 45 31 24 2 74 81 30 86 3 44 23 61 22 93 27 18 90 41 51 5 79 16 25 36 32
47 82 39 70 84 53 42 64 73 75 52 37 58 41 28 89 5 72 55 45 46 21 77 9 86 87 19 15 92 61 0 43
77 87 88 9 91 54 28 21 19 66 75 64 49 6 43 95 47 89 72 76 59 70 37 53 73 71 82 42 85 84 52 10
89 75 87 9 77 28 88 19 21 91 49 54 59 43 70 64 66 95 6 37 73 47 42 72 53 84 76 52 71 85 39 29
33 40 65 46 12 62 68 85 5 61 0 47 1 43 64 19 28 83 37 9 39 76 89 77 72 21 53 38 32 84 87 82
74 2 69 52 50 61 39 58 60 45 4 86 82 84 11 53 63 94 34 14 55 41 5 80 51 70 22 3 73 16 31 23
32 79 41 40 5 45 0 25 58 81 30 33 62 68 1 24 61 46 15 83 89 8 55 65 86 56 42 4 10 11 67 12
33 46 40 65 5 68 0 12 38 62 15 42 78 47 61 41 85 45 86 79 70 84 58 89 39 28 82 64 90 53 75 32
62 61 46 33 40 5 65 12 86 69 68 83 0 1 3 85 58 39 60 18 45 78 74 50 84 4 32 11 47 37 52 43
18 67 4 31 8 11 60 93 24 50 78 2 3 17 90 74 23 22 14 36 46 30 86 27 44 16 81 13 5 61 45 25
0 51 32 41 33 65 79 40 81 61 62 12 83 68 45 60 7 5 24 50 1 30 67 3 8 14 11 4 55 31 93 58
60 11 4 50 31 8 14 67 2 24 93 3 86 74 45 30 23 18 81 61 22 44 27 90 41 51 17 25 63 36 79 5
30 81 8 67 31 14 4 60 24 11 22 50 27 93 3 23 2 80 44 36 17 94 32 45 25 63 79 34 51 61 16 74
7 13 51 1 30 3 80 32 43 39 61 62 0 27 83 16 52 84 50 14 94 81 58 36 70 60 45 86 56 26 53 69
32 45 30 81 41 5 79 24 4 40 0 11 50 58 60 8 61 67 86 68 33 74 62 23 25 14 44 69 12 1 3 65
4 24 11 67 60 8 30 50 81 31 14 2 45 23 74 86 3 93 22 44 27 18 61 16 36 25 32 17 41 90 5 79
74 4 50 60 81 11 2 69 67 32 8 24 30 41 45 86 31 14 5 58 27 3 23 61 18 68 22 44 40 93 16 79
54 76 66 19 9 91 77 88 95 6 21 49 87 28 71 43 75 59 64 37 89 85 47 72 53 52 73 70 84 1 10 29
45 86 11 4 74 60 5 50 58 2 24 61 23 32 8 69 41 14 27 30 67 22 3 44 16 31 81 90 0 68 93 83
31 8 67 60 11 14 4 93 50 24 3 30 2 81 18 23 61 45 86 17 22 44 74 25 27 51 90 41 36 79 63 5
31 93 67 8 14 24 4 60 11 50 3 81 18 17 2 30 61 25 51 23 86 41 44 45 79 90 74 22 40 36 65 12
13 7 16 36 17 27 26 80 30 57 34 1 94 43 90 25 63 3 6 81 23 39 59 8 95 51 67 49 15 56 88 48
4 60 11 50 24 86 74 45 67 2 8 30 14 31 23 81 61 3 93 22 27 44 18 5 41 16 90 69 32 58 36 51
46 82 87 71 77 54 76 88 44 40 29 91 28 72 21 35 1 6 12 49 43 66 45 14 95 19 18 17 25 8 78 93
23 7 24 78 31 93 14 4 11 8 67 3 86 68 60 50 30 17 38 13 25 81 45 16 2 36 41 26 27 44 48 74
31 67 8 60 4 11 93 14 50 24 81 3 30 2 18 23 61 45 17 22 74 86 44 27 25 51 36 41 90 79 63 40
8 11 24 67 4 31 14 60 30 50 45 44 25 23 81 2 93 3 18 22 27 86 17 79 90 61 74 41 29 34 36 63
33 65 40 46 5 12 68 35 85 0 23 62 61 55 86 74 79 47 82 32 22 64 20 83 1 93 15 24 76 39 69 41
9 75 77 28 89 87 64 21 88 19 91 66 49 54 59 43 47 37 70 53 95 6 73 84 72 76 52 42 85 71 39 82
40 33 46 65 12 62 68 5 61 32 0 1 45 79 81 83 4 60 11 86 67 41 24 93 8 50 14 30 56 10 31 51
58 70 84 89 42 73 37 59 53 75 69 52 47 39 5 9 64 28 32 95 49 43 16 21 87 0 77 88 33 74 6 19
50 60 86 4 11 61 45 14 74 24 31 2 8 67 3 23 93 30 5 18 41 81 90 51 22 27 44 16 58 69 36 0
11 60 4 50 24 86 2 74 8 67 45 14 31 23 30 3 93 81 61 18 27 22 44 16 5 90 41 69 32 58 51 34
0 48 65 56 23 33 15 68 1 13 79 8 4 40 10 61 11 3 50 30 45 62 60 14 81 57 31 2 93 67 24 32
31 93 67 17 14 51 8 18 3 81 60 24 36 50 4 30 61 11 2 25 71 90 23 22 78 13 79 65 41 40 1 44
9 54 59 75 91 77 66 88 19 95 21 87 49 28 64 89 43 6 53 47 37 52 70 73 84 76 72 71 85 39 42 94
11 4 8 60 67 14 31 50 24 30 45 3 81 44 2 23 93 22 61 25 27 18 86 74 17 36 79 90 16 40 41 51


92 64 62 63 49 75 27 34 16 47 13 20 24 87 79 94 89 19 84 69 65 78 36 55 22 68 6 7 82 10 42 2
95 72 12 4 11 45 60 50 28 73 3 52 46 56 14 80 70 82 26 61 21 91 38 33 53 57 90 15 77 35 88 71
86 2 49 62 42 69 57 64 27 75 55 84 63 87 47 92 36 1 34 13 71 83 68 19 54 43 10 26 14 59 56 76
0 78 22 76 17 10 93 31 59 30 19 1 48 38 58 36 89 13 41 34 84 9 6 27 55 47 54 11 2 37 63 28
0 22 78 10 76 59 17 31 19 93 30 1 38 89 36 48 34 58 13 84 6 9 41 27 47 55 54 11 2 28 63 37
88 66 17 15 93 1 30 10 76 41 58 38 78 31 55 36 0 6 47 34 22 59 2 48 8 89 11 27 19 3 9 18
18 91 94 88 61 21 16 73 70 79 7 51 33 65 40 3 77 92 66 20 80 50 90 60 43 8 49 68 46 85 29 64
49 75 42 51 83 57 65 62 86 92 40 14 64 2 77 85 7 61 80 35 68 18 79 21 46 91 33 70 24 53 52 16
12 56 82 72 95 28 53 60 4 45 11 50 52 15 77 54 87 33 73 80 85 35 46 25 83 6 37 26 67 24 38 3
61 21 46 70 7 33 77 79 50 91 85 18 35 60 80 72 83 16 51 3 73 20 40 25 66 4 53 29 82 94 88 14
0 22 78 19 89 10 59 34 17 6 36 76 31 13 84 1 93 27 47 30 38 54 9 55 63 48 58 41 11 28 2 62
68 2 71 49 14 5 92 64 42 62 86 83 61 69 51 46 57 55 70 91 21 79 20 40 33 29 73 77 7 75 32 24
77 7 79 33 21 85 61 35 50 80 70 91 16 20 46 83 60 53 18 40 72 3 94 24 4 51 12 25 14 73 52 88
66 41 88 58 73 2 90 93 48 74 18 76 15 12 72 11 70 28 82 8 30 60 26 17 1 67 95 61 37 38 45 94
49 62 65 64 92 75 86 42 2 63 57 68 27 51 14 26 69 83 43 40 24 71 55 34 20 5 13 7 16 35 79 94
91 70 61 21 73 50 33 18 72 51 7 46 80 90 77 60 74 88 3 79 40 4 35 85 16 20 12 66 82 94 25 83
34 47 84 19 36 27 13 63 78 22 0 54 10 6 89 59 76 9 55 1 31 93 62 30 17 38 28 56 2 92 37 64
76 55 0 78 93 10 22 19 30 31 34 17 59 2 84 36 1 58 48 13 6 89 41 5 27 38 47 71 11 39 9 63
18 94 7 12 33 16 79 20 77 61 50 21 85 24 80 70 3 4 14 88 60 72 91 35 46 53 28 40 75 49 83 51
31 30 17 41 93 58 76 59 48 10 38 0 78 22 1 19 8 9 89 36 43 44 34 23 55 13 11 64 74 5 66 6
45 95 44 60 87 46 26 80 50 38 32 4 39 71 43 72 3 69 82 12 85 66 81 8 11 77 28 70 57 90 73 53
83 53 52 85 46 77 35 7 51 57 14 79 42 40 43 65 80 68 21 3 61 16 49 75 86 66 70 25 81 18 23 33
72 60 4 50 12 95 73 45 70 33 91 25 61 21 80 77 90 3 53 46 7 85 79 52 82 35 18 11 88 94 15 20
48 58 31 59 74 41 30 17 38 93 11 43 76 83 0 90 22 32 66 8 44 89 23 73 78 9 1 95 52 51 6 10
76 93 10 78 30 0 17 19 22 31 1 59 36 34 41 48 58 38 47 27 13 84 2 55 9 89 11 6 15 54 63 28
61 70 21 91 33 7 50 80 77 73 46 79 18 72 85 60 51 90 83 40 3 35 16 74 94 20 4 14 25 12 88 52
86 69 57 43 26 42 2 83 62 68 5 49 14 71 29 75 64 55 65 54 52 39 80 92 63 40 3 51 61 15 91 1
43 26 69 5 57 45 87 86 58 38 2 44 76 1 83 93 48 15 30 39 68 31 95 41 42 90 54 17 37 66 55 59
69 26 86 57 61 80 21 91 70 33 7 83 40 49 77 14 51 65 20 62 35 42 46 43 85 79 18 90 92 16 68 64
36 19 47 76 84 93 34 30 78 31 0 27 22 10 15 13 59 6 1 63 38 17 9 89 41 37 48 55 54 58 11 2
61 91 70 21 33 7 77 80 50 79 46 72 18 85 20 40 60 73 3 51 16 83 35 94 90 4 12 14 52 88 24 25
95 45 12 80 46 60 50 72 4 26 57 71 3 77 56 86 83 79 69 87 14 21 91 61 70 20 85 33 94 52 35 39
91 70 61 33 90 21 50 80 72 73 77 60 46 7 51 79 74 4 18 40 3 25 12 85 20 35 16 83 94 52 14 82
76 10 93 30 78 17 31 0 19 22 59 1 48 36 58 41 38 34 13 84 27 9 47 55 2 89 11 6 54 63 71 28
4 60 50 72 12 77 53 33 79 80 20 7 45 85 46 35 21 70 3 16 91 61 28 25 94 56 24 82 18 52 95 40
7 94 77 18 85 79 33 61 21 16 80 20 91 70 83 50 40 24 46 12 51 35 3 14 56 60 53 72 75 49 88 92
48 41 58 30 93 76 31 74 17 10 5 38 59 1 11 2 0 44 22 78 90 43 26 81 23 66 68 32 8 55 19 9
76 93 78 0 10 22 30 31 59 17 19 48 1 41 58 38 36 13 34 89 9 84 27 2 11 47 6 55 28 54 37 71
84 13 63 56 47 54 36 34 19 27 20 89 9 28 24 23 44 6 87 37 0 35 52 22 78 67 53 16 10 4 38 77
28 54 53 27 87 6 67 0 34 13 47 56 36 19 9 89 22 38 78 84 82 10 11 1 45 59 4 95 24 44 60 50
79 50 33 7 77 4 20 21 72 61 35 70 16 12 85 91 53 80 60 40 94 14 46 51 3 18 24 83 56 29 82 25
43 26 83 46 57 45 42 52 14 95 5 39 80 68 61 91 3 71 77 21 66 65 70 69 90 75 85 2 73 79 7 20
61 70 21 91 33 7 77 50 80 79 46 72 85 18 60 73 51 35 40 83 16 3 20 90 4 94 12 14 25 52 74 53
76 93 10 30 78 0 31 17 22 19 59 1 36 48 58 38 41 34 13 84 47 27 9 89 55 11 2 6 54 15 63 28
95 69 87 45 80 86 60 26 32 71 50 11 38 6 57 39 2 72 4 46 44 3 12 73 81 84 15 47 53 67 28 82
53 85 7 79 16 77 35 18 46 60 50 83 21 25 33 80 20 61 3 70 72 82 94 4 40 91 52 51 24 12 81 73
53 85 25 60 46 83 18 77 44 52 7 73 45 66 35 82 23 70 21 16 61 33 79 80 50 72 81 51 3 90 37 8
75 42 57 62 2 27 86 49 65 54 83 84 4 72 95 6 12 56 63 78 0 13 22 36 71 19 59 1 80 24 93 48
95 45 12 28 60 3 72 4 11 52 50 24 46 56 80 77 38 83 54 67 73 71 53 14 84 6 70 85 8 82 87 44
74 61 73 70 51 83 21 18 91 46 77 90 85 40 25 66 33 80 35 43 7 3 88 50 68 79 23 8 65 16 92 52
53 77 35 7 79 16 20 12 52 83 85 56 24 4 60 46 80 14 94 72 33 3 40 50 21 54 45 61 28 18 91 70
77 61 79 21 33 50 70 73 91 85 7 16 80 18 46 51 83 35 88 60 3 74 94 40 20 25 53 24 72 82 81 67
77 7 21 33 79 61 70 50 91 80 85 35 46 20 83 16 60 72 40 53 3 18 4 94 51 12 24 52 14 73 25 90
76 17 0 78 93 10 22 30 31 59 1 19 48 58 41 38 36 13 89 34 9 84 2 27 6 11 55 47 54 28 71 44
50 79 21 70 33 60 82 7 16 91 4 61 25 18 80 51 77 46 85 20 40 92 72 74 94 35 73 53 29 90 3 64
61 91 70 21 33 7 80 77 79 50 46 20 40 18 85 73 51 83 16 72 90 94 3 35 60 14 12 4 88 52 74 24
91 72 70 33 4 61 21 12 50 79 7 80 20 77 90 51 94 73 46 60 40 35 3 14 52 15 16 18 25 85 65 88
72 60 4 95 12 52 11 73 25 50 61 70 91 3 33 51 77 90 21 53 28 45 35 56 18 7 14 79 85 16 46 88
11 28 45 95 38 56 60 54 12 44 72 4 6 9 0 37 15 52 93 76 36 10 22 67 53 19 26 82 58 31 78 89
78 19 0 22 10 76 34 36 1 13 27 47 93 84 17 31 30 59 38 89 6 54 9 55 58 48 63 28 2 41 11 15
36 47 15 90 37 84 34 27 94 19 63 93 76 30 41 91 31 4 13 11 20 78 8 89 73 0 55 38 92 12 1 67
17 76 30 93 31 48 41 58 10 78 59 1 0 22 38 19 55 36 89 2 11 13 9 34 6 66 84 27 47 32 5 42
38 11 89 0 22 31 78 93 59 17 10 76 30 6 9 19 58 28 44 48 45 1 36 41 84 95 13 54 37 34 67 47
78 76 0 22 93 19 10 59 17 30 13 31 1 36 38 48 84 27 34 41 2 6 58 55 54 89 9 37 47 71 28 11
41 58 76 93 17 48 30 31 1 78 10 59 0 38 22 2 66 11 19 74 89 55 36 8 9 13 44 32 81 5 34 43
53 56 20 79 63 54 94 16 27 12 13 84 24 4 47 28 34 52 35 7 77 14 85 6 83 75 33 62 36 86 40 60
5 44 68 92 81 64 29 55 43 39 23 71 89 32 69 66 63 31 58 62 20 34 38 14 16 26 45 65 10 94 40 79
77 83 80 46 85 7 79 21 50 35 61 33 20 91 70 16 60 40 53 69 24 3 52 18 94 12 4 72 14 56 73 51
80 25 90 53 33 73 70 83 50 85 77 61 79 21 7 60 72 87 91 51 16 46 67 74 40 81 4 26 24 69 94 86
45 60 8 44 95 72 52 38 12 28 50 3 43 18 73 70 74 66 58 37 11 61 4 46 90 16 82 88 25 21 7 91
70 61 91 21 33 73 72 50 80 77 46 7 18 60 90 3 51 35 12 85 40 83 79 74 4 82 88 52 25 16 69 66
75 49 57 2 42 80 73 90 51 74 70 72 87 71 88 18 61 91 62 4 83 50 21 46 41 95 26 86 66 3 12 39
70 61 21 91 33 50 73 80 72 7 77 46 18 60 51 90 79 3 85 74 35 40 83 88 4 16 25 12 20 14 82 94
13 84 54 0 19 22 78 6 89 56 59 36 37 34 38 53 28 9 10 27 31 87 47 63 32 95 23 1 76 17 55 93
72 4 95 28 11 12 27 67 56 6 82 75 0 93 50 15 25 54 53 42 9 48 22 36 84 24 76 73 19 78 2 30
30 93 10 58 31 76 17 48 41 59 11 5 1 38 55 43 19 78 74 0 22 2 36 9 68 23 44 34 32 66 8 65
83 53 79 80 7 77 61 72 91 21 33 85 46 12 70 14 35 60 52 20 3 50 40 94 4 16 56 73 51 86 90 24
92 64 62 49 65 63 75 51 29 68 42 16 43 20 79 40 7 5 94 55 34 2 27 74 8 18 91 39 69 66 47 24
87 53 71 69 85 81 6 80 89 25 56 32 26 50 86 95 67 60 44 0 39 82 37 79 22 4 29 83 13 73 45 57
43 68 54 5 83 52 65 8 63 31 59 35 84 77 26 39 17 44 23 55 3 10 92 14 46 75 62 58 30 9 42 38
25 60 72 11 73 50 82 53 33 52 4 23 28 90 77 70 8 74 45 95 67 61 21 51 37 35 18 12 85 46 16 91
0 22 78 10 19 76 17 59 93 31 30 1 36 89 38 34 13 84 48 6 58 27 9 47 41 54 55 11 2 63 28 37
22 0 78 59 19 10 54 84 6 89 34 31 17 36 13 76 1 30 93 38 9 27 47 48 55 58 63 11 23 28 2 41
94 20 79 63 75 7 47 14 21 4 61 3 16 49 62 27 91 50 88 33 55 12 77 24 70 46 92 34 72 39 40 29
53 79 16 7 35 77 85 20 94 83 3 33 80 12 88 14 46 60 54 52 18 24 21 40 56 81 45 25 72 50 63 4
78 10 22 76 0 17 19 93 1 34 30 59 31 36 2 27 55 47 13 62 41 89 48 58 38 84 6 64 63 9 92 5
0 22 78 31 17 19 6 76 1 38 59 13 10 30 89 84 93 58 37 54 36 9 48 41 34 11 23 55 15 52 27 44
43 61 69 70 91 83 80 21 46 77 73 3 57 7 26 33 90 52 72 85 50 18 35 40 86 14 60 12 88 51 79 45
6 34 22 78 27 0 89 47 19 54 13 1 10 84 36 63 59 55 17 62 9 2 76 38 53 93 88 31 75 30 71 86
95 32 75 72 87 4 2 71 27 12 6 56 86 60 54 57 50 26 36 47 11 84 14 80 46 15 39 19 78 1 10 28
54 84 0 22 6 59 78 19 13 34 9 10 27 89 17 75 36 63 1 31 86 93 30 55 56 47 76 57 53 42 49 62
61 70 91 21 33 80 7 50 73 77 18 72 46 79 90 51 3 60 40 88 20 85 94 16 14 35 12 4 83 74 66 25
91 61 70 21 33 50 77 7 80 72 79 60 46 20 90 12 40 73 18 4 3 35 51 94 16 85 14 83 52 88 24 25
0 78 22 76 10 19 93 17 36 31 30 59 1 34 13 38 84 27 47 48 89 58 6 9 54 41 55 11 2 63 28 37
93 30 76 17 31 48 58 41 59 10 0 78 38 22 1 19 11 36 89 55 9 2 6 34 8 84 66 13 15 47 74 32
79 77 7 61 21 91 33 70 94 16 85 46 20 35 50 83 18 3 60 51 40 72 73 80 52 24 4 12 53 65 88 90


