[[[146,  94,  85,  98,  51,  93, 116, 104, 177,  99,  38, 105,  95, 110, 189, 188, 131, 148,  35,  52, 182,  47, 187, 109, 111, 124, 196, 106, 108, 103, 123, 184,   5, 138,  30,  96,  46, 101,  50,  29, 142,   2,  60, 118, 137, 128,  16, 183,  19,   3],
  [ 11, 161,  12, 162,   9, 152,  34,  21,  66,  79, 133, 135,  63,   8,  35, 113, 134,  25, 159,  39, 140,  61, 160,  48, 196,  23,  37, 143,  49, 195, 139, 158,  75, 136, 120, 194,  78, 197,  84, 144, 175, 112,  89, 132,  57,  36,   0, 154, 127, 151],
  [ 97, 182, 171, 176, 147,  93, 146, 192, 104, 183, 103, 186, 150, 105, 191, 180,  92, 170, 125,  51,  96, 188,   7, 148,  71,  24,  50, 102,  38, 145,  85,  64,  28, 117, 189,  94, 165, 172, 181, 178,  37, 130, 193, 157, 118,  49,  10,  43, 121, 179],
  [ 97, 182, 171, 147, 176,  93, 146, 192, 104, 183, 103, 186, 150, 105, 180, 191,  92, 170, 125,  51,  96, 188, 148,   7,  71,  24, 102,  38, 145,  50,  85,  28,  64, 117, 189,  94, 165, 181, 178,  37, 130, 172, 157, 193, 118,  10,  43,  49, 179, 121],
  [ 97, 182, 171, 147, 176,  93, 146, 192, 104, 183, 103, 186, 150, 105, 180, 191, 170, 125,  51,  92,  96, 188, 148,   7,  71,  24, 102,  38, 145,  50,  28,  64,  85, 117, 189,  94, 178, 165, 181, 157,  37, 130, 172, 118, 193,  43,  10,  49, 179, 121],
  [ 97, 182, 171, 147, 176,  93, 192, 146, 104, 183, 103, 186, 150, 105, 191, 125,  92, 180, 170,  51,  96, 148, 188,  71,   7, 102,  24,  38,  50, 145,  64,  28, 178,  85, 189, 165, 117,  94, 157, 130,  37,  49, 181, 118,  43, 172, 179,  10, 173, 193],
  [171, 192, 150,  92,  97, 103,  93, 182, 180, 104, 146, 147, 170, 181, 183, 191, 176, 193, 186,  50,  51, 148,  84, 125, 105, 130,  96, 175,  71, 173,  81, 188, 179,  49,  38,  37, 172,   7, 102, 174, 145,  24,  94, 117,  85, 177, 165,  91, 140, 168],
  [151,  62,  92, 192,  42, 131,  27, 194,  78, 126, 163,   1,  71,  57,   0,  51,  93,  11, 154, 174,  26,  55,  48, 168, 167,  56,  67,  12, 196,  69,  41, 169,  68,  70,  82,  83, 103, 104,  76, 141,  77,  90,  24, 127,  84, 155,  81,  40, 116, 153],
  [ 37, 176, 170, 162,  49,  21, 146,  22, 164, 144,   9,  20,   7, 103,  65, 180, 190,  36, 177,  35, 102, 181,   6, 157, 175, 171, 172,  28,  93, 187, 145,  23, 186,  94, 188, 179,  64,   8, 182,  24,  92, 118,  71, 104, 105, 109,  87, 197, 117, 147],
  [  6, 145, 177, 191, 147,  93, 164,  65,  35,  88, 170, 183, 146, 104, 186, 102,  97, 172,  96, 190, 188, 185,  20,  49,  22, 176, 182, 187, 109, 180, 157, 119, 118,  14, 105, 174, 179,  95, 100,  44,  31,  72, 107, 124,  46,  19, 123, 189,   3,  16],
  [ 97, 176, 182, 147, 171,  93, 104, 183, 146, 103, 186, 192, 191, 105,   7, 150, 180, 148, 170, 172, 125,  71,  37,  96, 188,  92,  51, 102,  50, 145,  24, 157,  38,  85,  28,  64, 130,  94,  22, 189, 181, 179, 165, 175, 117,  49,  43, 118, 178,  10],
  [132, 133, 157,  34,  61,  79, 178,  63, 112,  88, 165, 158, 149,   6, 116,  66, 145, 140,  96, 147, 156, 152,  80, 139,  65, 188,  36, 121, 109, 118, 111, 161,  20,  74, 189, 123, 120,  98, 187, 106, 124,  95, 190, 185, 119,  52, 107, 100, 176,  13],
  [176,   7,  37,  36, 146,  28, 172, 147, 157, 182,  20, 180, 130, 117, 183, 136, 181, 121, 186,  97,  22, 187, 111, 110,  95, 109, 118, 188,  13, 123,  85, 105, 104, 119,  87,  46, 190,  64, 144, 124, 106,  17, 120,  59,  44,  14, 108, 145, 185,  31],
  [ 97, 176, 182, 147, 171,  93, 104, 146, 183, 103, 192, 186, 105, 150,   7, 191, 148, 125,  51, 180,  71, 170,  92,  96,  24, 188, 102, 172,  37,  50, 157, 145,  85, 181, 178, 130,  38,  28,  22,  64, 189, 179,  94, 117,  81,  84,  49, 193, 165, 118],
  [ 97, 182, 171, 176, 147,  93, 146, 104, 192, 183, 103, 186, 150, 105, 180, 191,  51, 170, 125,  92,  96,   7, 188, 148,  71,  24, 102,  38,  50, 145,  85,  28,  64, 117, 189,  94, 181, 178, 172,  37, 130, 165, 157, 193, 118,  10, 179,  43,  49, 121],
  [ 97, 182, 171, 147, 176,  93, 146, 192, 104, 183, 103, 186, 150, 105, 180, 191, 125, 170,  51,  92,  96, 148,   7, 188,  71,  50,  24, 102,  38, 145,  85,  64,  28, 189, 117,  94, 165, 172, 181, 178,  37, 130, 193, 157, 118,  49,  10,  43, 179, 121],
  [ 97, 182, 171, 147, 176,  93, 146, 104, 192, 183, 103, 186, 150, 105, 180, 191,  51, 170, 125,  92,  96, 148, 188,  71,   7,  24, 102,  38, 145,  50,  28,  85,  64, 117, 189,  94, 181, 172, 178, 165,  37, 157, 130, 118, 193,  10,  43, 179,  49, 121],
  [ 97, 182, 171, 147, 176,  93, 146, 104, 192, 183, 103, 186, 150, 105, 191, 180, 125,  51, 170,  92,  96, 188, 148,  71,   7,  24, 102,  38, 145,  50,  28,  64,  85, 117, 189,  94, 178, 165, 157, 181, 172, 130, 118,  37,  10,  43,  49, 121, 193, 179],
  [ 97, 182, 171, 147, 176,  93, 146, 104, 192, 183, 103, 186, 150, 105, 180, 191, 170, 125,  51,  92,  96, 148, 188,   7,  71, 102,  24,  50, 145,  38,  85,  64,  28, 117, 189,  94, 181, 165, 172, 178, 130,  37, 157, 193, 118,  49,  10,  43, 179, 121],
  [ 97, 182, 171, 147, 176,  93, 146, 192, 104, 183, 103, 186, 150, 191, 105, 180,  92, 125,  51, 170,  96, 148, 188,   7,  71,  24, 102,  38, 145,  50,  85,  64,  28, 189, 117, 165,  94, 178, 181, 130,  37, 172, 157,  49, 193, 118, 179,  10,  43, 121],
  [192, 171,  92, 191, 103,  93,  97, 146, 182, 170,  50,  49, 104, 102, 150, 194, 186, 125,  96, 147, 145, 183, 105, 188, 180,  80,  88,  51, 176, 165,  64,  94,  38, 130,   0, 190,  20,  84, 189, 140, 117,  85,  24,  71, 109,  52, 118,  74, 174, 126],
  [ 50, 172, 173, 174,  36, 176,  65,  37,  23,  22,  35, 163,  92, 171, 164,  49,  20,  94, 162, 103,   0, 187,  11, 170, 131,   9,   7,  85,  66,  84, 104, 126, 190, 175, 105, 177,  98, 118,  93, 189, 119, 150, 124, 100,  21, 184, 110,  46, 106,  19],
  [ 92,  80, 174, 194,  35,  49, 177,  50, 126,   0, 170, 163,  51,  98,  20, 103, 187, 131, 104, 190,   6, 192, 191, 105,  85,   9, 184, 124, 189, 148,  93, 162,  47, 145,  94,  65, 139, 119, 100, 142,  72, 146, 128,  99,  60, 160,  74, 150,  32, 108],
  [177,  51,  85, 184, 108, 116,   9,  95,  35, 139, 187, 142,  72,  29,  16,  47, 128,  14,  65, 100,  99,   6,  15,  19,   3,  32,  60,  18,  46,  31, 107, 119,   2, 137,   4,  30,  86,  44, 138,  33,  58,  45, 123,  13,  17,  59, 115,  87, 110,  98],
  [176,  97, 182, 171,  93, 147, 104, 146,  37, 186, 183,   7, 103, 150,  51, 192, 172, 105, 188, 180, 175,  71,  92, 170,  24,  50,  28,  96,  38, 193,  36, 148,  22, 117, 173,  85,  64, 125, 157, 191, 189,  43, 181,  10,  23, 145, 130,  94, 118, 177],
  [ 11, 152,  66, 161, 133,   8, 131, 134, 126,  61,  12, 194,  79,  80, 135,   1,  39,  27, 151, 160,  63, 132, 113,  25, 112, 195,  75, 116,  34,  62,  42,  89, 140, 159,  26, 156,  78, 166, 154,  40, 127,  77, 153,  41,  54,  83,  69, 141, 196,  68],
  [152,  12,  11, 161, 135, 133, 113,  79, 134,   9,  25,  39,   8,  63, 132, 116,  27,  78,  66,  26, 160, 112,  34, 153,  61,  42,  75, 154,  77,  89, 166, 127,  36,  83,  67,  54,  62, 131,  41,  40, 126,  70,  55,  56, 159,  90, 162,  76,  80, 149],
  [116, 135, 112,  27, 136,  28,   8,  12, 176,   9, 156,  11, 120,  34, 143, 132, 197, 157, 178, 110, 133,  57,  43,  10,  13, 117, 158, 111, 108, 139, 123, 121,  36,  14, 144,  16,  18,  24,  85,  15,   3, 100, 142,   2,  29,  44, 119,  60, 107,  95],
  [176,  97,  93, 182,  71, 104, 171, 147, 103, 146, 183,  84, 150,  37,   7, 192,  22,  81, 148, 172, 186,  21, 105, 180,  92, 149,  57, 175, 181, 157, 102, 162, 170, 178, 125,  23,  24, 179,  28, 191, 130,  85,  51, 193,  96, 169,  64, 145,  91, 188],
  [ 97, 182, 171, 176, 147,  93, 146, 104, 192, 183, 103, 186, 150, 105, 191, 180, 170, 125,  92,  51,  96, 188, 148,   7,  71,  50,  38, 102,  24, 145,  64,  85,  28, 117,  94, 189, 172, 165, 181,  37, 178, 130, 118, 193, 157,  49,  43,  10, 179, 121],
  [ 97, 182, 171, 147, 176,  93, 146, 104, 192, 183, 103, 186, 150, 105, 180, 191, 125,  51, 170,  92,  96,   7, 188, 148,  71, 102,  24,  38, 145,  50,  85,  28,  64, 189, 117, 165,  94, 178, 172, 181, 130,  37, 193, 157, 118,  10,  43,  49,  22, 121],
  [ 97, 182, 171, 176, 147,  93, 146, 192, 104, 183, 103, 186, 150, 191, 105, 180, 125,  92,  51, 170,  96,   7, 188,  71, 148,  24, 102,  50, 145,  38,  28,  64,  85, 117, 189, 178, 165,  94, 130, 181, 157,  37, 172, 193, 118,  43,  10,  49, 179, 121],
  [ 97, 182, 171, 147, 176,  93, 146, 104, 192, 183, 103, 186, 150, 105, 191, 180,  92, 170,  51, 125,  96, 188, 148,   7,  71, 102,  24,  50, 145,  38,  85,  64,  28, 117, 189,  94, 165, 181, 172, 178,  37, 130,  49, 157, 193, 118,  10, 179,  43, 121],
  [ 97, 182, 171, 176, 147,  93, 146, 104, 192, 183, 103, 186, 150, 105, 191, 180,  51, 125, 170,  92,  96,   7, 188,  71, 148,  24,  38, 102,  50, 145,  28,  85,  64, 117, 189,  94, 165, 178,  37, 172, 181, 157, 193, 130,  10, 118,  43,  49, 121,  22],
  [171, 103, 170, 146, 181, 176,  50, 172,  37,  93, 180, 104,  92,  84, 150,  97, 162, 182, 195, 192, 147, 102,  20,  94,   7, 193, 125, 183, 130, 186, 105, 179, 173,  96, 188, 190, 196, 145,  71, 140,  85, 144,  64, 187,  36, 121, 118,  49,  80,  65],
  [171,  97, 192,  92, 176, 191,  93,  50, 170, 182, 104,  51, 147,  49,  65, 177, 186, 188, 103, 146, 183, 172,  38,  96, 173, 180, 105, 174, 193, 117, 145,  24, 125, 118,  85, 184,  94,  95, 123,  87, 108, 150,  32, 187,  20, 128,  19,  16, 106,  31],
  [191,  97, 177,  24, 147, 184,  51,  99, 139,  95, 108,  86, 145, 188,  65,  87, 117, 116,  15, 115, 183,  14, 128,  18,  29, 142,   0,  45,  30, 164, 137, 100,  32,  72,  31, 119,  58,  16,  19, 114,  17,  33,  44, 123,   4,  60,  46,  59,  96,   3],
  [174, 191, 177, 164,  97,  23,  22,   6,  65,  63, 172, 147,  35, 163, 183, 145,   9, 148,   0,  24,  51, 176, 175, 102, 180, 105,  88,  49, 162,  50, 170, 184, 188,  93,  85, 104,  72,  21, 139, 186, 108,  29, 144,  14, 173, 165, 119,  92,  96,  37],
  [ 97, 182, 147, 171, 176, 192, 183, 186, 146, 125,  93,  51, 104, 150,  38, 105,  96, 191, 103, 188, 148, 170, 117,  24,  28,  92,  64, 180, 189,  85,  10,  43, 145, 102, 178,  50, 118, 121,  94, 123, 115,  87,  88, 129,  13,  95,  32,  59, 114,  52],
  [ 11, 152, 161,  12, 133,  79, 134,   8, 135,  66, 113,  39, 131,  63,  25,  27,  80,  42, 132,  62,  61, 194,  78,  75, 160,  26, 126, 195, 112,  89, 151, 153, 154, 127, 159,   9,  77, 140,  40, 166,  41,  54,  83,  67, 116,  34,  70,  55,  69,  56],
  [ 12,  11, 135, 152, 161, 113,  27, 134,  78,  79,   9,   8, 133,  39,  42,  62,  26,  63, 116,  25, 153, 160, 131, 154,   1,  66, 151,  77, 166, 127,  75,  83,  89,  41, 194,  67,  55,  70,  56,  40, 126, 196,  76,  54,  69,  90, 155, 141,  34, 132],
  [ 12,  11, 152, 135, 161, 113, 133,   9,  79,  27, 134,   8,  78, 116,  25,  39,  63,  42,  26,  66, 160,  62, 132, 131, 153,  34, 154, 112,  75, 166,   1,  77,  89, 127,  83,  61,  41,  40, 159,  67, 126,  70,  55,  56,  54,  36, 151, 194, 196,  90],
  [135,  12, 116,  27,  11, 152, 134,   9, 133, 132,  79, 161,  63,   8,  34, 112,  23,  42,  78, 156, 136,  57,  36,  25, 143, 160, 139, 113, 158, 120, 164, 151, 157, 197, 178, 153,  26,  66,  22,  61, 111,  90,  62, 108,   6, 163,  21, 196,  28,   1],
  [176,  93, 182,  97, 104,  71, 147, 171, 103, 146,   7, 183,  37,  22, 172, 192,  21, 181, 180,  84, 186, 150,  81, 157, 105, 148, 149, 175,  23,  57, 179,  92, 193, 178,  24,  51, 125, 102, 130, 170,  85, 191,  28, 162, 169,  96, 145,  64, 174, 188],
  [ 97, 182, 171, 176, 147,  93, 146, 104, 192, 183, 103, 186, 150, 105, 191, 180, 125,  51, 170,  92,  96, 148, 188,  71,   7,  24, 102,  38, 145,  50,  85,  28,  64, 117, 189,  94, 165, 181, 178, 172,  37, 130, 157,  49, 118,  10,  43, 193, 179, 121],
  [ 97, 182, 171, 176, 147,  93, 146, 192, 104, 103, 183, 186, 150, 105, 191, 180,  92,  51, 125, 170,  96, 188,   7,  71, 148,  50,  24,  38, 102, 145,  85,  64,  28, 117, 189,  94, 165, 172, 178,  37, 181, 157,  49, 118, 130,  10, 193,  43, 121, 109],
  [ 97, 182, 171, 147, 176,  93, 146, 192, 104, 183, 103, 186, 150, 105, 191, 180, 125,  51, 170,  92,  96, 188, 148,   7,  24,  38, 102,  71, 145,  50,  85,  64,  28, 117, 189,  94, 165, 178, 130, 118, 181, 157,  10,  43, 172,  49,  37, 193, 121, 123],
  [171, 182, 192,  97, 146,  93, 176, 103, 104, 147, 150,  92, 183, 186,  71, 105, 125, 191, 193,  51, 180, 170,  96,  85,  38, 188,  24,   7,  84,  50, 181,  64,  94,  81, 102,  28, 178, 145, 117, 165, 148, 189, 173, 130, 172,  10, 118,  95, 110,  57],
  [ 79, 133,  63, 132, 113,  12, 152, 149, 161,  34, 157, 135,  25,  61,  66, 134,  39,   9, 179, 177, 165, 116,  88,  36, 140, 112,  11, 164, 158,  26,   6,  75, 139,  65,  80, 156, 153, 162, 148,  20, 130, 166,  47,  89, 143,  90,  27, 160,  54,  82],
  [147, 191,  97, 182, 183, 148, 186, 171,  88,  96, 176, 125, 145,  50, 170, 157, 188,  20, 102, 180,  65,  93, 104,  49, 130, 105, 146, 192,   6, 189,  51,  38, 103, 118, 117, 185, 165, 190, 177,  64, 121,  74,   5, 187,  35, 114, 109,  87, 129, 100],
  [ 97, 147,  51, 182, 188,  38,  96, 183,  24,  94, 117, 105, 189,  99, 128, 118,  72, 108,  85, 184, 129, 142,  86,  87,  15,  43, 115,  32,  47, 123,  16,  45, 137, 114,  30,  29,  73,  58,  31, 138, 100, 101,   3,  14,  19,   2,  18, 121,  64,  95],
  [ 97, 182, 171, 176, 147, 192, 183, 146, 186, 188,  51, 191,  93,  96, 104,  24,  38, 150, 117, 105, 180, 170,  28,  43,  92, 144, 145,  85,  64,  95, 125, 193,  87, 177, 123,  10,  13, 118, 115, 184,  32, 189,  45, 173, 121, 108,  16, 129, 103,  17],
  [171, 192, 182,  97, 103, 146,  93,  92, 104, 147, 176, 150, 183,  71, 186, 193, 105, 125,  96,  85, 191,  51, 170, 180, 181,  38,  84, 102, 188,  94,  81,  24,   7,  50, 175, 145, 178, 165, 172,  64, 148,  49,  57, 117, 189, 169,  28, 173,  91,  10],
  [152,  12,  11, 161, 113, 133, 135,  79,  39, 134,  25,  63,   9,  26,  27,   8, 160, 153,  66,  78,  75, 162, 154,  42,  62, 132,  77,   1, 116, 166,  61,  83,  89, 159, 127,  67, 131,  41,  54,  70,  55, 112,  56,  80,  34, 155, 141,  48,  76,  40],
  [ 11,  12, 152, 135, 161, 113, 133,  79,   8,   9, 134,  27,  39,  25,  78,  66,  63, 116,  42,  26, 160, 131,  62, 132, 153, 154, 194,  75, 112,  34, 166,  77,  89, 126,  61, 127,   1,  83, 151,  67, 159,  41,  40,  70,  55,  54,  56,  69,  76, 141],
  [ 12,  11, 152, 135, 161, 113, 133,   9,  27,  79, 134,   8,  25, 116,  78,  39,  63,  42,  26, 160,  66,  62, 131, 132, 153, 154,  34,   1, 112,  75, 166,  77,  89,  83, 127,  61,  41, 159,  67,  40, 126,  55,  70,  56,  54, 151,  36,  90,  76,  69],
  [ 12,  11, 152, 135, 161, 113, 133,   9,  79,  27, 134,   8, 116,  25,  78,  39,  63,  42,  26, 160,  66,  62, 132, 131, 153,  34, 112, 154,   1,  75, 166,  89,  77,  61, 159,  83, 127,  41, 151,  40,  36, 126,  67,  70,  55,  56,  54, 196, 194,  90],
  [176, 147,  36, 157, 116, 182,  38,  97,  23,  51,  28,   7,  22, 172, 183, 123, 136,   6, 165,  43,  85, 108, 187, 118, 117, 189, 110, 100,  14,  16,  13, 132, 143, 142,  31,  95,  72,  18, 188,  15,  24,   3,  17, 177,   4, 156,   2,  44, 111,  32],
  [ 97, 182, 171, 147, 176,  93, 146, 192, 104, 183, 103, 186, 150, 105, 191, 180, 125, 170,  51,  92,  96,  71, 188,   7, 148,  24, 102,  50, 145,  38,  28,  64,  85, 117, 189, 165,  94, 181, 178, 172,  37, 193, 130, 157,  49, 118,  10,  43, 179, 121],
  [ 97, 182, 171, 147, 176,  93, 146, 192, 104, 183, 103, 150, 186, 191, 180, 105,  92, 125, 170,  96,  51, 148,   7, 188, 102,  71, 145,  38,  50,  24,  28,  64,  85, 178, 165, 189, 117,  94, 157, 130, 172,  37, 181, 193, 118,  22, 179,  88,  49,  43],
  [ 97, 182, 171, 176, 147,  93, 192, 146, 183, 104, 103, 150, 186, 105, 191, 125, 180,  92,  51,   7, 170,  96, 148,  71, 188,  50,  24, 102,  38,  64, 145,  85,  28, 165, 178, 130, 117, 189,  94,  37, 172, 193, 181,  22, 118, 157, 173,  43, 179,  10],
  [194, 195,  11,  39, 134, 162, 152, 127,  80,  89, 161,  41,  67,  75,  76,  40,  70,  77,  54,  55,  69, 154,  83, 126,  56,  66,  68, 141, 167, 155, 166, 140,  84,  78, 168,  26, 113,  62,  82,  42,   8, 131,  91,  90, 153, 169,  53, 149,  61,  79],
  [ 12, 135, 116,  27,  79, 134,   9, 152,  63,  11, 133, 132, 161,  78,  42,  34,  23,  57, 112,   8,  36, 113,  26, 139, 153, 160,  90, 156, 151,   1,  25, 136, 196, 157, 154, 164,  21,  62,  67, 127, 143, 155, 165, 131,  24, 178, 163,  56,  41,   6],
  [104,  93, 181,  36, 146, 179,  37, 103, 130,   7, 182,  35, 176, 170, 147,  97, 172, 157,  20, 183, 186, 149, 148, 188, 180, 145, 187, 171, 105,  94, 190, 189,  96, 140, 144,  28,  64, 175,  98, 102, 121,  71, 110,  21, 118, 109,  95, 185,   6,  49],
  [ 97, 176, 147, 182, 171, 192, 183,  93, 103, 104,  71, 148, 186, 105,   7, 178, 146, 172, 125, 191,  84,  92,  22,  50, 149,  21, 150,  81, 102,  37,  57,  51,  96,  85,  64, 157, 170, 180,  24, 188,  38, 165, 130,  28, 145,  94,  49, 189, 181, 179],
  [ 97, 182, 146, 147,  51,  96, 188, 186, 170, 183, 125, 105,  93, 191, 171, 104,  49, 117,  94, 103, 192,  38,  64, 145,  85,  50, 189,  24,  52, 123, 109, 118,  87,  95, 129, 121,  32, 102,  88, 115, 110,  45, 114, 128,  59,  86,  19,  31,  17,  13],
  [ 11, 152, 131, 195, 134, 194, 161, 151,  66,   8,  62,  27,  78,  61,  42,  39, 133, 127,  89, 126, 135,  41,  40,  75, 113,  67, 154,  26,  55,  76,  70,  69,  77,  54,  56, 155,   1,  83, 166,  80, 159, 160, 141, 167, 196, 153,  68,  25, 168, 169],
  [ 11, 152,  12, 161, 135, 113, 133,   8,   9, 134,  25,  39,  27,  79,  78,  42,  66,  26, 116, 160,  62,  63, 131, 132, 153, 154,  61, 112,  75, 166,  89,  77, 159,  83, 127,  34,  41, 162,  40,   1,  36,  70,  55,  67,  54,  56, 151, 194,  76, 196],
  [ 12, 135,  11, 152, 161,  79, 113,  27, 133,   8,   9,  78, 134, 116,  42,  63,  39,  62, 131,  25,  26, 160,  66, 132, 153, 151, 154, 112,  75, 127,  77, 126,   1, 166, 159,  83,  67,  41,  89, 194,  34,  55,  40,  70,  56,  54,  90,  69, 155, 196],
  [ 12,  11, 152, 135, 161, 113,  79, 133,  27,   9,   8, 134, 116,  63,  78,  39,  25, 160,  42,  26,  62,  66, 131, 153,   1, 132, 154,  34, 151,  75, 166, 112,  77, 159,  89,  83, 127,  41, 126,  67,  61, 196, 194,  55,  40,  70,  56,  54,  76,  90],
  [ 12, 152,  11, 135, 161, 113, 133,  27, 134,   9,  79,   8,  25,  78,  39, 116,  63,  42,  26, 160,  66,  62, 131, 132, 153, 154, 112,  34,  75,   1, 166,  89,  77,  83,  61, 127, 151, 159,  41,  40,  67, 126,  55,  70,  56,  54,  76,  90,  69, 194],
  [176,  23, 147,  36, 172,  37, 157, 182, 177,  97,  51,  22,  38, 104, 186,  93, 183, 188,  35,   6,   7, 175,  65,  24, 116, 189, 123, 136,  10,  28, 187, 108,  43,  16, 184,  18,  14, 142, 117, 100,  15, 164,  31,   4,   3, 118,  29,  17,  72,   2],
  [ 97, 182, 171, 176, 147,  93, 146, 192, 104, 183, 103, 150, 186, 105, 180, 191,  92, 170, 125,  51,  96,   7, 148,  71, 188,  24, 102,  50,  38, 145,  64,  28,  85, 117, 189, 181,  94,  37, 178, 165, 130, 193, 172, 157, 179,  43, 118,  10,  49, 173],
  [ 97, 182, 171, 147, 176,  93, 146, 104, 192, 183, 103, 186, 150, 191, 105,  92, 180, 170, 125,  51,  96, 188, 148,  71,  38, 102, 145,  24,  50,   7,  64,  28,  85, 165, 117, 189,  94, 178, 181, 118,  49, 172,  10, 130,  37,  43, 157, 121, 109, 193],
  [171, 192, 103, 176,  92, 150,  93, 182,  84,  71,  97, 104, 146,  81, 193,   7, 147, 169,  91,  82, 167, 173,  50, 168, 183, 195,  53, 191,  37, 125, 186,  68, 155, 165, 141, 194, 172,  67,  76, 178, 180, 105,  22,  55,  69,  70, 127, 175,  56,  41],
  [ 11, 161,  12, 152, 135,  79, 113, 133,   8,  63, 134, 131, 160,   9,  39,  66,  78, 132,  27,  25,  42,  26, 159,  80, 195, 116,  75, 162,  62, 126,  34, 153, 112, 127,  61,  89, 196, 154, 166,  36,  67,  40,  77,  41,  83,  54, 158,  55,  70, 149],
  [ 12,  11, 152, 135, 161, 113, 133, 134,  27,  79,   9,  78,  39,  25,  42,   8,  26,  63, 116,  62,  66, 132, 153, 154, 160, 131,  75,  89,  77, 166, 127,  83,  41,  40,  67,  55,   1,  70,  56,  54,  90, 126, 155,  76, 112,  69,  34, 141, 194,  61],
  [ 12,  11, 152, 135, 161, 113, 134, 133,  27,   9,  25,  79,  39,  78,   8, 116,  63,  42,  26,  66,  62, 153, 154, 132, 160,  89, 166,  77, 112,  75, 131,  83, 127,  41,   1,  34,  40, 126,  67,  56,  54,  55,  70,  76,  61,  90, 155,  69, 141,  36],
  [ 12, 135, 152,  11, 116, 134,   9, 133,  27,  25, 161,  79,  36, 132, 113,  63,  78,  34,  39,  42, 112, 153,  26,  23, 166, 126,  77, 154,  90,  89, 157, 127,  66,  61,  40, 156, 139,  83, 164,  56,  41, 158, 155,  76,  54,  70,  55,  69,  53, 143],
  [ 36,  37,   7, 172, 181, 130, 157,  20,  22, 179, 147, 140, 149, 176, 146,  61,  28, 180, 164,  25, 113, 104, 187, 145, 190,   6,  34, 182, 170,  21, 121, 120, 188, 183, 144, 185, 178,   8, 136, 111, 118, 186, 109, 102, 175, 117, 124, 119, 110, 100],
  [ 11, 152,  12, 161,   8, 135,  79, 151, 134,  66,  42, 131,  62,  78,  27,  39, 113, 160,  80,  75,  26, 127, 194,  67, 154, 126, 153,  41,  40, 162,  89,  54,  70,  55,  77,  69,  83,  56, 141,  25, 155,  76, 133, 195, 166, 167,  68,  61, 159,  63],
  [ 12, 135, 161, 152,  11, 113,  63,  79,   9, 116,  27, 133, 160, 112,  78, 132,  25,  39,  26,  62, 159,  42, 134,   1,   8, 158,  34, 156, 139, 153,  36, 154, 151,  66, 143,  61, 127, 166, 131, 126,  83, 177,  55,  67,  77,  90,  89,  41,  56,  40],
  [135,  12, 152,  11, 161, 133, 160,  79, 113,  63, 116,  27, 132, 112, 159,  25, 134,   1,  39,  66,   8,   9,  61, 156,  34, 131,  78, 158,  26,  62,  42, 151, 139, 153, 143,  75, 154, 127, 126, 196,  47, 195, 166,  83,  89,  40,  41, 149,  77,  67],
  [ 12,  11, 152, 135, 161, 133, 113,  79,  27, 134,   8,   9, 116,  78,  25,  63,  39,  66,  42, 160, 132,  26, 131,  62, 153, 112, 154,  75, 126,  34,  61,  89, 151, 166, 159,  77, 127,  83,   1,  41,  40,  67,  55,  70,  56,  54, 194,  69, 155,  76],
  [ 12, 135,  63,  79, 161, 152, 133, 132, 116,   9,  34, 112,  27, 113, 160, 139, 158, 156,  11, 143,  78, 134,  25,  39, 148, 159, 149,  42,  26, 177,  62, 165,   8, 144, 136,  48,   6, 163,  47,  61, 153,   0, 120, 157, 151,  90, 178,  66, 154,  65],
  [ 97, 182, 171, 176, 147, 146, 104,  93, 192, 183,  51, 186, 103, 105, 150,  38,  71,  85,  92, 188,   7, 193,  24, 148, 175, 172, 180,  28, 170,  94,  96, 117,  10, 173, 189, 191, 125,  43,  50,  64,  37, 181, 118, 177, 110, 123, 121, 115,  87, 144],
  [ 97, 182, 171, 176, 147,  93, 146, 192, 104, 103, 183, 186, 150, 105,  51, 125, 191, 170,  92, 180,  96,  71, 188,  24,   7, 148,  38,  85,  64, 102,  28,  50, 145, 117,  94, 189, 178, 165, 181, 118,  10,  43, 172,  49, 157,  37, 121, 109,  87, 123],
  [ 97, 171, 182, 176, 147,  93, 146, 192, 104, 103, 183, 150, 186, 191, 105,  92, 180, 125, 170,   7,  51,  96, 148,  71,  50, 188, 102, 145,  24,  38,  85,  64, 172,  37,  28, 130, 189, 181, 165, 117,  94, 178,  22, 193, 173, 157,  49,  84, 179, 118],
  [192, 103, 171,  92, 146, 150,  93, 195, 104, 194, 182,  97,  80, 170, 176,  84,   1, 125,  71,  50,  49, 149, 196,  64, 140, 105, 183, 186, 178, 147, 131,  94,  91, 102,  82,  96, 167, 148, 181,  81, 168, 162, 169,  21,  51,  20, 141, 126, 173,   7],
  [ 11, 152, 161,  12, 135, 113,  39, 133, 134,  78,  79,  25,   8,  27,   9,  26,  66,  63,  42,   1, 153, 131, 132, 126, 116, 154,  89,  62, 166,  77,  75, 160, 127,  83,  41,  40,  61,  67,  55,  70, 194,  54,  56,  36,  69,  76, 112,  90, 155,  34],
  [ 12, 152,  11, 135, 161, 113, 133,  79,   9, 134,  39,  25,  27,   8,  78,  63,  26,  42, 116, 153,  66, 132,  62, 154,  77, 160,  75, 166,  89,  83, 127, 162,  41,  67,  54,  70,  55,  40, 131,  56,  34,  90, 112,  61,  76, 155,  69, 141,  68, 126],
  [ 12, 152,  11, 135, 161, 113, 133,   9,  63,  79, 160,  25, 134,  39, 116,  27,   8,  26,  78, 132,  66, 153, 159,   1,  62,  42, 112,  34, 154,  61, 166,  75, 131,  77,  83,  89, 162, 158,  48, 127,  41,  67,  55,  56,  70,  54,  90,  40, 164,  76],
  [191,   0, 165,  12,   1, 135, 133,  48, 148,  50, 132, 152,  88, 163,  38, 192, 173,  65,  49,  43,  47,  74, 158, 150,  22,  79, 156, 178,  53,  97,  26,  34, 188, 147, 194, 177, 174, 100, 183,  72, 142, 159, 189,   5,  86,  29,  73, 128, 151, 137],
  [148,  97, 180, 192, 183, 147, 191, 182, 150, 144,  96,  88,  38, 188, 177, 179, 186,  43,   0, 136, 117, 171,  47, 193, 178, 145, 130, 149,  48, 139, 184, 165, 189,  51, 118, 115,  95,  86,  99,  15, 108, 128,  18, 114,  72, 173, 142, 143,  32,   4],
  [ 97, 171, 182, 147, 176, 192, 183,  93, 104, 146, 103, 186,  92, 150,  51, 191, 105, 148, 188,  96, 170,  38, 180, 125,   7,  24,  85, 117, 102,  50, 173, 189, 145,  94,  28,  10,  64,  71, 172, 175, 193,  49, 118,  87, 121, 165, 115, 177, 130,  43],
  [ 97, 182, 171, 192, 147, 176, 146, 183,  93, 104, 186, 150, 103, 180, 105,  92,  51, 191,  96, 188, 170,  38,  24,  71, 125, 148,  85,  28, 117,  64, 178,   7, 145, 102, 193, 189,  94,  10, 181,  43, 130,  50, 118, 121,  95, 123,  87, 144,  13, 109],
  [ 97, 182, 192, 171, 147, 103, 183,  93, 150, 104, 148, 146, 176, 186, 105, 125, 170,  71,  51,  96, 180,  92, 191, 102, 188,  64, 179,  24,  28,  94,  38, 181, 189,  50, 117,  85, 145,  43, 178,  49, 149,  10, 118,  88, 130, 193, 121,  81,  87,   7],
  [171,  92, 192, 103,  97,  93, 182, 150, 104, 191,  51, 148,  50, 147, 183, 193, 170, 146,  71, 173, 186, 105, 180, 176, 125,   0,  24, 172, 174, 188,  85,  38,  96,  94,  10, 177,  48, 144, 175,  49, 181, 117,  84, 189, 165, 102,  43,  57,  64, 145],
  [ 97, 182, 171, 147, 176, 146,  93, 192, 183, 104, 186,  51, 105, 103, 188,  96, 191, 170,  38, 180,  92,  24, 125, 117,  85, 150, 148, 189,  50,  94,  28, 145,  64, 118,  10, 102,   7, 121,  87,  95, 123, 115, 110,  32, 129, 177,  43, 109,  71,  17],
  [ 97, 171, 182, 176, 146, 192, 147,  93, 104, 183, 103, 105, 150,  71, 186,  51,  92,  85, 125,  24, 170,  64,  96,  94,  28,  38, 188, 193,   7, 148, 180, 117, 191, 178, 181,  50, 189,  57,  10, 110,  95, 165,  43, 118, 123,  84, 121,  87, 109, 145],
  [ 97, 182, 171, 147, 176,  93, 146, 192, 104, 103, 183, 186, 150, 105, 191, 180, 125, 170,  92,  51,  96, 148, 188, 102,  71,  50,  24, 145,   7,  38,  64,  85,  28, 117,  94, 189, 178, 130, 181, 165, 118, 157, 172,  10, 179,  43, 121,  37,  49, 193],
  [ 97, 182, 171, 147, 176,  93, 146, 104, 192, 183, 103, 186, 150, 105, 125, 191, 180,  51, 170,  96,  92, 188, 148,   7, 102,  24,  50, 145,  38,  71,  64,  28,  85, 117, 189,  94, 178, 165, 130, 157, 172, 181, 118,  37,  43,  10,  49, 193, 121,  88],
  [192, 171, 149, 150, 103,  93, 104,  97,  92, 148,  49, 170, 182,  50,  84, 179,  37, 140, 162, 183, 181,  71,   7, 146, 180, 176, 194,  81,  82, 105, 102,  80, 125,  20, 186, 147, 168, 195,  48,  64, 191, 167,  91, 193, 174, 130,  94, 169, 157,  53],
  [ 48, 165, 150, 148,   0, 192,  81,  62,  91,  97,  26, 149,  53,  82, 168, 191,  90, 173, 193, 169,   1,  38,  42, 178, 155, 127, 153, 141, 176, 135,  55,  83, 167,  67,  79, 154,  56,  41, 183,  23,  70,  69,  75,  88,  68,  43,  27,  54, 147,  76],
  [148, 180, 191,  97, 192, 147,   0, 150, 183, 182, 171,  96, 173, 144, 188, 177,  88,  48, 186, 193,  38, 165,  43, 117, 145,  51, 179,  92, 130, 136,  47, 184,  24, 125, 189, 118,  86,  15,  95,  99, 115, 140,  18,  29,  72, 137, 142,  45, 105, 128],
  [171,  97, 182, 192, 104,  93, 147, 103, 146,  92, 176, 183, 150, 186,  51, 172, 105, 193,  50, 170,  38, 191,  85, 188, 180,  71, 175,   7, 125,  96, 173, 148,  24,  94, 117, 189, 181,  10, 163,  28, 177,  64, 145, 118,  37, 110,  95,  87, 115,  49],
  [ 97, 182, 147, 171,  93, 176, 192, 104, 146, 183, 103, 186, 150, 191, 105, 180,  51,  92,  96, 170, 188, 125, 148,  38, 145,  24,   7, 102,  50,  71, 189, 117,  85, 165,  64,  28,  94, 181, 157, 178, 172, 130,  49, 193, 118,  10, 121,  37,  88, 123],
  [ 97, 182, 171, 176, 147,  93, 192, 146, 104, 183, 103, 150, 186, 180, 105,  92, 191,   7, 170,  51,  96, 125, 188, 148,  71,  50,  38, 172,  37, 102,  24, 145, 181,  85,  64,  28, 193, 130, 117, 189,  94, 178, 157,  22, 165, 173, 118,  84, 175,  49],
  [182,  97, 171, 147,  93, 146, 176, 192, 104, 183, 103, 186, 150, 180, 105, 170,  51,  92,  96, 188, 125, 191, 148,  24,  71,  38, 102, 145,  85,  64, 181,  28,  94, 117,   7, 189,  50, 193, 130,  49,  10, 118, 179,  43, 121, 165, 178,  37,  95, 123],
  [ 97, 182, 171, 147, 176,  93, 146, 183, 104, 192, 103, 186, 150, 105, 180, 170,  51, 191,  96, 125, 148,  92, 188,   7,  50,  38, 102,  64,  85,  71,  24,  28, 145,  94, 189, 117, 172, 178,  37, 130, 181, 173, 118, 157, 193, 121,  10,  43,  49, 165],
  [ 97, 182, 176, 147, 171, 183, 146,  93, 192, 186, 104, 105,  51, 150,  96, 188,  38, 103, 191, 180,  24,   7, 178,  28,  85, 125, 117, 148,  64, 170, 189, 145,  94,  92, 102,  71,  10, 165, 118,  50,  43, 121, 157, 123, 109,  87,  13,  95, 110, 129],
  [ 97, 171, 182, 176, 147,  93, 192, 146, 104, 183, 103, 150, 186, 105, 191,  92, 125,  51, 180, 170,  96,   7,  71,  38, 188,  24,  50,  85,  64, 148, 165, 178,  28, 117,  94, 145, 102, 189, 130, 193, 181, 172, 118,  10, 121,  84, 123,  95, 173,  81],
  [103,  92,  93, 171, 176,  84, 146,  80, 195, 104, 162, 192, 182,  81,  97,  21, 181, 147, 125, 180, 149,  71,  57,  75,  68, 167,  91,  89, 170, 150,  37,  76, 196,  77, 194, 169,  69, 168,  54,  70, 141,  82,  40, 183,  41, 126, 127,  56, 155,  96],
  [152, 133, 161, 113,  61,  39,  66, 149,  79,  11, 140,   8,  25, 134,  63,  80, 132, 112,  12,  75, 160,  26, 194, 153,  89, 162,  34, 158,  54, 166, 159,   9, 127,  67, 157,  77, 135,  40,  83, 154,  78,  68,  41, 195, 155,  70,  55,  88,  69,  76],
  [ 97, 182, 171, 147, 176,  93, 146, 192, 104, 183, 103, 186, 150, 105, 191, 180, 125, 170,  92,  51,  96, 148, 188,   7, 102,  71, 145,  24,  50,  64,  28,  38,  85, 117, 189, 178,  94, 130, 157, 165, 181, 118, 179,  49,  37,  43,  10, 172, 121, 109],
  [ 97, 182, 171, 176, 147,  93, 192, 146, 104, 103, 183, 186, 150, 180, 191, 105, 125,  92, 170,  51,  96,   7,  71, 148, 188, 102,  24,  50,  38, 145,  28,  64,  85, 165, 117, 178, 189,  94, 181, 193, 130,  37, 157, 172,  49, 179,  43, 118,  10, 173],
  [ 28, 151, 117, 176, 178,  27, 136, 120, 144,  43, 182, 197,  13, 116, 110,  99,  10,  24,  64,  57,  95, 121, 108, 146,  87, 123, 106,  52,  85,  15, 111,  32, 184,  18,  59, 129,  45,   1, 138, 156,  60,  46, 115,  17,  16,  19,  31,  33, 137, 109],
  [182, 176,  97, 171,  93, 147, 104, 146, 192, 103, 183, 150,  71, 186,  92, 105,  51, 191,   7, 180, 170,  96, 125,  50,  24, 188,  37, 172,  38,  85, 148,  28, 193, 102, 181, 145,  64,  84,  81,  94, 189,  22,  49, 165, 117, 178, 157, 175,  10, 130],
  [182,  97, 171, 147,  93, 146, 176, 104, 192, 183, 186, 103, 191, 105, 170, 150,  96, 180, 188,  51, 125,  92, 148, 145,  24, 102,  38,  50,  64, 189, 117,  71,  28,  85,  94,   7, 118,  49, 130, 181, 157,  10, 121, 109, 123,  87, 165,  43,  95, 172],
  [ 97, 182, 171, 147,  93, 176, 146, 104, 192, 183, 103, 186, 150, 105, 191, 170,  51, 180,  92, 125,  96, 188, 148,  24,  38, 145,  50,  71,   7, 102,  64,  85,  28,  94, 117, 189, 181, 172, 165, 130, 157, 118,  49, 179, 178,  10,  37, 193, 121,  43],
  [171,  97, 182, 176,  93, 147, 192, 103, 104, 146, 183, 180, 150,  92, 191, 186, 105,  71,   7, 170, 125, 148,  84,  50,  96, 102,  51,  37, 181,  81, 188, 145,  24,  85, 172,  64, 165, 130, 179,  94, 178, 189,  28, 149,  38, 117, 193, 157,  22,  57],
  [ 97, 182, 171, 147, 176,  93, 146, 104, 192, 183, 103, 186, 150, 105, 170, 191,  92, 180, 148,  96,  51, 125, 188,   7,  50, 102,  38, 145,  71,  64,  85,  24, 189,  94, 172,  28, 117,  37, 181, 130, 178,  49, 157, 165, 118, 121, 179, 193,  10, 109],
  [ 97, 182, 147, 176, 171,  93, 104, 146, 183, 186, 192, 103, 105, 150, 180, 191, 170,  96, 148, 125, 188,  51,   7, 102, 145,  50,  92,  38,  64,  28, 157,  71, 189,  24, 130, 181, 172,  37, 117,  85,  94, 179, 178, 118,  49, 121,  88,  43, 109, 165],
  [182,  97, 147, 176, 171, 146,  93, 192, 183, 104, 186, 103, 150, 105,  96,  51, 180, 191, 188,  92, 125,  24,  38,  71, 170,  28, 148,  64, 178, 145,   7,  85, 117, 102, 189,  94, 157,  43,  10, 165,  50, 118, 121, 109, 123,  87,  13, 172,  95,  37],
  [ 97, 182, 171, 147, 176, 192,  93, 146, 104, 183, 103, 186, 150, 180, 191, 105,  92, 170,   7, 148, 125,  51,  96, 188, 102,  50,  71,  38, 145, 172,  37, 178,  64,  24, 130, 181, 179,  28,  85, 189, 193,  94, 117, 157,  22, 165,  49, 118,  88, 175],
  [171, 192, 150, 103,  92, 193,  97, 176,  93, 104, 182, 147,  50,  84,  71, 172,  37, 148,  81, 146,   7, 183, 173, 170, 181, 174, 165, 191, 125, 180, 169,  51,  82, 105, 186,  49,  48,  91, 167, 175, 168,  53,  38, 162,  22, 130, 195, 188, 141,  36],
  [  1,  11, 135, 160,  12, 151, 152, 159, 131, 116, 156, 120, 139,  27, 161,  47,  61, 133,  74, 112,  99, 143,  63,  52,  62, 144,  34, 194, 184, 108, 197, 124,   8, 142,  30,  60, 100,  86,  29, 106, 111,  72, 101, 128,  58, 115,  73,  15,  33, 137],
  [ 12, 152,  11, 161, 135, 133,  79, 113,   9,   8, 160,  63, 116,  25, 134, 132,  27,  39, 112, 159,  34,  78,  66,  42,  26, 131, 153,  62, 158,  75,  61, 154, 156,  80,   1,  77, 166, 196, 127,  83, 162,  89, 149, 195, 151, 126,  54,  41,  40, 194],
  [ 97, 182, 171, 147, 176,  93, 192, 146, 104, 183, 103, 186, 150, 180, 191, 105, 125, 170,  92,  51,  96, 148, 188, 102,   7,  71, 145,  24,  38,  50,  64,  28,  85, 181, 117, 189, 130,  94, 178, 157, 193, 165, 172, 179,  37,  49, 118,  43,  10, 121],
  [ 97, 182, 171, 147, 176,  93, 192, 104, 146, 103, 183, 150, 186,  92, 191, 105, 180, 125, 170,  51,  96, 148,  50,   7, 188,  71, 102, 145,  38,  24, 172,  85,  64,  28,  37, 165, 189,  94, 117, 181, 130,  49, 178,  22, 193, 173, 118,  84, 157,  10],
  [194,  11, 192,   1,  66,  80, 126, 151,  92, 131,  61, 140,   8,  39,  50,  49, 102, 152,   0, 171, 170,  75,  94,  96, 166, 196, 160,  34, 163,  89,  52, 191, 103,  74,  62, 180,  88, 145, 141, 195,  99,  40, 161, 120,  83,  68, 188, 154, 177, 113],
  [176,  28,  24,   1,   7,  43, 178, 182, 136, 146,  10, 135, 116,  64,  13, 117,  27,  71,  38, 110, 121, 109, 120, 157,  85, 147,  14, 123,  15,  87,  16, 108,   2,  31,  44,  45,  36,  18,  17,   3,  32,  72, 124, 107, 100,  19,  33, 142,  57, 128],
  [146, 172, 147, 103,  64,  94,  98,  50,  20,  85, 171,  28, 182, 105, 190, 104, 117, 145, 176, 109, 170, 110,  93, 186, 121, 124, 189, 125,  36,  96, 194,  13,  95,  87, 185, 111,   8, 187, 129, 119, 188,  46,  59,   5,  44,   2,  32,  60, 118, 114],
  [ 36, 146,   7, 176, 157, 178,  20, 194,   8, 195,  93, 103,  61, 104,  94, 182, 190,  34, 149,  98, 170,  64,  49, 172,  66,  37, 102,  21, 145,  35, 186, 187, 189, 105,  50,  11,  85, 126, 111,  52, 109,  88,  96, 121, 110,  28, 124, 118, 147, 171],
  [161,  11,  39, 134,  25, 113, 152,  66,  61,  89, 126, 133, 140,  77, 166,  80,  75,  26,  78,  54,  40, 154, 153,  83, 162,  68, 127,  41,  76,  70,  56,  69,  55, 195,   9,  90, 155, 141,  53,  67, 167,  36, 132, 168,  12, 149,  63, 112,  82, 157],
  [176, 157,   7, 178,  28, 146,  36, 147, 112,  34, 182, 117, 136,  52, 111, 121, 110,  85,   6, 109,  98, 120,  95, 187, 143, 123,  13, 189,  87, 119,  14, 186,  44, 124, 105, 100,  46,  17, 129,  31,  19,   2,  59, 116, 118, 114, 190,  94,  32,   3],
  [ 93, 103, 104, 171, 181, 176, 172,  37,  84, 192,  97, 180,  92, 182,  71,  22, 146, 150,   7, 147,  81, 175, 183,  50, 162, 170, 191, 149, 148,  21, 193, 174, 186, 130, 105, 179,  23,  82, 168, 169,  57,  49,  91, 167,  35, 157,  68, 165, 102,  36],
  [182,  97, 147, 171, 176,  93, 146, 104, 183, 103, 192, 186, 105, 191, 170,  51, 150, 180,  96, 125, 188,  92, 148, 145,  38,  50,  24, 102,   7,  64, 189,  85,  28, 117,  71,  94, 157, 181, 172,  49, 118, 165, 130, 121,  37,  10,  88, 123, 109, 178],
  [ 97, 182, 171, 147, 176,  93, 192, 146, 104, 183, 103, 186, 150, 105, 191, 180,  92,  51, 170, 125,  96, 188, 148,   7,  71,  38,  24,  50, 102, 145,  85,  64,  28, 117, 189,  94, 181, 165, 172, 193,  37, 178, 130, 118,  49,  10,  43, 157, 121, 123],
  [171, 176, 103,  97, 182,  93, 146, 104, 192, 150, 147, 180,  92,   7, 183,  71,  37,  84, 186, 181, 105, 193, 172, 125,  50, 170, 191,  81,  51,  96,  85, 130,  64,  22, 173,  28, 188,  24, 117,  94, 165,  38,  57, 175, 189, 145, 102, 118, 110, 121],
  [152,  79, 161,  11, 131,  80, 133,  39,   8,  66,  12, 113, 134, 194,  63,  75,  42, 149,  62, 132,  27, 126,  25,  26,  78,  61, 140, 160, 127, 195,  67,  89, 162, 153, 154, 135,  54,  77,  41,  83,  40,  70,  55, 159,  68, 166,  76,  69, 141,  56],
  [ 12, 152,  11, 135, 161, 113, 133,  79, 134,  27,  63,   8,   9,  39, 160,  25, 116,  78,  66,  26,  42,  62, 132, 153, 112, 131,  75, 154,  61,  34, 159,  89, 166,  77,  83, 127,   1,  41,  40,  67,  55,  54,  70,  56, 151, 155,  76,  69, 196, 141],
  [ 97, 182, 171, 176, 147,  93, 146, 192, 104, 183, 103, 150, 186, 105, 180, 191, 125, 170,  92,  51,  96,   7, 188, 148,  71, 102,  24,  38, 145,  28,  50,  64,  85, 117, 189,  94, 165, 178,  37, 130, 181, 157, 172,  43, 193, 118,  10,  49, 179,  22],
  [171,  93,  97, 182, 176, 103, 146, 104, 192,  92, 147, 150, 183, 180, 186,  71, 105, 170, 191, 125,  84,  96,  50, 102,  51, 145, 188,  64,  85,  81,  94,  24, 148,  28,  37, 117,  38,   7, 189, 181,  57, 179, 172, 178, 165, 118, 130,  10, 190, 109],
  [191,  93, 103, 104,  92, 171, 192,  97, 180, 182, 146, 181, 170, 179, 183,  71, 186, 102, 147, 145,  84, 177, 174,  50, 172, 162, 105,   0,  49, 150, 125,  96, 148,  81, 130, 175,  24,  22, 165, 188,  37, 176, 140,  57,  51,  21,  88, 149,  38,  94],
  [171, 192, 150, 103,  97, 176, 182,  50, 170,  92,  93, 180, 183, 191, 147,   7, 104,  37, 173, 186, 125, 146, 105, 102,  64,  49, 179,  84,  71,  20, 181, 130,  96,  81, 140,  22,  94, 148, 149,  88, 193, 188,  51,  28, 165,  38, 189, 145,   0, 172],
  [150,  62, 193, 192,  81,  97, 173,  42, 148,  23, 168, 175, 176, 169,  48,  91,  82, 149, 151,  84,  75, 171, 183, 155,  26,  57,  27, 154, 164, 141, 182, 179, 180, 167, 127,  38,  51,   0,  90,  56,  83,  41,  68,  55,  69, 178,  37,  53,  70,  89],
  [103, 171,  92, 192, 148,  93,  97, 104, 170, 146, 150, 180, 182, 144,   1,  71, 183, 105, 147, 181,  50, 179,  94, 196, 173,  85,  57, 186,  64, 177, 188,  51,  84, 125,   0,  96, 175,  48, 191, 117,  10,  24, 151,  43, 197, 102, 174, 189, 190,  28],
  [192,  92, 150, 103, 171, 195, 181,  84, 193, 180, 194, 151,  62,  71,   1, 179,  57, 170, 140,  93, 168, 167, 154, 104, 169, 196,  76, 127,  56,  81,  68,  70,  77,  83,  55,  41,  89,  54,  67,  69, 175,  82, 155, 146,  75, 141,  48, 148,  42,   0],
  [195, 194,  89,  77, 126,  84,  92,  80, 196,  75, 103, 154, 134, 166,  76,   1,  54,  70, 131, 167,  41,  83, 127,  69,  55,  68,  62,  56,  39,  66,  40, 168,  25,   8, 155, 162,  67, 149, 169, 141, 181,  11, 153,  82, 140,  26,  57,  91,  81,  42],
  [161,  39,  21, 152,  67, 154, 134,  26,  83, 175, 166, 194,  78,  76,  56,  68,  70, 127,  55,  41, 141, 155, 163, 168, 153,  54,  90,  40,  69,  89,  25,  53,  77, 140,   1,  22, 169,  91,  12,  75, 167, 113,  48,  62, 162,  23, 133,  82,  61,  66],
  [176,   7, 178, 165,  37,  23,  22,  57,  28,  21,  71, 157,  36, 172,  27, 116, 134, 135, 132,  43,  85, 158,  81,  53, 182,  64, 136,  24,  91, 147, 105,   9, 193, 169,  42,  12,  34,  90, 110, 133, 112,  13,  10, 123, 146,  38, 121, 107, 109,  78],
  [ 11, 161, 195, 134, 152,   8, 194,  39,  61,  66, 133, 132, 149, 113,  79,  36, 126,  89, 127,  25,  40, 178,  78,  34, 112,  27,  76,  67,  41,  77, 131,  54, 140, 162, 155,  70,  69,  80,  75,  55,  53, 166, 157,  56, 154,  68,  83, 141,  26, 167],
  [152,  11, 161,  12, 113, 135, 134, 133,  79,  39,  27,   8,  25,  78,  66,   9,  26, 132,  42,  63,  75, 153, 131,  89, 154, 162, 127,  77, 160,  62,  41, 166,  61,  54,  83,  40,  67, 116,  70,  55,  56, 155,  76, 112,  69, 195,  80, 141,  90, 126],
  [ 12, 135, 152,  11, 161, 133, 134, 113,   9,  79,  27, 116,   8,  25,  63,  78,  39,  42, 132,  26,  66, 160,  62, 153, 112,  34, 154, 131,  75,  89,  77, 166, 126,   1, 127,  83,  40,  41,  61,  56,  55,  54,  70,  67,  90,  36,  76,  69, 155, 159],
  [ 12,  11, 135, 152, 161, 133, 113,   8,  79,  27,   9, 134, 116,  63, 160,  78,  25,  39,  42,  66,  62, 132, 112, 131,  26,  34, 159, 151, 153,  61, 154,  75,   1, 196, 158, 156,  89, 127, 166,  40,  83,  77,  41,  67,  55, 126,  70,  56,  54, 195],
  [171, 146, 182, 176, 103,  97,  93, 147, 104, 192,  92, 186, 183, 170, 105, 125, 180,  96,   7, 150,  64,  85,  71, 102, 188,  94,  28, 172,  51,  50, 145, 117,  24, 181, 191, 178,  38, 189, 109, 121,  37, 190, 110, 118,  98,  10,  87,  84,  95, 130],
  [103,  93, 180, 171, 181, 104, 146, 172,  92, 182, 147,  80, 170, 175,  97,  84, 130, 192, 176, 183,  37, 186,  35,  50, 140, 105, 162, 148,  96, 188, 102, 145, 150, 174,  85, 125,  94, 191, 126, 173, 189, 193, 190,  21, 157, 179,  51,  98,  71,  20],
  [103, 171,  93, 146, 104, 182, 172,  92, 170, 192, 181, 176, 180,  97, 147, 186, 183, 105,   7, 125, 102,  50,  37,  85, 150, 145,  35,  71, 190,  94,  51, 175,  96, 191,  84, 188, 189,  49, 194,  98,  64,  20, 193, 162, 117, 187, 148,  21,  24, 130],
  [ 21, 103, 176, 172,  93, 146,  35,  22, 149,  37, 125,   7, 162, 104, 102,  50, 171, 170, 190, 157, 174,   8,  20, 147,  80, 194,  49,  66, 145, 182,  64, 105, 181, 186, 195,  23, 173,  36,  85,  88,  92, 183,  84, 180,  61,  94, 196,  97,   6,  96],
  [103,  21, 176, 162,  80, 172,  37, 131, 149,   8, 173,  66, 146, 196,  50,  35, 125,  93, 174, 171, 190, 194,  75,  22, 195, 170,  84,   0,  20,  85,  92, 104,  89, 158, 159,   7,  57,  94, 102, 105,  82, 126,  65,  40,  36,  64, 167, 180,  34, 164],
  [ 11, 152, 161,   8, 162,  66, 134, 133, 195, 113,  39,  75,  80, 196, 131,  79,  12,  25,  89, 160, 153,  61,  77,  34, 194,   9,  40, 166,  76, 154,  54,  41, 159, 135, 127,  70,  69,  26,  78,  83,  56, 112,  67,  55, 126,  68, 141,  21, 167,  42],
  [161, 133,  63, 132,  12, 152,  79, 149,   9, 113,  34, 112, 135, 157,  61,  25,  39, 158, 134,   6,  22,  35,  66, 143,   8, 179,  88, 160,  21, 174, 139,  23, 156,  36, 116, 140, 177,  26,  20, 136,  11, 162,  78,  65, 153, 159, 148, 163,  89,  75],
  [ 92,   0, 171,  50, 191,  38, 173, 125, 188,  99,  51, 108,  96,  47, 184, 170,  52, 177,  97, 117,  95, 142,  65, 128, 101,  86, 129,  15, 145,  29,  32, 192,  10,  19, 115, 100, 137,  72,  46,  58,  16,  87,  44,  30, 106, 138,  60,   5,   3,  18],
  [165, 164,  63,  88, 177, 132, 174,  65, 145,   0,  43,  51, 176,  38,  64, 147,  80,  95,  24,  52,   6,  13,  47, 125, 187,  79,  85,  82,  97, 190,  49, 109, 191,  72, 107,  98, 124,  99,  23, 128, 119,  50,  93, 184, 118,  14, 133,  74,  44, 100],
  [144, 182,   1, 180, 157, 147, 136,  28,  71, 188, 117,  97, 181, 140, 120,  43, 183,  10, 197, 192,  13, 171, 186, 170,  37,  24,  96, 121, 148, 189, 105,  64, 106,  59,  87,  32,  33, 100, 118, 122, 115, 130, 114,  48, 129, 187, 146,  46,  16, 119],
  [ 11, 152,  12, 161, 135, 133, 113,  79, 134,  66,  39,  27,  63, 160,  25, 116,   8, 132,  78, 131,  26,  61,  62,  42, 126,   1,  34, 153,  75, 112,   9, 159, 151, 154, 166,  89, 194,  77, 127,  83,  80,  40,  41, 156,  55,  67,  70,  54,  56, 155],
  [ 12, 135, 152,  11, 161, 133, 113,  79,   9,  27,  63, 134, 116, 160,  25,   8,  39,  78,  26, 132,  42,  66,  62, 112, 153,  34, 131, 159,   1, 154,  61,  75, 166,  83, 127,  89,  77, 151,  67, 156,  41,  55, 126,  40,  56,  70, 158,  54,  90, 155],
  [ 12, 135, 152,  11, 161,  79, 133, 113,  63, 116,   9, 132,  27, 160, 134,   8,  25,  39,  78,  26, 131,  34,  66, 112,  42, 153,  62, 159, 154,  75, 126,  61, 156, 166,   1,  77,  83,  89, 139, 158,  67, 127, 194,  41,  55,  90,  70,  54,  56,  40],
  [ 12, 135,  11, 152, 161, 133,   9, 116,  27, 113,  79,  63, 134,  78, 160,   8,  25, 132,  26,  42,  39,  34,  62,   1, 112,  66, 153, 154, 159, 156, 151, 131, 166, 126, 139,  77, 196,  83, 163, 158,  75,  90,  89,  36,  40,  41,  23,  55,  56,  48],
  [ 97, 192, 191, 148, 182, 150, 171, 147, 183,  93, 170, 102, 186, 180, 104,  92, 125,  49, 103,  96, 165, 105, 149, 188,   0,  88, 145, 176, 179,  50, 146,  51, 177, 130,  38,  48, 140,  64, 189,  24,  71, 174, 157, 181, 178,  65,  20,  43,  81, 118],
  [151,   0, 192, 165, 191, 131,  97,  38,  62,  50,  65, 177, 148, 174,  48,  49,  92,  12,  43, 163, 159, 150,  51,  64,  79, 132, 105, 171, 183, 135, 194, 125,  63,  94,  47,  27,  99,   1,  42,  74, 173, 156,  85,  10, 188, 128, 184, 137, 189,  72],
  [ 99, 191, 184, 108,  86, 142, 128,  29,  72,  47, 177,  95, 115, 105,  15,  58,  14, 101,  32,  46, 100,  19,  16,  30,  45,  18, 137,  31,  60,  97, 145,   3,  33,  65,  44, 124,   4,  17,  59,   2, 185, 117, 139,  13,  38, 129, 188, 148,  87,  51],
  [177, 163, 191,   6,   0, 139,  49,  47,  88, 145, 102,  99,  65, 160,  50,  74,  38,  34,  35,  51, 184,  85, 116,  52,  98, 142,  72, 185,   1,  86, 115, 108, 128,  73,  30,  29, 143, 100,   5,  60, 101, 156, 124,  14,  92,  15,  45, 105,  19,   2],
  [160, 133,  12, 159, 152,  11, 113,  61,  47,  80, 139,   0, 144, 156, 151,  88,  99, 184,  74,  65,   1,  20,  63,  43,   9, 177,  86, 142, 143,  72, 128, 100,  29,  60, 120,  30, 124, 191,  58,  66,  18, 108,  14,  13, 135, 185,  15,  45, 101,  32],
  [ 12, 164, 152,   0, 135, 174, 116, 161, 113,   9,  63, 131,  23, 160,  27, 133, 153, 151,  62,  26,  11,  79,  42,  25, 177,  75,  48, 154,   1, 139, 159,  78,  66, 173, 163, 134,  77, 166, 126,  83,  80,  39, 191,   6,  89,  56, 156,  55,  47,  68],
  [177,  97, 147, 182, 192,  51, 148, 104,  93,  38, 183,  92, 163,  24, 145,  85, 146,  88,  96,   6, 191, 172, 103, 181,  99, 102, 105, 139, 125, 186,  63, 179, 188, 170,  49,  94,  74, 189, 175, 108,  95,  98,  47, 174,  52, 117, 184,  10, 193, 123],
  [171, 103,  92,  50, 176, 192, 193,   7, 172,  93, 150, 173, 104, 191,  37, 146, 180,  22,  97,   0, 182, 170, 164, 186, 175,  49, 174,  51,  84,  23, 125, 130, 183,  71, 181, 188, 105,  36, 165, 147,  96,  85,  81,  38, 163, 117,  20, 177, 145,  65],
  [103, 104, 172,  93, 146, 171,  71,  57, 182, 196, 147, 181,  92,  85,  97, 175,  94,  84, 105, 192,  35, 176, 183,  51, 170, 193,  50,  98, 186, 163,  24, 189, 148, 195,  64, 125,  21, 110, 180, 194, 117,  28,  10, 188,  36,  95, 197, 187, 169, 126],
  [ 22, 103,  37, 171,  50, 180, 130,  92,  80, 181, 140,   7, 170,  93, 192, 150,  84, 173, 172, 176, 191, 175, 104,  49, 186,  81,  20,  97, 174,  66, 102, 162,  88,   0, 149, 194,  89,  91, 166, 195,  61,  39, 164,  25, 183, 165, 113,  68, 188,  75],
  [162,  79,  80,  26,  62,  48, 113,  82, 168,  84,  67,  81,  42,  75, 167, 149, 131, 154,  78, 174,  77,  55, 192,  68,  83, 153,  89, 127,  56,  41,  70,  90,  54, 195, 141,  69,  76, 134, 155,  91, 169,  40,  71,  37,  39, 194,  63,   9, 166,  12],
  [  0, 191, 180, 130, 148,  48, 149, 192,  80, 140, 150,  97,  22, 174, 175,  37, 177,  81, 176,  25,  39,  88,   7, 173, 179, 164, 171,  91,  65,  75, 153, 144,  68, 113, 183, 168, 188,  26, 166, 165,  77,  92, 193,  83,  50,  54,  23,  82, 155, 186],
  [ 97, 171, 192, 148, 182,  93, 103,  92, 104,  71, 180, 181, 175, 147, 183,  48, 150, 144, 193,  51, 105, 177, 173, 174, 146,  24,  84,  57, 186, 179, 170, 191, 176,  85, 188,  96,  37,   0,  10, 172,  81,  43,  94, 125,  38,  50, 117,  28, 189, 162],
  [171, 192,  97, 103,  92,  93, 182, 104, 150, 147, 146, 183, 176,  71, 170, 186,  51, 105, 191, 193,  50, 180, 148, 173, 125, 172, 181,  85,  38, 188,  24,  84,  96,  94, 175, 174, 117,  49,  10,   7, 189, 102, 165,  64, 145,  28,  81, 177,  37, 130],
  [ 97, 182, 171, 176, 147,  93, 146, 104, 192, 183, 103, 186, 150, 105, 191,  51, 180, 125, 170,  96,  92, 188,  24,  71,   7, 148,  38, 145, 102,  64,  50,  85,  28, 165, 117, 189,  94, 178, 118, 181, 157,  43,  37,  10, 130,  49, 172, 179, 121, 123],
  [ 97, 182, 171, 147, 176,  93, 104, 192, 146, 103, 183, 150, 186, 180, 105, 170,  51,  92, 191,   7, 148, 125,  96,  50, 188,  37, 181,  71, 172,  38, 102, 145,  85,  24,  94, 189,  64,  28,  49, 193, 117, 130, 179,  22, 157, 173, 118,  84, 175, 165],
  [ 97, 171, 182, 192, 147, 176,  93, 183, 104, 103, 150, 146, 186, 180,  51, 170, 105, 125, 148,  92, 191,  50, 188,  96, 193,  38, 117,  64,   7, 189,  85,  24,  28,  71, 181, 102,  37,  94, 173,  49, 144,  43, 145, 118,  10,  87, 172, 129, 130, 123],
  [ 97, 171, 182, 147, 192,  93, 191, 104, 103, 146, 183, 176,  92, 186, 180, 150, 170, 105, 125,  96, 148, 188,  51, 102, 145,  71,  38,  50,  24, 130, 181,  49, 189,  85, 117,   7,  94, 179, 165, 172,  64,  28, 193,  10, 177, 118, 173,  88, 175, 109],
  [ 97, 182, 171, 147,  93, 192, 146, 183, 104, 186, 103,  51, 105, 176, 191,  96, 170,  24, 188,  92, 125, 180, 150,  38, 148,  85, 117,  94, 189, 145, 102,  71,  64,  10,  50,  28, 118,  87, 177,  95, 123,  43, 121, 129, 115,  49, 181, 109,  13, 144],
  [ 97, 171, 182, 147,  93, 192, 104, 146, 103, 176, 183,  92, 186, 105, 170, 191,  51, 180, 125, 150,  96, 188,  50,  24,  85,  71,  38, 148, 102,  94, 117, 145, 189, 172, 181,  64,  28,  10,  49, 193, 118, 173,  87, 121,  95, 129,   7, 115, 123, 109],
  [171,  97, 192, 182,  93, 150, 103, 147, 104, 176, 146,  92, 183, 170, 186,  50, 191, 180, 105, 148, 125,   7, 102,  96, 188, 181,  84,  51, 172,  37,  71, 145,  64,  49,  38, 130,  94, 189, 193,  85,  81, 173,  20, 165, 179,  88, 157, 117, 140,  28],
  [171, 192,  92, 150, 131,   1,  50, 103,  94,  38, 151, 165, 191, 182, 105,  93,  85,  97, 188, 196,  71, 194, 104, 170, 173, 146,  96,  49, 183,  64,  57, 110, 106,  51, 189, 117,  99,  98, 118,  95,  10, 186, 121, 123,  84,   5, 129, 137,  59,  32],
  [113,  62,  48, 152, 151,  42,  78,  26,   0,  27,  39,  79,  12, 153,  25, 127, 192, 150, 140, 168, 155,  83, 193,  90,  91, 154,  67,  75, 135,  68,  56, 161,  55,  54,  53, 141, 167, 144,  41,  11, 166,  82,  70,  80,   1, 164, 134, 169,  77, 132],
  [152,  26,  42, 161,  62,  12, 134,  78, 153,  27,  79, 151, 113,  90, 135, 133, 154, 127,  75,  91,  67,  41, 155,  56,  77, 141,  53,  55,  39,  48,  83,  11,  54,  40, 167,  68,  69,  70,  81, 168,  76,  89, 169, 132,  82,  63,   1,   0,   9, 166],
  [ 27,  42,  11, 135,  62,  12, 152, 151,  78, 134, 161,  79, 131,  26, 132, 127, 133,   9,  39, 153, 154,  25,  57,  41,  90, 113,   1, 155, 195,  67,  63,  56,  76,   8,  83,  55, 169,  91,  70,  40,  54,  75,  69, 141,  77,  48, 168, 167, 194,  89],
  [161, 160, 149, 158, 178, 112, 157, 159, 148,  12, 135, 195, 132,  79, 116,  63, 156, 144, 143,  34, 179, 134, 139, 133, 136, 197,  80, 196,  62,  25, 152,  11, 120, 175, 126, 189,   1,  27,  47,  39,   0,  75, 183,  42, 187, 163, 114,   9, 111,  52],
  [176,  97, 147, 171,   7, 172, 182, 183, 148,  37, 178, 130, 180,  22,  21, 102, 165, 186, 179, 105, 191, 157, 145, 188, 125,  96, 150, 193, 170, 175, 149,  36,  38, 189,  85,  28, 190, 118,   6,  94,  88, 187,  20, 104, 121, 103,  34,  93, 173,  50],
  [ 97, 147, 182,  93, 176, 104, 171, 103, 146, 183, 186, 172, 191, 170, 180, 105, 125,   7, 192, 181,  50, 148, 102,  37,  51,  96, 145,  92, 188, 150,  22,  49, 165, 157, 130,  38,  71, 177,  24, 179, 189,  85,  35,  94,  88, 175,  64,   6, 117,  28]],


