[[160, 158, 159, 125,  74,  88, 180, 179, 133, 190,  99,  52, 102,  20, 195, 131,  96, 145, 156, 129,  86, 117,  47,  87, 101, 185, 197,  59,   5, 184, 173, 114, 100, 124,  46, 115,  92, 111,  30,  32,  17, 189,  33, 106,  15,  45,  60,  31,  19,  61],
  [165,  88,  80, 194, 192, 191,   0, 195, 103, 150, 180,  92, 193,  53, 171,  61, 126,  81,  67,  39,  93,  90, 153,  74, 181,  26,  68,  40,  54,  20, 147, 167,  82,  78,  91, 141,  55,  69, 130, 127,   7,  52,  66, 113,  49,  83, 170, 140,  56,  41],
  [161, 152,  27,  63,  79, 178, 157,  12, 133, 132, 134,  42, 158,  62,  22,  11,   9,  21,  26, 154,  77, 153, 112, 127, 160,  23,  53, 149,  41,   8, 135,  89,  56,  55,  54, 116,  69,  83,  40, 159,  76, 155,  90,  70, 168,  78, 113,  25,  39,  67],
  [161, 152,  27,  63,  79, 178, 157,  12, 133, 132, 134, 158,  42,  62,  22,  11,   9,  21,  26, 112, 154, 160,  77, 153,  23, 127,  53, 149,  41,   8, 135,  89,  56, 116,  55,  54,  69, 159,  83,  40,  90,  76,  78, 155,  70, 168, 113,   7,  39,  67],
  [161, 152,  27,  63,  79, 178, 157,  12, 133, 132, 134, 158,  42,  62,  22,  21,  11,   9,  26, 112, 153, 154,  77, 160, 127,  23,  53, 149,  41,   8, 135,  89,  55,  56,  54, 116,  69,  83, 159,  40,  90,  76, 155,  70, 168,  78, 113,   7,  25,  39],
  [161, 152,  27,  63,  79, 178, 157,  12, 133, 132, 134, 158,  62,  42,  22,  26,  21,  11,  77, 154, 153,   9, 127,  53, 149, 160,  41, 112,  23,  89,  55,  56,  54,  69,   8,  83,  90, 135,  76,  40, 155,  70, 168, 159, 116,  78,  67,  39, 113,  91],
  [ 21,  27, 178, 152,  57,  63,  23, 161,  79,  12, 133, 134, 132,  62,  42,   9, 160, 162,  22, 158, 149,  71, 157, 135,   8,  77,  37, 116, 154, 196, 153,  41,  76,  84, 151,  26, 159, 155,  89,   7,  78, 136,  56, 127,  55, 169, 168,  70,  11,  90],
  [  1,  64, 110, 122, 124, 107,   5,  33,  17, 109,  13,  30,  10,  86, 185, 101, 115, 142, 184,  95,  46, 123, 117,  87,  29,  45, 129,  59,  44,  16,   4,   2,  15,  32,  96, 138, 114, 145,  52,  18,   3,  31,  72,  14, 128, 100,  19, 125,  43,  60],
  [105, 179, 183, 189, 146, 125, 145, 188,  94, 148, 118,  85, 111, 170, 115, 128, 186,  98,  87,  95,  30, 187,  59, 100,  46, 129,  31, 124, 138,  99,  60,  93,   2,  15,  14, 114,  16, 109,  33,   3,  52, 107,  86,   4,  96, 106,  32,  17, 142, 177],
  [196,  37, 134,   9, 176,  57, 135,  63, 132,  12, 149,  27, 157,  23, 116,  71, 131, 162,  48,  42,  62,  79, 158, 165,  10, 197, 105,  43, 172, 119,  28, 133, 122, 118, 136, 137, 187, 111,  78, 189,  16,  85, 154, 144, 106,  30, 128,   3,  59, 115],
  [161,  27, 152,  79,  22,  63,  62,  42, 132,  23, 157, 134,  12, 178,  26,   9, 133,  53, 154,  77,  41, 127, 153,  78,  11,  55,  69,  40,  56,   8,  54,  90,  89,  21,  83,  70,  76, 158, 155, 168,  91,  67,   7, 167,  68, 112, 149, 113,  39, 135],
  [177, 193,   1, 174, 131,  37,   9, 135, 104, 146,  51,  35,  93, 179,  47, 164,  48,  92, 184,  49,  87,  65, 128, 118,  59,  58,  32, 151,  20,  30,  45, 129,  46,  29,  31, 188, 142, 137, 115, 110,  33,  17,  16, 106, 119,  15, 187, 107,  73,   3],
  [ 23, 172, 163, 174, 175,  37, 162,  36, 191, 165,  84,  21,  48, 168,  22, 169,  53,  81, 176,  90,  91,  69, 167, 166,  40,  83, 155,   9,  70,  55,  41,  77,  56, 154,  75,  89, 126,  82,  76, 127, 141,  68,  54, 153,  67, 164,   7, 171,  26,  78],
  [161, 152,  27,  63,  79, 178, 133, 157, 132,  62,  12, 134,  22,  42,  26,  53,  11, 158, 127, 153,  77, 154, 149,  21,   9,  41, 112,  89,  54,  69,  40,  55,  56, 160,  83,  23,  70, 155,  76,  39, 168, 113,   8,  90,  25,  91,   7,  67,  78,  61],
  [161, 152,  27,  63,  79, 157, 178,  12, 133, 132, 134, 158,  42,  62,  22,  21,  11,   9, 112,  26, 160, 149, 127, 154, 153,  77,  53,  23,  41,   8, 135,  89,  54,  55,  56, 116,  69,  83, 159,  40,  90,  76, 155,  70, 168,  25, 113,  78,   7,  39],
  [161, 152,  27,  63,  79, 178, 157, 133,  12, 132, 158, 134,  42,  62,  22,  21,  11, 112,  26, 160,   9, 149, 153, 127,  77, 154,  53,  41,  23,  89,   8,  55,  54, 135,  56, 159,  69,  83, 116,  40,  90, 155,  76,  70, 168,   7,  78,  25,  39, 113],
  [161, 152,  27,  63,  79, 178, 157,  12, 133, 132, 134, 158,  42,  62,  22,   9,  21,  11,  26, 112,  23, 160, 153, 154,  77, 127,  53, 149,  41,   8, 135,  89,  56,  55,  54,  69, 159, 116,  40,  83,  90,  76, 155,  78,  70, 168,   7, 113,  67,  39],
  [161, 152,  27,  63,  79, 157, 178, 133,  12, 132, 158, 134,  42,  62,  11,  22,   9,  21, 112, 160,  26, 153, 154,  77, 149, 127,  53,  23,   8,  41, 135, 159, 116,  89,  54,  56,  55,  69,  83,  40, 113,  76,  90, 155,  70, 168,  78,  25,  39,  67],
  [161, 152,  27,  63,  79, 178, 157, 133,  12, 132, 134, 158,  62,  42,  22,  21,  11,  26, 112,   9, 160, 149, 127, 153, 154,  77,  53,  41,  23, 135,  89,   8,  55,  54,  56, 159,  69,  83, 116,  40,  90, 155,  76,  70, 168,  78, 113,  25,  39,  67],
  [161, 152,  27,  63,  79, 178, 157,  12, 133, 132, 134, 158,  62,  42,  22,  21,  11,   9,  26, 112,  77, 153, 154, 160, 127, 149,  53,  23,  41,   8, 135,  89,  55,  56,  54,  69, 116, 159,  83,  40,  76,  70,  90, 155, 168,  78, 113,   7,  39,  25],
  [152, 133, 160, 158, 178, 159, 132, 161,  63,  12, 135,  79,  27, 157, 149,  28,   1, 134, 136,  21, 112, 131, 116, 197,  61, 156,  57, 143, 151,  11, 196, 120,  43,   8,   9,  10, 111,  62, 189, 139, 122,  94,  25, 113,  74, 185, 148, 144, 179,  30],
  [ 57, 196,  71, 179, 105, 157, 150,  48,  37, 176, 131,  93,  28,  92,   9,  43,  10,  85,   1, 134, 158, 162,  94, 194, 104,  24, 197, 149,  27, 165, 189,  49, 146,  51, 148, 182,  62,  23, 186, 119, 183, 122, 111, 110, 124,  84,  64,  98,  35,  16],
  [ 85, 188, 107,  30, 184,  14, 122,  46,  98,  33, 110,  16,   2, 124, 105,  17, 138,  32, 117, 115,  59,  31,   4,  86, 109,   3,  13,  19, 146, 142,  45, 128,  18,   5,  29,  95, 129,  15,  72, 137,  44,  58, 101,  94, 118,  43,  73,  87, 114, 119],
  [196,  71,  85,  43, 105,  51,  24, 182,  10,  98,  28, 107,  57, 119,  13,  93, 122, 137,  16,  95, 110,  33,  30,  15, 189,   2,   3, 128, 123, 117,  31, 118,   4,  19, 108,  64,  17, 138,  59,  46,  14,  18,  45,  32, 115,  60,  29, 109, 142, 184],
  [ 63, 161,  27,  79, 132, 152,  12, 157, 134,  23,  22,   9,  62, 178,  42,  53,  26,  21, 153,  78, 127, 154,  41, 133,  77,  90,  56,  55,  69,  54,   8,  89,  83,  11,  76,  40,  67, 158,  70, 168, 112, 155,  68,  91, 135, 167, 113, 149,  39,   7],
  [104, 177, 103,  92, 146,  93,  50, 170, 125, 145,  49,  97, 179,  96, 195, 171, 193, 181,  65, 147, 188,  51,  38, 102, 109, 190, 150, 196,  94, 110, 107, 108, 121, 184,   1, 182, 186, 183, 118, 106,   5,  45,  86,  52, 128, 115, 124,  59,  29, 117],
  [ 93, 104, 103, 146,  92, 171,  50, 181, 192, 193, 170, 150, 182,  97,  80,  51, 163,  49, 147,  65,  38, 172, 177, 125, 188, 195,  96, 145, 179, 183, 180, 174,  85, 190, 130, 102,  20, 186, 191, 110, 105, 109,  52, 107,  35, 108, 187, 121, 184, 118],
  [ 93, 146, 104,  50, 171,  51, 193, 182, 103, 170,  49, 181,  65, 147,  38,  97, 174, 125, 191, 192, 172,  80,  47, 163, 177,   6,  20,  96,  52, 188, 186, 145,  92,  88, 118, 190,  99, 183, 128,  35, 184, 187,  58,  73,  87,  31,  45, 115, 107,  15],
  [161, 152,  27,  22,  23,  53,  42,  79,  77,  26,  62, 154, 153, 127,  41, 134,  11,  89,  40,  69,  78,  56,  55,  83,  54,  76,  70,  63,  90,  91, 155,   9, 168, 167,  67,  21,  12, 132,  39,  68, 157, 133, 178,   7, 169,  81, 141, 113,  25, 166],
  [161,  27, 152,  63,  79, 178, 157,  12, 133, 132, 134, 158,  62,  42,  22,  21,  26,   9,  11,  77, 154,  23, 127,  53, 153, 149, 112,  41, 160,  89,  55,  56,  54,  69,  83,  40,  76, 155,  90,   8,  70, 168, 135, 116,   7,  78, 159,  39,  67,  91],
  [161,  27, 152,  63,  79, 157, 178,  12, 133, 132, 134, 158,  42,  62,  11,   9,  22,  21,  26, 112, 160, 154, 153,  77, 127,  53, 149,  23,  41, 135,   8,  89,  55, 159,  56,  54,  69, 116,  83,  40,  90,  78, 155,  70,  76, 168, 113,  67,  39,   7],
  [161, 152,  27,  63,  79, 178, 157, 133,  12, 132, 134, 158,  42,  62,  11,  22,  21, 160, 112,   9,  26, 153, 149,  77, 154, 127,  53,  23,  41,   8, 135, 159, 116,  89,  54,  56,  55,  69,  83,  40,  76,  90,  70, 155, 113, 168,  78,  25,  39,  61],
  [161, 152,  27,  63,  79, 178, 157,  12, 133, 132, 158, 134,  62,  42,  11,  22, 112,  21, 160,   9,  26, 153, 149,  77, 127, 154,  53,  41, 135,  23,   8, 159,  89, 116,  54,  56,  55,  69,  83,  40,  76,  90,  70, 155, 168,  78, 113,  25,  39,  67],
  [161, 152,  27,  63,  79, 157, 178,  12, 133, 132, 134, 158,  42,  62,  11,  22,   9,  21, 112,  26, 160, 153,  77, 154, 127,  53, 149,  23,  41,   8, 135, 116,  89, 159,  54,  56,  55,  69,  83,  40,  90,  76, 155,  78,  70, 168, 113,  25,  39,   7],
  [ 21, 149, 178, 161, 162, 173, 157,  25, 152,  84, 158, 140, 133, 160, 134,  57, 196, 148,  89, 132,  27,  77, 191, 130, 116,  83, 169, 155,  39, 154, 127,  81,  76, 166,  53,  70, 153, 159,  41,  55,  91, 150, 168,  54,  61,  69,  67,  56, 112, 135],
  [178, 132,  27, 158,  12,  63, 135, 157,  57, 196,  79, 134, 133, 152,   9, 160, 159,  71, 116,  28, 149, 136, 161,  43,  62, 131,  21, 197,  10, 112,  42, 151,   8,  23,  24, 156,  37, 153, 144, 143, 111, 139, 120, 122, 154,  48,  26,  77,  13,  99],
  [ 99, 122, 111, 119,  33,  15, 137, 185, 115,  10, 189,  46,  13,  29, 117,  95,  16,   5,  30,  31,  86, 107,  98, 108,   4,  17, 101,   3,   2, 129, 184, 128,  60,  18,  19,  24, 100,  59, 139,  47, 114,  32,  45, 123, 118,  14,  44,  58, 142, 105],
  [ 12, 196,  57,  27, 135, 131, 116,   9,  71, 157, 178,  43, 132,  28, 176,  10, 134,   1, 151, 197,  24,  85,  63, 158,  79,  37, 122, 136, 110, 119,  95, 105,  98,  64,  13, 137, 107, 123, 124, 156,  33, 111,  16,  42,  17,  46,  30,  45,   2,   3],
  [161, 152,  63, 133,  79, 178,  27,   8, 160, 158,  12, 157,  22, 132,  61, 112,  11,   7, 159,  62,   9,  21,  42, 116,  26, 149, 134,  25,  66, 153, 113, 127, 154,  53,  23,  41,  40,  54,  77, 140,  69,  55,  56,  39,  83, 155,  67,  70,  89,  78],
  [104,  92,  93, 103, 146, 171, 193, 150, 181,  50, 192, 170,  97, 177, 195,  80, 130,  49, 147, 163, 179, 182,  65, 125,  51, 145,  96, 188,   1, 180,  38, 102, 148, 183, 191, 126, 194, 175,  94, 190, 186,  88,  20, 110, 109,  35, 174,  48, 105, 107],
  [104,  93, 146, 103,  92, 171,  50, 170, 181, 192, 182,  97, 193,  51,  80,  49, 150, 125,  38, 177, 147,  96,  65, 145, 188, 190, 102,  85, 179, 183, 110, 186, 107, 109, 108,  20,  52,  95, 184, 121, 105,  64,  98,  73, 128, 138, 118, 106,  45, 180],
  [104,  93, 146, 103,  92, 171,  50, 192, 181, 170, 193, 182,  80,  97,  51, 150,  49,  65, 147,  38, 125, 163, 177,  96, 188, 195, 145, 190,  85, 102, 179, 180, 172,  52,  20, 183, 110, 107, 109, 186, 108, 130,  35, 184, 121, 174,  95,  88, 105,  73],
  [ 93, 104, 146,  50,  65, 170, 181,  80, 193,  51,  49,  38,  20, 103,  52,  47, 125, 190,   6, 177, 192, 107, 182, 108,  88, 171, 188, 184, 118, 147, 128,  73, 109, 106,  97,  96,  58, 110,  45, 121,  31, 145, 142, 123, 137, 129,  87,  59,  32,   2],
  [161,  27, 152,  53,  22,  42, 127,  26,  62,  41, 154,  77,  69,  40,  79,  91, 153,  54,  83,  56,  55,  89,  70, 134, 168,  90, 155,  76,  23,  78, 157,  63,  39,  67, 167,  11, 113,  68, 178, 133,   9,  81, 141, 132,  25,   7, 169,  12, 166, 140],
  [161, 152,  27,  63,  79, 178, 157, 133,  12, 132, 134, 158,  62,  42,  11,  22,  21,  26, 149, 112, 160,  77, 153,   9, 154, 127,  53,  41,  23,   8,  89,  54,  55,  56, 135,  69, 159,  40,  83, 116,  76,  90, 155,  70, 168,  78,  39,   7,  25, 113],
  [161, 152,  27,  63,  79, 178, 157, 133,  12, 132, 158, 134,  62,  42,  11,  22,   9,  21, 112, 160,  26, 149, 153,  77, 154, 127,  53,  23,  41,   8, 135, 159,  89, 116,  54,  55,  56,  69,  83,  40,  90,  76,  70, 155, 168,  78, 113,  25,  39,  67],
  [161, 152,  27,  63,  79, 157, 178, 133,  12, 132, 134, 158,  42,  62,  21,  11,  22,   9, 160, 112,  26, 153, 154, 149,  77, 127,  53,  23,  41,   8, 135, 159,  89,  55,  56,  54, 116,  69,  83,  40,  76,  90, 155,  70, 168,  78, 113,  25,  39,  67],
  [161, 152,  63,  27, 157, 178, 158, 133, 160,  22,  79, 149, 132, 134,  21,  26, 127,  89,  53,  25,  12, 154, 153,  77, 140,  62,  41, 112,  54,  83,  39,  55,  56,  69, 168,   8,  23, 155,  70, 113,  42,   9,  76,  40,  67,  61,  90,  11, 159,  68],
  [176, 163, 172,  48,  78,  81,  91,  23,   9, 195, 169,  90, 141,  82, 167,  56, 193,  55,  41,  67,  26,  69,  70,  53,  68,  83,  76,  62,  77,  42,  36,  84, 154, 175, 155,  54, 168, 174,  93,  40,  71, 127, 134, 104, 153,  37,  27,  57, 192,  50],
  [ 27, 152,  63,   9,  62,  42,  79, 161, 178,  57,  21, 134,  12, 132,  23,  22, 133,  26,   8, 154,  41,  77,  78, 158,   7,  37, 157,  11,  56,  76,  55,  90, 127, 168,  69,  71,  91,  70, 135,  84, 153, 162, 155,  40,  53,  54,  83,  89, 169,  67],
  [178, 158, 160, 159,   1, 152,  28, 133,  12, 157,  43,  27, 136, 132, 135,  63, 156, 134,  24, 196, 112, 197,  79,  64, 131, 120, 179,  10, 161, 116, 143,  74,  71, 139, 151,  13, 111, 117,  57,  99, 149,  47, 144, 189, 122, 101,  86,  33,  17, 124],
  [ 63, 152, 132, 178, 157, 158, 161,  27, 133,  12,  79, 134, 160, 112,   9, 135, 159,   8, 149,  62,  21, 116, 153,  22,  26,  53,  42,  11, 154, 127, 136,  23,  77,  41,  25,  54, 113,  89,  57,  67,  56, 196,  90,  55, 140,  28,  83,  69, 155,  76],
  [161, 152, 158, 160, 133,  22,  63, 157, 149,   8, 132,  27, 178,  25,  79, 112,  11,  12, 134,  61, 140, 113, 159,  89,  26,  62,  39,   9, 154, 127,  21, 153,  53,  77,  54,  83,  41,  56,  55,  69,  42,  40, 168,  70,  67, 155,  23,  76,  66,  90],
  [104,  93, 146, 103,  50,  92, 171, 181, 170, 192, 193,  51, 182,  97, 125,  38,  80,  65,  49,  96, 145, 177, 150,  85, 188, 147, 163, 190, 102,  52, 110, 107, 109, 108, 184, 183, 186, 121,  95,  98,  73, 138, 105, 106,  45, 128,  20, 172,  14, 118],
  [104,  93, 103, 146,  92, 171,  50, 170, 181, 192, 193, 182,  97, 150,  51,  49,  80, 125,  38,  65, 147,  96, 177, 145, 188, 190, 102, 195, 163,  85, 179, 183, 186, 109, 110,  52, 107, 180, 108, 121,  20, 184,  64, 106,  95,  73, 105, 128, 118,  45],
  [104,  93, 146, 103,  92, 171,  50, 192, 181, 170, 193, 182,  97,  51,  80,  49, 150,  38, 147, 125,  65, 177,  96, 145, 188, 163, 190,  85, 102, 195, 180, 179, 183, 107, 110,  52,  20, 109, 186, 108, 184, 121, 172,  35,  95,  64,  73, 105,  88, 106],
  [104,  93, 146, 103,  92,  50, 171, 192, 181, 170, 193, 182,  51,  97,  80, 150,  49,  65,  38, 125, 147, 177,  96, 163, 145, 188, 190,  85, 102, 195, 180,  52, 110, 107, 183, 109, 172, 186, 108,  20, 179,  35, 184, 121,  95,  64,  73, 105,  88, 128],
  [ 23,   9,  36,  78, 172,  22,  42,  37, 174,  27, 164, 176,  12,   7, 175,  90,  63,  62,  53,  26, 154,  41,  21,   8,  79,  56,  40,  11,  69,  55,  81,  57,  67, 163, 127, 132, 153,  70, 167, 134, 168,  77,  68, 155,  54,  83,  76,  71,  91,  82],
  [161, 152,  27,  63,  79, 178, 157, 133,  12, 132, 134, 158,  62,  42,  22,  21,  11,  26,   9, 112, 160, 153,  53, 127, 154,  77, 149,  23,  41,   8,  89,  54,  55,  56, 135,  69,  83, 159,  40,  90,  76,  70, 155, 168, 116,  78, 113,   7,  25,  39],
  [161, 152,  27,  79,  63, 178, 157,  12, 133, 132, 134, 158,  42,  62,  22,  11,  21,   9,  26, 154, 160, 112,  77, 153, 127,  23,  53, 149,  41,   8,  89, 135,  54,  56,  55,  69,  83, 116, 159,  40, 155,  70,  76, 168,  90,  78, 113,  25,  39,  67],
  [161, 152,  27,  63, 178, 157,  79, 133,  12, 132, 134, 158,  62,  42,  21,  22,  11,  26, 149, 112, 160,  77, 153, 154, 127,   9,  53,  41,  23,  89,   8,  54,  55,  56,  69,  83,  40, 135,  76, 168,  90,  70, 155, 159,  25,  39, 116,   7, 113,  78],
  [ 92, 150, 103, 173, 177, 179, 148, 130, 146, 145, 104, 170,  94,  93, 171, 183,  97, 102,  96, 125, 188, 160, 126, 193, 186, 174, 149, 195, 147, 189,  49, 191, 187,  80, 105,  84, 164, 163, 181,  25, 166, 175,  20,  89,  21,  88, 162, 109, 124,  87],
  [ 93, 104, 146, 181, 170, 103,  50,  80,  65,  49, 171,  51, 192,  20, 193,  38, 147,  92, 177, 182,  88, 190, 179,  52,  47,   6,  97, 188, 125, 145,  96,  74, 184, 107, 108,  73, 187, 128, 110, 109, 118, 121, 106,  45, 142,  87,  58, 129, 114,  31],
  [172,  23, 162, 173,  22,  84, 175, 163, 174,  89,  81,  82, 167, 169,  40,  37, 168,  91,  69, 150,  53, 176, 126,  21, 141, 166,  70,  83,  56,  41,  55,  68,  76, 155,  90,  75,  54, 164,  77,  67, 154,   0, 127,  78, 153,   7,  26,  62, 171,  42],
  [161, 152,  27,  62,  26, 127, 178,  53,  22,  42,  77,  25,  41, 154,  39,  54,  91,  69,  83, 157,  11,  55,  56, 153,  89,  79, 134,  40,  70, 133, 113,  76,   7, 155,  90, 168,  63,  67,   9, 140, 173, 167,  68, 149, 132,  21, 112,  12, 158,  61],
  [158, 160, 178, 152, 133,  27,  63, 132, 159,  12, 161,  57, 196, 134,  28, 157, 136, 135,  79, 151,  21, 149, 197,  43, 131, 116,  71,  10,  62,   9, 143, 156, 120, 112, 111,  24, 139,   8,  99, 179,  42, 189,  11, 194, 117, 122,  13, 185,  30,  74],
  [ 92, 103, 179, 170, 125, 177, 146, 145, 104, 171,  93,  88, 102,  96, 190,  50,  20, 150,  80,  35, 130, 194, 148, 188,  49, 186, 183, 180,  74, 109, 124,  97, 129, 184, 187,  52, 117,  87,  46, 115,  58,   5,  73,  86, 193, 128,  45, 107,  59,  32],
  [104,  93, 103, 146,  92, 171, 192,  50, 181, 170, 193, 150, 182,  97,  80,  49,  51, 147, 125,  38, 163,  65,  96, 195, 177, 188, 102, 145, 180, 190, 179, 130,  85, 183, 172,  20,  52, 186,  88, 110, 105, 109,  64, 107, 108, 121, 184, 194,  95, 187],
  [104,  93, 146, 103,  92, 171,  50, 170, 181, 192, 193, 182,  51,  97,  49, 150, 125,  80,  38,  65, 177,  96, 145, 190, 147, 188, 102, 179,  52,  85,  20, 109, 107, 110, 186, 108, 180, 184, 183,  64, 121, 163,  88,  73,  45, 128, 106, 138,  35,  95],
  [104,  93, 146, 103,  92, 171,  50, 170, 181, 192, 182, 193,  97,  51,  80, 125,  49,  38,  65, 150, 147,  96, 177, 145, 188, 190, 102,  85,  52, 107, 163, 109, 110, 183, 186, 108,  20, 179, 180, 184, 121, 195,  64,  95,  88,  73,  35, 128, 106,  45],
  [104,  93, 146, 103,  92,  50, 171, 192, 181, 170, 193, 182,  80,  51,  97, 150,  49,  65, 125,  38, 147, 177,  96, 145, 188, 163, 190, 102,  85, 195,  20, 179, 180,  52, 107, 110, 109, 108, 183,  35, 186, 184,  88, 121,  64,  95, 172,  73, 130, 128],
  [ 78,   9,  23,  42,  27,  62,  53,  26,  90,  79,  41,  56,  91, 154,  55,  69,  12,  81,  67, 153, 127,  70,  40,  77, 167, 134,  63,  76,  54,  83, 176, 141, 168,  22,  68, 155, 132,  36, 169,  48,  82, 172,  37,  11,  57, 135, 161,  89,  84, 113],
  [161, 152,  27,  63, 178,  79, 157, 133,  12, 132, 134, 158,  62,  42,  21,  22,  11, 112,  26, 149,   9, 160,  77, 153, 127, 154,  53,  23,  41,   8,  89, 135,  55,  54,  56, 116,  69,  83,  40,  76,  90, 159, 155, 168,  70,   7,  25,  78,  39, 113],
  [161, 152,  27,  79,  63, 178, 157,  12, 133, 132, 134,  62,  42, 158,  26,  22,  21,   9,  77, 154, 153, 127,  53,  11,  23,  41, 149, 160, 112,  89,  56,  55,  54,  69,  83,  90,  76, 155,  70, 168,  40,   8, 135,  67,  78,  39, 113,  91, 116,  25],
  [161, 152,  22,  27, 178, 158, 133, 149, 160,  21,  89,  77, 157,  63, 140, 154,  53, 127, 153,  41,  54,  83, 168,  26,  55,  56,  76,  69, 155,  70,  79,  62,  61, 134, 132,  67,  25,  40,  90,  39,   8,  68, 166,  91,  42, 167, 169,  84,  11,  23],
  [ 93, 104, 103,  92, 171, 146, 181, 170,  50, 192,  97, 150, 182, 179, 193,  49, 147, 177, 180,  51, 125, 188,  80,  38, 145,  96, 130, 102, 190,  65, 183, 195,  85,  94, 186, 163, 105, 109, 110, 187, 107, 108,  95,  20, 121,  98, 148, 118, 184,  35],
  [104,  93, 103, 146,  92, 171,  50, 192, 181, 193, 170, 182,  51, 150,  97,  49,  80,  38, 163,  65, 147, 177, 125, 172,  96,  85, 180, 188, 179, 145, 195,  35, 190, 174, 102, 110, 186, 107, 108, 183, 109,  52, 105, 184,  20, 121,  64, 130,  95,   1],
  [104,  93, 146, 103,  50,  92, 171, 181, 192, 193, 170,  51, 182,  80,  97, 150,  65,  49,  38, 125, 147, 177, 163,  96, 188, 195, 145,  85, 190,  35, 172, 110, 107, 179, 108, 109,  20,  52, 180, 183, 184, 186, 102, 121,  95, 105,  73, 128, 106,  45],
  [104,  93, 146, 103, 193, 181,  50,  92, 171,  80, 192, 170,  51, 182, 150,  49, 177,  65,   1, 163, 147, 174,  97,  20,  38, 130,  35, 179, 188, 195,  52,  96, 190, 125, 107, 110,  47, 145, 108, 118, 184, 109,  48, 191,  73, 187,   6, 180, 128, 121],
  [172, 163, 162,  84, 171, 174, 175,  23, 191,  81, 193, 169,  82, 168, 166,  75, 167,  48,  69,  90, 155, 126,  21,  89,  91, 103,  83,  70, 141,  68, 192,  40,  76,  53,  55,  67,  37,  56,  97,  41,  50,  54,  93,  77, 181, 154, 150, 147,  92, 165],
  [179, 103,  92, 150, 170, 130, 181, 104, 146, 180, 171, 148, 102,  93, 177, 145, 147,  88, 190,  96,  49, 188,  94,  97,  20,  74,  52, 183, 187, 182,  64, 195, 192, 109, 194, 121,  38, 125, 186, 196, 124, 193, 110,  80, 106, 118, 107, 117,  95, 105],
  [104,  93, 103, 146, 192, 171,  92,  50, 181, 193,  51, 170, 182, 150,  80,  38,  97,  49, 163, 125, 194,  85, 177, 195,  65, 179, 180,  52,  35, 102, 172, 145, 147, 190,  96,   1,  64, 188, 107, 110, 108, 186, 109,  88, 183, 184, 105,  20,  98, 121],
  [104,  93, 103, 146,  92, 171, 181, 192,  50, 193, 182, 170,  51,  97, 179, 180, 147, 150,  49, 194, 177,  38,  80, 125, 163,  96, 102,  85, 145,   1, 190, 188, 183,  52,  35, 195, 105, 130,  64, 186, 107, 108,  98, 109, 110,  65, 172,  88, 121, 184],
  [104,  93, 146, 103,  92, 171,  50, 192, 181, 170, 193, 182,  97,  51, 150,  80,  49, 125,  38, 147,  65,  96, 177, 145, 195, 188, 163, 190,  85, 102, 179, 180, 183,  52, 110, 107, 109, 108, 186,  20, 121,  64, 184,  35,  95, 105,  88, 106,  73,  45],
  [ 93, 104, 192, 146, 171,  50, 176, 193,  92, 103, 150,  80,  51,  36, 181, 182,  38, 195, 172,  82,   1, 163,  49, 164,  71,  81,  65,  35,  78,  85, 170, 174,  52, 131, 180, 141,  67,  91, 194,  24,  64,  68, 175,   7,  97, 167,  90, 196, 169,  55],
  [ 27, 161,  63, 157, 152, 178,  79,  12,  42,  62,   7,  26, 127, 154,   9,  22, 134,  53,  77,  41, 132,  11,  23, 133,  55,  54, 153,  56,   8, 112, 158,  69, 155,  83,  40,  90,  78,  39,  76,  70, 116, 168, 140,  67,  21,  25,  91, 113,  89,  68],
  [161, 152,  27,  63, 157,  79, 178, 133,  12, 132, 158, 134,  21, 160,  11,  62,  22,  42, 112,   9, 149,  26, 153,  77, 159, 154, 127, 135,  53,   8,  23,  41,  89, 116,  54,  25,  56,  55,  83, 113,  69,  61,  76,  90, 168,  70,  40,  39, 155, 140],
  [161, 152,  27,  63,  79, 178, 157, 133,  12, 132, 158, 134,  11,  22,  62,  42, 112,  21, 160,  26,   9, 153, 149,  77, 127,  53, 154,  41,   8, 159,  89, 135,  23,  54,  56,  55, 113,  69,  61,  83,  40,  25,  90,  70, 116,  76, 168, 155,  39,  78],
  [160, 152, 161, 178, 158, 133,  61,   8,  21, 159,  22,  63, 149, 157,  27, 132, 140, 143,  79, 112,  66, 136, 148,  28, 120, 139, 173,  25,  11,  12,  89, 102, 177, 179, 156, 113,  94,  57, 189, 134, 197,   7,  34, 151,  88, 127, 111,  54,  77,  76],
  [104,  93, 103, 146,  92,  50, 171, 181, 192, 170, 150, 193,  51, 182,  97,  80, 163,  49, 179,  65,  38, 177, 172, 125,  35,  85, 188, 190,  96, 147, 145, 174, 183, 105,  20, 102, 110, 186, 195, 107, 109, 180,  98, 108,   1, 184,  94,  52,  64, 187],
  [ 93, 104, 146, 103,  50, 171,  92, 192, 181, 170, 193, 182,  51,  97,  49, 150,  65,  80,  38, 163, 147, 125, 172, 177,  96, 188, 145,  85, 190, 195, 102,  35, 110, 186, 107, 109, 108, 183,  52, 184, 121,  20, 179,  95,  73, 105, 106,  98, 128, 118],
  [ 93, 104, 146, 103,  50, 171,  92, 192, 181, 170, 193, 182,  51,  97,  65,  49,  38,  80, 125, 150,  96, 188, 145,  85, 172, 190, 147, 195, 163, 177, 107, 110, 108, 109, 184, 102, 186,  35,  20, 121,  95,  52,  73,  45, 128, 183, 138, 106, 118, 137],
  [  1,  27,  11,   9,  71,  62,  24,  12, 180,  57,  42,  78, 159,  43,   8, 152, 131,   7, 151,  28, 134, 197,  51,  64,  63, 136,  35,  26, 158, 135, 164, 113,  10,  98, 179, 156,  79,  13,  48, 120, 112, 184,  91, 192, 176,  41, 157, 178,  56,  90],
  [ 27,  42,  62, 178, 152, 134,  12,   9,  57,  78,  63,  79,  26,  23, 154,   7,  41,  71, 155,  77,  90,  56, 127,  67,  55,  76, 132, 161, 135,  70,  83,  69,  54,  53,   8, 168,  21,  40, 153,  22,  68, 157,  91, 167,  81, 169, 158, 133, 141,  89],
  [161,  27, 152,  63,  79,  12, 157, 132, 178, 134,  42, 133,  62,  22,  26, 154, 127,  11, 158,  77,  21,   9,  41, 153,  23,  53,   8,  54,  56,  55,  69, 112,  76,  78,   7, 155,  83,  90,  40,  70,  89, 168,  67, 160, 140, 149, 113,  39,  68,  25],
  [161, 152,  27,  63,  12,  79, 157, 132, 178, 133, 158, 134,   9,  62,  42, 160,  11,  22,  26,  23,  21, 153, 154,   8,  77, 127, 112,  53,  41, 149, 135,  54, 116,  56,  55,  83,  69,  89, 113, 159, 155,  70,  25,  40,  76,  90,  39, 168,  67,  78],
  [152,  27, 161, 178,  63, 133, 134,  79,  62,  21,  42, 157,  12, 132,  22,  11, 158,  77, 154,  26,  41, 160,   8,   7,  78, 127,  57, 153,  89,  76, 155,  56,  55,  53, 149,  83,  54,  69,  40, 168,  70,  90,  23, 159, 112,  67,  61, 162,  68,   9],
  [152, 178, 133, 161, 132, 157,  63,  27, 140,  79, 158, 112,  61, 134,  12, 160,  11,   7, 149, 159,  39,  25,  21, 153,  26,  53, 116, 127,  77,  41,  54, 135, 154,  67,   8,  83,  62,  76,  55,  56,  69,  42,  89, 155,  22,  90,  78,  40,  70,  68],
  [ 27, 161,  63, 152,  12,  79, 178, 157, 132,  42,  62, 158,   9, 133, 134,  23,  26, 154,  22, 127,  11, 116,  77,  21, 153,  41,  53,   8, 112, 135, 160,  56,   7,  55,  69,  54, 149, 155,  83,  70, 168,  90,  78, 162,  40,  76,  57, 159,  89,  39],
  [161, 152, 157, 178,  63,  27, 133, 158, 160,  22, 132,  21, 112,  79,  12, 134, 149,  23,   8,  11, 153,  26,  61, 159,  77,  25, 127, 140, 154,   9,  53,  89,  62,   7,  42,  41,  54,  83, 135,  55,  56, 155,  39,  69, 168,  76,  40,  67,  90,  70],
  [161, 152,  27,  63,  79, 178, 133, 157, 132,  12, 158, 134,  42, 160,  11,  21,  22,  62, 112, 149,  26,   9,   8, 153,  77, 154, 127,  53, 159,  41,  23, 135, 116,  89,  61,  54,  56,  55,  69,  40,  83,  25,  76, 155,  70, 168, 113,   7,  90,  78],
  [161, 152,  27,  79,  63, 178, 133, 157,  12, 132, 158, 134,  42,  62,  11, 160, 112,  21,  26,  22, 153, 149,  77,   9, 154, 127,  53,  41,   8,  23, 135, 159, 116,  55,  89,  56,  54,  69,  83,  40, 155,  70,  76, 168,  90,  78,  39,  25, 113,  67],
  [ 27, 161,  62,  22,  91,  77,  41,  42, 154,  26,  76,  55, 127,  53,   7,  56,  21,  90,  69, 169,  83, 155, 152,  70, 168,  54,  40, 134,  81,  84,  23, 178, 167,  67,  89,  68, 153,  78, 141, 173,  57, 162, 166,  39,  82, 157,   9, 175, 140, 113],
  [ 27,   1,  57,  71,   9,  42,  62, 134,   7,  12, 178,  78, 152,  79,  26,  63,  23,  90,  41, 154, 194,  77,  76,   8,  56, 135,  55, 127,  22,  11,  21,  67, 157, 155,  24,  70,  83,  54,  68,  81, 151, 169,  53,  91,  69, 153, 132, 196,  40, 167],
  [ 27,  42,  62,  12, 178, 152,   9, 134,  63,  79,  26,  78,  57,  23, 154, 132,  41,   7, 155,  90,  77,  71,  56,  67, 127,  55,  53, 135,  76, 161,   8,  83,  70,  69,  54, 153, 168,  40,  68, 157,  21,  91, 167, 116, 133,  81,  22, 169, 158, 141],
  [161, 152, 157,  27,  79,  63,  12, 178, 132, 133, 160, 158, 112,  22,  11,  21,   9, 134,   8, 159,  42,  26, 116, 127,  23,  62, 149,  53,   7, 154,  77, 135, 153,  41,  54, 140,  55, 113,  56,  69,  25,  61,  83,  40,  39,  76,  89,  90,  70, 155],
  [161,  27, 152,  63,  79,  12, 132, 157, 133, 178,   9,  22,  42, 134,  21,  62, 158,  11,  23,  26,   8, 160, 154,  77, 153, 127, 112,  41,  53, 135, 149, 116,  56,  55,  89, 159,  78,  69,  54, 113,  83,  40,  70,  76, 155,  90, 168,   7,  67,  57],
  [161,  27, 152,  63,  79,  12, 178, 157, 132,  42, 133,  62,   9, 134,  22,  21,  23,  26, 158, 154, 127,  77,  11,  41,  53, 153,  56,  55,   8,  69,  54,  83, 149, 112, 135,  90,  89, 155,  76,  70,  40,  78, 168, 160, 116,   7,  91,  67, 113,  57],
  [161,  27, 152,  63, 178, 157,  79,  12, 132, 134, 133,  21,  22,  62, 158,   9,  42,  23,  26,  77, 154,  11, 160, 153, 127,  53,  41, 149,  89,  55,  56, 112,  83,  54,  69, 135,   8,  76, 155,  70,  90, 168, 116,  40, 159,  67,  78,  57,   7, 113],
  [161,  27, 152,  63,  79,  12, 178, 157, 132, 133, 134,  42,  62,  22,   9,  21, 158,  11,  23,  26, 154,  77,   8, 153, 127, 112,  53,  41, 160, 135, 149,  56,  55,  89,  69,  54,  78,  83,  40,  90, 159,   7,  76, 155,  70, 116, 168,  67, 113,  91],
  [161,  27, 152,  63,  12,  79, 157, 132, 178, 133,   9, 158, 134,  42,  62,  11,  23,  22,  21, 112,  26, 160, 135, 116, 154, 153,  77, 127,   8,  53, 149,  41, 159,  56,  55,  54,   7,  90,  83,  78,  69, 155,  89,  76,  70, 113,  40,  57, 168,  25],
  [161, 152,  27,  63,  79, 157, 132,  12, 133, 178, 158, 134,  22,  21,   9, 160,  11, 112,  23,  42,  62,   8, 149,  26, 153,  77, 135, 154, 116, 127,  53, 159,  41,  89,  54,  25,  56,  55, 113,  69,  83,  40,  78,  76,  90, 155,  61,  70, 168,  39],
  [148, 149, 191,   0, 158,  66, 160, 173, 183, 147,  61, 126, 133, 140,  88, 161,  34, 145,  74, 125, 102,  94, 174,  25, 189, 143,  97, 188, 111,  99, 186, 178,  96, 187,   6, 139, 112, 144,  20, 195, 118, 152, 130, 159, 185, 120, 170, 100, 157,  60],
  [ 92,  93, 104, 103, 171, 146,  50, 150, 193, 170, 162,  49, 172, 196,  71,  97, 151,  51, 192, 181,  57, 179,  38,  85, 182,  48, 176, 131, 163,  84, 177, 105,  94, 188,  37,  65, 110, 183, 109, 190, 194, 125,  96, 184, 145, 175, 107, 106,  98,  80],
  [161, 152,  27,  63,  79, 178, 133, 157,  12, 132, 158, 134,  62,  42, 160,  22,  11,  21, 112, 149,  26, 153,  77, 127, 154,  53,   9,  41,   8, 159,  89,  23, 135,  54,  55, 116,  56,  69,  83,  40,  76,  70, 155, 168,  90,  61,  25, 113,  39,   7],
  [161, 152,  27,  79,  63, 178, 157, 133,  12, 132, 158, 134,  42,  62,  11,  22, 160,  26, 112, 153,  21,  77, 127, 154,  53,   9, 149,  41,   8,  23, 135,  89,  54,  55,  56, 159,  69,  83,  90,  40,  76,  70, 155, 116, 168,  78,  25,  39, 113,  67],
  [177, 160, 191, 196,  34, 116, 139, 132, 157,  35, 147,  99, 165, 112,  12, 125, 158, 143,  63, 111,  97,  51, 156,  21,  47, 185, 136, 183, 178, 189,  74, 145, 144, 120, 159,  96,  60,  88, 118, 194, 148, 186, 135,   6,  15,  58,  10,  29,  87, 119],
  [161, 152,  27,  63,  79, 132, 157, 133,  12, 178,  11,  22, 158,   9, 134, 112,  21,   8,  62,  42, 160,  26, 159, 135,  23, 153, 127,  77, 154,  53,  41, 149, 113, 116,  89,  54,  78,  61,  56,  55,  69,   7,  83,  40,  25,  76,  70,  39,  90, 155],
  [152, 161,  27,  63,  79,  12, 132, 133, 178, 157, 134, 158,   9,  22,  11,  21,  42,  62,   8, 160,  23, 135,  26, 112, 153, 154,  77, 159, 116, 127,  41,  53, 149,  78, 113,  89,  56,  54,  55,  69,  83,  40,  76,  90,  70, 155, 168,  57,   7,  67],
  [161, 152,  27,  63,  79, 157, 133, 132,  12, 178, 134, 158,  42,  62,  11, 160, 112,  21,   9, 149,  22,  26, 153, 135,  77, 154, 127,  53,  23,  41, 159, 116,   8,  89,  56,  55,  54,  69,  83,  40,  76,  70,  78,  90, 155, 113, 168,  25,  39,  61],
  [161,  27, 152,  79,  63, 157,  42,  12,  62,  23,  22, 178, 132,  77,  26,  21, 133,   9, 127,  53, 154, 153,  41, 134,  54,  83,  11,  69,  56,  55,  89,  40, 155,  70,  90,  76, 168,  91,  25,   7, 113,  67,  39,  78, 167, 116, 162, 158, 173, 140],
  [161,  27, 152,  63,  79, 132,  12, 157, 178, 133,  22, 134,  62,  42,   9,  11,  21, 158,  26,  23,  77, 154, 127,  53,  41, 153,   8,  89,  56,  55, 112,  54,  69,  83, 160, 149,  40, 135,  90,  76, 113,  70,  78, 155, 168, 116,   7,  67,  91,  39],
  [ 27, 161, 152,  63,  79,  12,  42,  62, 132, 134,   9,  23, 157, 133,  22, 178,  26,  21, 154,  77,  11,  41, 127,  53, 153,  78,  56,  55,  69,  90,  54,  83,  40,  89,  70, 158,  76, 155, 168,   8, 135,  91,  67,   7, 116, 162,  57, 167, 113, 112],
  [161,  27, 152,  63,  79,  12, 132, 178, 157, 133, 158, 134,  11,  42,  62,  21, 160,   9,  22, 112,  26,   8,  23, 154, 153,  77, 135, 127, 149, 116,  53,  41, 159,  89,  56,  54,  55,  78,  83,  69, 155,  90,  76,  70, 168,  40, 113,  25,   7,  39],
  [161,  27, 152,  79, 178,  63, 157,  62,  42,  12, 132, 134,  22, 133,   9,  26,  23,  21, 154,  77,  53, 127,  41, 153, 158,  55,  56,  11,  69,  54,  83,  89,  90,  76,  40,  70, 155, 149, 168,  91,  78,   8,  67, 112, 135,   7,  39, 167,  68, 113],
  [161, 152,  27, 178,  26,  77, 127,  41,  53,  79,  62,  91,  55, 157, 154,  54,  56,  83, 153,  76,  22,  69,  70,  67, 133,  89, 158, 134,  63,  90,  42, 155,  12,  40,  68, 168,  11,  21,  39, 167, 113,  25, 140, 169, 132, 149,  81,  78, 141,   7],
  [104, 125, 146, 103, 170, 177,  96,  93, 145, 171,  51, 180, 190,  92, 184,  50, 182, 188, 108, 102, 107,  64, 115, 186,  38, 109,  13, 129, 101,  45,  58,  86,  73,  49, 128, 117,  15,  87,  29, 138, 114,  97,  14,  33,  47,  31,  46,   2,  17,  18],
  [ 93, 104, 146, 103, 171,  50,  92, 181, 192, 170, 193,  97, 182,  80,  51, 150,  38, 147, 125,  49,  65, 195,  96, 188, 163, 145,  85, 190,  52, 183, 102, 109, 172, 177, 110, 107, 180, 108, 121, 186,  88, 179, 105,  20, 184,  95, 118, 106, 128,  73],
  [161, 152,  27,  63,  79, 178, 133, 157,  12, 132, 158, 134,  62,  42,  11, 112,  22,  26, 160,  21, 149,   9, 153,  77, 154, 127,  53,  41,   8,  23, 135,  89, 159,  54, 116,  55,  56,  69,  83,  40, 155,  76,  70,  90, 168,  25,  78,  39,   7,  61],
  [161, 152,  27,  79,  63, 178, 157, 133,  12, 132, 134, 158,  42,  62,  11,  22,  21, 112,   9,  26, 160, 153,  77, 127, 154, 149,  53,  41,   8,  23, 135,  89, 159,  55,  56,  54, 116,  69,  83,  40,  76,  70,  90, 113, 155, 168,  78,  25,  39,  61],
  [151, 160, 177, 196, 159, 195, 135, 156,   1, 125, 139, 145, 197, 132, 194, 117,  12,  49, 101, 184, 124,  10, 109,  13,  86,  96,  88,  94,  29,   5,  64,  45, 110,  52, 121, 185, 122,  17, 115, 102,  59,  99, 142,  87, 107,  15, 108,  33, 120, 129],
  [ 49, 179, 170, 111, 144, 177, 197,  47, 120, 187,   6, 139,  99, 143,  87,  60, 119,  73,  58,  38, 184,  18, 128, 129,  31, 142,  72, 190, 106,  59,  45, 137, 186, 115,  16,   3,  86,  19,  15,   4, 118,  32, 100,  17,   2,  30, 138,  14,  29,  46],
  [191, 148, 147, 172,  34, 126,  66, 170, 174, 181, 143, 163, 183,   0,  97, 187,  74, 144, 118, 160, 145,  47, 188,   6, 146,  96, 190,  25, 130, 120, 106, 111, 100, 140,  94, 179, 171, 102,  58,  87,  99,  73,  52, 149, 128,  59,  20,  30,  88,  60],
  [174, 148, 175, 126, 163, 173, 172, 149, 161,  23,  22,  89, 166, 179, 191,  21,  37, 177, 150,  66, 162, 164,  25, 147, 181,  84,  92,  36, 130, 170,  94, 183, 103, 168, 169,  97,   0, 187,  69, 146,  40,  93,  83, 167,  91,  70,  77,  53,  49, 154],
  [ 93, 104, 174, 163,  92,  50, 172, 103, 171, 150, 175, 146, 192, 193, 126,  80, 181,  36,  82, 195, 166,  81,  51, 173, 170,  65,  91,  97, 167, 169, 176, 141,  49,   0, 177, 191, 182,  53, 130,  38,  69,  23,  40,  70, 165,  55,  56,  90,  68, 168],
  [172, 174, 163,  23, 191, 175, 126,  75,  36, 147, 165, 148, 168,  53, 166, 193,  90, 155,  40,  82, 171,  69,  37, 181,  67,  22,  83, 154, 153,  70, 167, 127,  55,  97,  54,  35,  56,  81,  68,  50,  41,  89, 169,  48,  34,  77,  84,   0, 141, 149],
  [ 27,  23, 161,  42,  62,  77,  79,   9,  22, 127,  41, 154,  91,  26,  69,  55,  56,  53,  83,  70,  54,  76,  40,  78, 153, 155,  90, 173, 167, 168,  81, 169,  21,  67, 132,  89, 162, 152,  68, 141,  84,  12,  63, 113, 157,  39, 134,  11, 166,   7],
  [161,  27, 152,  63,  79, 157,  12, 178, 133, 132, 134,  42,  62, 158,   9,  22,  21,  11,  26,  23, 154, 127,  77, 153, 112,  53,  41, 160, 135,   8, 149,  89,  56,  55,  54,  69,  78,  83,  90, 116,  40,  70,  76, 155, 168, 159, 113,  67,   7,  91],
  [161,  27, 152,  63,  79,  12, 178, 157, 132, 133, 134,  42,  62, 158,  22,   9,  21,  11,  26,  23, 154,  77, 153, 127, 112,  53, 160,  41, 149,   8, 135,  56,  55,  89,  54,  69, 116,  83,  40, 155,  76,  90,  70,  78, 159, 168, 113,   7,  67,  39],
  [ 27, 161,  63, 157,  79,  21,  23,  12, 132,   9, 152,  22, 178,  42, 133,  62,  11,   8, 116, 134,  77,  57, 154, 158,  26, 127, 162,  37,  41, 153, 160,  53,   7, 135, 168, 112,  83,  56,  78,  55,  90,  89,  69,  54,  76, 113,  70, 155,  40,  25],
  [150,  92, 103, 195, 130, 193, 171, 104, 146,  80,  93, 181, 192, 147,  50, 126,  97, 179, 170, 173, 163, 191, 102, 166,  25, 177,  88,  65,  39, 145, 169,  49,  82, 180,  89, 125,  91, 140, 148, 141,  20, 175,  81,   1,  83, 167,  96,  68,  84,  94],
  [104,  93, 103, 146, 171,  92,  50, 181, 192, 170, 193, 182,  80,  97,  51, 150, 147, 125,  38,  49,  65,  96, 177, 145, 188, 190, 180, 195, 102, 179,  85,  52,  88,  20, 163, 183, 108, 107, 109, 110, 130,  64, 194, 121,  95, 184, 186,  35, 118,  73],
  [161, 152,  27,  63,  79, 178, 157, 133,  12, 132, 134, 158,  62,  42,  21,  22,  11,   9,  26, 112, 160,  77, 154, 127, 153, 149,  23,  53,  41,   8,  89, 135,  54,  56,  55,  69,  83,  40,  90,  76, 116, 168, 155, 159,  70,   7,  78,  25, 113,  39],
  [161, 152,  63,  27,  21,  79, 157, 178,  23, 133, 132,  12,  22, 160, 149, 134, 158, 116, 153,  77,  11, 162,  42, 154,  62,   9,  89, 127,   8, 112,  26,  53,  41, 140,  61,  25, 155,   7,  83, 168,  76,  54,  40, 173,  69,  55,  56,  70,  39, 159],
  [152, 132,  27, 161, 133,  21,  11, 134, 173, 178, 159, 157,   9, 162,  79, 160,  12,  23, 151,  62,  37,  63, 196,  42, 158,  77,  22, 113, 135,  84,   8,  78,  26, 153, 116,  41,  89, 149, 154,  57, 127,  39,  56,  76,  55,  66,  54,  83, 169,  61],
  [ 27, 161, 152, 134, 178,  21,  62,  22, 133,  42,  63,  77,  26, 154,  41,  79, 132, 127, 153,  53, 157,  89,  55,  12,  56,  76,  23,  90,  78,   8, 155,  54,  69,  83,  70, 158,  67,  40, 168,  11,  57,  68,  91,   7, 169, 167, 160,   9, 149, 113],
  [ 27, 178, 152,  12,  42, 134,  63,  79, 132,  62, 161,  57, 135,   9,   8,  78,  26, 133, 157,  21,  23, 158, 154,  77,  41,  90, 153, 127,  71,  67, 160, 155,  76,  56,  55,  54,  22,   7,  83,  70,  53,  11,  69,  68, 168,  40, 159, 116, 112, 169],
  [152, 178, 133,  61,  27, 132,  63,   8,  11,  21,  79, 160, 151, 112,  66,  12, 161, 158, 116, 140, 135, 159, 149, 134,  42,   0,  57, 156, 136, 157,   7,  62,  28,  78, 194,  74,  25,  39, 143, 139,  99,  22, 153,  34,  24,  88,  77,  26, 131, 154],
  [  0, 125, 160,  66,  21, 191, 194, 133, 102, 173,   8, 178,  88, 140,  61,  84, 171, 147, 152, 162,  74, 159, 161, 149, 192, 145,  75, 148,  67, 180,  50, 126,  34,  96,  97,  82,  85, 195,   7, 158,  22,  63, 172, 103,  81, 155,  40, 151,  99,  68],
  [147, 148,  97, 171, 103, 191, 170, 125, 146, 102, 183,  96,  93, 145, 104, 182,  50, 181,  92, 192, 149, 186, 195, 172,   0, 105, 188, 163,  88,  94, 190,  85,  80,   6, 150, 180, 187,  65, 126,  38,  49, 173, 189,  74, 194, 179,   5, 109, 128, 100],
  [  1, 150,  80, 192, 173,  36, 103, 130,  92,  93,  88, 113,  91,  53,  67,  82,   7,  26, 104,  68,  61, 181, 164, 141,  39, 171,  81, 193,  54, 167,  55,  40,  69,  56, 175,  25,  83, 166,  41,  70, 155, 126, 194,  20, 146, 127,  90,  22,  50,   0],
  [165, 157, 158,  11, 112, 132,  25,  20, 174, 179, 159, 140, 161,  74, 130, 113, 160, 156,  88, 133,  39,  47,  61,   0, 180,  53, 134, 152,  26,   8, 143,  12,  99, 193, 127, 177,  49,  52,  62, 153,  34, 120,  80,  54,  51,  87, 135,  42, 139,  90],
  [ 93, 104,  92, 174, 146, 103, 171, 150, 181, 163, 175,  50, 170, 193, 126,  97, 177, 172, 147, 191,  49,  80, 195, 182, 148, 192,  65, 179, 173,  51, 188, 183,  36, 130, 176, 164, 125, 186,  37, 166, 187, 145,  96,  94,  48, 105,  23,  84,   6,  35],
  [ 93, 104, 103, 146, 171,  92,  50, 181, 193, 170, 192,  97,  51, 163, 150, 182,  49,  65,  80, 177, 125,  38, 147, 172, 195, 145, 188,  96, 174, 179, 190,  85, 102, 183, 186, 180,  35, 109, 108, 110,  20, 107,  52, 191, 184, 121, 130, 187, 118,  73],
  [104,  93, 146, 103,  50, 171,  92, 181, 192, 193, 170,  80, 182,  51,  97, 150,  65, 163,  49, 147,  38, 125, 177, 172,  96, 188, 180, 145, 190, 174,  20,  85, 179,  35, 195, 130,  52, 102, 108, 107, 183, 110, 109,  88, 184, 186, 121,  95,  73, 118],
  [104,  93, 146, 103,  50, 171,  92, 170, 192, 181, 182,  51, 193,  97, 125,  49,  80,  38,  65, 147,  96, 177, 145, 150, 188, 190,  85, 102,  52,  88, 109, 180, 107, 186, 110,  20, 108, 184, 183, 121, 163, 179,  95,  64,  73, 128,  45, 118,  35, 106],
  [161, 158, 157, 160, 133,  63, 152, 132, 178, 112, 149,  79, 159,  12,  25, 140, 143, 116,  61,  11, 136,  27,  21, 148, 134, 135, 156, 139,  66,  28,  34, 120,  22, 144,   8,  39, 153,  89,   0, 113, 111, 191,  99, 127, 173, 165,  74, 189, 196,  77],
  [160, 132,  21, 133, 135,  66, 159, 173, 162, 152,  34, 161, 116,  11,  65,  57,  63,   0,  12, 151, 178, 149, 191, 112,  37, 196,  23,  61, 143,  27, 144,  25, 158,  22,  79, 140, 156, 148, 157, 126,   8, 164, 197,  94,  89,   9, 113, 136, 120,  84],
  [149, 148, 191, 160, 133, 112, 147, 157, 161, 140,  66,  61, 158,  74, 132,  88,   0,  25,  63, 152,  34, 126, 143, 159,  79,   6, 116, 102,  39, 130,  89, 173, 156, 178,  52, 195, 145,  96, 153, 120,  47, 139,  99, 144,  94,  53, 187, 125, 166,  80],
  [149, 157, 133, 161, 160, 112,  61, 158, 191, 178, 148,  66,  88, 159, 143, 132,  74, 152, 156, 136,  25,   0,  99, 120,  28,  34, 125, 189, 111, 187, 183,  20, 116,  94, 100, 173,  52, 118, 139,  47,   6, 126, 185,  63, 140, 179,  59, 124, 114, 115],
  [191, 148, 125, 147, 183,  88,  96, 189,  97, 188, 186, 102,  94, 149, 145, 160, 105,  74, 130, 118, 187, 143, 100, 185,  20, 170, 157, 115, 114, 111,  59, 128, 106,  30,  99, 190,  58,  34,  86, 178, 129, 124,   5,  46,  61,  87,  31, 120,  73,  14],
  [146,  93, 104, 170, 103, 125, 171,  97, 147,  50, 191,  96, 145, 188, 182,  92,  65, 183, 102, 186,  88, 190, 118, 109,  38, 187,  94, 106, 128,  49,  20, 121, 100, 114,  73, 181,   5, 107,  95,  58, 115,   6,  46, 129, 138, 110, 148,  31,  32,   2],
  [176,  71,   9,  78,  42,  81, 131, 134,  62,  57,  36, 195,  27,  91,  93,  23,  37,  90,   1, 196,  82, 169,  48, 135,  26, 141, 167,  41,  55,  56, 162,  70, 154, 150, 151,  76,  69,  40,  84,  53,  67,  68, 172,  77, 155,  92, 127, 175, 104, 168],
  [ 74,  88, 125,  52,  64,  99,  47, 139,  13, 111, 158, 117, 185, 194, 145, 115,  86, 190,  96, 114,  60, 108,  87, 129, 101,  58,  33,  45,  18, 107,  59,  73,  72,  17,  14, 128, 124,   5,  31, 142,  30, 121,   4, 184, 102,  19,  29,  24,  15,  46],
  [196, 105, 179, 157, 111, 189, 136,  43,  28, 197,  10,  98, 158, 119,  57,  30,  16, 122, 115,  47, 120,  59,  60, 128,  18,  33,   3,  85,  31, 137,   2, 107,  46,  17,  14, 138,   4,  15,  87, 118, 106,  86,  19,  45, 124,  32, 129, 142,  44,  99],
  [151, 164,  50,  11,  65,  51,  85,  38, 184,   8,  24, 197, 137, 110,  98,   0, 131,  29, 106, 108,  15, 138,   2,  87,  16, 107,  14, 142,  73, 101,  71,  34,  49,  19,  17, 119, 122,   4,   3, 121, 193,  30,  18,  31,  57,  72,  45, 109,  33,   9],
  [104,  93, 146, 103,  92,  50, 171, 181, 170, 192,  51, 177, 193, 182,  97,  49, 125,  38,  65,  96, 147, 145, 179,  35,  80,   1, 150, 188,  85, 180, 190, 108, 110, 109, 107, 102, 184, 186, 121,  95,  45,  73, 163,  98, 183,  64, 128, 138,  52, 194],
  [104,  93, 146, 103, 171,  92,  50, 181, 192, 170, 182, 193,  51,  97,  80,  49,  38, 150, 125, 147, 177,  65,  96, 179, 145, 190, 188, 180,  85, 102,  52, 163, 107, 110, 195, 109,  64, 108,  20, 183, 186, 184, 121,  35,  95, 105,  88,  73,  98, 106],
  [104,  93, 146, 103, 171,  92,  50, 181, 192, 170, 193, 182,  51,  97,  49,  38, 125,  80,  65, 147, 150, 179,  96, 190, 145,  85, 188, 177, 110, 107, 102, 109, 180, 108, 163, 184, 121,  52,  64,  95, 183,  73,  35, 186, 106,  98,  45, 138,  20, 128],
  [104,  93, 146, 103,  50, 192,  92, 171, 181,  51, 182, 193, 170,  49,  38,  97,  65,  35,  80, 177,   1, 125,  85,  96, 179, 110, 147, 107,  64, 180, 190, 108, 188, 163, 109, 145,  95, 184, 150,  98, 194, 121,  52,  45,  73, 186, 138, 123,  24, 137],
  [ 27, 152, 161,  62, 134, 178,  42,  12,  79, 133,   9,  26,  11, 132,  21,  63,  77,  57, 158, 154,  41,  22,   8, 157,  78, 135, 127,  23,  56,  76,  55, 153,   7,  90,  53,  70,  69,  54,  91, 155,  89,  83, 168,  40, 159, 160, 113, 169,  67,   1],
  [  1, 152, 178,  27, 132,  12, 135, 133, 134, 158, 157, 159, 161, 151, 160,  11, 112,  79,  63,  61, 131,  28,   8, 156,  42, 116,  62,  43, 194,  57, 136,   9,  71,  64,  24, 196,  78,  26, 197, 143, 179,  21, 120,  25, 139, 149, 113,  10,  39,  74],
  [ 12,  71,  27,  63, 135,  57, 151,  43, 131,   1,  79,  24, 152, 134,  28,  42,   9, 133, 178, 136, 116,  62, 196,  64, 158,  10, 132, 197,  13, 194,  85,  99,  98, 156, 111,  47, 122, 107,  95, 117, 139, 108, 110, 137,  52,  33,  78,  14, 123,  18],
  [ 74,  88,  64, 125,  52, 117, 124,  13,  99,  47,  95,  43, 190, 115, 101, 129,  86,  96, 114, 184, 128,  45,  14,  33,  46,   5, 109, 145,  87, 107,  60, 138,   4,  59, 185,  17,   2,  58,  31,  72, 194,  32,  30,  19,  18, 100,  44,  98,  16,  15],
  [ 64,  43,  85,  13, 125, 117, 105,  98,  24,  52, 107, 108,  28,  38, 196, 122, 101, 121, 197, 115, 138, 137,  14, 129,  95,  16, 184,  86, 110, 109,  33, 106,  30,  59,  15,  45, 124,   2, 114, 128, 111,  17,  29,  19,  47,   4,  46,  18,  44,  10],
  [125,  85,  50,  51,  64,  24, 104,  13, 108, 194, 146, 117, 184,  96,  95, 145, 107, 103,  98,  38,  52, 137,  99,  93, 185, 109,  15, 101,  14, 122,  45,  29, 171,   2, 115,   5,   4,  16, 138,  19,  17, 121,  86,  33, 190,  31, 114, 110, 129,  18],
  [158, 160, 159, 133,  12, 152, 178, 135, 132,  63, 149,  79,  27,  28, 157, 116, 161, 112, 131,  43,   9, 151, 196,   8, 156,  57,  10, 134, 197, 143,  74, 136,  52,  99,  47,  24,  13,  64, 148, 111,  61,  66,  11,   0,  21, 119,  60, 122, 144,  33],
  [ 23,  21,   9,  22,  27, 132,  63,  12,  57, 134,  37,  79, 152,  11,  62,   8, 161,  42, 178,  78,   7, 164,  48,  84, 157,  77,  26,  90,  41, 154, 153, 162,  76,  56, 133,  53, 168, 113, 169, 127,  83,  54,  89,  55,  71,  69, 116, 196, 151,  70],
  [191, 160, 147,  88, 102, 145,   0, 148, 170,   6,  74,  66,  61,  96, 159,  65, 125,  20, 173, 143, 171, 190, 186,  94, 187, 185, 188,  97,  34, 140, 100,  99, 144, 112,   5, 183,  87,  86,  58, 130, 109, 146, 114,  60,  52, 118, 142, 133, 124,  73],
  [ 23,  22,   9,  84,  21, 162,  62,  27, 173, 164,  42,  41, 169,  81,  77,  78,  69,  56, 163,  90,  55, 168, 167,  91,  70,  26, 154,  76,  83,  40,  54,  67, 155, 127,  89,  53, 161,  68, 172, 141, 153,  37,   8,  82, 134,  48, 132,  57,  79, 113],
  [ 21,  23,  22,   7,  57,  27,   9, 164,  78,  36,  84, 134,  42, 151, 131, 152,  11, 173, 169, 176, 162,  81,  12,  62,   8, 178,  37,  71, 113, 135,  91,  76,  41,  77,  26,  56, 154, 167,  79,  40,  55,  83, 150,  69,  70,  68, 155,  90, 175,  89],
  [ 27,  42,  62,  23,  78,   7,  26,  71,   9, 169,  77,  41,  90, 194, 154,  81, 134,  76, 155,  56,  55,  70,  48, 127,  57, 167, 168,  69,  67,  40, 153,  83,  91,  53,  79,  12,  68,  54,  84,   1, 141,  82, 178,  21, 151,  22,  75, 195, 165, 152],
  [ 27, 152, 178, 133,  63, 132,   7, 161,  79, 157,  42,  12, 134,   8,  21,  62, 158,  11,  22,  78,  61, 112,  26,  41, 154,  57, 159, 140,  77, 135, 127, 155, 160,  40,  53,  54,  56,  83,  55,  69,  67,  76, 149, 116,  39,  70,  90, 168, 153,  68],
  [152, 161, 178,  63, 133, 157,  79,  27, 132, 158, 140,  12, 112, 134, 160,   7, 149,  21,  22,  61,  53, 127,  11,  26, 153,  77,  41,  54, 159,   8,  39, 154,  83,  40,  89,  69,  55,  56,  67,  76,  25,  62, 155,  90,  70, 113, 116,  68, 168,  42],
  [161,  27, 152,  63, 157,  79, 178,  12, 132, 133, 134, 158,   9,  21,  42,  62,  22,  11, 160, 112,  23,  26, 135, 154,  77, 127, 153,   8, 159,  53, 149, 116,  41,  89, 113,  56,  55,  54,  83,  69,  57,  78,   7,  90,  76,  70, 168,  25, 155,  40],
  [ 27, 161, 152,  79,  63, 178,  12,  42, 157,  62,  21, 132, 133, 134,  23,   9,  22,  77, 158, 154,  26,  41, 127, 153,  57,  53, 149, 135,  55,  56,  76,  11,  90,  69, 155,  89,  83,  70,  54, 168,  78,  40, 160, 162,   8,  91,  67, 112, 116, 169],
  [178,  27, 152, 161,  63,  79, 133,  12, 157, 132, 158,  21,  62, 160,  42, 134,  22, 112,   8, 159, 135,   7,   9, 153,  26, 149,  77,  11,  41, 127, 154, 116,  23,  53,  61,  57,  78,  54,  55,  56,  40,  69,  76,  90, 155,  70,  89,  83,  67,  28],
  [161, 152,  27, 178,  79,  63, 133,  62, 134, 157, 132,  12,  42,  21,  26,  22,  77, 154, 158, 127,  41, 153, 149,  53,   9,  54,  11,  89,  23,  56,  55,  76,  69,  83,  40, 155,  70, 168,   8,  90,   7, 140, 160, 113,  25,  39,  67, 112,  78,  91],
  [152, 161, 178,  27,  63, 133,  79, 132,  12, 157, 158, 134,  21, 160, 149, 159, 112,  11,  22,  62,   8,   9,  42, 135,   7,  23,  57,  26,  77, 116, 153, 154, 127,  41,  61,  89, 140,  53, 136,  54,  76,  56,  55,  78, 155,  83,  69,  40, 162,  90],
  [161, 152, 178,  63, 157, 133,  79,  27, 158, 132,  12, 160, 134, 112, 149,  21, 159,  22,  11, 140, 153,  61,  53, 127,  26,  62,  77,   8, 154,  89,  41,  25, 113,  54,   7,  39,  42, 116,  83,  69,  56,  55,  40,   9,  76, 155,  70, 135,  90, 168],
  [161,  27, 152,  62, 178,  79,  42,  63, 134, 157,  12,  26, 154,  77,   9,  21, 127, 133, 158, 149, 132,  41,  22,  53,  55,  56,  76, 153,  83,  69,  23,  70,  54, 155,  91,  89,  90, 168,  40,  57,  67,   8,  11, 135, 167,  68, 169, 113,  39,  25],
  [152, 132, 160,  21,  11, 133, 134,  22, 161,   8, 159,  12, 135,  61, 158,  27, 178, 151,  23,  63, 157,  79,  57,  66, 112, 196,  78,  89, 164, 140, 153,   9,  77, 156,  26,  41, 131,  76, 194, 149,  67, 197, 154,  56,  25, 113,  74, 173,  54, 139],
  [ 67,  53,  55,  41,  54,  56,  26,  68,  83,  69,  90,  77,  91,  76,  70, 167, 141,  89, 155, 127,  81, 168, 154,  40, 169,  62,  82, 153,   1, 140,  39,  78, 166,  84, 134,   7,  22, 152, 173,  75, 194, 161, 193, 113,  27,  42,  25, 150,  48, 192],
  [  1, 192, 104, 194, 193,  93,  71,  51, 181, 177,  24,  48, 103,  92, 180, 165, 182,   7,  78,  49,  35, 146,   9, 171,  64, 196,  50,  90,  26,  67, 179,  42,  12,  81,  38,  27,  57,  82,  98,  10,  85,  62,  36,  56,  43,  53, 169,  76,  55,  41],
  [ 53, 193,  67,  91,  90, 165,  26,  82,  56,  55, 141, 167,  81,  54, 192,  68,  41,  83,  78,  69,  76, 127,  62,  70,  77, 154,  39, 153, 155, 168, 169,  40,  92, 166,  89, 104, 140, 134,   1,  42,  80,  25,  93,  48, 113, 195, 163, 150, 130, 181],
  [192, 179, 195, 181, 103, 180, 193, 194,  92, 196,  48, 163, 104, 171,  93, 150, 148, 140, 165,  84,  81, 158,  49,  90,  82, 147,  89,  39, 149,  83, 167,  67, 169, 177,  51, 170,  53,  55,  91,  54, 141, 168,  68,  62,  56, 134,  97,  26,  76,  70],
  [ 53,  22,  26,  91,  69,  67,  55,  83,  41,  56,  90,  54, 168,  70,  23, 154, 127,  40, 167, 175,  68, 155, 141,  76,  77,  89, 161,  39, 166, 153,  81, 169,  82, 174,  78,  25,  42,  62,  36, 134,   9, 113,   7, 140,  75,  27, 172,  84,  37, 163],
  [161,  27,  79, 152,  63,   9,  12,  23,  42, 132,  22, 157,  62, 133,  21, 178,  11, 134,  26,  78, 153,  77,  53, 154, 127,  41, 135, 158, 112,  89,  69,  55,   8,  56,  40,  37,  91, 173,  90, 162,  54,   7,  70, 116, 168,  83,  76, 149, 155, 167]],

