[[106,  83,  65,  87, 113,  57,  39, 145,  51, 161, 164, 136,  22,  64, 125,  40,  43, 134,  41, 100,  38, 141, 157,  86, 169,  37, 143, 115,  35,  33, 128,   5,  32, 167, 148,  70, 101, 162, 170,  42, 129,  18, 140,  85, 116, 123,  72, 149,  50,  31],
  [152, 108, 111, 107, 122,  67, 103,  66, 126,  63,  93,  62,  96,  76, 104,  94, 134,  80, 110, 119,  92, 133,  53,  65, 114,  95,  47, 115,  52, 102,  49,  61, 100,  82, 162, 112,  43, 144, 154, 118,  46, 139,  81,  77, 135,  30, 137, 101,  25, 130],
  [134, 105, 120,  91,  22,  63,  76,  77,  90,   1, 104, 103,  81,  82,  95,  51,  50, 119,  78,  80,  66,  93,  67,  52, 108, 107,  96, 111,  89, 136, 146,  97,  92, 167,  68,  32, 123,  94, 157,  65,  57, 122, 109, 112, 106, 152, 145,  64,  62, 130],
  [134,   1, 105,  22,  91, 120, 103,  90,  63,  76,  77, 108,  78,  95, 136,  82,  81, 119,  50, 104,  51,  66,  93,  89,  52,  80,  67, 107, 146, 167, 111,  96,  94,  92,  32,  65,  97, 109, 157, 123,  64,  98,  68,  57, 137, 115,  54,  48, 144, 122],
  [  1,  22, 120, 134, 105,  91,  90,  63,  95, 103,  76, 108,  77,  78,  82,  81, 119, 136,  66, 107,  92,  67,  89,  93,  80, 104, 111,  50, 167, 109, 146,  96,  51,  94,  52, 122,  32,  97,  65, 157, 152, 145, 123,  98, 137, 144, 133,  68,  23, 147],
  [  1,  22, 134,  91, 104, 103, 108, 146, 120, 105, 107,  63, 137, 167,  77, 157,  78,  94, 135, 144, 145, 147,  76,  23, 136, 153, 152,  46, 130,  90,  28,  81,  93,  57,   6, 141,  66,  92,  95,  50, 119, 106,  13,  98,  80,  82,  51,  96,  89, 121],
  [134, 120, 108,  91,   1, 105,  95,  63,  76,  90,  89,  77,  93, 103, 119,  66,  51,  50,  80,  81, 146,  92, 136,  22,  67, 107,  96,  82,  52, 104,  78, 167,  32, 111, 137,  68,  94, 135,  97,  64, 123,  23, 122, 145, 106, 130, 109,  54, 157, 152],
  [134, 120,  91,  22, 105,   1,  63,  76,  90,  95,  77, 103, 108, 119,  78,  81,  82,  93, 136,  92, 107,  80,  66, 109, 104,  67,  51,  89,  50, 146,  94,  96, 122, 167,  52, 111,  97,  23,  64, 157, 123,  68, 147, 137,  98, 152,  32, 106,  54, 144],
  [ 91,  78,  22, 103, 134, 104, 105, 120,  50,  63,  76,  52,  82,  65,  90, 167,  94, 136,  51,  96,   1,  81,  98,  77,  54, 111, 119, 123, 109,  67,  64,  66, 144,  68, 137, 107, 122,  92, 116, 112,  80,  57, 147,  95,  93, 157,  46,  32, 115, 152],
  [ 96,  95,  76,  64, 120, 145,  50, 137,  51, 109,  66,  68, 119,  65,  93,  91,  90,  23,  63,   0,  82,  92,   1, 105, 122,  81,  98,  94,  67, 146,  77,  48,  38, 134,  78,  52,  22,  80, 136,  53,  29, 103,  32,  45, 111, 108,  39, 144, 131, 150],
  [ 22, 134, 120, 105, 103,  91,  63,  95, 104,  76,  77, 107,   1,  90,  81,  66, 108, 111, 136,  80,  93,  67,  82,  51, 119,  96,  94, 109,  52, 152,  78,  92,  89,  23,  50, 146,  65, 122,  32,  46, 115, 133,  97, 157,  98, 167, 145, 153, 106,  37],
  [ 22, 134, 146, 157,  91,  78, 149, 130, 108, 105, 120, 141, 104,  32,  65, 103, 147, 106,  46,  63, 135,  40, 121,  77,   1, 153, 167,  92,  28,  95,  50,  80,  61,   6, 123, 186,  17,  82,  76,  51, 119,  98, 166, 137, 117, 107, 144,  36,  81,  13],
  [ 91, 120, 106,  77,  76,  63,  82, 105,  52,  50,  78,  80, 104,  81,  90, 134, 119,  95,  93,   1,  22,  66,  51,  96, 167,  68, 103,  67,  38, 112,  97,  89,  33, 146, 108,  53, 111, 123,  65,  62, 107,  32, 122,  23,  64, 109,  92,  83,  94, 149],
  [ 95,  90,  80, 119, 120, 134,  77,  81,  93, 105,  63,  91,  76,  96,  78, 107, 108,  66,  22,  67,  82,  52,  89, 136,  97, 104,   1,  51,  92, 167, 106,  50, 111, 103, 123, 109,  23,  68,  53, 122,  94,  79,  32, 112,  35,  62, 157,  75, 146,  38],
  [134,  22,  63, 105,  90, 120,  95,  77,  76,  80,  82,  91, 119,  50, 103, 106,  81,  93,  51,  96,  66,  78, 167,  68,  23,  67,   1,  92, 111, 123,  52,  89, 107, 109, 108,  65, 104, 136, 145,  32,  94, 146, 112,  64,  97, 130,  53,  24,  38,  62],
  [ 78, 134, 120,  63,  80,  22, 104,  77,  76,  91, 107,  96,  23,   1,  90,  81,  95,  93, 119,  82,  52, 105, 106,  66, 108, 167,  51, 103,  67,  50, 146, 109, 111,  68, 123, 136,  65,  89,  53,  32,  92,  94, 112,  97, 141, 122, 130,  79,  39, 145],
  [  1, 120, 105,  90,  95,  22, 134,  63,  92,  76,  77, 119,  82, 108,  91, 167,  80,  81,  96,  78,  93,  89, 109,  97, 136,  50,  66,  67, 107,  68,  32, 103,  51, 146, 122,  52,  23, 111, 104, 145, 123, 137, 106, 130,  36, 150,  53, 147,  94, 157],
  [  1,  22, 134, 103, 157, 108, 104,  32, 136,  98,  91, 146, 144, 120, 105,  46,  78, 115, 107, 147, 141,  57, 129,  44, 125, 153,  75,  65,  63,  76,  95,  96, 154, 133, 152, 130,  61,  54, 135,  28, 166,  56, 111,  90,  52,  81, 137,  66,  77,   6],
  [146,  37, 149,  32, 145,  40, 130,  39, 141,  30, 135, 176,  36,  21, 121, 186, 166,   1,  22, 106,   5, 190, 108, 193, 196, 185,  16, 179, 167,  65, 192, 191,  74,  17, 178, 180, 194, 177, 172, 187, 138, 157, 174, 195,  56,  46, 120, 118,  44,  18],
  [105, 134,  91,   1,  22, 120, 103,  82,  90,  63,  77,  89, 108,  50,  76, 136,  78, 104,  51,  81, 107,  92,  67,  52,  80,  95, 119,  66, 167, 111, 152,  93, 157,  32,  94, 109, 146,  65, 122, 123,  34,  57,  68,  96,  62,  54,  64,  83, 106, 137],
  [  1, 120, 108,  22, 134,  95,  96,  32,  92, 146, 119,  66,  93,  76, 137,  90, 105,  63, 150,  77, 107,  80,  81, 136,  23,  78,  89, 109,  97, 145, 104,  82,  91,  52,  67, 141,  44,  39,  94, 147, 103,  34,  68, 157, 115, 167, 113,  61, 144, 122],
  [  1,  91, 167,  50,  22,  64,  82,  78, 120, 105, 103, 122,  51,  68,  63,  52, 147,  90,  57,  76, 104, 149, 134,  97,  54,  38, 106, 165,  77,  65,  81, 157,  32,  96, 119,  39,  98,   6, 117, 154,  67,  83,  80, 145, 123, 164, 109, 151, 146, 107],
  [ 93, 119,  80,  95,  77,  89,  63,  76,  66,  67,  64,  38,  50,  92,  81,  90,  91,  62,  52,  24,  51,  94, 134,  23, 106,  68, 105, 122, 111, 107,  82,  53, 123,  96, 120,  49, 108, 112, 102,  97, 109, 103,  35,  78,  79, 136, 145, 104,  34, 100],
  [136,  64,  65, 123,  50, 137, 103, 134,  38, 112,  75,  35, 100,  51,  94,  54, 135, 161, 105, 111,  60,  98,  79,  45, 125, 169,  99, 104, 119, 106, 121,  67,  37, 140,  34,   0,  89,  52,  22,  63, 133, 164, 144,  91,  76,  24, 160, 102,  95,  83],
  [ 94, 100,  98, 136, 103, 152, 115,  99,  45, 144, 168,  46, 112,  57,  95, 114, 137,  48, 111,  35, 129, 154,  96,  75, 113,  65, 133,  83,  60,  44, 125,  25, 127,  37, 108, 101,  66, 134,  31,  47,  51, 126, 105,  71,  22, 128, 182,  55,  93,  67],
  [ 22, 108, 134, 141, 130,  61,  32,  95, 135,  13, 137, 166,   8, 136, 125, 153, 103,  65,  44, 121,  30, 146,  11, 157, 150,  78, 105, 144,   1,  28,   6,  75,  60,  96,  36,  45, 117, 107, 143,  80, 168, 120,  98, 163, 128, 104, 197,  37,   2,  56],
  [ 95, 120,  91,  90,  82, 119,  77,  63,   1,  93,  81,  76,  22,  80, 105,  96,  66,  97,  89, 107, 134,  51,  50,  67, 106,  68, 167,  52,  92, 122,  23,  53, 104, 108, 111, 109, 123,  62,  78, 146,  38, 145, 103, 150,  32, 149,  33,  35,  57, 152],
  [  1,  22, 120, 134,  32, 167, 105, 146,  95,  91,  90,  63, 104, 103,  76,  78,  77, 145,  96, 108,  50, 141,  80,  82, 106, 130,  81, 119,  57,  51, 157,  68,  46,  52,  65,  39, 149,  97,  93, 137,  23,  66,  92, 107,  34, 144,  36,  44,  33,  89],
  [ 57, 137,  34, 130, 112, 144,  86,  32,   1,  96, 167, 141, 103,  83,  42,  68,  71,  39,  44,  98,  35, 157, 104, 115, 100,  45,  54, 113, 134,  99,  50, 106, 169, 154,  33,  63,  87, 146, 129,  91, 123, 145,  76,  77,  20,  46,  56,  97,  90,  13],
  [  1,  22, 134,  90, 120,  91,  95, 105,  78, 103,  82, 107, 104,  81,  80,  63, 167,  77,  76,  65,  96, 136,  89,  66, 146,  32, 119,  67,  93,  52, 111,  51, 109, 108, 106,  50, 141, 133, 157, 115,  39, 145, 147,  46,  94, 129,  23, 144,  68,  75],
  [149, 150, 141, 153,  18,  30, 186, 176,  13, 166, 187,  73,  22, 125,   5,  74, 157, 121,  28,  17,  43, 190, 117, 179,  37, 180, 147, 191, 177, 195, 178,   6, 194,  42, 188,   8,  39,  15, 192,   7,  40, 181, 162,  11, 197,  58,  61,   2, 175, 174],
  [ 33, 167,  83,  68,   1, 126, 106,  39,  24,  53,  82,  63,  92, 104, 110,  50,  23,  47,  32,  90,  91, 145,  77, 173, 115,  48, 120, 109,  80,  52, 165, 119,  40,  76,  58, 143,  86, 116,  81, 112, 111,  97,  67, 107, 155,   8,   9,  20,  56,  89],
  [ 39,  40,  83, 167,  68,  33, 141, 106, 149,  24,   5, 145,  53,  87,  86, 148,  20, 109,  92,  72, 120, 170, 150,  23,  32,  88, 131,  96, 159,   1, 146, 193,  10,   7,  44, 174,   4, 176,  41,  18,  36, 178,  74,  82,  19, 162,   9, 161, 116,  30],
  [ 39,   8,  86, 148,  40,  33, 137,  32,  30,  29,  20, 141, 142, 131,  83,  34, 116,  23,  21, 100,   5,   9,  48,  68, 113,  42,  13,  79,  45, 146, 112,   4,  72, 150,  85,  28, 130,  17, 193,  84, 128, 149, 145, 144,  96,  78, 174, 135, 169,  35],
  [ 39,  33,  86,   8,   1, 113,  32,  85,  83, 129,  40,  20,  43, 154, 148,  68, 155, 150, 101,  53, 142,  47,  87,  84, 144,  48, 159,  28, 115,  24,  42,  70,  23,  44,  56, 167, 100, 141,  49,  71,  30, 143,  96, 183,  79, 161,   5, 128,  34,  58],
  [ 39, 150,  40, 148,  74,  20, 161,  13,   8,  84, 159,  45,  33,  21,  79,  42,  86,  43, 149,   5,  29,   9, 142,   4,  18,  68,  85, 193,  69,   7,  27,  26,  16, 131, 190,  72, 160,  35,  83, 138,  28, 178,  73, 185,  17, 196, 195, 188, 187, 176],
  [  1, 108,  92, 120,  76,  95, 146,  96,  32, 119,  91, 137, 122,  93,  63,  98, 135,  66, 134,  23, 103,  80, 136, 130,  68,  82,  77, 150,  67,  90,  25,  44,  81, 109, 105, 111, 107,  97,  52,  50,  54,  29, 104, 123, 131, 144,  78, 147,  74,  99],
  [106,  78,  22, 120, 109, 167,  80,   1, 149,  90, 105,  82, 147,  95,  68,  77,  24, 119,   9,  81,  32,  23,  40,  96, 146,  63,  18,  92,  93,  76, 123,  36,  53, 108, 176,  64, 134, 148,  28,   5, 153, 138,  97,  74, 186,  91,  52, 159,  39,  87],
  [170,  85,  84,  29,  86, 140, 142, 155, 113,  43,  70, 139, 169, 127,  45, 100, 154,  26, 128,   4,  35,  11,  17,  14,  31, 158,  21, 161,  42, 182,  88,  99,  83, 129, 114,  69,  15,  33,  55,  39, 101,  16,  41,  47,  25,  60,  79,  58, 144,   0],
  [ 40,  39,  68, 167,  83, 106,   1,  33,  53, 141, 145, 149,  42, 120,  96,  87,  82,  24,  86,  50, 146,  32,  18,  97, 150, 148, 112,  51,  23,  38, 113,  63,  57,  43,  41,  65, 115,  52, 101,  77,  35,  76, 159, 116, 131,  46,  71,   5,  90,  56],
  [ 71,  40, 144,  83, 141, 167,  45, 115,  99,  86, 126, 145, 100,  68, 116, 101,  34,  46, 113,  85,  48, 169,  33,  57,  39, 154,  84,  92,  42, 158, 170, 140,  29,  54, 131, 142, 109,  97,  87,  56,  31,   1, 129,  98,  72,  90, 114,  96,  44,  55],
  [150, 106,  32, 149,   1, 141, 135,  18,   5,  30,  28, 146,   8,  22,  20, 190, 176, 130, 186,  13,  39, 193,   7, 148,  27, 178,  17, 166,  40, 179, 185, 187,   2, 191,   6, 167, 195, 174, 177, 180, 194, 192,  16,  44, 120, 175, 188, 161, 145, 117],
  [120,  97,  90,  53,   1,  82,  68,  89,  95,  63,  81, 119,  67,  77, 167,  76,  96,  93,  62,  80,  33,  66,  39,  52,  83,  78,  32, 106, 109,  91, 108,  23, 111,  51,  92,  49, 150, 159,  50, 107, 146, 105, 104,   9, 113, 145, 129, 115, 102, 134],
  [146,  40, 135, 121, 149, 148,  78, 141,  39,  28,  42,   5, 108, 193,  33,  21,  17, 166,  86,  29, 174,   7, 192, 190,  16,  20,   8, 167,  13,  30, 186, 145,  46, 142,  27, 112, 195, 187, 106,  15, 179, 104, 191, 178, 157, 130, 120, 139, 196, 177],
  [146,  40, 141, 135,  33,  39, 148, 149, 139, 112, 150,  21,   8,  30,  18, 130, 121,  28,  11,  74,   5, 166,  13,  42, 108,  20,  17, 142,  45,  37, 193,  16, 187, 116,  44,   7, 172, 195, 190, 177, 186, 179,  27,  56, 145, 178, 162,  83, 174, 191],
  [106,  51,  68, 120,  53, 167,  40,  80,  97, 123,  39,  33,  82,  96,  63,  52,  83,  77, 112,  95,  38, 150,  91,  81,  90,  50,  76, 134,  93, 104,   1, 119, 148,  67, 107,   8, 130,  35,  32,  23,  24, 149,  62,   5,  66, 111, 105,  22,  20,  28],
  [135,  28, 146, 106,   5, 167, 120,   8, 148,  65, 134,  78, 130,  90, 144, 108,   7, 128,  40, 193,  23, 174, 178,   6, 176,  68, 160,  39,  59,  27,  13, 117,  24,  36, 190, 162,   2, 161, 195, 175,  20,  79, 166,  56, 149,  58, 173, 185, 129, 179],
  [ 23, 106,  40,   8,  39,  53, 150,   9,   5, 145, 148, 141,  88,  80,  68,  79, 167,  83,  20,  28, 120,  33,  18,  93, 146,  78,  96,  27,  24, 119,  30, 107,  35, 193,  52,  17,  13, 149, 161, 174,  87, 186, 130, 178, 187,  21,   7, 176,  81, 189],
  [ 53,  96,  40, 112,  97,  68, 106,  39, 150, 167,  83, 123,  80, 159,  76,  86,  95,  38,  63,  23,  82,  77,  87,  90,   8,  52,  33, 119,  78,  49, 109,  93, 148, 104, 114,  81,  42, 130, 126, 120,  67,  71,  43,  35, 100, 116,  84,   5, 170,  20],
  [181,  43,  11,  21,   4,   8, 110, 139,  73, 195, 182,  40, 188,   7, 177, 162, 166, 191, 187, 175, 179, 155,   5, 170,  14,  28, 121, 180, 193, 194,  16,  60,  58, 174, 161, 127, 178, 172,  18, 186, 189, 142, 190,  88,  69,  29, 192, 132, 150, 143],
  [159,  49,  43,  85,  88, 161,  31,  53,  84, 155,  62,  86,  33, 110, 101,  38,  47,  24, 126,  29,  41, 158, 160,  35,  79, 182, 150,  83, 170,  70,  97,  99,  25, 113, 129,   4, 100,   0,  87, 148,  68, 154, 131, 156, 122,  17, 142,  59,   9, 114],
  [ 85,  84, 110,  43,  70, 127,  86, 155, 142, 140, 126,  31, 158,  11, 170, 182, 154, 101, 148, 113,  69,  71, 128,  45, 139,  35, 114,  33,  21, 160,  34,  56,   8, 112, 100, 183,  24, 161,  14,  42,   4,  47, 159, 143,  29,  72, 156,  41, 169,  58],
  [155, 110,  21,  43,  31,  84, 161,  85, 159,   4, 170, 142, 182,  41, 140, 181, 158,  69, 138,  40,  70,  29,  58,  11, 127, 160, 139,   5,  47,  16,  14,  88, 175, 189, 188, 195, 148, 193, 132, 131,  19, 177, 191,  73,   8,  12, 174,  60,   0,   7],
  [  0,  45,  33,  39, 140,  29,  85,  43, 161,  84, 155,  40,  42,  47, 158,  41,  72, 127,   4, 159, 145, 170,  83, 100,  31, 151,  58,  60, 131, 169, 142, 154,  86, 182, 112,  11, 163,  55, 138, 181, 116,  69, 128,  21,  74,  99,  49, 150, 160,  65],
  [ 33,  39,  83,  53, 141, 150,  40,   1,  97,  86,  30, 126, 114,  56, 148,  84, 143,   8,  80,  62, 115,  32, 110, 127,  44,  35, 113,  82,  96, 170,  49, 129,   5,  27, 154, 107, 112,  42,  68, 161,  43, 159,  37,   9, 139,  87,  88,  79, 101, 157],
  [120,  80,  95, 106,  63,  90,  77, 134,  82,  93,  81, 119,  22,  76,  23, 107, 105,  66,  96,  67,  78, 108,  91,   1,  53, 109, 167,  52,  89,  92,  68,  51, 123, 104, 111,  97,  50, 146,  32, 103, 150, 122, 130,  62,  39, 152, 145, 136, 141,  24],
  [ 68, 120,  53, 106,  82,  23, 167,  90,  76,  96,  97,  77,  95, 119,  63,  78,  80,  81,  92,  93,  91,   1,  50,  83,  52,  62, 109,  33, 105,  67,  66,  24,  51, 104,  40,  38, 134,  39, 112, 122, 141,   9,  89, 123,  22, 107,  32, 145, 111, 130],
  [ 23, 120,  68,  40,  53, 167,  78,  90, 106,  39,  96,  33,  24,  82,  80,  77, 119,  63,  76, 148,  81, 109,  52,  93,  92,  97,   1,   8, 146, 141,  83,   9,  86,  87, 149,  32,  95,  89, 145, 150,  66,  28,  50, 116, 104,  67, 112,   0, 131, 134],
  [120,  82,  90,  22,  78,  91,  97,  77,  63, 109,   1, 105,  81,  76,  80, 119, 167,  95, 106,  92,  93, 134,  96,  68,  23,  67,  66, 104,  53,  52, 123, 107, 108, 149,  50,  89, 122, 111,  51, 116,  28, 146,  62,  40,  39,  33,  32,  18, 150, 141],
  [120,  90,   1,  82,  95,  77,  97,  81,  63,  76, 105, 119,  91,  80,  93,  92,  96, 134,  66,  67, 108, 167,  68,  89,  22,  50,  53, 109,  52,  32,  23,  78, 146, 107,  51, 123, 111, 104,  62, 122,  33, 106, 141, 103, 157, 130, 115,  44,  24,  38],
  [ 91, 105,  22,   1,  82,  80, 120,  77,  90,  95, 134,  81,  63, 107,  52, 119,  78,  93,  76,  51, 106,  66, 123,  97, 167,  67, 103,  23, 122,  96,  50, 111, 109,  68,  62, 104, 108,  89,  92,  64,  53,  38, 136, 157,  33,  24,  94, 152,  32, 146],
  [ 78, 105,  90, 120,  82,  63,  91, 106, 167,  77,  80,  76, 134,  81,  52,  67, 104, 103,  50, 111,  22,  51, 119, 109,  95, 123,  97,  68,  53, 107,   1,  66,  93, 152,  92, 108,  96, 112,  65,  62,  64,  94, 122,  89, 136, 124,  23, 130,  28,  38],
  [ 40, 140,  43,  29,  21,   4, 170,  11, 161,   8,  42,  19,   5,  33, 155, 182,  85,  30,  88,  60,  45, 142, 189, 121,  84, 145, 195, 148,  74, 177, 158, 131,  17, 187,  58, 127, 174, 181,  39,  15, 193,  14,  18, 175, 191,  16,  72, 188, 179,  41],
  [ 49,  38,  31, 110, 155, 140,   0, 127, 112, 159, 158,  85,  41,  47,  43, 161, 126, 151,  35, 160,  62, 114,  64,  84,  83, 100, 101, 182,  70,  75, 181,  88, 170, 152, 169, 102,  99,  58, 138,  37, 139,  53,  14, 154,  79, 118,  60,  57,  24,  33],
  [ 31,  25,  33,  85, 110,  84,  35,  86, 142,  99, 113,  88,  47, 126, 101, 182, 155,  43, 161, 170,  71,  17,  29, 139,  18,  11,  58,  16,  19,  56,  14,  70,   4,  42,  41,  69, 156, 114,  40,  57,  59, 165,  83,  27, 115, 148, 143,  44, 118,  87],
  [165, 161,  40,  31, 131, 138,  33, 132,   4, 170, 159,  24,  74,   5, 185, 160, 193,  68,  16,  38,  29,  84, 175, 145, 184, 188,  59,  86,  83, 189, 179, 191, 178, 190, 195, 194, 177,  19,  87,  41, 186,  69, 182, 142, 117, 173, 149, 106, 167, 163],
  [140,  43,  65,  70, 112, 100,   0,  35,  85, 158, 127, 169, 155, 116,  79, 121, 181, 161,  40,  72,  86,  41, 143,  39,  60,  34,  47, 101,  45,  75,  38, 129,  21,   5,  42, 142, 128,  87, 114, 148,  84, 154,  11,  31,  12,  83,  64,  15, 159, 168],
  [161,  43, 140, 121,  21, 155, 158,  40, 138, 181,   4, 160, 182,   5, 110, 159,  31, 127, 175,   0,  41,  84,  49, 170,  35,  24, 189, 177, 112,  11, 191, 195,  38,  70, 187,  72,  73,  14, 188, 179,  58, 180,  60, 194,   8,   3,  19, 196, 174,  69],
  [ 85,  84,   0, 159,  31,  47,  99, 155, 100,  49, 170, 113,  29,  45, 126,  43, 129, 169,  33, 158,  25, 115, 101, 154, 128,  11,  48,  88,  86,  83,  71, 182,  55, 142, 114, 140, 127, 144,  14,  70,  53, 171, 145,  42,  35, 151,  97,   4, 150, 161],
  [  1, 120,  82,  90,  63, 105,  77, 134,  76,  68,  96,  95,  91,  50,  97,  81, 119,  51, 167,  32,  22,  89,  66,  67,  52,  93, 109,  80,  92, 103, 106,  53,  78, 111, 104, 146,  83, 141,  62, 107, 108,  57,  23, 115,  38,  33, 145, 123, 122,  39],
  [ 32,  33,   1, 146,  39, 120,  22,  40, 104, 141, 167, 149, 106, 130, 112,  83,  82,  65, 134,  80, 105,  78,  50,  86,  68,  63,  57,  77,  51,  42,  52,  96,  90, 145,  30,  91, 157,  76, 148,  87,  95, 116,  56, 108,  20,  97,  81, 123,  46, 103],
  [120,  53,  68,  90,  82,  23,  52,  33,  63,  76,  96, 104, 167,  50,  80, 119, 106,  67,  93,  81,   1,  97,  38,  77,  78,  62,  66,  51,  39,  95,  83,  40, 111,  89, 123,  91,  49, 112,  32,  86, 107, 146, 129, 102, 159, 116, 148, 134, 101,  65],
  [120,  63,  77,  82,  76,  81,  90,  80,  91,  95, 134,  93, 105,  51,  96,  52,  66, 119,  67, 107,   1, 104, 109,  22, 111,  89, 106,  53,  97,  68,  23,  50,  78, 122, 103, 108,  62,  92, 167, 123, 136,  38,  94, 146, 112,  64,  65,  83, 115,  33],
  [120,  63,  91, 105,  90,  77,  76, 134,  82,  80, 119,  81,  93,  95,   1,  78,  67,  66,  50,  52,  96,  89, 109,  22, 104, 107,  51,  92,  68, 103, 108, 167, 111, 106,  94,  97, 122,  23, 123,  53, 136,  64,  38, 146,  62, 102, 112,  32,  65, 145],
  [134,  91,  90, 105, 120,  63, 103,  89, 136,  76,  22,  82, 119,  78,  77,  67, 104,  81,  66,  93,  50, 108, 111, 146,   1,  65,  52,  95,  80,  51,  94, 107, 123,  64,  96, 100,  92, 144,  48, 109, 167,  62, 102,  32, 115,  68, 129,  46,  98, 141],
  [ 40, 149,  28,  22, 141,  43, 153,  15,   5,  98, 186, 176,   6, 117,  74,  58, 165,  18, 151,  42,  41,  39, 197,  57, 157, 188,  73, 167, 124, 190, 185,  65,  56,  55,  20,   7,  78, 192, 125, 183, 187,  61,  87,  32, 143, 166, 179, 132, 147,  26],
  [ 43,  49,  85, 155, 110,  35,  31, 140, 158, 161, 159,   0, 127,  84, 112,  38, 100,  47, 101,  41, 126, 114,  70, 182,  88,  83, 169,  79, 160,  75,  45,  86, 170, 139,  33,  21,  62, 181,  11, 151,  53, 142,  39,  37,  58,  29, 154,  99,  72,  60],
  [ 43,  49, 155,  85,  31, 159, 140, 158, 127,  38,   0,  41,  35, 161,  84, 112, 160, 170, 110, 182, 151,  83, 114,  47,  88,  14, 181, 101,  29,  70,  45,   4,  42,  11,  72, 138,  58, 126,  79,  62,  60,  74, 139,  26,  40, 169,  53, 100,  55,  64],
  [110,  49,  35,  38,  50,  47,  51, 122, 127,  64, 112, 103,  62,  57, 100, 101, 140, 126, 111, 152,  31, 155,  52, 154,  34,  71,  83, 160, 114,  84,  43, 182,  67,  54,  66, 102,  89, 118,  76,  46,  25, 161,  91, 104,  41,  75,  99,  53,  63,  42],
  [ 18,  43,   1,  74,  41,  29,   7, 181,  40,  15,  87, 190,  57, 183, 149,   6,  73,   4, 150, 188,  11, 141, 192, 151,  16,  55, 193,  58,   3, 168, 142, 164,   2,  37, 132, 154,  20, 185,  98, 146, 186, 194, 117, 195, 179, 191, 178,  59, 162, 161],
  [140, 155, 127, 158, 151, 160,  85,  84,  60,  31, 182, 170,  49,  47,  41,  43, 121, 110,  45,  58, 181,  98, 114,  11, 112, 161, 147,  70,  15,  14,  55,   4,  29,  35,  88,  69, 118, 128,  21,  75, 184,  26,  25, 159,  19,  42, 169, 154, 139, 125],
  [ 43, 140, 158, 155, 112,  49, 161,  85,  35, 159, 127,   0,  21,  84,  31,   4, 160,  38, 182, 121, 170,  45,  70,  29,  41,  42,  79, 142,  47,  72, 110,  14,  40,  24, 138,  83,  58,  11, 181,  60,  39,  88, 114, 100,  69, 116, 189, 131,   5, 148],
  [ 49, 140,  31, 155,  85,  84, 170,  47, 159,  35, 100, 126,  83, 161,  43, 158, 127,  33,  29, 116, 112,   0,  62,  88,  38,  41, 182,  21, 114,  45, 101,   4,  86, 142,  70, 110, 102, 121, 169,  99, 160,  42,  46, 139,  60,  71,  14,  25, 145,  58],
  [ 39,  86,  85,  40,  18,  33,  31,  83, 150, 113, 141,  84, 142,  43,  48,  87, 170, 148,  20, 145,  42, 131,  72, 144,  13,  71,  46,  29, 149, 159,  74, 155,   4,  45, 158, 101, 171, 116,   7, 115,  26,  69,  55, 154, 189, 182,   5, 162,  57, 100],
  [  1, 141, 120,  33,  32,  39,  97,  78, 167, 104,  82, 149,  96,  90, 146,  22,  40,  63,  77,  52,  83,  44, 157,  18,  20, 129,  28,  81,  86,  76, 115,  91, 106,  53,  80,  95,  42, 150,  30, 116,  13, 113, 108, 105,  68, 112,  46, 168, 114,  56],
  [120,  40,  68, 167,  78, 104,  63,  82,   1,  96,  23,  80,  76,  53,  90,  95,  77,  97, 106,  33,  39,  81, 141,  91, 119, 146,  93, 130,  92,  52,  83, 109, 145,  32,  66,  22,  50, 134,  67,   8, 149, 116, 112,  28, 150, 105,  65,  51,  71, 111],
  [ 33, 104,  40, 120,  39,  80,  96,   1,  52, 146,  30,  86, 149, 116,  62,  43,  57,  53,  49, 150, 107,  83,  93,  82, 106,  97,  81,  23, 145,  46,  18,  66,  76,  95,  90,  42, 148,  77, 108, 112,  68,  63,  51, 141, 129,  78, 113,  32, 101, 154],
  [  1, 106, 145, 167, 146,  23,  32,  96, 137,  90,  95,  39, 108,   0, 135,  76, 134,  63, 120,  93,  77,  91, 104,  68,  22,  30, 141, 119,  89,  20,  66,  52,  80,  82,  86,  81,  50, 103,  79,  29,  78, 144,  65,   8,  51, 131, 105,  13, 136,  36],
  [167,  22,  39, 141, 153,  32, 176,   0, 181,   5, 197,  65, 149, 163,  73,  40,   7, 190,   2,  13, 186, 117,   6,   1, 174, 106, 165, 164, 178, 132, 175,  28,  55,  15, 194, 179, 192, 147,  98,  36, 173, 185,  46, 191, 145,  20, 188, 162, 125, 133],
  [ 43,  74,  31,   4,  40, 161,  29,  11,  19,  84, 138,  18, 158, 131,   7, 140,  45,  42, 132, 181,  69, 185,  47, 189, 164, 177, 195, 188, 175,   3, 184,  60, 172, 162, 190, 191, 150,  72,  85,  12, 179, 187, 170,  37, 163, 194, 127, 182, 160,  25],
  [ 24,  35,  38,  79, 112, 158, 131,  53,  83, 161,  64,  88,  49, 100,  68,  43, 159,  29,  34,   0,  72,  19, 155, 169, 137,   4,  50,  92,  62, 106,  45,  86,  31,  84, 140,  85,  21,  87, 101, 123,  70, 110,  47,  99, 182, 126,  17, 116, 122,  23],
  [ 35, 110,  49,  47,  43,  38,  31,  85, 126, 155,  88, 127, 100,  64, 112,  79, 122,  62, 114, 101,  89,  75,  34, 159,  52, 158, 102,  99,  66, 152,  41, 169, 115, 116, 182,  67,  57, 140,  83,  46, 111,  70,  84,   0,  71, 139,  93,  29,  50,  25],
  [152, 105, 133, 136,  95,  62, 111,  49,   0,  67, 122,  66,  37,  75,  51,  93, 107,  96,  38, 103,  81, 110, 126,  80, 119, 123,  76, 112,  90,  89,  52, 100, 108,  94, 102,  77,  64,  63, 134, 118, 114, 164,  22,  97,  47, 109, 129,  65,  53, 151],
  [140,  43,  45,  85,  60, 155, 161, 158,  70,  84,  31, 151,  55, 142,  58, 160, 182,  11,  29, 170, 125,  72,   4,  41, 128, 127, 169, 154,  42,  14,  99,  35,  15, 114, 100, 181, 116,  21,  98, 163,  26, 139, 137, 121, 112, 183,  25,  69,  12,  83],
  [ 51,  38,  31, 152, 164,  43,  65, 114,  61, 103,  22, 123,  37,  64, 168, 111, 163, 125,  50,  66,  48, 124, 105, 126, 112, 134,  47,  35, 162,  45, 161, 182, 150, 118, 127, 136,  46, 110, 153, 158, 160,  74, 155,  98,  12, 100,  60,  95,   0, 121],
  [ 38,  35, 112,  24, 161,  49,  64, 160,   0,  43, 140,  31,  45,  65, 155,  60, 158, 100, 137,  50,  79,  85, 182,  75, 135,  88, 123, 151,   4,  83,  29, 169, 159,  39,  94,  72,  41, 125, 127,  11,  98, 121, 131, 128,  19,  70,  54, 142,  51,  17],
  [  0,  49,  38, 159, 112,  43, 116, 140,  83,  85, 155,  39,  41, 161,  86,  64, 100, 158,  31,  33,  35, 114,  84,  45,  65,  40, 126, 127, 169, 101, 170,  72, 123,  62,  47, 102, 160, 151,  53, 142,  87, 171,  70,  58,  42,  79, 138,  51,   4, 148],
  [  0, 159,  40,  53,  39, 131,  33, 112,  49,  74, 116,  72,  85, 138, 150,   4, 148,  84,  21,  68,  43,  42,  83,  45, 149,  19,  29, 161, 158,  20,  87, 126,  86,  73,  23,  30, 155,   5, 140,  24,  88,   8,   9, 142, 141,  18, 189, 174,  69,  96],
  [ 97,  53,  33, 120,  40,  96,  95, 150,   1,  90,  68,  80,  82,  63,  77, 167,  81,  66,  93,  76, 126, 111,  67,  51,  23,  52,  32, 110, 112,  31, 119,  56, 148,   8, 104,  86, 141, 123,  39, 114, 106,  71,  38,  83,  62, 149, 127, 107, 115, 130],
  [ 33, 112,  39, 106, 120,  78,  83, 104,  32,  96,  80,  77,  40,  53,  52,  68,  65,  76,  63, 167, 116, 129,  82, 115,  90, 108,  95, 134,  86,  81,  51, 141,  97, 146,  91, 148, 100, 157, 144, 114, 113,  22,  93,  48, 143, 121, 130,   1, 119,   0],
  [ 40,  39,  33, 148, 149,  83,  31,   5,  86,  42,  84,  20, 141, 170, 112,  58, 150, 127,  18,  43, 142, 155, 161,  74, 139,  85,  16, 193, 114,  28,  87, 116, 138,  26,  41, 190,  30,   8,   7,  69, 191, 178,   4, 195,  73, 188,  13,  11, 121, 140],
  [ 33,  83,  39,  86, 116,   0,  40, 100, 112,  68, 159, 113,  53,  85, 170, 101,  43, 114,  42, 126, 141, 148,  84,  45,  38,  96,  32, 150,  49, 169, 158, 149, 127, 155,  62,  97, 115,  87, 140,  20,  71, 129,  48,  47,  35,  31,  46,  65,  72, 171],
  [106, 159,  53,  33,  38,  49,  79,   0,  40,  43, 123, 116, 148,  62, 170,  83,  68,  42,  87,   5, 150,  24,  84,  86, 149,  70,  39, 155, 161,   9, 112, 158,   4,  20,  97,  82, 171,  14,  10,  27,  18, 140,  96,  80,  15, 160,  52, 122,  74,  41],
  [ 35,  24,  40,  38, 148, 112, 161,  53,  79,   5,  83, 123,  33, 106,  27,  87,  49,  86, 193,  20,  31,  17,   8, 187, 159,  68, 182,   3, 186, 149,  88, 177, 160, 165, 179, 195, 189, 156,  97,  10, 191, 139, 178, 194,  52, 176, 188, 167, 175,  80],
  [161, 163, 106,   0,   5, 123, 117, 176, 175, 181,  39, 160, 137, 150, 165, 193, 190, 132, 178, 173, 179,  65, 191, 194, 124, 177, 187, 131,  16, 188, 180, 197,  73, 189, 174, 185,  79,   4, 195,  58,  38,  10, 186,  42,  86,   7,   6, 149, 162,  72],
  [110,  35,  53,  49,  47,  62,  24,  83,  88,  38, 126,  94, 101, 122, 155, 112, 100,  67,  66,  52, 113, 111, 140, 182, 127,  92,  34, 114,  97, 102,  51, 115,  31,  50, 170, 152,  68,  33,  93,  96, 119,  44, 158,  76, 107,  43,  81,  89,  85,  99],
  [ 64,  38, 106,  29, 112,   0,  79, 137,  95,  88,  75,  50,  96, 145, 100,  49,  98,  39,  83,  32, 169,  35,  77,  89,  45, 161, 135,  93, 167, 136,  24,  68, 119, 146,  43, 113,  86,  52,  31,  51,  23,  17,  54, 127, 129,  33,   1,  76,  34,  15],
  [121, 166,  21, 137,  35, 187, 161, 182, 118, 196,   3,   4, 195, 180, 177,  17, 160, 125, 163, 189,  11,  70,  45, 135, 153, 194,  25, 188, 185,  16, 175, 191, 179,  60,  14,   8, 112, 186, 139,   5, 197,  27, 142,  42,  40,  29, 192, 193, 190, 174],
  [151,  98, 152, 103,  58, 122, 147, 105, 164,  65, 104, 124,  57, 153, 111,  61, 118, 165,  51, 150,  54, 154,  31,  41, 181,  43, 163, 125, 162, 121,  37,  55, 114,  22, 117, 136, 160, 133,  73,  97, 130, 157, 158,  45,  47,  32, 182,  38,  60, 183],
  [ 49, 126, 112,  31,  38, 100,  62, 159,  35,  64, 102, 114, 110,  85,   0, 140, 101,  53, 123, 155,  33, 158,  89,  21,  79, 122,  84,  97, 116,  83, 127,  50,  34,  47,  67, 148, 151,  24,  68, 111,  52,  51, 169,  48,  99, 139, 160,  77, 105,  41],
  [ 42,  60, 163,  21, 161,  45,  72, 121,  20,   5,   4, 141, 176,  40, 117, 125, 131, 187,  39,  70,  73, 174, 175, 142, 196,  74,  69, 190,   8,  87, 178,   3, 177, 191,  16, 180, 179, 137,   7, 185, 132,  13, 189, 194, 192, 188,  27, 195, 193, 186],
  [159,  40,  24,   5, 138,  49,  38, 161, 170, 160,  43, 140, 148,   4,  21, 155, 158, 189,   0, 106, 175, 181, 177, 195, 191,   8,  73, 193,  53, 179, 112, 182, 176, 110,  74, 149, 188, 187, 174,  39, 194, 123,  10,  31,  41, 178, 180, 132,  19, 190],
  [ 39,  40,  85,  83,  86,  31,  87,  33, 159,  43,  84, 170, 169,  41, 155,  42, 142,  72, 113,  57, 149, 161, 148,  45, 114,  58, 158, 140, 101,   5, 171, 154, 127,   0,  26,   4,  70,  18,  29, 116,  20, 150,  69, 138,  15, 128, 156, 112, 100,  55],
  [ 40,  39,  33,  83, 149,   5, 148,   0,  86, 141, 145, 106,  68,   9,  42, 159, 170,  53,  87, 112,   8,  32,  20, 150, 193, 167,  72,  46, 142, 174,  13,  84, 130, 171,  29, 190, 138, 161,  58, 178, 146,  74,  85, 176,   4, 189,  45,  73,  96,   7],
  [ 40,  39,  33, 149, 141,  83, 150,  42, 148,  18, 170, 116,   5, 138,  87,  74, 106,  73, 145,  86,  53, 193,  13, 171,  16, 132,  84,  28, 178,  58,  68, 167,  20, 165,  21, 190, 140,   7, 120, 142,  97, 191, 146, 186, 179, 188,  71, 174,   4,  69],
  [ 40,  39, 149,  33, 148,   0, 112,  42,  86,  83, 141, 106, 121,   5, 120, 150, 170,  31,  68,  74, 127, 138,  20, 193, 114,  53,  13,  18,  84, 146,  87, 190,  16,   7, 167,   8, 178, 142,   4,  21, 191, 179,  72, 188, 189, 174,  71, 195, 177,  96],
  [106, 167,  80,  82, 123,  68,  63,  77, 104,  52, 120,  39,  90,  78,  87,  76,  96, 116, 119, 112,  50,  83,  23,  32,  91, 105,  81,  22, 134,  86,  53,  40,  51,  95,  38,  33,  93,  66,  67,   1,  65,  64, 149,  62,  97,  49,   8, 148,  20, 111],
  [120, 134, 105,  63,  91,  90,  22,  77,  82,  76,  95,  81, 107,   1,  80,  67, 103,  93,  51,  50, 104, 119,  66, 111, 108,  92,  89,  52, 167,  78, 109, 146,  23,  96,  97, 152,  68, 122,  94, 136, 106, 123,  62, 145,  53,  65,  64,  32, 157, 130],
  [  1,  22, 105, 134, 120,  95,  80,  78,  90, 136, 107,  63, 106,  77,  91, 153,  82, 109,  76,  81, 119, 108,  92, 103, 123,  93,  66,  52,  51,  67,  23, 164,  97,  32, 147, 157, 167,  96, 146,  28, 150, 130,  89,  44, 122, 111,  24, 152,  68,   8],
  [  0, 161,  43,  88,  31, 181, 159,   4,  29,  37, 138,  60, 131, 158, 150,  85, 189, 182, 175,  21, 118, 195,  11, 177, 191, 121, 160, 163, 184,  73,  84,  49,   3, 110, 162,  14,  19, 155, 187, 194, 132, 188, 179, 139,   5, 164,  75, 180, 151,  12],
  [ 49, 110,  75, 152,  62,  35,  47, 111, 122,  67, 107, 101, 112, 100, 102,  51, 126,  88,  79,  38,  66,  89,  52, 155,  24, 160,  64,  31, 118,  34,  93, 133, 103, 129,  43,  53, 154, 182,  80, 127, 114,  85,  70,  25,  81,  46,  50, 140,  37,  94],
  [ 64, 105,  51,  50,  91,  97,  38,  22,  82, 136, 134, 164, 122, 167, 103, 123, 120,   1,  90,  63,  68,  67,  77,  76,  52,  81, 119,  89, 111,  57,  78,  54, 109, 102,  95,  62, 151, 110, 106,  98, 153,  92,  48,  49, 160,  66, 124,  80,  31,  93],
  [ 49,   0, 112,  24, 159,  35, 135,  75,  79, 160, 161,  38,  29, 140,  43, 133,  60,  53,  11,  88,   8,  30,  17, 148, 131, 150, 123, 145,  93,   4,  39, 158,  96, 127, 138, 196,  37,  85,  62,  21,  65, 119, 139, 118,  19,   9, 177, 100, 187,   5],
  [ 97,  49,  62, 122,  53, 100, 101,  89,  67, 126,  34,  52,  38,  83, 159, 115,  90,  64,  82,  35,  57,  76, 119, 113, 102, 111,  99,  68,  81,  50,  66,  80, 116, 129, 140,  63,  85,  91, 110,  96,  86, 114, 169, 112,  93, 104,  77,  51,  31,  79],
  [120, 105,  90,  63,  77,  82,  76,  91, 134,  50,  92, 123, 119,  67,  81,   1,  68,  97, 103,  95,  51,  52,  66, 109,  80,  96, 167,  93,  64,  78, 111, 122, 106,  89,  22, 136,  53,  24,  38, 104,  62, 108, 107, 152,  32, 112,  94,  34,  54, 126],
  [134,  22,  91, 120,  80,  63,  82,  90, 105,  95,  77,  51,  81, 107, 103, 106,  76, 167,  52,  78, 104,  50, 119,  67,  93, 123, 111,  66,   1,  89,  97,  23,  96, 152,  65,  68, 109, 108, 136,  53,  62,  92,  32, 130, 146,  38, 157, 122,  61,  64],
  [ 31, 139, 114, 150, 127,  97,  39,   0,  49, 112,  53, 168,  40, 171, 140, 170,  33,  21, 129, 159, 155, 101, 116, 154, 149,  85, 148,  28, 138,   5, 126,  11,  84,  73,  83, 121,  60, 143,  61,  58,  96, 166, 162,  45,  71,  14, 118, 181, 156, 130],
  [ 40, 149,  39, 148, 141,  18, 150,  42,  83,  28,  74, 140,  33,   5,  68,  87, 170,  71,  43,  41, 146,  86, 167,  31, 138,  84, 106,  85,  19,  72,  53, 193,  56,   4, 131,  45,  58,  20,   7,  73, 142, 159, 190,  46, 116, 101, 132,  69, 178, 113],
  [ 22, 120,  63, 105, 134,  80,  95,  90,  82,  77,  97,  76,  91,  78, 109,  96, 104, 123, 106,  81, 141,  68, 103,  65,   1, 119, 167,  51,  40, 111,  92, 112,  67, 107,  93,  52,  32, 150, 130,  50,  53,  39,  66, 149,  83,  33,  23, 116, 115, 108],
  [141, 112,  39,  33,  32,  83,  86,  40,  35,  53, 130,  30, 143,  42,   8, 167, 116,  96, 114,  45,  71, 148, 115,  68,  20, 127,  44,  13,  46, 157,  56, 126, 135,  28, 146,   5, 129,  65, 113, 149, 100,  84, 120, 106,  87,  97,  18, 144, 128, 150],
  [ 97, 106, 105,  96,  39,  68,   1,  82,  95, 109,  77,  78, 167,  76, 120,  53,  90,  63, 112,  32,   0,  81,  52,  80,  83,  91,  51,  57, 104, 115, 119,  67, 141, 129, 150, 149, 147, 169,  50, 157,  54,  38,  64, 134,  49, 103,  22, 111, 108,  93],
  [134, 136, 105, 103,  22,   1, 108,  95,  90,  63, 120,  91,  76,  77,  67, 109, 107,  81, 111, 152, 119,  82,  51,  94, 104,  66,  96,  89,  93,  32,  80,  92,  65,  52, 115, 133, 122,  78, 157, 146,  50, 129,  48, 144,  97, 137,  98,  64, 167, 100],
  [120, 105, 134,  91,  90,   1,  63,  77,  76,  82,  95,  81, 119,  22,  93,  67,  80,  66,  92, 103,  50,  78,  89, 107,  97, 108,  51,  52,  96, 109, 122, 111, 167, 104,  68,  94, 136,  23,  64, 123,  62, 146, 152,  53,  32, 106,  48,  38, 115, 157],
  [ 22, 130, 153,  23, 134, 146, 135,  92, 145,  17, 187,  80, 186,  13, 107, 165, 149,   8,  95, 104, 185, 166,   6, 120, 147, 119, 118, 194,  28,  44, 179, 108, 190, 180,  19, 123,  40, 176, 106,  65, 177, 103, 163,  63, 195, 121,  32, 193,  93,  91],
  [ 24,  35, 112,  38, 123,  64, 103,  75, 182, 110,  79,  51,  94,  50, 111, 107, 152,  34, 137,  80,  95, 136, 161,  93, 121, 100,  92,  88, 118,  67, 119,  31,  52, 122,  91,  70,  37,  89, 134,  47,  66, 126,   8, 130,  77, 164,  63, 166, 184, 114],
  [157, 153, 136,  98, 164, 125, 103,   1, 183,  37, 166,  57, 130,  61, 118, 162,  32, 134, 108, 128, 143, 147,  54,  75, 154, 152,  44, 129,  55,  22,  58, 115, 144, 197,  56,  26, 150, 117,  60, 121, 135,  28,   2,   6, 139, 124,  59,  70,  11,  13],
  [123,  24, 121, 164, 107,  35,  37,  80,   8, 153,  22, 118, 143, 130, 110, 187, 134, 176,  79,  92, 166,  75, 186, 152,  61, 124,   3,  27, 194, 180, 112, 103, 157, 108, 185, 177, 195, 175, 139, 191, 179,  77, 161,  16,  93, 197, 172,  17,   5, 119],
  [136, 103, 152,   1,  32, 134, 111,  95, 105, 133,  51, 107, 122,  67,  96,  91,  66, 104,  52,  90,  63,  93,  75,  64, 119, 108,  97,  76,   0,  80,  22,  37,  82, 137,  81,  48, 123, 157,  77,  89, 115, 129,  38,  57,  65, 100, 125,  99,  62,  50],
  [120,   1,  78,  82, 119,  63,  91,  77,  76,  81,  90, 122, 105,  80, 108,  95,  93,  22,  66, 104,  92,  96,  67, 107,  97,  52,  89, 134, 109, 167,  23,  68, 146,  50, 147,  53, 106,  62,  94, 111, 157,  32, 141, 145,  51, 103,   9,  46, 130,  34],
  [ 22,  78,   8, 149,  28, 120, 121, 166,   6, 167, 153,  13,  40, 186, 187,  74, 146, 176,  36, 188, 190,   5, 193, 192, 185,   7, 165, 194,  61, 130, 178, 179, 191,  27,  20, 197, 177,  21, 180,   2, 195,  16, 150, 148, 196, 141,   9, 117,  18, 108],
  [ 40,  39, 148, 149,  87, 146,   5,  33,  42,   8, 193, 141,  20,  83,  86,  21,  28,  32,  18,  74,  27, 190, 130,  73,  16, 176, 138, 186, 167, 178, 174, 179, 185, 106, 142, 196,  69, 191, 161, 195, 177,  46, 132,   7, 194, 187, 189, 175,  53, 192],
  [ 96, 106,  80,  95,  63,  53, 120,  82,  90,  76,  68, 104,  77,  40,  52, 112,  39,  81,  93,  78, 119,  65,  51,  66, 111, 150,  97,  23,  50,  67, 123, 167, 105,  33, 109,  91,  38,  49,  32, 107,  22, 149, 108,  62,   1,   0, 134, 145,  30,  83],
  [ 22, 120,   1, 105, 134,  91,  90,  63,  95,  82,  78, 104,  76,  77,  81,  80, 107, 103,  51, 167,  52, 109, 119,  97,  96, 108, 111,  67,  50,  93,  66, 106, 146,  32,  65, 136, 157, 123,  68,  92, 149,  57, 152,  89, 141, 150,  23,  39, 122, 144],
  [ 33, 106, 112, 167,   1, 104,  83,  68,  50, 120,  40,  51,  32,  63,  82,  77,  90,  39,  91,  65,  52,  76,  53,  80,  78, 105, 103, 146,  96,  97,  86, 130, 141,  81,  95,  57, 134, 127,  56, 123, 111, 114, 149,  46, 126, 121,  38, 148,  93,  22],
  [120,  96,  95,  22,  90,  97,  63,  77,  82, 105, 167,  80,  68,  76,  51, 134,  81,  78, 123, 119,  91, 112,  52,  53,  93,  32,  50, 109,   1,  23,  39, 106,  40,  92,  66,  67, 104, 111, 149,  83, 103, 150, 107,  33, 141, 130,  65, 108,  57,  38],
  [ 24,  68, 167,  44, 146,  40, 120,   1,  51,  23,  90, 134, 106,  63,  64,  53,  96,  50,  92,  83,  95, 145, 141,  76, 115,  82,  77, 144, 129,  94,  89, 119,  54, 109,  93,  32,  91,  78,  28,  56,  81,  38,  19, 101,  66, 156,  65,  52,  80,  67],
  [154,  56,  57, 157,  44, 115,   1, 183, 129, 113, 126, 144,  70,  85,  98,  48,  33, 143, 114, 140, 128, 100,  99,  34,  32,  47,  54,  25, 101, 155,  86,  11, 110, 127, 103,  55,  41,  84, 139,  45,  71, 125, 142,  75,  36,  31,  12, 169,  58,  83],
  [ 89,  66,  95, 107,  93,  91, 120, 146, 134,  67,  51,  62,  80,  77,  50, 119,  81,   1,  76, 108, 105,  52,  63, 111,  23, 103,  82,  90,  75, 145,  92,  35,  96, 122, 104,  24,  49,  38,  94, 136,  88, 133,  22, 152,  64,  68,   8,  17,  97,  46],
  [103,   1,  57, 144, 134, 115,  91, 104, 113, 154, 100,  34, 167, 157, 137, 129,  32, 136,  46,  48,  90,  96,  98,  44,  51,  89,  76, 108,  22, 146,  83,  63,  71,  66,  52, 145,  47, 107, 152, 143, 141,  99,  33,  94,  35, 147,  65,  25, 111,  78],
  [ 91,  76, 120,  66,  67, 107,  90,  81, 122, 103,   1,  95,  63,  82,  89,  77, 111,  97,  93, 108, 105,  80, 104,  52, 134, 119,  62, 102,  78, 115, 109,  96,  51,  92,  53,  94,  50, 136,  48, 167, 110, 152,  49, 113, 129, 157,  22,  57,  34,  47],
  [120,  96, 109,  63,  78,  76,  95,  92, 119,  82,  77,  90,  80,  91,  81, 123,  97, 105,  93,  67, 167,  53, 106,  66, 122,  22,  52,  23, 104,  68,   1, 134, 111,  50, 108,   0,  51, 107, 103,  94, 112, 149,  38, 150, 159, 136,  39,  89,  49,  32],
  [ 80,  23, 107,  93,  95, 120,  66,  77,  82,  63, 119,  81,  76, 134,   1, 108,  52,  22, 105,  67,  96,  53, 106,  90,  78, 104,  91,  89,  92,  62, 109, 111, 146, 122,  97,  51,  68,  32,  50, 123, 152,  94, 145,  38, 150, 130, 133, 141,   9,  33],
  [134, 123, 103,  51,  65,  22, 136,  50, 105,  94, 152,  32,  63, 111,  92, 119, 137, 120,  67,  95,  24,  61, 124, 145,  64,  66,  91,  52, 135,  93,  76, 112,  83,  54, 107,  68, 100,  81,  38, 118, 125,  77,  90,  89, 106, 130,  80, 104,  82, 162],
  [ 97,  95,  91, 119,  77,  63,  76,  90, 105,  82,  67, 109,  81, 122,  80,  66,  93, 120,  92,  96,  78, 111,  53,  52, 108,  89,   1, 134, 107, 123,  50, 102, 104,  68, 103,  22,  94,  51, 126, 167,  49, 106,  38, 136, 115,  48,  62,  64, 112, 152],
  [146, 149,  40, 150, 141,  23,  20,  42, 145,   1,  39, 120,  13,  68,  74,  33, 106,  18, 148,  92, 130,  97,  28,  24, 167, 163, 131, 138, 178, 135,  44,  53, 193,  32,   8, 186, 172,  73, 179,  69, 190, 188, 185, 132,  16, 165,  22, 191,  83,  96],
  [106,  40,  39, 167,  22,  68, 149, 120,  80,  82, 146, 141,  83,   1,  77,  23,  33,  78,  63, 104, 123, 145, 148,  65,  90,  96,  95, 112, 105,   5, 109,  91,  81,  53,  76, 119, 176,  32, 116,  50,  93, 134,  87, 193,  20, 190, 150,  18,  51,  52],
  [ 32, 141,   1,  33, 146,  39, 130,  83,  86,  46,  96, 120, 167, 104, 106, 145, 112,  68,  40, 149,  22, 144, 115,  65, 100, 134,  42,  77,  87,  30,  95,  63, 157,  76,  44,  78,  82, 113,  45, 129, 169,  90, 148,  80, 108,  54,  50, 150, 119,  13],
  [  1,  78, 104, 120,  80,  63,  90,  77,  91,  33,  76, 112,  82,  52, 167,  96,  95, 115,  81,  46,  68,  97, 105,  93,  23, 106, 134, 108, 141,  48,  22, 119,  83,  32, 107, 116,  50,  86,  66,  39,  53, 103, 111, 130,  71,  67, 146, 109, 113, 144],
  [106,  96,  95,  22,  82,  63,  77,  80, 104,  52,  39, 120, 112,  32,   1,  90,  81,  93,  33,  23, 123,  76,  51,   0, 119, 105,  53, 134,  66,  83,  65,  50, 107,  62,  67, 141, 149,  38, 111,  68,  30,  91,  97, 146,  86, 167,  40,  78, 108,  18],
  [104, 145,  23, 146, 120,  33,  46,  40, 116, 102,  76,  63, 135,  96,  53,  62,  49,  91, 144, 106,  68,  66,  81,  93, 100,  92,  77,  39,  42,  83, 141,  82,  65,  29,  67, 119, 113, 122, 130,  28, 108,  80,  18, 129,  94, 107,   1,  52, 111,  95],
  [  1, 134,  22, 152, 103, 120, 104, 146,  56, 107, 105,  51, 157,  63,  32, 124,  28, 108, 136, 165,  65,  82, 111,  57,  61,  91, 143, 110,  90, 162,  44,  77, 135, 130, 164, 166,  16,   6,   2, 167, 163,  54, 141, 125, 144,  66,  37,  67, 113, 123],
  [  1, 146, 120,  22, 157, 107, 108,  23, 167, 134,  89,  28, 186, 145, 149,  32,  27,  36,  18,  91,  17,   9,  90, 141, 193,   6,   7,  37, 192, 190,  16,  81, 147, 104, 165,  93,  13,   5, 105, 178, 194,  80, 106,   2, 133,   8, 148, 136, 176,  77],
  [120, 105, 108, 134,  22,  78,  77,  92,  80,  90,   1,  91,  63,  95,  76,  81,  93,  82, 146, 119,  89, 109,  66, 107, 167, 104,  67, 106,  51,  52, 157,  97,  50, 103, 123,  68, 111,  94,  32, 130,  96, 152, 136,  23,  34,  36, 135,  53, 122, 149],
  [105, 134, 120,  90,  63,  91,  82,  77,  22,  76,   1,  81,  67, 119, 103,  95,  51, 136,  93,  80,  66,  89, 111,  52,  50, 107,  78, 109,  96,  92,  64, 167, 123,  97, 108, 104,  68, 122,  94, 152,  62, 106,  32,  23,  38,  53, 102, 146, 157,  48],
  [105, 120,  77,  92,  91,  95, 109,   1,  63,  90,  81, 119,  82,  93,  76,  80,  24,  22,  97,  66,  78, 108,  67, 134, 107,  94,  89, 106,  68, 111,  53, 123,  96, 167, 122,  52,  23,  50, 103,  62, 102,  64, 136,  48,  51, 126, 104, 146, 168, 157],
  [ 90, 105, 120,  63, 134,  76,  77,  91,  80, 119,  67,  93,  95,  81,  82, 107,  66,  89,  78,  22,  50, 103, 108,  92,  52, 111, 122, 104, 109,  51, 136,   1, 123,  96,  23,  94,  64, 152,  97,  62,  68, 167, 106,  53,  38, 102, 137,  65, 146, 145],
  [ 22,  78, 134, 105, 153,   1, 157, 167,  28,   6, 120, 104,  91, 103,  36,  32, 149, 136, 141, 108, 197, 137, 164, 186, 147, 165,  65, 123, 176,  63, 130, 107,  13, 117,  98, 187, 150, 109, 106, 152,   2, 121,  80,  77, 166, 194, 146, 180, 179, 178],
  [ 29, 131,  99,  23, 137, 108,  92, 135, 145,  86,  25,  89,  46,  88, 146,  98, 169,  96, 144,  93, 161,  34, 100,  19, 158,  17,  47,  18,  72,  76,  66,  84,  53,  68, 119, 141,  43,  45,  31,   0,   1,  79,  95,   4,  71,  35,  30,  13, 173,  85],
  [112, 135, 130, 146,  40, 108, 121,  33, 127, 141, 106, 104,  86,  46,  42, 118,  30, 166,   8, 157,  37, 167, 148,  32,  56,  21,  28, 149, 140,  20,  39, 142, 172, 143,  35,  83,  17, 193,  23, 128, 196,  11,   5,  16,  87, 170,  15, 185, 187,  53],
  [ 40, 167, 106, 141,  33,  39,  53,  83,  78,  23, 120, 149,  68,   1, 148,  80,  82, 146,  87,  86,  18,  96,  90,  77,  97,  52,  42, 104, 112,  63,   5,  81,  76,  20,  91, 145, 150, 119,  93,   8,  95,  32, 109, 116,  28,  50,   9,  65,  35,  30],
  [120,  68,  90,  23,  95,  77,  96,  63,  22,  82, 119,  50,  76, 106,  80,  81,  40, 134,  93,  53, 105,  78,  51,  92, 167,  66,  91,  97,  24, 109,  52, 123,   1,  39,  67,  83, 112, 145,  89, 146,  33,  32, 149,  38, 104,  65, 111,  62, 141, 130],
  [120,  22,  90, 105, 167, 134, 106,  63,  77,  95, 109,  82,  92, 119,  76,  81,  80,  91,   1,  68,  96,  93,  51,  23,  78,  50,  97,  67, 136, 145,  89,  66, 146, 123, 141, 107, 103,  53,  94, 104,  52,  39,  83, 108, 149,  32, 111, 150,  24, 130],
  [105, 120, 134,  90,  95,  63,  77,  76,  81, 119,  82,  80,  93,  67,  22,  91,  78,  66,  96, 109,   1,  52, 107,  92, 136,  51, 122, 111,  97, 108,  50,  89,  94, 103,  23, 104,  68,  53,  62, 123, 106, 167, 102, 152,  64,  38,  32,  65,  48,  24],
  [105, 120, 122, 134,  91,  95,  90,  76,  63, 107,  93,  67,  81, 119,  66,  77,  22,  80, 136,  82, 108, 111,  89,  92,  78, 103, 109,   1,  52, 104, 152,  51,  94,  96,  50,  97,  62, 123, 102,  23,  64, 147,  68, 133,  38,  65,  53, 167, 146,  75],
  [  1, 134,  91,  22, 120, 105, 103,  63,  76, 136,  77,  95,  90, 108,  82, 119,  50, 146,  92,  78, 107,  81, 104, 167,  93,  66,  94,  51,  89,  96,  80,  67,  52, 137,  32, 109, 122, 147, 111, 145,  64, 157, 144,  68,  97,  23,  98, 152,  54, 123],
  [  1, 134, 120, 105,  91,  22,  63,  76,  90,  77, 103,  78, 119,  82,  95, 108, 104, 136,  92,  81,  80, 107,  93,  50,  66,  67,  96,  52, 122, 109,  51,  94,  89, 111, 167,  97, 152, 137,  32, 123, 146,  68, 106,  23, 147,  54, 157,  64, 130,  65],
  [ 91, 105,   1, 120, 134,  22,  82, 122,  63,  76, 103,  77,  90, 119,  78,  81,  95,  50, 109, 104,  92,  67,  66, 136, 107,  80,  93, 167,  52,  64,  51,  94,  97, 147, 111,  89,  96, 108,  68, 152, 106,  23, 123,  62,  38, 102, 146,  48,  65,  54],
  [134,   1,  22,  91, 120, 105, 103,  63,  76, 108,  78, 136,  90,  77,  82, 119,  95,  92, 104,  81, 107,  94,  50,  66,  93,  80,  51,  67, 146,  52,  89, 109, 167, 111,  96, 122, 137, 157,  32,  97, 147,  54, 152,  64,  98, 123, 144,  68,  23,  65],
  [  1, 134, 120,  91, 105,  63,  22,  76,  90, 103, 119,  95,  77,  82,  92,  81,  66, 108,  93, 107, 136,  78,  67, 122,  89,  80,  50,  94, 104,  51,  52, 109,  96, 111, 167,  23,  97, 146, 137, 147, 152,  64,  68,  32, 145, 123,  62,  54, 157,  48],
  [  1, 134,  91, 105, 120,  22, 103,  63,  76,  90, 108, 136,  77,  78,  95, 119,  82,  92, 107,  81,  93, 104,  66,  50,  94,  67,  89,  80,  51,  52, 122, 109, 167,  96, 111, 146, 137,  97,  64, 147,  32, 157, 152,  54,  98,  68,  23, 123, 144,  57],
  [  1, 134,  22,  91, 105, 120, 103, 108,  63, 136,  76,  78,  77, 107,  95,  90, 119,  81,  82,  66, 104,  94,  93,  92,  51,  80,  67,  52,  50, 122,  96, 111, 146,  89, 109, 157, 147, 137, 167,  32, 152,  97, 123,  98, 153,  64,  23,  54, 133,  65],
  [ 91, 120,  22, 105,  78,  82, 119,  77,  63, 134,  80,  76,  81,  93,  95,  90,  92, 123,  66, 122,  50, 106, 167,  89, 109,  52,  67,  23, 107,  96, 108,   1,  51,  64,  68, 104, 136,  94, 103, 111,  38,  97,  53,  62, 146, 147, 149, 102,  79,  24],
  [ 22, 120, 105,   1, 134,  82,  91,  90, 123,  77,  63,  51,  78,  76,  68, 167,  95,  81, 119,  50, 109,  80,  96,  92,  93,  52, 103,  97,  66,  32,  67,  64, 106,  89, 107,  48, 108, 157, 146, 111, 112,  83,  65, 149,  94,  24, 136,  39, 104,  33],
  [120,  22,  68,  90,  78,  77, 167,  96,  63,  76, 134,  97, 109,  82,  81,  51, 105, 119,  40,  91,  92,  50, 112,   1,  95, 141,  80,  83,  93,  52, 123,  23, 106, 104,  66,  53, 146,  33, 103,  65,  71,  57,  34,  48, 115,  39,  67, 113,  32, 108],
  [105,   1, 120, 134,  91,  90,  22,  97,  77,  63,  82,  76,  95, 119, 103,  81,  89,  67,  50,  92, 136, 108,  66,  93,  32,  78,  94, 111,  54,  96,  98,  52,  51, 167, 104, 115, 109,  57, 157, 107,  68,  44,  80, 129,  62,  64, 122,  99,  48, 113],
  [  1, 105, 134, 120,  91,  90,  63,  92,  76, 119,  95,  77,  82,  22, 108,  81, 103,  67,  93,  89,  50, 136,  66,  80,  97, 109, 167,  78, 107,  94, 122,  96,  51, 111,  52,  68, 104,  64,  32, 146, 123, 137,  62,  23, 152,  54, 157, 145, 106,  48],
  [134, 120, 105,  91,   1,  22,  63, 103,  76,  90, 136,  77, 107,  92, 108,  95, 119,  94,  82,  81,  93,  66,  78,  67,  80, 122, 109,  89,  50, 104,  51, 111,  52,  23, 146,  96, 147, 152,  64, 167, 137,  97, 145,  68, 123, 133,  62, 157, 102,  48],
  [  1, 134, 105, 120,  22,  91, 103, 108, 136,  63,  78,  90,  76,  77,  95, 119, 107,  92,  81,  82,  93,  66,  94,  80, 104,  50,  89,  67,  51, 146, 109, 167,  52, 111,  96, 137,  32, 122, 147, 157,  97,  64, 123,  98,  54, 152, 153,  68, 144,  48],
  [134, 120,  91, 105,   1,  22,  63,  76,  77,  92, 119,  90, 108,  78, 103,  95,  93,  81, 136,  50,  94,  66,  82, 104,  89, 107,  80,  67,  51, 146,  96, 109,  52,  23, 167, 137, 111, 122,  68, 123,  32,  97,  64,  54, 144, 145, 152, 135,  98, 130],
  [  1, 134,  91, 105, 120, 103,  22,  63,  76,  90, 108,  77,  82, 136, 119,  92,  78,  95,  50,  81, 104,  66,  89,  51, 107,  93,  67,  52,  94,  32,  96,  80,  97, 146, 167, 111, 157, 109, 122,  54,  57,  68, 137, 144,  98, 152, 115,  64, 147,  34],
  [  1, 134,  91,  22, 105, 120, 103, 136,  63,  90,  76, 108,  95, 107,  77, 119,  81,  78,  82,  92,  93,  66, 104,  94,  67,  80,  89, 122,  51,  50, 109, 111,  96,  52, 167, 146, 137, 147, 157, 152,  97,  32,  23,  64, 133,  54,  98, 123, 145, 144],
  [  1, 134, 105,  91, 120,  22,  63, 103,  76,  90,  77,  95, 108, 119, 136,  82,  81,  78,  92, 107,  93,  66,  67,  80,  50, 104,  94,  89,  51, 122,  52, 111, 109,  96, 167, 146,  97, 137,  32, 152,  64, 157, 123,  23, 147,  68,  54,  98, 145, 133],
  [134,   1,  91, 103, 105,  22, 120,  63,  76, 136,  90,  77,  95, 119, 107,  82,  78,  81,  50,  51, 104, 108,  66,  92,  67,  94,  93,  80,  52, 111,  89, 122,  96, 109, 152, 167,  64,  97,  32, 137,  54, 146, 147, 123,  98,  68,  65, 157,  23, 144],
  [134,   1,  91, 120,  22, 103, 105, 136,  63,  90,  76, 104, 108,  92,  78, 119, 107,  77,  94,  89,  50,  81,  82,  95,  66, 146, 137, 167,  67,  93,  51, 144, 122, 109,  52, 111,  80,  96, 147,  54,  32, 152, 157, 145,  98,  57,  23,  64,  34,  68],
  [  1, 134,  91, 105, 120,  22, 103,  63,  76,  90,  77,  95, 119, 108, 136,  82,  78,  81,  93,  92,  66,  50, 107,  80,  94,  67,  89,  51,  52, 104, 122,  96, 109, 111, 167,  64, 146,  97, 137, 147,  32,  68, 123,  23,  98, 152,  54, 157,  48,  65],
  [  1, 134,  91, 120, 105,  22, 103,  63,  90,  76,  78,  82,  77, 108,  95, 136, 119, 107,  92,  81,  50, 104,  80,  93,  66,  67,  89, 167,  94, 109,  51,  52, 122, 111, 146,  96,  97, 147,  64, 157,  32, 137,  54,  68,  98, 152, 123,  23, 144,  57],
  [ 22, 134,   1, 105, 120, 103, 108,  91, 107, 104,  63, 146, 136,  77, 157,  32,  90,  76,  95,  81,  66,  78,  93, 119,  51, 152,  82,  89,  80,  67, 111,  94,  52, 145,  50, 147,  57,  65,  92,  97,  46, 144, 122,  44,  98, 137, 133,  96, 109, 130],
  [ 91, 134, 105,  22, 120,   1,  63, 104,  90,  76,  77, 103,  82,  81, 119,  80,  78,  95,  50, 108, 167,  93,  92,  52, 107,  66,  51, 109,  67,  96,  89,  94, 111, 106, 136,  97, 123,  68,  32,  23, 152, 146, 122, 157, 137, 115,  64,  65, 141,  57]]]


