 [[ 79,  77,  76, 186,  64,  62,  80, 182,  51,  65, 111,  49, 167,  63, 145,  78,  52,  89,  92, 185, 146, 195, 180, 160,  48, 126,  82,  96,  75, 193, 143, 163,  50, 164, 150, 171, 159, 194, 108, 156, 176, 181,   9, 178,  47, 149, 151, 147, 148,   8],
  [ 97,  54, 141,  55,  10,  45, 112,  30,  31,  24,  43,  90,  98,  46,  14,  25,  56,  28,  27,  13,   2,  11,  15,  29,   3,  12,  26,  17,  16,  96, 113, 127,  41,  39,  63,   4,  18,  44,  65,  19,  74, 103,  42,  32,  40,  57,  66,  64, 170,   5],
  [ 62,  53, 189,   0,  72, 126, 188,  61, 110, 163, 157, 180, 190, 143,  54, 160, 173, 149, 166,  78, 152, 165, 142, 134,  96, 135, 140,  93, 132, 171, 150,  63, 156, 130, 139, 137, 147, 153,  34, 103, 194, 136, 175, 124,  66, 123, 109, 128, 184, 174],
  [ 62, 189,   0,  53,  72, 126, 188,  61, 110, 163, 157, 180, 190, 143, 166, 160, 149, 173, 152,  54,  78, 165, 134, 142, 140, 135,  93,  96, 171, 132, 150, 139, 137, 147, 156,  63, 153, 130, 170,  34, 184, 136, 109, 103, 124, 194, 175, 123, 128,  69],
  [ 62, 189,  53, 126,   0,  72, 188,  61, 110, 163, 157, 180, 190, 143, 160, 149, 173, 166,  78, 152,  54, 165, 142, 134,  93, 135,  96, 140, 171, 132,  63, 150, 156, 139, 137, 147, 153, 130, 136,  34, 194, 109, 175, 123, 124, 103, 184, 128, 174, 129],
  [  0, 126, 189,  62,  72, 188,  53,  61, 110, 180, 163, 157, 190,  85, 170,  54, 184,  83,  66, 173, 166, 149, 152, 171, 160, 134, 165,  93, 142, 143, 182, 140, 135,  78,  63, 139, 150, 194, 137, 128, 132, 153, 147, 136, 156,  96, 123, 159, 175, 169],
  [ 74,  43,  28,  42,  19,  11,  29,  41,   2,  14,  26,  17,  16,  25,  15,   4,   3,  13,  18,  27,  12, 113,  32,  40,   5,  99,  30,   1,  31, 127,  56,  55,  98,  75,  39,  10,  47, 112,  86,  84,  97, 100,  57,  87,  45,  33,  44,  82,  83,  64],
  [  1,  74,  43,  19,  47,  11,  25,  28,  29,  42,   2,  41,  14,  26,  17,   3,  27,  16,   4,  13,  15,  56,  18,  12,  32,   5,  40, 113,  55,  99,  30,  31,  10, 127,  39,  75,  98,  57, 100,  45,  97,  87, 112,  44,  86,  81,  82,  33, 141,  84],
  [ 74,   1,  43,  19,  11,  28,  29,  42,  25,  14,  41,   2,  26,  17,   3,  15,  27,   4,  16,  13,  18,  47,  12,   5,  40,  56,  32, 113,  55,  99,  10,  30,  31, 127,  39,  98,  75,  45, 112,  97,  57, 100,  86,  44,  87,  81,  33,  82, 141,  84],
  [ 74,   1,  47,  43,  56,  55,  19,  25,  11,  28,  10,  29,  42,  14,  41,   2,  26,  17,   3,  13,  15,  40,  27,  16,   4,  18,  32,  12, 113,   5,  30,  31,  99,  39, 127,  97,  75,  98,  57,  45, 100,  44, 112,  86,  81, 141,  82,  33,  87,  84],
  [ 62, 142, 110, 156,  78,  93,  49, 159, 176, 167, 180, 135, 188, 134, 149, 165, 148, 152, 171, 157, 151,  34, 153, 160, 179, 138, 164,  53,  79, 143, 139, 132, 119, 133, 178, 147, 137, 155, 108, 123, 174, 158,  63, 169, 118, 122, 175, 150, 154, 116],
  [ 62, 189,  53,   0,  72, 188, 126,  61, 110, 163, 157, 180, 190, 143, 149, 160, 173, 152, 166, 142, 165,  78, 134, 135, 140,  54, 171,  93, 132, 139, 150,  96, 147, 137, 156, 153,  34, 130, 184,  63, 109, 136, 170, 175, 123, 103, 124, 128,  69, 176],
  [ 62,  53, 189,   0,  72,  61, 126, 188, 110, 163, 157, 180, 190, 143, 173,  54, 149, 160, 152, 166,  78, 142, 165, 134, 140, 135, 171, 132,  93,  96, 139, 150, 184, 137,  63, 147,  69, 156, 153,  34, 170, 130, 109, 103, 136,  66, 128, 124, 123, 194],
  [ 62,  53, 189,   0,  72, 126, 188,  61, 110, 163, 157, 180, 190, 143,  54, 173, 166, 149, 160, 152,  78, 165, 134, 142, 140, 135,  93,  96, 171, 132, 139, 150, 184, 137, 156, 147, 130, 153,  34,  69,  63, 103, 109, 124, 136, 194, 128, 123, 175, 129],
  [ 62, 189,   0, 126,  53,  72, 188,  61, 110, 163, 157, 180, 190, 143,  54,  78, 173, 166, 149, 160, 152, 142, 165, 134,  93, 135,  96, 140,  63, 171, 132, 156, 150, 139, 137, 147, 184, 130, 153,  34, 170, 194, 103, 136,  66, 124, 175, 123, 109, 128],
  [ 62, 189,  53,   0, 126,  72, 188,  61, 110, 163, 157, 180, 190, 143,  54, 173, 166, 160, 149,  78, 152, 165, 142, 134, 140, 135,  96,  93, 171, 132,  63, 150, 139, 137, 147, 156, 184, 153, 130, 194,  34, 103, 124, 136, 109, 175, 123, 128,  69,  66],
  [ 62, 189, 126,   0,  53,  72, 188,  61, 110, 163, 157, 180, 190, 143,  78, 160, 149, 166,  54, 173, 152, 142, 165, 134,  63, 171,  93,  96, 135, 140, 132, 150, 156,  66, 139, 147, 137, 170, 130, 153, 184,  34, 136, 194, 175, 109, 103, 128, 123, 124],
  [ 62, 189,  72, 126,  53,   0, 188,  61, 110, 163, 157, 180, 190, 143,  78, 160, 149, 166, 173, 152, 165, 134, 142, 171, 135, 140,  93,  54, 132,  63,  96, 150, 139, 147, 156, 137, 153, 170, 130, 136, 184,  34, 175, 109, 123,  66, 128, 124, 194, 129],
  [ 62, 189,   0, 126,  53,  72, 188,  61, 110, 163, 157, 180, 190, 143, 166, 160, 149, 173,  78,  54, 152, 165, 134, 142, 171, 140, 135,  93,  96, 132,  63, 150, 170, 139, 147, 137, 156, 130, 184, 153,  34, 136, 194, 103, 175, 124, 109,  66, 123,  69],
  [  0, 126, 189,  66, 188, 170,  62, 163, 110,  54, 157,  53,  85, 180,  72, 112,  63,  24,  93,  83,  61, 166, 190,  79, 160,  65,  96, 184, 182, 134,  78, 149, 171, 152, 173, 165, 167, 140, 143,  52, 135, 156, 142,  46, 147, 150, 137, 153, 139, 130],
  [ 19,  47,  43,  42,  28,  29,  11,   2,  41,  14,  56,  26,  15,  16,   3,  17,   4,  13,  27,   1,   5,  18,  12,  99,  25,  32,  40,  30, 113,  75,  74,  31,  55, 127,  98,  57,  39,  45,  33,  86, 100,  10,  44,  87,  81,  82, 112,  84,  97,  64],
  [ 47,   1,  19,  43,  56,  42,  28,  29,  11,   2,  41,  14,  15,  26,  13,  27,  16,  17,   3,   4,   5,  18,  25,  12,  99,  32,  30, 113,  40,  75,  74,  31,  55,  57,  98, 127,  33,  45,  39, 100,  86,  87,  81,  44,  10,  97,  82, 112,  84, 141],
  [ 19,  47,   1,  43,  42,  56,  28,  29,  11,   2,  14,  41,  26,  15,   3,  17,  16,  27,  13,   4,  18,   5,  12,  25,  99,  32,  30, 113,  74,  40,  75,  31,  55, 127,  98,  57,  33,  45,  39,  86, 100,  87,  44,  10,  81,  84,  97,  82, 112,  64],
  [ 19,  47,  43,   1,  74,  56,  42,  11,  28,  29,   2,   5,  14,  41,  15,  26,   3,  27,  17,  16,  13,   4,  18,  25,  12,  99,  32,  30, 113,  40,  31,  75,  55,  57, 127,  98,  33,  39, 100,  45,  86,  87,  44,  81,  10,  97,  84,  82, 112, 141],
  [ 47,  92, 102,  53, 193, 144, 196, 145,  88,   9, 114,  58, 179, 181,  23, 187, 143,  68, 141, 174,  50, 106,  59,  35, 130,  38,   7,  20,  69, 119,  22, 118,  34,  60,  21, 133, 116, 104, 148, 159,   6, 129, 161,   8, 125, 185,  81,  36, 103, 151],
  [126,  53,  62,   0, 189,  72, 188, 110, 163,  61, 157, 180, 190, 143,  93, 160, 149,  54, 173,  96, 166, 152,  78, 142, 135, 134, 165, 140, 171, 132, 130, 156, 194, 150, 137, 128, 139, 147, 153, 136, 175, 174, 123,  34, 184, 181, 159, 124, 129,  63],
  [ 62, 189,   0,  53, 126,  72, 188,  61, 110, 163, 157, 180, 190, 143,  78,  54, 166, 160, 149, 173, 152, 165, 134, 142,  96, 171,  93, 135, 140,  63, 132, 150, 156, 139, 147, 137, 130, 153,  66, 194, 170, 184, 136,  34, 175, 103, 109, 124, 128, 123],
  [ 62, 189,   0,  53,  72, 126,  61, 188, 110, 163, 157, 180, 190, 143,  54,  78, 166, 173, 149, 160, 152, 142, 165, 134,  63, 140,  96, 171, 135,  93, 132, 184, 150,  66, 139, 147, 156, 137, 130, 153, 194,  34, 170, 103, 109, 136, 124, 175,  69, 128],
  [ 62,  53, 189,   0,  72, 126, 188,  61, 110, 163, 157, 180, 190, 143,  54,  78, 173, 160, 166, 149, 152, 142, 165, 134, 140, 135,  96,  93, 171,  63, 132, 150, 139, 147, 137, 156, 130, 153, 184, 194,  66,  34, 170, 136, 109, 103, 124, 175, 123, 128],
  [ 62, 189,   0,  53,  72, 126, 188,  61, 110, 163, 157, 180, 190, 143, 166,  78, 160,  54, 173, 149, 152, 165, 142, 134, 140,  96, 135, 171,  93, 132,  63, 150, 139, 147, 137, 156, 153, 184, 194, 130,  66,  34, 170, 136, 109, 175, 124, 103, 123, 128],
  [ 72, 189, 126,  61, 188,  62,   0,  53, 163, 110, 157, 180, 170, 190, 143, 166,  85, 173, 184, 152, 140, 165, 134, 149, 130,  54, 160, 132,  93, 171, 135, 128, 194,  34,  69, 139,  73, 137, 153, 150, 129, 109, 147,  24, 124, 182, 136, 103, 181, 123],
  [ 62,  53,   0,  72,  61, 189, 126, 188, 180, 157, 184, 110, 163,  85, 101,  54, 170, 130, 143, 190,  91,  63,  66, 132, 171,  69, 134, 173, 165, 160, 149,  34, 128,  93, 152, 135,  73,  88, 140,  52, 142, 131,  83, 147, 150, 139, 182, 153,  67, 137],
  [ 53, 126, 189, 188,  62,  72, 110,   0, 163,  61, 157, 143, 180, 190, 173, 152,  93, 149, 166, 140, 142, 134, 135, 160, 165, 130,  34, 132,  54, 156, 137, 139, 128, 153, 175, 124, 174, 103, 123,  78, 147,  96, 129, 109, 181, 136, 150, 176, 158, 169],
  [170, 127,  30,  85,  66,   0,  40,  98,  14,  12, 113,  15,  32,  28,   4,  27,   3,  13,  31, 126,  16,   2,  18,  17,  26,  25,  11,  41,  29,  42,  84,  39,  43,  55,  83,  54, 112, 182,   5,  99,  86,  10,  65,  61,  75,  19,  64,  44,  72,  56],
  [ 47,   1,  19,  56,  43,  42,  75,  28,  11,  29,   2,  41,  14,  15,  30,   4,   3,   5,  26,  16,  27,  13,  17,  12,  18,  32,  99,  25,  40,  74,  55,  57, 113,  31,  45, 127,  98,  33,  39, 100,  86,  44,  87,  81,  10,  64,  82,  97,  84, 112],
  [ 47,   1,  19,  75,  43,  56,  42,  41,   2,   5,  28,  11,  99,  29,  32,  14,  15,  26,  30,  16,   3,  25,   4,  17,  27,  13,  18,  12,  40, 113,  31,  57, 127,  98,  74,  55, 100,  45,  39,  33,  86,  87,  44,  81,  82,  84,  10,  51,  64, 112],
  [  1,  47,  19,  43,  56,  74,  42,   5,  75,  29,  11,  28,  41,   2,  14,  26,  25,  15,   3,  17,   4,  16,  99,  27,  13,  18,  12,  32,  30,  40, 113,  55,  57,  31,  45, 100, 127,  98,  39,  10,  33,  81,  86,  44,  87,  82,  97, 141,  51,  64],
  [  1,  47,  19,  56,  43,  74,  75,  42,   5,  11,  29,  28,  41,   2,  14,  99,  25,  26,  57,  15,   3,  16,  17,   4,  27,  13,  18,  32,  12,  30,  55,  40, 113,  45, 100,  31, 127,  81,  98,  39,  33,  87,  44,  10,  86,  51,  82, 141,  64,  92],
  [ 47,   1,  56,  19,  74,  43,  55,  57,  45,  42,  11,  28,  29,   2,  41,  14,   5,  25, 100,  26,  17,  75,   3,  13,  32,  15,   4,  16,  27,  30,  18,  31,  12,  40,  99, 113,  39,  81,  10, 127,  98, 141,  44,  97,  87,  33,  86,  92, 112,  64],
  [188,  72, 189,  53,  61, 128, 126,  83, 170, 110, 184,  73, 190,  93, 163,  34, 108, 173, 129, 152, 180, 116,  37, 130, 158, 140,  58,  36, 178, 139, 155, 137, 154, 169, 122, 192, 138, 123, 165, 118, 174, 109, 179, 135, 134, 153,   0,  85, 182,  60],
  [ 53,  62,  72, 189, 126, 188, 110, 163,  61,   0, 157, 143, 180, 190, 152, 149, 173,  93, 160, 134, 165, 130, 166, 135, 140, 132, 156, 128, 137, 142, 150,  34, 153, 139, 147, 171, 174, 181, 123, 175,  54,  78,  96, 136, 124, 176, 108, 109, 158, 151],
  [ 62, 189,  53,  72,   0,  61, 188, 126, 110, 163, 157, 180, 190, 143, 160,  78, 166,  54, 149, 173, 152, 165, 134, 142,  96, 140, 171, 135,  93, 132,  63, 150, 139, 147, 137, 156,  66, 153, 130, 194,  69, 103,  34, 109, 136, 124, 175, 170, 184, 123],
  [ 62, 189, 126,  53,   0,  72, 188,  61, 110, 163, 157, 180, 190, 143, 160, 166, 149, 173, 152,  78, 165, 134, 142,  54, 135, 140,  93,  96, 171, 132,  63, 150, 139, 137, 147, 156, 153, 130, 170, 136, 184, 194,  34, 175, 123, 128, 109, 124, 103, 129],
  [126,  62, 189,   0, 188,  53,  72,  61, 110, 163, 157, 180, 190, 143, 166,  54, 173, 149, 160, 152, 165, 134,  93, 140,  78,  63, 171, 135,  96, 130, 132, 103, 170, 142, 184, 147, 139, 137, 150, 153, 156, 181,  34, 124, 129, 136, 128, 123, 175, 109],
  [184,  85, 170,  84,  83,  61,  72,  53,  86, 126, 197,  88,   0,  33, 127, 101, 188,  98, 113,  97,  27,  15,  25,  12,  13,  32,  28,   2,   3,  16, 189,  30,  17,  82,  62,   4,  14,  40,  18,  41,  26,  99,  29,  11, 182,  89,  42, 167, 180,  43],
  [ 53, 184,  61,  88,  97,  72,  62, 101,  54, 157, 110,  58,  69,  44,  39,  47,  66,  86,  68,  82, 127,  50,  80, 188, 189,  64,  91, 143, 196,  49,  55,  98, 187,  10,  74, 112,  57,  67, 103, 130, 141, 181,  89,  24,  84,  65,  40,  31,  32,  30],
  [112,  40,   2, 113,  28,  42,  13,  16,  41,  14,  11,   4,  12,  15,  29,  31,  43,  26,   3,  27,  32,  17,  18, 127,  30,  25,  49,  97,  99,  64,  98,  56,  55,  39,  74,  87,  75,  82,   5,  19,  84,  10,  44,  86, 100,  65,  45, 184,  63,  51],
  [ 86,  83,  75,  84,  82,  99, 127, 113,  98,  30,  32,  41,  40,  16,  17,  18,  26,  25,  27,  42,  15,  28,   2,   3,  11,  12,  29,  13,   5,  14,  85,   4,  43,  33, 182,  89,  31,  19, 170,  44,  64,  87,  39,  74,  49,  51, 112,  56,  97,  66],
  [  1, 141,  39,  74,  10, 102,  90,  45,  97,  55, 146, 170, 144, 145,  56,  50,  25,  24, 127, 186, 104,  98,  44,  30, 194,  43,  81,  57, 125,  40,  75,  32,  11, 179,  21,  31,  73,  14,  28, 113,  29,   3,  41,  96,  26,  15,   2,  12,  17,  27],
  [ 53,  46,  88,  69,  58,  72,   1,   0,  71,  67,  91,  33, 190, 101, 131,   6, 157,  47,  60, 191,  54,  61, 189, 105,  59,  70,  21, 110, 183,  19,  68, 124, 142, 164,  57,  85, 177, 160, 194,  93, 196, 104,  20, 173, 115, 102, 109, 158, 121,   7],
  [ 69,  88,  53, 170,  61,  58, 102, 142, 101,  33,  72,  46,  67,  60,  59,  21, 114,  90,  71, 191, 103,  85, 197,  20, 125,  22, 196, 172,  68,  34, 177, 124,   6, 140, 188, 128, 192,  35, 115, 169, 190,   0,  91, 137, 105, 174, 187, 158,  74,   1],
  [ 53,  72,  61,  69,  58,  91,  54, 189, 131,  46,  85,  71,  73, 170,  67, 182, 190,  21,  59,  68,  96, 141,   0, 125, 174, 196, 188, 177, 124, 173, 191, 128,  90, 140,  60,  88, 194,  74, 103,  10, 157, 160, 109, 121,  22,   1, 110, 102, 137, 123],
  [ 53,  72,  69,  58, 160, 131,  71, 176, 117, 146, 162, 191,   1,  21, 174, 151, 159, 137, 164, 175, 133, 109, 135,  60, 142, 165,   7, 124, 190, 119, 150, 106, 140, 153, 170, 105, 120, 134, 158, 121, 196, 148,   8, 138, 139, 123, 104, 152, 189, 149],
  [100,  99, 113,  75,  40,  41,  29,  42,  45,  28,   2,  26,   4,  16,  11,  43,  27,  17,  18,  14,  87,   3,  82,  13,  12,  15,  25,  84,   5,  32,  31, 127,  30,  56,  83,  98,  19, 112, 186,  55,  74,  57,  89,  86,  33,  97,  66,  44,  64,  49],
  [184,  49, 167,  88,  90, 197, 126, 195, 186,  68,  82,  51, 180,  50,  61, 108,  89,  34, 171, 144, 188, 101,  93,  69, 110,  79, 179, 178,  63,  70, 100, 116, 185, 142, 128,  72,  73,  58,   9, 187,  62,   7, 119, 114, 155, 129, 161, 143, 165,  37],
  [ 61, 184,  62, 180,  49, 188,  53,  85,  72, 189, 101,  84, 170, 157, 197, 110,  63,  83,  73, 187,  88, 171, 130, 163, 128,  34,  66,  52,  97,   0, 182, 131, 143, 167, 108,  89, 165,  69,  82, 132,  91, 126, 190,  78,  93, 174, 152, 173,  50, 149],
  [ 53,  62,  97, 184,  54,   0,  85,  72,  61, 126, 112, 110,  83, 101,  84, 157, 188,  24, 189,  66, 170, 180, 163,  63, 127,  10,  86, 130,  82,  93,  40,  12, 143,  13,  15, 113,  27,  91,  28,  14,  16,  30,  39,   3,  98,   4,   2,  26,  17,  18],
  [ 84,  85,  86, 127,  30, 113,  15,  28,  99,  16,  33,  12,  13,  27,   2,   3,  14,  18,  17,  41,   4,  26,  32,  40,  42,  29,  11,  98,  25,  43,  83,   5,  31,  75,  19,  66,  44,  82,  64,  39, 184,  49,  56,  55, 170, 112,  74,  89,  97,  65],
  [ 43,  42,  29,  41,  11,  28,   2,  14,  56,  27,  13,   3,  17,  26,  16, 113,   4,  25,  15,  18,  12,  40,  45,  99,  32,  31,  55,  30,   5,  75,  19,  98, 127,  74, 100, 112,  10,  87,  39,  57,  47,  97,  44,  82,  64,  81,   1,  86,  33, 141],
  [ 43,  42,  29,  28,  41,  11,   2,  14,  26,  16,   3,  13,  17,  19,  25,  27,   4,  15,  18,  47,  12,   1, 113,  99,   5,  32,  40,  56,  31,  30,  74,  55,  75,  98,  10, 127, 100,  45, 112,  39,  57,  87,  97,  82,  81,  44,  64,  86,  84,  33],
  [ 43,  42,  29,  28,  41,  11,   2,  14,  25,  17,  13,  16,  26,  27,   3,   4,  18,  15,  12, 113,  32,  40,  19,   5,  99,  30,  31,  56,  55,  74, 127,  98,  10,  75,  39, 112,  47,   1,  45, 100,  97,  57,  87,  44,  86,  84,  82,  81,  33,  64],
  [ 19,   5,  10,  42,  29,  27,   4,  17,  26,  14,  41,  11,  13,   3,  28,  99,  18,  43,   2,  16,  12,  15,  25, 113,  32,  30,   1,  40,  47, 112,  31, 127,  98,  74,  86,  55,  87,  39,  84,  56,  81,  66,  33,  83, 141,  88,  97, 182,  57,  80],
  [ 61, 170,  72,  69,  85,  90,  58, 188, 197, 184,  71, 189,  68,  73, 101, 190,  59, 191, 109,  67,  60, 128,  84,  88, 196, 187,  83,  33,  70, 140, 103,  34,  21, 172, 117, 182,  50, 192, 107, 105, 124, 195,  35, 114,  22, 116,  37,  36, 139,  53],
  [ 69,  61, 101,  53,  62, 142,  58, 191,  91, 197,  88, 170,  76, 131, 189, 188, 190,  66,  33, 171, 183, 157, 103,  71, 125,  21, 139,  50, 114,  22, 172, 169,  72, 109, 151, 187, 153, 105, 182, 184, 119, 176, 137, 162, 117, 121, 124, 106,  67,  46],
  [ 61,  69,  53,  58,  72, 189, 188,  88, 191, 190,  68,  91,  59, 170,  21,  71, 196, 128, 101, 173, 109,  67, 124, 174, 119, 140,  22, 105, 131, 187, 157, 137,  60,  34, 172, 139, 121, 169, 177, 153, 117,   7, 103, 123, 158,  35, 106, 152, 135, 155],
  [ 61,  69,  58,  53,  72, 101, 189, 191, 188, 196, 190, 103,  71, 125,  21,  59,  67, 187,  88,  91,  68, 109, 124,  60,  34,  90,  22, 172, 140, 170, 105, 106, 117, 114, 119, 131, 169, 139, 157, 142, 177, 137, 173,  35, 153, 121, 155, 162, 174,  36],
  [ 49,  79,  89,  66, 182, 131,  76, 170, 167,  65,  78,  64,  33,  77,  80,  51, 197,  63, 142,  50,  75, 186, 180,  85, 171,  90, 195, 145,  86, 157,  62,  91, 146,  52, 160, 184, 176, 189, 191, 183,  48, 153, 134, 188, 150, 156, 190, 151,   0, 139],
  [ 74,  43,  25,  41,  11,  29,  28,  14,  17,  16,  26,   2,  42, 113,  27,  13,   3,   4,  10,  18,  15,  12,  32,  40,  97, 112,  30,  31,  99, 127,   5,  98,   1,  39,  55,  19,  56,  84,  83,  75,  82,  86,  45,  87,  44,  64, 141,  51, 100,  57],
  [ 10,  97, 112,  55,  25,  74, 141,  29,  11,  41,  28,  14,  13,  42,   2,  43,  27,  17,  26,  40, 113,  16,   3,  12,   4,  15,  18,  32,   1,  31,  47,  56, 100,   5,  39,  99,  98, 127,  30,  54,  82,  81,  19,  45,  57,  24,  87,  44,  83,  88],
  [112,  10,  55,  45,  97,  31,  40,  56, 113,  29,  41,  42,  43,  14,  28,  13,  11,   2,  17,  26,  27,   3,  25,  16,   4,  12,  18,  15,  54,  32,  99, 100,   5,  74,  30, 127,  98,  64,  57,  63, 141,  75,  24,  19,  82,  66,  46,  65,  44,  87],
  [ 10,  74, 112,  97,   1,  55,  43,  41,  25,  29,  11,  42,  28, 113,  14,   2,  13,  17,  26,  16,  31,   3,   4,  27,  18,  12,  40,  15,  32,  56,  30,  99, 127,   5,  98,  39,  45,  19, 141, 100,  47,  87,  75,  82,  81,  44,  57,  64,  24,  83],
  [ 10, 112,  25,  41,  74, 113,  40,  29,  43,  31,  42,  32,  28,  11,  55,   2,  17,  16,  14,  13,  26,   4,  27,  18,   3,  12,  15, 100, 127,  97,  98,  99,  30,  56,   5,  45,   1,  39,  82,  19,  87,  81,  44,  57,  75,  83,  47, 141,  64,  24],
  [186,  51, 195,  48, 193,  70, 159,   9, 116, 158, 146,   1,  71, 129,  95, 168,  49, 170, 117, 130,  38, 120, 136, 164,   8, 176, 106, 144, 192, 104,   7, 111, 107,  59,  77,  60, 108, 109,  36, 148, 133, 118, 122, 134, 166, 165, 138, 150, 181, 149],
  [193, 143,  77, 159, 130, 176, 164, 145, 168, 175, 181, 133, 106, 147, 104, 148, 162, 118, 129, 109, 144, 124, 156, 120, 117,  23,  38, 166, 149, 146, 160,  95, 132, 158, 150, 152, 102, 165, 183, 116, 136, 134,  22, 157, 119, 192, 140, 123, 151, 138],
  [ 93, 110, 160, 163, 142, 156, 126, 134, 135,  96, 149, 164, 150, 189, 157,  53, 161, 174,  62, 165, 146, 136, 151, 147, 132, 153, 133, 175, 137, 159, 167, 173, 180, 190, 123, 138, 152, 162, 188, 140, 197, 148, 121, 176,   6, 108, 130, 119, 122,   0],
  [ 85, 170, 184,  62,  72,  61, 189, 111,  84,  76, 101, 188,   0, 197, 157, 180,  83, 182,  86, 171,  67,  48, 190,  33, 131,  49,  30,  91, 127, 185,  50,  69, 109,  70,  78,  15, 166,  71,  64,  12,  16,  27,  39,   2, 113,  32,  17,  28,   3,  98],
  [ 10,  55, 112,  97,  39,  31, 141,  25,  74,  30,  14,  28,  15,  11,  17,  40,  27,  12,  13,   3,  26, 113,   2,  29,  16,  43,   4,  18,  32,  42, 127,  41,  19,  98,   5,  54,  56,  24,   1,  99,  83,  44,  84,  45,  85,  61,  75,  46,  57, 125],
  [ 74,   1,  19,  50,  73,  69,  61, 182,  33,   5,  43,  47,  85,  84,  11,  28,  15,  90,  26,  17,  14,  29,  30,  42,  18,  25,  16,   3,   2,  12,  27,   4,  13,  41,  31, 113, 127,  32,  86, 101,  40,  99,  39,  75,  58,  87,  55,  88,  56,  51],
  [ 69,  58, 101,  88,  53, 103, 196,  46, 125,  21, 191, 114,  71, 102,  68,  59,  22, 104, 109,  60, 144, 124, 106,  91,  35, 142,  20, 190,  34,  23, 105, 172, 188, 140,   6, 184, 119, 187,  36,  61, 117, 169, 158, 177, 155,  37, 192, 174, 115,  70],
  [ 33,  61, 182,  69,  19,  85,  88,   1, 101,  53,  74,  58,  86,  47,  50,  30,   5,  72, 127,  39,  43,  76,  15,  90,  11,  14,  56,  28,  12,  31,   4,  18,   3,  26, 184,  16,  13,  17,  27,   2,  55,  29,  42,  84,  40, 170,  32,  25,  41,  87],
  [170, 182,  50,  85,  61,  69,  49,  33,  72, 188,  58,  53,  90, 197, 186,  51,  74, 189, 142,   1, 191, 190,  73, 114, 131,  84, 180, 167,  89,  86, 195,  21,  83,  71, 139, 172, 153,  34, 146, 176, 105,  59, 128, 169,  36, 137, 184,  22, 155,  66],
  [ 62,  39, 184,  97,  83,  40,  30,  82,  86,  19,  84, 127,  25,  53,  74,  28,   3,  15,  27,  14,   2,   5,  12,  26,  99,  16,  11,  17,   4,  13,  32,  18,  43,  41,  29, 113,  85,  42,  55,  31,  44, 112,  98,  33,  10, 182,  56, 126, 101,  75],
  [ 72,  62, 182,  52, 131,  48,  85, 157, 160,  53, 189,  94,  66, 170, 180,  91, 163,  61,   0,  96,  78, 110, 171, 167, 149, 150,  73, 132, 165, 159, 134, 152,  80, 156,  50, 147, 176, 175, 168,  65, 190, 153, 188, 194, 174, 137, 162, 151, 128,  67],
  [189, 110, 166, 157, 142,  72, 163,  62, 188, 149, 165, 160, 134, 109, 143, 140, 190, 175, 176, 135, 159, 147, 152, 117, 171, 174, 153, 137, 173, 136, 162, 120, 158, 148, 133, 124, 129, 132, 150, 139, 156, 119,  93, 106, 169,  78, 154, 123, 138, 151],
  [  0,  72, 189, 126,  62, 163, 157,  96, 160, 110, 166, 188,  78, 190, 149, 134,  53, 111, 142, 165, 150, 159, 147, 152, 140, 175, 135, 173, 171, 156, 136, 143,  93,  67, 137, 153, 132, 194,  91, 109, 162, 176, 117,  94,  61, 124, 120, 158, 139, 131],
  [  0, 111, 189,  72, 170, 157,  96, 166, 160,  67, 163,  48,  78, 171,  62, 126, 190, 180,  85,  94, 131, 188,  79,  70, 134,  76, 147, 150,  63,  91, 165,  65, 185, 149, 182, 110, 136, 159, 132, 140, 175,  71,  52, 152, 117, 153, 173, 120, 137, 135],
  [170,  72, 189, 188,  61, 157, 158, 110, 190, 160, 128,  93, 131, 109, 149, 152, 126,  62, 165, 134, 166, 163, 137,  58, 153,  69, 117, 140, 135, 171, 136, 139, 173, 150, 142, 176,  67, 169,  60, 116, 197, 123,  85, 119, 133, 147, 159, 154, 121, 174],
  [ 85,  84,  19,  86,  15,  12,  27,  14,   4,   5,  13,   3,  28,  26,  16,   2,  18,  17,  29,  99,  11,  42,  41,  30,  33, 113,  43,  66,  25,  32, 127,  83,  40,  98,  31, 170,  75,  64, 182,  65,  49,  63,  82,   0, 112,  39,  52,  74,  62,  55],
  [ 10, 112,  97, 127,  55,  25,  40, 113,  28,  39,  41,  14,  29,  32,  11,  13,   2,  12,  26,  27,  16,  30,   4,  15,   3,  17,  42,  98,  18,  31,  99,  43,   5,  82,  64,  74,  56,  54,  66,  45,  19, 141,  75,  86,  44,  83,  57,  81,  84,   1],
  [170,  85,  86, 127,  33, 182,  30,  74,  15,  28,  12,  14,  84,  11,   3,  27,   2,   4,  13,  26,  16,  17,  29,  18,  43,  41,  25, 113,  42,  32,  40,  98,  39,  19,  55,  66,  99,   5,  83,  75,  31,  61,  56,  44, 197,  10,  97,  76,  72,  89],
  [ 61, 141,  88,  10, 196,  54,  74,  66,  39,  58,  55, 125,  97, 130, 170, 187,  69, 103, 191, 188,  86, 102, 109, 104, 127,  91,  59,  68,  30,  21,  44,  47,  24, 192,  25,  34, 128,  31,  53, 158, 106, 177, 181,  60, 112,  72, 117, 157,  35,  57],
  [  1,  19,  30,  43,  14,  25,  28,  11,   2,  29,  31,  41,  13,  15,  27,  55,   3,  12,  17, 113,  26,  18,  39,  16,   4,  42,   5, 127,  56,  32,  40,  98,  99,  87,  74,  75,  33,  47,  57,  44,  45, 112, 100,  97, 141,  10,  86,  84,  64,  54],
  [ 19,  56,  43,  28,  11,  14,  55,  15,  29,  30,   2,   3,  75,  27,  12,  13,   5,  18,  26,  42,   4,  17,  16,  40,  41,  57,  31,  25, 113,  33,  32,  47,  99,  74, 127,  39,  98,  44,  86,  45,  87, 100,  81,  84,  97,  89,  10, 112,  46,  64],
  [ 47,   1,  56,  74,  55,  19,  43,  57,  31,  30,  42,  28,  11,  29,   2,  75,  32,  40,  15,   4,  14,  26,  41,  16,  12,  13,   3,  39,  18,  17,  27,  25, 113,   5, 127,  99,  87,  33,  44,  98, 100,  45,  64,  81,  86, 145,  97, 141,  10, 112],
  [  1,  74,  10,  47,  39,  32, 127,  98,  56,  43,  40,  86,  19,  25,  11,  55,  30,  28,  51,  41,  26,  14,  29,  42,  12,  15,  18,   2,   4,   3,  17,  13,  16,  99,  27,   5,  75, 113,  31,  97,  82, 141,  81, 182,  50, 112,  83,  57,  44,  45],
  [ 19,  43,  74,  28,  11,  14,  29,   5,  25,  26,  27,   2,   3,  17,  13,  15,  12,   4,  18,  42,  16,  41,   1, 113,  30, 127,  55,  99,  32,  40,  31,  98,  39,  10,  56,  86,  97,  47,  33,  87,  57,  44,  75, 112,  84, 141,  45,  50,  54,  83],
  [ 49, 186,  50,  51, 195,  47, 144,  75,   1,  74,  33, 187, 184, 114, 185, 100,  82,  87,  69, 101, 102,  19,  76,  59,  73, 191,  71,  84, 183,  58,  70, 146,  56, 105,  20,   5,  57,  85, 107,  92,  21,  43, 197, 104, 170, 193,  11, 164,  22, 125],
  [ 62,  53, 110, 171,  93, 189, 157, 134, 159, 188, 156, 132, 131, 165, 149, 163, 128, 119,  72, 190, 179, 135, 151, 142, 139, 176, 160, 108, 153,  34, 178,  91, 148, 137, 162, 180, 116, 123, 122, 169, 143,  68, 147, 155, 161, 109,  58, 138, 150, 152],
  [ 53, 189,  72,  62, 188,  61, 110, 126, 163, 157,   0, 142, 143, 152, 173, 166, 190,  93,  78, 149, 140,  34,  54, 135, 180, 194, 134, 165, 128, 160, 132, 137, 156, 153, 174, 130, 139, 158, 124, 150, 147, 109, 123, 175,  69, 103,  58, 176, 154, 169],
  [ 62,  72,   0, 189,  61, 126, 188,  53, 157, 170, 110,  78, 163, 190,  66, 160, 180, 142,  85, 149, 166, 182, 171, 152, 134, 165,  63,  54,  93, 173, 135, 140,  69, 137, 143, 153, 139, 150,  79,  96, 132, 128, 109, 167, 147,  65, 158, 136, 117, 175],
  [ 28,  15,  12,  26,   2,   3,  29, 113,  14,  16,  27,  13,  41,   4,  17,  18,  11,  42,  99,  43,  40,  30,  25, 127,  31,   5,  32,  84, 112,  64,  19,  98,  74,  83,  66,  86,  55,  75,  10,  97,  85,  49,  39,  65,  82,  56,  63,  33,  80,  44],
  [ 10, 112,  40,  32,  41,  14,  28,  55,  13,  11,   2,  29,  12,  15,  25,  30,  39,  42,   4,  16,  27,   3,  17,  26, 113,  18, 127,  31,  43,  98,  99,   5,  56,  74,  19,  97,  82, 141,  75,  86,  44,  83,  64,  47,  84,  45, 100,  57,  87,  81],
  [ 43,  42,  28,  29,   2,  41,  14,  26,  11,   3,  19,  13,  16,  17,  27,  99,  15,   4,  18,  12,  25,   5,  40, 113,  32,  30,  56,  31,  75,  98, 127,  74,  55,  47,  57,  97,  10,  45,  39,  82,  84,  86, 100, 112,  44,  33,  87,  81,   1,  83],
  [ 47,  19,  56,  43,  42,   2,  28,  29,  74,  41,  14,  11,  13,  26,  16,  17,   4,  27,   3,  15,  55,  99,   5,  18,  12, 113,  40,  31,  30,  25,  45,  32, 100,  57,  75,   1,  87,  97, 127,  88,  33, 112,  44,  81,  98,  86,  39,  10,  82, 101],
  [ 47,   1,  19,  43,  75,  42,  41,   2,  28,  29,  11,  99,  26,   5,  16,  14,  17,  25,  32, 100,  13,  15,  18,  27,  56,   3,   4,  30,  12,  74, 113,  87,  40,  31, 127,  55,  98,  39,  86,  45,  33,  57,  44,  82,  81,  51,  10,  84,  97, 112],
  [  1,  47,  43,  19,  56,  75,  42,  29,  28,  41,  11,   2,  14,  17,  25,  16,  26,   3,  18,  27,  13,  15,   4,  32,  30, 113,  12,   5,  40,  31,  74,  99,  55,  45,  57, 127,  98,  39, 100,  87,  44,  33,  10,  86,  81, 112,  64,  97,  84,  51],
  [  1,  47,  19,  43,  56,  42,  74,  11,  28,  29,   2,  41,   5,  14,  26,  17,  16,  27,  25,   3,  15,  13,  99,   4,  18,  12,  75,  32,  30, 113,  40,  31, 100,  55,  57,  87, 127,  45,  98,  39,  33,  86,  44,  10,  81,  82,  97,  84, 112,  51],
  [  1,  74,  75,  43,  47,  56,  19,  42,  11,  28,  29,  41,  25,   2,  14,  26,  15,   3,  16,  17,  13,  32,  18,  27,   4,  12, 113,  40,  99,  30,  55,   5,  31, 127,  98,  45,  39,  10,  57,  86,  44, 100,  81,  97, 112,  64,  33,  82,  87,  51],
  [  1,  47,  74,  56,  19,  75, 100,  57,  92,  10, 141,  55,  43,  39,  45,  32,  81,   5,  51,  99,  42,  30,  11,  40,  41,  28,  25,  29,   2,   4,  14,  26, 145,  15,  16,  17,   3,  18,  12,  27,  13, 127,  31, 113,  86,  98,  87,  82,  77,  44],
  [  1,  19,  47,  43,  42,  56,  75,   5,   2,  29,  28,  41,  11,  17,  26,  18,  16,  14,   3,  27,   4,  15,  13,  25, 113,  30,  12,  99, 100,  32,  74,  31,  87,  40,  45,  33,  57,  55, 127,  98,  44,  39,  86,  84,  81,  51,  64,  97,  76, 112],
  [  1,  47,  74,  19,  56,  43,  39,  86,  75,  99,  42,  11,  32,  28,  25,   2,  29, 127,  41,   5,  26,  17,  16,  18,  30,  14,  27,   3,   4,  13,  15,  12,  98, 113,  40,  55,  87,  44,  31,  33,  57,  81,  45, 100,  10,  51,  97,  89,  84,  49],
  [ 19,   5,  14,  11,   3,  29,  28,  43,  27,  15,  42,  26,  17,  13,  12,  18,  41, 113,   2,   4,  16,  99,  25,  40,  32,  30,  74,  31,  84, 127,  98,  56,  33,  83,  55,  75,  39,  86,  10,  87, 112,  85,  44,  57,  45,  82,  47, 100, 182,  97],
  [ 53,  61,  72, 189,  69, 188, 180, 190, 171,  62,  34, 157,  58, 184, 139, 178, 165, 132, 191, 153, 169, 142,  71, 134, 108, 155, 151, 176, 119, 154, 187, 135, 148, 109, 159, 168,  70, 137, 110, 116, 152, 183, 128,  36, 174, 172, 147, 106, 122, 138],
  [189,  62,  72,  53, 188,   0,  61, 126, 157, 110, 163, 180, 190, 143, 160, 149, 142, 134, 173, 166, 165, 152, 171, 135, 132, 140, 150, 147,  78,  93, 139, 153, 137, 130, 175,  96, 156,  34, 136, 176, 109, 123, 124, 103, 128, 169, 151, 117, 154,  63],
  [ 47,  43,  42,  28,  29,  41,   2,  19,  14,  11,  16,  13,  26,   4,  15,  17,  56,   3,  18,  27,  12,  99,  40,  25,  32, 113,   5,  74,  55,  30,  31,  75, 127,  57,  45,   1,  98,  97, 100,  10, 112,  39,  81,  44,  86,  82,  33,  87,  84,  64],
  [  1,  47,  19,  43,  56,  42,  28,  41,   2,  29,  11,  25,  55,  74,  32,  14,  75,  30,  26,  16,  17,   3,  15,  18,  13,  27,   4,  12,   5,  40, 113,  31,  99,  57,  45, 100,  39, 127,  98,  10,  44,  81,  87,  86,  97,  33, 141, 112,  64,  51],
  [  1,  47,  19,  74,  56,  43,   5,  42,  57,  75,  11,  29,  28,   2,  41,  99,  26,  14, 100,  25,   4,   3,  17,  15,  16,  27,  45,  18,  32,  13,  12,  55,  40,  30, 113,  31,  81,  98,  87, 127,  39,  33,  10,  86,  44,  92,  51, 141,  82,  97],
  [  1,  47,  19,  74,  43,  56,   5,  42,  11,  29,  28,  25,  41,   2,  26,  14,  17,  15,   3,  27,   4,  16,  13,  18,  99,  12,  32, 113,  30,  75,  40,  31,  55, 100,  98, 127,  57,  87,  45,  10,  39,  33,  86,  81,  51,  44,  84,  97,  82, 141],
  [  1,  47,  19,  43,  74,  56,   5,  42,  75,  99,  11,  29,  28,   2,  41,  26,  14,  25,  17,  16,   4,  15,   3,  27,  18,  13,  12,  32, 100,  30, 113,  40,  31,  57,  33,  87,  55, 127,  45,  98,  86,  39,  51,  81,  44,  82,  84,  10,  97,  64],
  [  1,  47,  19,  74,  43,  56,  42,  11,   5,  28,  29,   2,  41,  14,  25,  26,  17,   3,  15,  27,  16,   4,  18,  13,  12,  99,  32, 113,  30,  75,  40,  31,  55,  57, 127,  98,  33,  45, 100,  87,  39,  86,  44,  81,  10,  84,  82,  97,  51, 112],
  [  1,  47,  19,  74,  43,  56,   5,  42,  11,  28,  29,   2,  41,  99,  14,  26,  25,  15,   4,  17,  16,   3,  27,  13,  18,  32,  12,  30,  75,  40, 113,  31,  57,  55, 100,  33,  87, 127,  98,  86,  39,  45,  81,  10,  44,  51,  82,  84, 141,  97],
  [  1,  47,  19,  56,  43,  74,  75,  42,   5,  11,  28,  29,   2,  41,  14,  26,  15,   4,   3,  16,  17,  27,  25,  13,  99,  18,  12,  30,  32,  40, 113,  57,  31,  55,  33,  45, 100, 127,  98,  39,  87,  86,  81,  10,  44,  51,  82,  64, 141,  84],
  [  1,  47,  19,  56,  43,  75,  74,  42,  11,  29,  28,   5,   2,  41,  14,  25,  26,  15,   3,  17,   4,  16,  32,  27,  13,  18,  30,  12,  99,  57,  40, 113,  55,  45,  31, 100, 127,  98,  33,  39,  87,  86,  44,  81,  10,  51,  82,  64, 141,  97],
  [  1,  47,  19,  56,  75,  43,  74,  42,   5,  11,  29,  99,  28,  41,   2, 100,  26,  14,  25,   4,  16,  15,  17,   3,  27,  18,  32,  13,  12,  57,  30,  45, 113,  40,  87,  33,  31,  55,  51,  98, 127,  86,  81,  39,  44,  82,  10, 186,  92,  64],
  [ 47,   1,  19, 100,  56,  43,  74,  42,   5,  75,  41,  29,   2,  11,  99,  28,  26,  87,  16,  14,  17,  27,  13,   3,  18,   4,  15,  25,  32,  12,  45, 113,  30,  40,  57,  31,  55,  81,  98, 127,  33,  39,  86,  44,  51,  10,  82,  97, 141,  84],
  [ 19,  43,  47,  99,   5,  42,  75,  41,   2,  28,  29,  11,  26,  14,  16,  27,  17,  13,  15,   3,  18,   4,  12,  25, 113,  32,  30,  40,  56,  74,  31, 100,  33,  98,  86, 127,  87,  82,  55,  39,  57,  44,  81,  84,  45,   1,  97, 112,  64,  10],
  [141,  92,  47, 145, 125,  10,  53,  39,  55,  54,  97,  81,  24, 112, 111,  62,  46, 102,  80,  88, 181,  64,  91,  56,  57, 193, 196,  44,  45,  79,  65,  96, 179,  78,  63,  74,  58, 130,  23, 103, 142, 143,   9,  95, 104, 110, 163, 114, 194,  76],
  [ 53,  72, 189, 188,  62,  61, 110, 126,   0, 163, 157, 142, 190, 152,  93, 173, 128, 143, 134, 149,  34, 135, 140, 165, 137, 180,  69, 166, 153, 139, 160, 132, 156, 158,  58, 174, 150, 170, 123, 176, 184, 147, 108, 159, 169, 138, 154, 109, 124, 155],
  [  1,  47,  51,  92, 186,  74, 145, 100,  50, 195, 146,  49,  77,  19,  57,  81,  95,   9,  56, 102,  10,  82,   5,  64,  75,  99,  52,  25,  43,  87, 104, 141, 196,  45,  42, 193,  11,  29,  48,  73, 144,  28,  80,  41,   2,  26,  32,  55,   3,  14],
  [  1,  47,  19,  56,  43,  74,   5,  57,  42,  99,  75,  11,  29,  41,  28,   2,  25,  26,  17,  14,   4,   3,  15,  16,  27,  18,  13,  32,  12, 100,  30, 113,  81,  40,  33,  55,  31,  87,  45,  98, 127,  86,  39,  44,  51,  10,  92, 141,  84,  64],
  [ 47,   1,  19,   5,  56,  43, 100,  99,  87,  42,  11,  39,  74,  29,  26,  28,  30,  41,   2,  14,  17,   3,   4,  18,  27,  15,  55,  16,  12,  25,  13,  31,  33,  32,  40, 113,  57,  75,  81, 127,  98,  86,  44,  51,  10,  64,  45,  97,  82, 112],
  [  1,  49, 170,  85,  50, 131,  61,  96,  19,  64, 186,  66,  84,  51,  75,  78,  69,  43,  14,  25,  29, 113,  11,  28,  15,  77,  26,  27,   4,  18,  12,   3,  30,  17,  16,   2,  13, 127,  42,   5,  41,  33,  73,  65,  31,  72,  32, 146,  76,  40],
  [  1,  19,  47,  74,  43,  56,  42,  11,  29,  28,  41,   2,  14,   5,  26,  15,   4,   3,  16,  17,  27,  18,  13,  12,  25,  32,  30,  40,  99, 113,  75,  31,  55, 127,  33,  98,  57, 100,  39,  45,  87,  86,  51,  10,  44,  82,  84,  81,  64, 112],
  [  1,  19,  47,  75,  56,  43,  74,  42,   5,  11,  29,  28,  41,   2,  14,  26,  15,  16,  17,   3,   4,  18,  27,  13,  25,  99,  12,  30,  32,  33, 113,  40,  31,  57,  45, 100,  87,  55, 127,  98,  39,  51,  86,  44,  81,  82,  84,  49,  64, 186],
  [  1,  47,  74,  19,  43,  75,  56,  42,   5,  11,  28,  29,   2,  41,  14,  26,   4,  99,  15,  16,  17,   3,  27,  18,  13,  12,  25,  32,  30, 113,  40,  31,  33,  51,  57, 127,  55,  87, 100,  45,  86,  98,  39,  82,  84,  81,  44,  10,  49,  64],
  [  1,  47,  74,  56,  19, 100,  43,  75,   5,  42,  57,  11,  99,  29,  28,  41,   2,  25,  26,  32,  14,   4,  17,  15,  16,   3,  27,  45,  18,  13,  87,  12,  40, 113,  30,  51,  31,  55,  33,  81, 127,  82,  98,  39,  86,  10,  92,  44, 145, 186],
  [  1,  47,  19,  56,  43,  74,  42,   5,  11,  28,  29,   2,  41,  25,  14,  26,  17,  15,  16,   4,   3,  27,  18,  32,  13,  12,  75,  30, 100,  99,  40, 113,  57,  31,  45,  55, 127,  33,  98,  39,  87,  44,  86,  81,  10,  51,  82,  84,  97, 141],
  [  1,  47,  19,  56,  43,  74,   5,  42,  75,  11,  29,  28,   2,  41,  14,  25,  26,  15,   4,  17,   3,  16,  27,  13,  18,  99,  32,  12,  30, 113,  40,  57,  31,  55,  33,  45, 100, 127,  98,  87,  39,  86,  81,  44,  10,  51,  82,  84, 141,  97],
  [  1,  47,  19,  56,  74,  43,  75,  42,   5,  11,  28,  29,   2,  41,  99,  14,  26,  25,  15,   3,   4,  16,  17,  32,  27,  18,  13,  12,  57,  30,  40, 113,  45,  55,  31,  33, 100, 127,  98,  87,  86,  39,  81,  44,  51,  82,  10,  84,  64,  97],
  [  1,  47,  19,  43,  56,  74,  42,   5,  11,  29,  28,   2,  41,  14,  26,  15,   4,  25,  17,   3,  16,  27,  75,  32,  18,  13,  12,  99,  30,  40, 113,  31,  55,  57,  45, 127,  33,  98, 100,  39,  87,  86,  10,  81,  44,  51,  82,  84,  64, 141],
  [  1,  47,  19,  74,  56,  43,  75,  42,   5,  11,  29,   2,  28,  41,  26,  14,  99,   4,  15,  16,   3,  17,  27,  13,  18,  25,  12,  45,  57,  32, 100,  30,  55, 113,  40,  31,  87,  51,  33, 127,  98,  81,  39,  10,  86,  92, 141,  44,  64,  97],
  [ 49,  97,  82,  74,  50,  75,  86,  99,  47,  51,  19,  81,  89, 100,  84,  43,   5,  64,   2,  41,  26,  27,  11,  16,  17,  42,  28,  13,  87,   3,  18,  29, 113,  39,  14,  15,  12,  25,   4,  32,  44,  98,  40, 112, 184,  30,  33,  83,  56, 127],
  [  1,  47,  74,  19,   5,  43,  99,  11,  42,  28,  29,  41,  82,  15,   4,  14,  26,  25,   2,  27,  17,  16,   3,  32,  13,  12,  18,  56,  40,  84,  75,  33, 113,  30,  86, 127,  98, 186,  83, 100,  57,  31,  55,  10,  45,  81,  87,  85,  39,  51],
  [ 47,   1,  19,  56,  74,  43,  55, 100,  42,   5,  11,  29,   2,  45,  28,  41,  14,  31,  26,  57,  30,  17,   4,  27,  16,  18,   3,  13,  15,  32,  12,  40,  25,  99, 113,  87,  75,  39,  81, 127,  33, 141,  44,  98,  10,  86, 112,  97,  92,  88],
  [ 19,  43,  75,  42,  28,   2,  29,  11,  14,  30,  41,  15,  16,  13,  26,   3,  18,   4,  17,   1,  12,  27,  31,   5,  25,  32,  56, 113,  40,  99,  55,  47,  74, 127,  98,  57,  39,  86, 112,  64,  44,  45,  33, 100,  87,  10,  97,  84,  81,  82],
  [ 75,  43,  19,  33,  28,  11,  14,  15,   2,   3,  29,  26,  16,  27,  18,  17,  12,  13,  41,   4,  30, 113,  42,  40,  25,  99, 127,   5,  32,  74,  56,  31,  98,  86,  55,  57,  44,  39,  84,  45,  47,  87,  83,  97,  89,  82,  85, 112,  64, 100],
  [  1,  74,  75,  19,  43,  28,  42,  11,  86,  29,  15,  26,  56,  41,   2,  14,   4,  18,   3,  25,  32,  16,  17,  12,  13, 127,  27,  30,  99, 113,  40,   5,  49,  31,  98,  51,  55,  33,  50,  39,  47,  10,  84,  45,  57,  64,  87,  44, 145,  97],
  [  1,  47,  19,  56,  43,  74,   5,  42,  11,  28,  29,   2,  14,  41,  15,  30,   4,  26,  32,  75,   3,  33,  25,  16,  17,  27,  12,  13,  18,  99,  40, 113,  31,  57,  55, 127,  87,  98,  86,  39,  51, 100,  45,  44,  81,  84,  10,  50,  82,  64],
  [  1,  47,  19,  56,  74,  43,   5,  75,  42,  11,  29,  28,   2,  41,  25,  99,  14,  26,  15,  17,   3,   4,  16,  18,  27,  13,  32,  57,  12, 100,  30,  33, 113,  87,  40,  31,  55, 127,  45,  98,  86,  39,  51,  44,  81,  10,  82,  84,  50,  49],
  [  1,  47,  19,  74,  43,  56,   5,  33,  75,  42,  11,  99,  28,  29,   2,  26,  41,  14,  15,  17,   3,   4,  25,  27,  18,  16,  13,  32,  12,  30,  87, 113,  40,  57, 100,  86,  31, 127,  55,  98,  39,  45,  51,  81,  44,  84,  10,  82, 186,  50],
  [  1,  47,  19,  74,  43,  56,   5,  33,  11,  42,  28,  75,  25,  29,  99,   2,  14,  41,  26,  15,  32,   4,  17,   3,  18,  16,  27,  12,  13,  51,  30,  40, 113,  87,  86,  57, 127,  31, 100,  39,  98,  50,  55,  10,  81,  84,  45, 186,  90,  82],
  [  1,  47,  19,  74,  43,  56,  42,  11,  28,  29,   5,   2,  41,  14,  26,  15,   4,  75,  16,  17,   3,  25,  27,  13,  18,  12,  99,  32,  30,  40, 113,  31,  57,  55,  33, 127, 100,  98,  45,  87,  39,  86,  51,  10,  82,  84,  44,  81,  97,  64],
  [  1,  47,  19,  56,  43,  74,  75,   5,  42,  11,  29,  28,   2,  41,  14,  15,  25,  26,   3,   4,  17,  16,  27,  32,  18,  99,  13,  33,  12,  30,  57, 113,  40,  45,  31,  55,  87, 100,  39,  86, 127,  98,  81,  44,  51,  10,  84,  92,  76,  82],
  [  1,  47,  19,  75,  56,  43,  74,   5,  42,  11,  29,  28,  99,  41,   2,  14,  26,  15,   4,   3,  16,  17,  27,  25,  18,  13,  12,  32,  30, 113,  40,  33,  57,  31,  45, 127,  98,  55,  86,  87, 100,  51,  39,  44,  82,  81,  84,  64,  10, 186],
  [  1,  47,  19,  56,  43,  74,   5,  75,  42,  11,  29,  28,  41,   2,  99,  14,  26,  15,  25,   4,  32,   3,  16,  17,  27,  13,  18,  12,  30,  40, 113,  57,  31,  55,  33, 127,  45, 100,  98,  86,  39,  87,  81,  44,  10,  51,  82,  84,  64, 141],
  [  1,  47,  19,  56,  43,  75,  74,  42,   5,  11,  29,  28,  41,   2,  14,  26,  99,  15,   4,   3,  17,  16,  27,  25,  18,  13,  32,  12,  30,  57,  40, 113,  55,  45,  31, 100, 127,  33,  98,  39,  87,  86,  81,  44,  10,  51,  82,  64,  92,  84],
  [ 47,   1,  19,  33,  74,  56,  43,   5,  11,  42,  28,  29,   2,  15,  75,  14,   4,  26,  99,  16,  17,   3,  27,  18,  12,  41,  13,  57,  25,  30,  32, 113,  40,  86, 127,  31,  87,  55,  39,  98,  81,  44, 100,  45,  84,  51,  76,  82, 145,  89],
  [  1,  19,  43,  74,   5,  11,  42,  29,  14,  28,  56,   2,  41,  32,   4,  26,  15,  27,   3,  30,  17,  18,  25,  12,  16,  13,  33,  47, 113,  87,  40,  99, 127,  39,  31,  86,  98,  75,  55,  49,  50,  45,  51,  10,  84,  57, 100,  90,  44,  85],
  [  1,  74,  47,  19,  43,  56,  25,  11,  32,  42,  28,   2,  29,  41,  14,  26,  16,  17,  27,   3,  15,   4,  13,  18,  12,  30,  39,  40,   5,  99, 113,  55, 127,  31,  45,  10,  98,  75,  86, 100,  57,  97,  81,  33,  44, 141,  82,  87,  84,  90],
  [  1,  47,  19, 186,  33,  74,  87,  50,  51,  75,  90,   5, 100,  43,  99,  86,  56,  42,  11,  29,  28,  25,   3,  14,   2,  26,  15,  18,  17,  41,   4,  27,  12,  13,  84,  16, 113,  57,  32,  30, 127,  40, 195,  98,  31,  49,  45,  85,  89,  81],
  [  1,  19,  33,  74,  43,  75,   5,  47,  11,  56,  42,  99,  28,  29,   2,  26,  15,  14,  41,   4,  17,   3,  16,  18,  27,  12,  13,  87,  25,  32,  30, 113,  86,  51,  40,  49, 127,  31,  84,  98,  50,  39,  57, 100,  55,  45,  85,  44,  82,  89],
  [  1,  47,  19,  74,  43,  75,  56,   5,  42,  11,  28,  99,  29,   2,  41,  26,  15,   4,  14,  17,  16,  18,   3,  33,  27,  13,  12,  30,  25,  32, 113,  40,  87,  31,  86, 127,  98,  57,  55,  51,  39, 100,  84,  45,  44,  49,  50,  10,  81,  64],
  [  1,  47,  19,  74,  43,  56,   5,  42,  11,  29,  28,   2,  41,  99,  26,  14,  17,  75,  15,  16,   3,   4,  27,  25,  18,  13,  12,  32,  30, 113,  40,  33, 100,  31,  87,  57,  55, 127,  98,  86,  45,  39,  51,  84,  44,  81,  82,  10,  49,  50],
  [ 47,  51,   1,  49,  50, 186,  87,  74,  19,  33, 100,   5,  82,  99,  84,  43,  89,  75,  86,  25,  11,  57,  28,  42,  29,   2,  26,  56,   3,  17,  27,  15,  41,  14,  18,  16,  12,   4,  13, 195,  32, 113,  85,  90,  40,  81,  30,  98,  39,  73],
  [ 19,   1,  43,  42,  75,  28,  11,  29,   2,   5,  41,  16,  26,  15,   4,  14,  17,  18,   3,  99,  27,  13,  74,  12,  25,  56,  47,  32, 113,  30,  40,  33,  31, 127,  98,  57,  55,  86,  84,  87, 100,  39,  45,  44,  82,  51,  81,  10,  83,  64],
  [  1,  47,  19,  74,  56,  43,  75,   5,  51,  42,  11,  99,  25,  29,  41,  28,   2,  26,  45,  14,  32,  17,  15,   4,   3,  16,  27,  18,  30,  13,  12,  86, 113, 100,  40,  33,  87,  57,  55, 127,  31,  98,  10,  39,  81,  90,  50, 145,  44,  92],
  [ 47,   1,  92,  74,  51, 100, 145,  49,  50, 102,  81, 141,  56,  45, 144,  57,  90,  19,  87, 125,  88, 114, 193,  75,  97,   9,  55,  64,  10,  68,  43, 185,  46,  44,  59, 195,   5,  39, 104, 196,  82, 179,  69, 187,  58,  20,  31, 101, 186,  42],
  [ 53, 145,  74,  58,   1, 141, 131,  39, 102,  55, 196,  47,  54,  95,  69,  10,  88,  72, 125,  61,  57,  46,  86,  21, 182,  89,  91, 177,  68,  81,  56,   7, 191,  97, 158,  92,  59, 103,  44, 142,  22,  66, 124, 105,   9,  96, 127, 114, 128, 109],
  [  1,  19,  47,  43,   5,  75,  42,  56,  29,  11,  28,  41,   2,  26,   4,  14,  15,  99,  16,   3,  17,  18,  27,  25,  13,  12, 113,  30,  32,  40, 100,  31,  33,  45, 127,  87,  57,  98,  55,  74,  51,  39,  86,  64,  84,  44,  82, 186,  49,  10],
  [  1,  47,  19,  43,  56,  74,  42,   5,  11,  29,  28,  75,   2,  41,  14,  26,  15,   4,  25,   3,  17,  16,  27,  18,  13,  12,  99,  30,  32, 113,  40,  31,  55,  57,  33, 127,  45,  98, 100,  87,  39,  86,  10,  44,  81,  51,  84,  82,  64, 141],
  [ 46, 145,  45,  96,  92,  54,  55,   1,  79,  65,  80, 141,  57,  56,  76,  77, 125,  64,  47, 112,  78,  31,  44,  39,  24,  66,  75, 111,  63,  10, 194,  30,  81, 104, 127,  40, 126, 102,  43,  32,   4,  14,  29,  42,  12,  11,  28,  13,  97,   3],
  [ 74,  19,   1,  43,  30,  11,  28,  29,  15,   2,  42, 127,  17,  14,  26,  18,  41,   3,  27,  16,  12,   4,  13,  32,  25, 113,  39,  56,   5,  86,  33,  40,  99,  98,  31,  55,  75,  87,  44,  47,  84,  10,  57,  45,  81,  85,  51,  97,  83,  89],
  [  1,  47,  19,  43,  56,  42,  75,  41,  29,  11,  28,   2,  14,  26,  16,  15,  25,   4,  17,  27,   3,  13,  18,  30,  32,  12,   5,  74, 113,  99,  40,  31,  55,  45, 127,  98,  57, 100,  87,  39,  33,  10,  86,  44,  82,  97,  81, 112,  64,  84],
  [  1,  47,  19,  56,  43,  74,   5,  42,  99,  75,  29,  11,   2,  28,  41,  25,  57,  14, 100,  17,  26,   3,  16,   4,  15,  27,  18,  13,  32,  12,  30,  87, 113,  40,  31,  55,  33,  45,  98, 127,  81,  39,  51,  86,  44,  10,  92,  82,  84, 186],
  [ 47,   1,  19,  56,  75,  57, 100,  33,  43,  87,  45,   5,  99,  74,  42,  11,  28,   2,  29,  41,  81,  14,  26,  15,   3,  25,  17,   4,  30,  13,  18,  27,  55,  16,  32,  12,  40,  31, 113,  86,  44,  51,  98, 127,  39, 145,  82,  92, 186,  64],
  [  1,  47,  19,  43,   5,  74,  56,  33,  42,  75,  11,  28,  29,   2,  99,  41,  14,  26,  15,  17,   3,   4,  16,  27,  18,  25,  13,  12,  30,  32, 113,  40,  31,  87,  86,  57, 127,  98,  55, 100,  39,  51,  45,  84,  44,  81,  82,  49,  10,  50],
  [  1,  19,  47,  43,   5,  74,  56,  42,  11,  75,  29,  28,   2,  41,  14,  26,  33,  15,   4,  99,  17,  16,  27,   3,  18,  25,  13,  12,  32,  30,  87, 113,  40,  31, 127, 100,  86,  98,  57,  45,  55,  39,  51,  84,  44,  82,  81,  10,  49, 186],
  [  1,  47,  74,  19,  51,  75,  43,  99,   5,  82,  42,  56,  11,  25,  28,  41,  29,   2,  26,  14,   3,  15,  27,  17,  16,  18,   4,  13,  12,  32,  30, 113,  40,  86, 100,  39,  33,  98,  31,  50,  81, 127,  57,  49,  87, 186,  84,  64,  55,  10],
  [ 47,   1,  19,  43,  74,  42,  56,  28,  11,  29,   2,  14,  41,   4,  26,  15,   3,   5,  13,  16,  17,  12,  27,  18,  99,  25,  40,  55,  32, 113,  31,  30,  75,  57, 127,  98,  10,  39, 100,  45,  33, 112,  81,  44,  86,  87,  82,  97,  84,  64],
  [ 47,   1,  75, 145,  74,  51,  56, 186,  86,  33,  81,  57,  19,  92,  99,  39,  50,  45,  64,  82,  43,  98,   5,  44, 127, 100,  25,  55,  30,  11,  42,  28,  41,  32,  89,  29,  49,  40,  87,  15,  26,   2,  14,   3,  13,  17, 113,  18,   4,  12],
  [  1,  47,  92, 145,  77,  76,  48,  46, 194,  95, 131,  67,  96, 182,  70,  91, 146, 125, 177,  71, 193, 141,  58, 186, 104,  94,  19,  45,  10,  51,  56,  80,  52,  65,  55,   0,   9,  74,   5,  68,  39, 102,  30, 181,   6,  59, 185,   8,  32,   7],
  [ 47,   1, 100,  74,  19,  87,  56, 141,  43,   5,  55,  81,  99,  10,  97,  42,  11,  29,  45,  41,   2,  26,  28,  17,  14,  57,  16,  18,  31,  75,  27,  13,   4,  25,   3,  15,  12,  51,  30,  32, 113,  40,  82,  39,  33, 112,  92,  86, 127,  98],
  [  1,  48, 182,  90, 194,  72,  73, 131,  52,  74,  67,  94,  71,  96, 177, 146,  59,  10, 186, 107, 129, 190, 193, 189,  70, 159,   8, 150,  60,   7, 168, 117, 151, 120, 175,  85, 121, 115, 162, 105,  58, 181, 165,   9,  95, 152, 118, 163, 138, 128],
  [ 19,  43,   5,  42,  28,  29,  11,  14,  15,   2,   3,   4,  26,  18,  27,  17,  41,  16,  12,  13,  99,  25,  30, 113,  32,  40,  75,  33,  31, 127,   1,  98,  56,  84,  86,  47,  74,  39,  55,  57,  87,  44,  85, 100,  83,  45,  64,  10,  51,  82],
  [141,  47,  39,  10,  55,  30,  31,  40,  32, 112,  14,  12,  28,  11,   2,  15,  82,   4,  27,   3,  16,  41,  29,  17,  13,  25,  42,  26,   5,  18, 127,  62, 113,  19,  43,  99,  56,  76,  74,  98,  87,  86,  64,  88, 182,  57,  44,  75, 111, 184],
  [ 10,   1,  74,  55,  97, 112,  31,  39,  25,  28,  14,  43,  11,  29,   2,  13,  17,  41,  42,  32,  26,  16,  40,  12,  18,   3,  15,  27,   4,  47, 113, 141,  30, 127,  19,  56,   5,  98,  99,  57, 100,  44,  54,  45,  87,  81,  86,  75,  83,  24],
  [  1,  10,  96,  46,  24, 141,  55,  45, 112, 194,  92, 125,  56, 145,  75,  74,  47,  31,  48,  39,  54,  40,  76,  94,  43,  30,  57,  32,  80,  97, 102, 127,  11,   4,  29,  65,  42,  14,  28,  15,  26,  12,   3,  41,  13,  17,  16,   2,  18, 113],
  [  1,  19,  43,  14,  29,  42,  11,  28,   2,   5,   4,  15,  41,  26,   3,  25,  27,  17,  13,  18,  16,  12, 113,  30,  32,  99,  40,  31,  74,  56,  47,  87,  75, 127,  98,  45,  55,  84,  10,  33, 100,  39,  51,  57, 112,  86, 186,  85,  64, 141],
  [  1,  47,  92, 145,  81,  45,  56,  57, 141,  87,  88, 100,  19,  55, 102,  74,  10,  51, 125,  43,   5,  42,  75,  95,  44, 144,  32,  30,  29,  41,  11,   2,  99,  31,  33,  25,   4,  39,  28,  14,  17, 196,  40,  76,   3,  13,  15,  26,  16,  18],
  [  1,  47, 145,  87,  92,  56,  88,  45,  19, 141,  51,  33,  57, 125,  76,  81, 144, 102,  55,  74,  43, 196,  77,  42,  31,  30,  11,  29,   5,   2,  90,  41,  25,  14,   4,  28,  15,   3,  13,  44,  46,  17,  18,  12,  26,  27,  50,  16,  91, 104],
  [  1,  47,  19,  56,  75,  43,  87,  42,   5,  29,  41,  11,   2,  28,  14,  30,  99,   4,  15,  17,   3,  26,  18,  25,  13,  16,  27,  32,  12,  33,  74, 113,  57,  40,  31,  45,  55, 127, 100,  51,  98,  39,  86,  81,  44,  64,  10,  92, 186,  76],
  [  1,  19,  43,   5,  42,  28,  29,  11,   2,  41,  14,  47,  27,  15,  26,   4,   3,  16,  17,  18,  13,  99,  12,  25,  30, 113,  32,  75,  40,  56,  33,  31, 127,  98,  74,  86,  87,  55,  57,  39,  84, 100,  45,  44,  82,  51,  10,  64,  81, 112],
  [  1,  47,  19,  43,  56,  75,  74,   5,  42,  11,  28,  29,   2,  41,  99,  14,  26,  15,   3,  32,   4,  16,  25,  17,  27,  13,  18,  30,  12,  40, 113,  57,  55,  31,  45,  39,  98, 127, 100,  86,  81,  10,  33,  87,  44,  51,  64,  82, 141,  92],
  [  1,  47,  74,  19,  56,  43,  97,  81,  55,  10, 100,  99,   5,  42,  11,   2,  57,  28,  29,  25,  26,  41,  75,  14,  17,  32,  39,  27,  16,  13,   3,  18,  15,  12,   4,  31,  30,  40, 113,  86,  44, 141,  45,  98, 127,  87,  82,  51, 112,  33],
  [144, 193,  92, 102, 179, 114, 125, 181, 104,   9,  23,  38, 103, 106,  21, 145, 107, 129, 195, 116, 118,  22,  36, 159,  20,  35,  37, 119, 141, 146,  59, 120, 164, 142, 117, 174, 162, 192, 155, 138, 151,  90, 122, 123, 158, 178, 148, 177,  34, 133],
  [  1,  10,  74,  55, 112, 141,  31,  56,  39,  43,  40,  32,  11,  28,  42,  30,  14,  29,  47,  15,   4,  26, 127,  12,  41,   2,   3,  13,  16,  17,  18,  25,  27,  75, 113,  19,  97,  24,   5,  98,  99, 145,  96,  45,  57,  64, 125,  92,  86,  44],
  [ 19,  43,   5,  99,  29,  41,  42,  28, 113,   2,  17,  26,   3,  11,  27,  75,  25,  16,  14,  18,  13,  15,   4,  33,  12,  87,  30,  32,  40,  56,  98, 100,  31, 127,  74,  86,  45,  47,  84,  44,  55,  39,  57,  49,  82,  51,  89,  64,  81,   1],
  [ 28, 127,  32,  25,  29,  14,  43,   4,  11,  30,  15,  16,  41,   2,  18,  17,  13,  27,  12,   3,  26,  42, 113,  40,  98,  19,  31,   5,  99,  55,  56,  39,   1,  74,  75,  57,  86,  33,  44,  10,  45,  84,  47,  87,  83, 112, 100,  97,  81,  85]]]


