 [[[197,  29, 149, 179,  17, 117, 119,  19, 165,  21, 193, 177, 164, 175,  57,  28, 121, 195, 172, 184,  38, 129, 151,  12,  36, 194, 166, 187, 143, 158, 136, 130,  55,  40, 196, 159,  23,  18, 181, 161,  71, 150, 163, 146, 145, 192,  53,  83,  98,  30],
  [ 62,  73,  67,  42,  63,  61,  65,  88, 107,  64,  94,  90,  75,  93, 125,  92,  58,  66,  89,  86,  78, 109,  91, 110, 105,   0,  96,  81,  87, 108, 154,  74,  77, 123, 101,  76, 102,  97,  95,  80, 132,   3, 188, 124, 111, 152,  79, 106, 169, 104],
  [119, 118, 120, 122, 116, 183,  39, 121, 117, 115, 153, 182, 138,  16, 127,  82,  38,  20, 169, 145, 147, 167, 177, 164, 134, 137,  25, 174, 112, 163,   7, 171,  17, 152,  56, 178, 191,  30, 144,   4,  46,  19, 197, 129, 196, 157,  24,  59, 186,  18],
  [ 82, 120, 119, 116, 122, 183, 117, 138, 121, 182, 118, 127, 115,  38, 168,  39, 169,  12, 103, 153,  25,  16, 112,  17, 167, 177, 178, 155, 102, 145, 101,  59, 171, 154, 134, 140, 191, 130,  20, 197,   7, 164, 124, 158,  98,  30,  56, 104, 100, 149],
  [119, 120, 116, 118, 183,  82, 122, 121, 117, 115, 127,  39,  38,  12, 134, 182,  16, 153, 164, 145, 167, 149, 197,  20,   7, 177, 191,  25, 137, 147,  17, 112, 163, 171, 138, 178,  59,  56, 174, 150,  19,   9,  30, 129,   4,  98, 169,  46, 144,  26],
  [119, 120, 118, 116, 121, 115,  39, 117,  16, 183, 164,  20, 174,  30, 191, 177, 137, 134, 122, 147, 167,  56, 145,  38, 144, 182, 129,  82, 127, 171,   7,   4, 192,  24, 163, 157,  17, 158,   6, 194, 197, 178,  19,  25,   9,  55, 187,  26, 173,  68],
  [119, 120, 118, 116, 121, 122,  82, 127, 115, 183, 145,  39, 164, 182, 117, 177, 129,  16, 137,  12, 167,  20,  38, 134,   9, 191,  56, 197, 149, 150, 144,  25, 171, 174,   7,  30, 163,  17,   6,  26, 178, 158,  59, 147, 173, 181,  46, 112,  24, 194],
  [120, 119, 116, 121, 115, 127, 122, 118, 117, 183,  12, 137,  38,  39, 164, 134,  82, 182, 145,   9,   7, 174, 163, 191,  11,  46, 149, 153, 129, 167, 147, 144,  56, 177,  17,   6, 150,  26,  25,   4,  48,  16, 178,  30, 157, 171,  20,  24,  13, 138],
  [119, 120, 116, 115, 121, 122, 118, 145, 117, 137, 129,  20,  39,  56, 183,   6,  38,  16,  30, 173,   7,  82, 164, 182,  12, 127, 167, 144, 163, 191,  25, 153, 177,   9,  26, 178, 134,  59,  19, 158, 171,   5, 174, 181, 197,  48, 152,  17,  13, 147],
  [119, 120, 116, 122, 121, 153, 118, 145,  12, 115,  82, 167, 127, 182, 177, 117, 137, 164,  20, 129,  16,  38, 130, 183,  39,  49, 150,   9,  17, 191, 152, 114,  59, 174,  13, 173, 165, 175,   5, 171,  56, 112,  46, 149, 144,  30, 178,   7,  26, 157],
  [116, 119, 120, 127, 144,  82, 164, 182, 122,  20, 167, 114, 112, 118, 163, 183, 129, 174, 117, 165,  39, 121,  46, 137,  30, 191,   6, 177,  17, 115, 181,  13, 153,  24,  38,   9,  12, 178, 173, 145, 175,  25,  26,  55, 194, 134, 179,  27, 171, 150],
  [ 12, 122, 153,  46,  11, 119, 116, 138, 121, 120,   9, 165, 130,  82,  27, 146,  13, 107, 123,  92, 101,  29, 117, 106,  59,  90,   1,  88,  28,  93, 137, 109, 108, 105,  14,  15,   0, 103,  89, 102, 145, 167, 151, 129, 152, 131,  26, 114,  94, 150],
  [153, 122, 119, 150, 152, 137, 130, 145, 129, 177, 173, 115, 131, 118, 167, 121,  59,  12, 197, 165,  20, 146,  51,  17,  38, 114,  29,  58, 164, 149, 175,  25, 116,  10, 135,  27,  15,  13,  70,   5,  56,  18, 117,  83,  26,  99,  69, 143, 187,   8],
  [122, 153, 127,  82, 182, 118, 112, 167, 119,  39, 116,  46, 120,  25,  20,  15, 138,  12,  49,   2, 131, 121,   4, 129,  11, 152, 114, 183, 115, 191,   9, 146, 145, 137, 171,  14,  26,  38, 144,  24,  97, 186,  58,   1, 157,  98, 181,   7,  59,  69],
  [ 82, 127,  12, 119, 120, 116, 164,  46,   9, 121, 114, 122, 144, 167, 149, 145,   7, 163,  39, 174, 165, 115, 137, 130,  13, 191,   6, 117, 112, 150,  26, 129,  68, 153,  15,   5,  11, 134,  49, 177,  59,  23,  28, 183,  48,  17, 118, 194, 162, 181],
  [ 12,   0, 121, 122,  46, 116, 120, 138, 117, 153, 182,  11, 130,   9, 127, 168,  73,  38, 128,  59, 100, 119,  25, 115,   6, 144,  57,  61, 146, 102, 123,   8,  74,  72, 103, 106,  92, 190,  45, 174,  13, 162,   5,  90,  28, 167, 107,  24, 165, 164],
  [120,  46, 116, 119,  16, 137, 127,  56, 136, 115, 192,  82, 147,  23,  39,   6, 135, 183, 121,  59, 163, 112, 145, 164, 191,  20,   9, 134, 144,  85, 149,  48,  30,  27, 171,  68, 182, 197, 177, 133,   7,  38, 158, 118, 187, 195,  25, 194,  55,  97],
  [119, 118, 120, 122,  39, 121, 116,  20, 129, 115,  26, 183, 117, 145,  16, 164, 144,  56, 127, 153,  19,  13, 173, 137, 167, 182, 147,  30, 194, 171,  25, 175, 177,  17, 197, 165, 191,   7,  27,   5, 134, 114, 157, 187,  28,  68,   4,  24, 152,  83],
  [119, 118, 120,  39, 145, 122, 183, 116,  20, 115,  16, 121, 129, 127, 182, 117, 171, 144, 177,  56,  25,  38,  19, 137, 147,  26,   7,  30, 191,   4, 164, 174, 153, 134, 197,  68, 167, 163, 158, 194, 157,   5, 152,  24, 149,  83, 187,   2, 178,  17],
  [119, 122, 120, 118, 183, 116,  39, 153, 121,  82, 182, 117, 115, 138, 127,  16, 134, 169, 145, 191, 177,  38,  20, 164, 171, 167,  17, 129, 147, 144, 137, 197,  56,   7, 149, 178,  19,  12, 174, 157,  25,   5, 112,  30, 163, 194,   4, 152,   9, 173],
  [119, 120, 118, 116, 183,  39, 115, 121,  82,  16, 127, 117, 164, 147,  20, 167, 191, 134,  56, 163, 112, 122,  30, 144, 145, 177, 197, 137, 174,   7,  46, 192,  38, 171, 194,   9,  17,   4,  24, 129, 178, 182,  68,   6,  12, 157,  25,  98, 169,  55],
  [119, 120, 118, 122,  39,  16, 116, 183, 115,  82, 145, 127, 164, 197,   7, 129, 191, 177,  56, 163, 121, 134, 167,  20, 149, 137, 158,  38, 157, 147,  30, 182, 150, 174,   9,  26,  25, 178, 144,  17, 194, 181,  83, 171, 186, 173, 187,  24,  59, 170],
  [119, 118, 120, 116, 122, 117, 121, 115,  39, 153,  16, 183, 137, 177,  38,  20, 145,  82, 164, 152, 127, 134, 191,  56, 129,  30, 147, 163, 144,  25,  13,  17, 171, 167, 182,  19, 157, 174,   7, 114, 138,  24, 178,  26, 197, 194,   6, 158, 196,   4],
  [119, 122, 118, 120, 121, 116,  39, 117, 153,  16, 183,  82, 115, 145, 138, 182, 137, 127,  38, 177,  20, 167, 171,  19, 158, 174, 134, 178,   7, 129, 152, 150, 164,  17,  57, 191,  56,  30, 169, 147,  25, 163,   4,  59,   5, 157, 196, 112,  26,  83],
  [119, 120, 116, 122,  82, 118, 121, 127, 183, 117,  12, 182, 115,  39, 153, 145, 167,  38,  20, 112,  25, 164, 137,  16,  46, 129,   9, 150, 177, 191,  26, 171, 149, 138, 134, 197,   7, 163, 178,  17, 174, 144,  59,  19,   4,  49,  15, 165, 147,   5],
  [119, 120, 118, 122, 116,  39, 121, 117, 183, 115, 182, 153, 144,  20,  16, 177, 164, 145,  30,  19,  56, 194,  17, 129, 171, 197,   7, 127, 163, 191, 174,  38, 175, 178, 134,  25,  13, 187,  82, 152,   6, 138,  68, 192,   5,   9, 137, 173, 167,  26],
  [119, 118,  39, 120, 122,  16, 115, 116, 182, 127,  56, 121, 191, 164, 183, 167, 177, 144,  20,  30,  82, 129, 137, 145, 174, 163, 134,   9,   7, 117, 147, 171, 173, 153, 194, 157,  13, 178,  24,   4,  38, 187, 192, 197,  19,  25, 181, 184, 186, 162],
  [119, 122, 118,  39, 137, 116, 115, 120, 183, 127, 153, 145, 129, 121, 150, 182,  82, 117,  16, 167,  26, 163,  20,   9, 173, 177,  13,  56, 181,  25,  38, 114,   6,  59, 164, 134, 178, 174,   4,  98, 144,  30,   7,  23,  19,  24,  12, 191,  46, 138],
  [121, 122, 118, 119, 120, 115, 116, 117, 153,  38,  39, 138, 137, 182,   0, 152, 183,  57,  12, 191,  16,  56, 173,  18, 178,  30,   6, 157,  25,  55, 167, 135, 177, 128, 145,  20, 163,  59,   9, 164, 186,  49,   8, 196,  85, 134,   4, 129, 144,  19],
  [122, 119, 118, 153,  39, 117, 116, 182, 120, 121,  57, 138, 152, 115, 145, 183, 127,  20, 167, 173, 177, 137,  19, 144,  25, 174,  38, 196, 129,  13, 164,  82,  16, 171,  12, 163,   5,  49, 175, 178,  17,  46,  47,   4, 197,  59,   7,   6,  30,  56],
  [119, 120, 116, 118, 122, 183,  39, 121, 115, 127,  82,  16, 117,  20, 182, 145, 191, 164,  38,  56, 177, 144, 153, 147, 134,  30, 167, 171, 178, 129, 137, 163,   7, 197,  25,   9, 149, 138, 112, 194,  19, 174,  59,   6, 157, 192,   5,  46,   4,  17],
  [119, 118, 120,  39, 116, 122, 183, 115,  16, 121,  82,  20, 145, 153, 127, 177, 117, 134, 167, 182, 137,  38, 164, 191,  56, 171, 147, 129,   7,  30, 174, 163, 152, 178, 157,  26, 197,  25,  19,  17,   4, 158, 150, 194, 138, 112, 144, 186,  59,  83],
  [119, 120, 122, 116, 183, 118, 121,  39, 153, 117,  82, 115,  16, 138, 182, 127,  38, 167, 145, 177, 164, 129,  17, 134,  19, 137,  20, 163, 197, 191, 178,  12,  30, 171,   7, 169,  56,  46, 174, 158, 144, 175, 194,   6, 112,  13,   9, 184, 157, 147],
  [120, 119,  82, 116, 122, 118, 127, 153, 115, 183, 121,  39, 117, 167, 137,  38, 182, 138, 164,  16, 145, 134, 177,   7, 112, 197,  46,  12,  59, 174, 178, 163,  56, 191,  17, 171,  20, 147, 186, 175, 158,  19,  11, 184,  30, 144, 169,   9, 129, 157],
  [119, 120, 118, 116,  39, 183, 122, 121, 117, 115,  82, 127,  16,  38, 182, 164, 191, 177, 145, 167, 171, 134, 174, 144,  30, 137,  20, 197, 163, 147, 178,   7,  56, 129,  17, 153, 149, 138, 194,  19,  25, 158, 112,  59, 157, 184,   5,   4,   6, 179],
  [119, 120, 118, 116, 122,  82, 183,  39, 121, 115, 127,  16, 117, 164, 145, 134, 167,  38, 177, 153,   7, 191,  20, 137, 163, 197,  56, 182, 174, 147, 171,  30, 178,  17, 129, 144, 112, 158, 149,  59,  19,  25,  46,  26, 194,   9, 157, 186,   6, 138],
  [119, 120, 118, 116,  39, 115, 122, 121, 183,  16,  82, 145, 137, 117, 177, 127, 164, 167, 182,  38,  20, 134,  56, 191, 153,   7, 129,  30, 147, 197, 174, 171, 163, 158, 144, 178,  17, 157,  19,  59, 187,  25,   4,   6, 194, 186, 173, 162, 152,  26],
  [119, 118, 120, 116, 122, 121, 115,  39, 117, 183,  16, 153, 145,  38, 134,  82, 127, 182, 137, 164,  20, 191, 177, 167,   7,  56, 129, 171, 174, 147,  30, 197, 138,  25, 157, 144,  19, 158, 163,  17, 194,  59, 178,  18,   4, 187,  26, 149, 186,  55],
  [119, 120, 121, 118, 116, 115, 117, 145,  20, 171, 122, 137, 183,  16,  56, 182, 177,  19,  38,  39,   7, 136,  30, 129, 133, 164, 174, 194, 151, 144,  26, 152, 147,   6,  68, 196, 153, 134, 197,  17, 158,   5,  83,   4, 192,  27, 127,  69, 191,  24],
  [119, 116, 120, 117, 121, 118, 115, 183, 182, 122, 153, 138,  16,  39,  38, 168,  17, 197,  82, 169,  56, 147,   7,  12,  18, 137, 134, 177, 171,  30, 164, 144,  25,   0,  19, 152, 127,  20, 163, 191, 175, 194,  46, 136,  49, 178,  57,  55, 167,  24],
  [ 41, 150, 127, 164, 149, 120, 191,  22,  82, 119, 158, 183, 147, 128, 118,   9, 177, 163, 192, 167,  16, 129, 157,   7,  39, 145, 112,  20, 134,  56, 160, 170, 197, 136, 174, 182,  98, 115,  24,  17, 178,  12, 162, 161, 186,  83, 159,  30, 180, 173],
  [119, 118, 120, 137, 115, 116,  16,  39, 145, 121,  20, 129, 177, 191, 134, 152, 117, 114, 183, 147, 122,  56, 157,  26,  30,   6, 158, 164, 144,  24, 174,  38, 163,   4, 127,  27, 171,  82,  83, 150, 153, 194, 173, 133,  13, 192,  85,  55, 135,   9],
  [122, 117, 153, 138, 119, 116, 118, 120,  39,  57, 121, 182,  82, 168, 183, 127,  19, 103, 145, 115, 152, 175, 137, 101, 167,  38, 171,  25,  17,  11, 102,  16, 169,  76, 174, 154, 196, 177,   7, 140, 100, 134, 124, 104, 106,  18, 139, 194,   5, 123],
  [119, 118,  39, 127, 122,  82, 120,  20, 183, 115,  16, 147, 164, 116, 149, 191, 112, 145,   9, 134,  68,  48, 167,  25, 137, 182, 150,  24,   4, 135, 144, 178, 173, 177, 163,  56, 129,  49, 121, 131,  59,   6,  26,  23,  85, 194,  13,  30, 181,   5],
  [119, 118, 122, 120, 116,  39,  82, 153, 121, 117, 183,  16, 115, 145, 127, 182,  38, 129,  20, 177, 138, 164, 134, 167, 171, 191,  19, 137, 197,   7, 174,  56, 194,  30, 144,  25,  59,  17, 157, 158, 149, 178, 163,  26, 175, 152,  12,   4, 186, 187],
  [122, 153, 119, 137, 116, 145, 118, 134, 120, 127, 129, 182, 117, 121,  38, 174, 164,  59, 115, 150,  26, 152,   7, 177, 167, 163,  39, 114,   8,  16,  25, 181,  19, 144,  20,  27, 197, 157, 191,  82,  12,  56, 186,   6, 187, 171, 158,  98, 173,   9],
  [122, 153, 119, 116, 117, 120, 138, 118, 127, 183, 121,  39,  13, 137,  46,  82, 115, 182, 145, 167, 164,  38,   0, 129,  17, 163, 174, 194,  25, 144, 152,  28, 177, 130,  11,  59,   7, 171, 151,  57, 197, 175, 146,  19,  16,   5, 134,   8, 112,  12],
  [120, 119, 118, 116,  46,  39, 167, 115, 121, 183, 163, 164,  82,  38, 127,  16,   7,  56, 134, 117, 191, 144, 122, 192,   9,  30, 174, 194, 112, 171, 177, 169, 178, 170,  24, 113, 186, 157, 147,  55, 184, 128, 129,  19,  23, 145,  69,  20, 181, 175],
  [119, 120, 116, 118, 115, 121, 122,  46,  39, 127,   7, 164, 117,  12, 137, 134,  82, 182, 153, 144,  56, 177,   9, 145, 183, 197, 174, 167,  38,  16, 163,  25,  20, 191, 129, 147, 194, 171,  59,   6,  30, 181,  24, 187,   8,  26, 186,  98,  19,   4],
  [119, 122, 120,  82, 116, 118, 183, 121, 127, 182,  39, 153, 138, 117, 112, 115,  12,  38,  16,  20, 147, 164, 163, 177,  25, 169, 178,  17, 197,   7, 145, 134, 167, 191, 152,  46, 171,  23,  30,  56,  98, 149, 168,  49, 157, 130, 137,   9, 158, 129],
  [118, 119, 120,  39, 127, 122,  82, 116, 182, 167, 134, 115,  25, 137, 183,  20, 145, 153, 191, 177, 147, 121, 164,   4, 174, 150,  38,  26,   7, 117,  98, 181, 171,  24,  56, 114, 186, 157, 163,  16, 129, 158,  59,  70,   9, 144, 112, 197,  30,  17],
  [119, 120, 116, 118,  82, 122, 183, 115,  39, 121, 127, 153,  16, 117,  38, 177,  20, 167, 182, 145, 138,   7, 164, 134,  12, 169, 197, 178, 163, 112,  17, 137, 191, 171, 147,  56,  30, 158, 129, 174,  59, 130,  25, 157, 150,  19, 186, 194,  46, 152],
  [119, 120, 118,  82, 122,  39, 116, 183, 127,  16, 121, 117, 115, 145, 167, 164, 191,  20,  38, 182, 134, 177,   7, 174, 153, 171, 137, 149, 129, 147, 163, 178,  56, 197,  30,  25, 158, 157,   4,  19, 144, 150, 138, 112,  59, 186,  12,   9, 194,   5],
  [119, 120, 118, 116,  82, 122,  39, 121, 115, 127,  16, 183, 145, 164,  20, 134, 167, 117, 177, 191, 129, 137, 182,   7,  56, 197, 171,  38,  30, 158, 147, 144, 163,  59, 174,  26, 178, 153,  19, 194,  25, 112, 149,  17, 150,  46,   9, 187, 186, 157],
  [119, 120, 118, 116, 122,  39, 121, 183,  16, 117,  82, 115, 145, 127, 164,  20, 177, 153,  38, 134, 167, 191, 182, 137, 171,   7,  30,  56, 129, 144, 197, 147, 163,  19, 174, 194, 178,  25,  17, 158,  26,  59, 157, 152, 175,   5, 187, 186,   9, 112],
  [119, 120, 118, 122, 116, 121,  39, 115, 183,  82,  16, 117, 153, 127, 145, 182, 137, 164,  20, 177,  56,  38, 167,   7, 171, 134, 138, 197, 129,  30, 174, 191,  19, 163, 144, 147, 178,  17,  12, 158, 194,  46,   9, 112, 149,  59,  26,   5, 169, 192],
  [119, 120, 116, 118, 122, 121,  39, 127, 164, 115, 145,  82, 167, 129, 117, 183,  20, 177,   7, 197, 182, 153,  16,  56, 144,  12,  17,   9, 137,  26, 191, 163,  25,  38, 134,  46,  27, 194,  30, 174, 171,  59, 149,   6, 187, 158, 165, 173,  19, 157],
  [119, 120, 116, 118, 122, 121, 117, 115, 138, 183, 182, 168, 153,   0,  39, 147,  16, 169, 152,  11,  46,  38, 134,  56, 144,  12, 137, 171,  20, 196,  25,  18,  30, 191,  17, 173,  82,  13, 164,   8,  19,   5, 112,  15,  48, 184,  24,   9, 157,   4],
  [119, 120, 122, 116,  82, 121, 118, 164,  12, 167, 127, 145, 115, 177, 197,  39, 182, 158,  20,  46, 137, 183,   7, 153,  17, 129,   9, 117, 174,  56,  27, 150,  38, 134, 163, 144,   5, 178,  59, 175,   6,  30,  19,  16, 165,  26, 112, 171, 147, 187],
  [119, 120, 118,  39,  16, 115, 116, 121, 164, 122,  20,  30,  56, 145, 167, 177, 144,  26, 192, 129, 117, 137,  19, 147, 174, 158, 171, 183, 194, 178,  13, 191,   7,  82, 163,  46, 173,  68,   6,   9, 181, 187, 127, 197, 134,  55, 113,  25, 182, 184],
  [119, 122, 138, 120, 116, 121, 117, 153, 118, 168, 183,  82, 182, 169,  16, 115,  39,  57, 152,  38,  12, 145, 155, 127, 123, 154, 177,  17, 178, 103,  20, 139,  59, 101,  11,  19, 100, 130, 140, 102, 124, 171,  25, 112, 197,  49,  80, 167,  30,  47],
  [150,  82, 130, 153,  73,  41, 101,  61,  65,  17,  63,  81,  62,  38, 125,  57, 102, 145, 174, 104,  58,  64, 140, 177,  88, 176,  90, 154, 124, 105, 103, 109,  12, 139,  51,  86, 131, 158,  75, 110,  95, 117, 106, 155, 122, 107, 167,  47,  80, 111],
  [ 73,  61,  62,  65,  63,  64,  81,  74, 111,  96, 125, 109,  88,  60,  75,  86, 141,  90,  87, 110,  95, 126,  92,  91,  94,  93, 105,  89,  67, 101, 106, 102, 107, 104,  76, 108,  42, 124,  80, 140,  77, 139, 154,  66,  78, 155,  41,  79, 103, 100],
  [ 73,  61,  62,  65,  63,  64,  81, 141,  67,  96, 111,  60,  74, 125,  75,  93, 126,  94,  91,  88, 109,  92,  90,  87,  89, 110, 105,  95,  42, 107,  66,  86, 108, 106,  76,  80, 104, 139,  77,  78, 102,  79, 101, 124, 140,  10, 154, 155, 103, 123],
  [ 73,  61,  62,  65,  63,  64,  81, 141,  60,  67, 111,  96, 126,  74, 125,  75,  93,  66,  91,  94,  87,  42,  92,  88, 109,  90,  89, 110,  86, 105,  95, 107, 108,  80, 106,  76,  10, 139,  79, 104,  77,  40,  78, 140, 102, 124, 101, 154, 155,  72],
  [ 61,  73,  62,  65,  63,  60,  81,  64, 141,  42,  67, 111,  96,  66, 126,  74,  75, 125,  87,  88,  91,  86, 109,  93,  90,  94,  92, 110, 105,  89,  95, 108,  76, 107, 139, 106,  77,  80, 140,  72, 104,  79,  78, 124, 102,  40, 101, 154, 155,  10],
  [ 65,  81,  62,  73, 141,  64,  63, 111,  66,  96,  61, 126,  87, 125,  74,  75,  86, 110,  88, 109, 155,  67,  90, 140, 105, 168, 102,  93,  89,  76, 104,  92, 124,  95, 108,  80,  91, 154, 106, 101,  94,  79, 139, 107,  77,  78,  42,  60, 103, 123],
  [ 82,   7, 134, 112, 191,  58, 114, 164, 127, 158, 171, 167, 163, 174, 194, 187, 186,  60, 195,  84, 120,  22,  70, 144, 175, 179,  55,  19,  38,  98, 116,  97,  71, 162, 128,  39, 165,  26,  32, 170,   6,  30, 157,  18,  54,  36, 177,  69, 185,  47],
  [119, 118, 120, 122, 116, 183,  39, 121, 115, 153, 138,  82, 182,  16, 117, 167, 127, 134,  20, 191, 147,  12, 137, 177, 145,   0, 164, 174,  38, 144,  13,   7,   9,  46,   4, 178,  56,  30,  24,  19, 163,   6, 169,  25, 197, 157, 171, 129,  26,  17],
  [119, 120, 122, 118, 116,  39, 117, 121, 153, 183,  82, 115, 138,  16, 127, 145, 164, 182, 167,  38, 177, 134, 137, 174,  20, 169,   7,  17, 197, 163,  19, 171, 129, 144,  56, 191, 178,  30,  12,  59,  46,  25, 147, 158, 152, 175,  13, 194,   5, 112],
  [119, 120, 118, 116, 122,  39, 121, 183, 115, 117, 153,  82, 127,  16, 182, 145, 177, 167, 164,  38,  20,  56,   7, 137, 197, 191, 134,  17, 129, 171, 163,  30, 147, 174,  19, 144, 178,  25, 157, 138, 194, 158, 187, 175,   5,  59,   6, 186,   4,  12],
  [119, 118, 120,  39, 122, 116,  16, 183, 115, 121,  82, 117, 177,  20, 145, 182, 153, 127, 164, 137, 134,  56, 167, 191, 171, 197, 129,  38,  30,   7, 147, 174, 158, 194,  19,  17,  25, 138, 157, 163, 144, 178, 152, 187,   4,  59, 186, 173, 175, 149],
  [119, 118, 122,  82, 153,  16, 120,  39, 116, 121, 177, 145, 115,  38, 183,  20, 117, 152, 150, 137, 197,   7, 127, 191,  17, 167, 129, 171,  19, 158, 164, 175, 194, 149, 157, 163, 130, 134, 182,  56, 114,  26, 174,  83,  30, 165, 178,  59,  12,  25],
  [ 73,  61,  62, 130,  41,  12, 150,  65,  42,  63, 101,  81,  64,  86,  60, 109, 125, 153,  88,  67,  90,  82,  17, 104, 102, 105, 124, 110,  75,  74,  58, 106,  95, 140, 154,  38, 174,  94,  89,  87, 107,  96,  92,  11, 111,  10,  91,  93, 139, 176],
  [ 61,  73,  62,  63,  65,  64, 111,  96,   1,  81, 141,  93,  94,  74,  91, 126, 125,  92,  75,  10, 109,  90,  89,  87,  88, 110, 107,  67, 105,  95, 108, 106,  80, 139,  78,  76, 104,  79,  77, 124, 102, 101, 154,  60,  66, 140,  86, 155, 123, 100],
  [ 62,  73,  61,  65,  63,  64,  96,  81, 111, 141,  74,  93,  75, 126,  91,  94,  92, 125,  89, 109,  90,  87,  88, 108, 110,  66,  67, 107,  95, 105,  79,  80,  86,  76, 106,  78,  77, 139,  60, 104, 124, 102, 154, 140, 155, 101, 123,   1, 100,  42],
  [ 62,  61,  73,  65,  63,  64,  96, 111, 141,  81,  93,  75,  94,  92,  74, 126, 125,  91,  67,  89, 109,  66, 108,  90,  88,  87, 107, 110,  79, 105,  95,  60,  80, 106,  78,  86,  76,  77, 139, 124, 104, 102, 154,   1, 140, 155,  42, 101, 123,  10],
  [ 62,  61,  73,  65,  63,  64,  96, 141, 111,  81,  93,  94, 126,  92,  75,  91, 125,  74,  67,  89,  66, 109,  90, 108,  88, 110, 107,  87,  79,  95, 105,  80,  78, 106,  76,  77,  60,  86, 139,   1, 104, 102, 124, 154, 140, 155, 101, 123,  42,  10],
  [ 62,  61,  73,  65,  63,  64,  96, 141, 111,  81,  67,  93, 126,  75,  94,  92,  74, 125,  91,  89,  66, 109,  60, 108,  87,  88,  90, 107, 110,  79,  95, 105,  80,  86,  78, 106,  76,  77, 139,  42, 104, 124, 155, 102,  40, 154,   1, 140, 123,  10],
  [ 62,  61,  73,  65,  63,  64,  96,  81, 141, 111,  67,  93,  74,  75,  92,  94,  91,  66, 125, 126,  89,  88, 109,  90, 110,  87, 108, 107,  60,  95,  79, 105,  80,  78,  77,  76, 106,  86, 155, 139, 124, 104, 154, 102,   1, 140,  42, 123, 101,  10],
  [ 62,  61,  73,  65,  63,  64,  81,  96, 141, 111,  67,  75,  74,  93,  91,  92, 125, 126,  94,  66,  89, 109,  87, 110,  90,  88, 108,  60, 107,  95,  79,  86, 105,  80,  77,  78,  76, 106, 139, 104, 124, 155, 154, 140, 102,  40,  42,  10, 123,   1],
  [ 62,  73,  61,  60,  65, 141,  81,  67,  63,  96,  64, 111, 126,  66,  75,  40,  91,  93,  42,  74, 125,  92,  94, 109,  87, 108, 110,  88,  79,  89,  95,  90, 139,  80,  77,  76, 105, 107,  72, 106,  78,   1, 104,  86, 132, 140, 155, 154, 124, 168],
  [120, 117, 116, 121, 115, 183,  38,  82, 119, 127, 112, 163,  18,   7,  17, 169, 129,  56, 178, 168,  67,  16,  23, 118, 134, 137, 157, 192, 180, 128,  97, 171, 167,  30,  54,  19, 197, 145,  59,  46, 170, 191, 186, 153,  81, 177,  57,  98,  69, 147],
  [119, 118, 122, 120, 116,  39, 183, 153, 121, 115,  82, 182, 127,  16, 164, 167,  20, 117, 145, 134, 177, 137, 138, 129, 147, 174,   7, 191,  56,  38, 171, 144, 197,  25,  30,  17,  26, 157, 173,  19, 194, 163, 158,  12,   9,  46, 175, 178, 112,   4],
  [119, 118, 120, 116,  16, 122, 183,  39, 115, 121, 117, 127, 145,  82,  38, 182,  20, 177, 153, 134, 191, 164, 167, 137, 129,   7, 171,  56, 163, 144,  30,  25, 197, 174, 147,  59, 157, 178,  19, 158, 138,   4, 194, 186,  26,  24, 152, 150, 181,  55],
  [119, 120, 116, 118, 121, 122,  39, 117, 115,  82, 183, 153, 127, 164,  16, 145, 167, 177,   7,  38, 182,  20,  17, 174, 171, 134,  12, 138,  46, 191, 137,  56,  30, 163,  19, 178, 147, 144, 194, 129, 197, 112,   9, 175,   5,   6, 152, 196,  25, 158],
  [ 73,  62,  61,  63,  65,  74,  64,  75,  91,  95,  81,  89,  93, 139, 110,   1,  76,  92, 125, 109, 168, 105, 106,  79, 107,  90,  86,  94,  88, 111,  87, 155, 100, 108, 154, 124, 123, 104, 101,  80,  77, 102,  78, 140, 103,  96,  40, 126,  10, 141],
  [ 62,  61,  73,  65,  63,  64, 141,  81,  96, 111,  60,  67,  74,  93, 126,  66,  75,  91, 125,  94,  92,  87,  89, 109,  86,  88,  90, 108, 110,  95,  79, 105, 107,  80, 139,  77,  76, 106,  42,  78, 104, 124, 102, 140, 154,   1,  10,  40, 155, 101],
  [ 62,  73,  61,  63,  65,  64,  96,  74, 111,  93,  75,  81,  92, 125,  94,  91,  89,  90, 109,  88, 108, 107, 110,  87,  95,  79,  86, 105, 126,  80, 106, 141,  76, 139,  78,  77, 102, 124, 104, 154,  66, 140, 155, 101, 123, 100, 103,  67,  60, 168],
  [ 62,  61,  73,  63,  65,  64,  96,  81, 111,  74,  93, 141,  92,  75,  91,  94, 125,  89, 126, 109, 108,  67,  90, 107,  88,  66,  79, 110,  87,  95,  60, 105,  80, 139, 106,  78,  77,  76,  86, 123, 104,   1, 124, 154, 102,  40, 140, 100, 155, 101],
  [ 62,  61,  73,  63,  65,  64,  96, 111, 141,  74,  81,  93,  94,  91,  92,  75,  60,  67, 125,  89,  66, 108,  88,  90, 109, 126, 107, 110,  79,  87,  95, 105,  80,  77,  78, 106,  86, 139,  76,  40,  42,  10, 104, 102,   1, 124, 154,  72, 140, 101],
  [ 62,  61,  73,  63,  65,  64,  96,  74,  93,  81, 141, 111,  92,  94,  75,  91, 125,  88,  89,  90, 108, 109,  67, 107, 126,  60, 110,  87,  66,  95, 105,  79,  78,  80,  77, 106,  76,  86, 139,  42, 104, 102, 124, 154,  10, 140,   1, 123, 101, 155],
  [ 62,  61,  73,  63,  65,  64,  96,  74,  93,  81, 111, 141,  92,  94,  75,  91, 125,  89,  88,  90, 108, 109,  67, 126,  66, 107, 110,  60,  87,  79, 105,  95,  80,  78, 106,  77,  86, 139,  76, 102, 104, 124,  42, 154, 123, 140, 101, 155, 100,   1],
  [ 62,  61,  73,  63,  65,  64,  74,  96,  93,  81,  92,  94, 111,  75,  91, 141, 125, 108,  89,  90,  88, 107, 109,  66,  87, 110, 126,  79,  95, 105,  86,  78,  80,  77, 106,  67,  60,  76, 139, 102, 104, 123, 124, 154, 140,   1, 101,  42, 100, 155],
  [ 62,  61,  73,  65,  63,  64,  74,  96,  93,  92,  81,  75,  94, 111,  91, 125, 108,  88, 109,  90, 141,  89, 110, 107,  95,  87,  79, 105, 126, 106,  80,  78,  77,  76, 139,  67,  66,  86, 102, 124, 123, 104, 154, 155,  60, 140, 100, 101,  42, 103],
  [ 62,  73,  61,  63,  65,  64,  93,  96,  74,  92,  94,  75,  91,  81, 111, 125, 109,  89,  88, 108,  90, 110, 107, 141,  95,  87,  79, 126, 105,  78, 106,  80,  76,  77,  66, 139,  86,  67, 154, 102, 124, 104, 123,  60, 140, 101, 155, 100,   1, 103],
  [ 73,  61,  62,  60,  65,  67, 141,  63,  81,  64,  66,  42,  96, 111,  40, 126,  74,  72,  75, 132,  87,  93, 125, 139,  88, 110,  91,  92, 109,  79,  89,  90, 188, 159,  86,  77,  95, 105,  94, 108, 155,  80,  78, 107,  10,  76, 140,  41, 176, 104],
  [117, 153, 116, 122, 119, 121, 115, 120,  38,  57, 183, 118, 137, 138,  39, 127, 174, 168,  19,   7,  16,  82, 163, 178, 182, 134, 167, 145,  17, 171,  18, 177, 196, 184, 152, 130,  47,  46, 158,  59,  56, 162, 191, 186,  30,  54,  58, 151, 147,   6],
  [119, 120, 118, 116, 121, 115,  39, 122, 145,  16, 183, 117, 164,  20,  82,   7,  56, 127, 167, 177,  38, 129,  30, 174, 144, 171, 137, 182, 191, 134, 147, 197, 163,  17, 158,  19,   5, 157,  25, 194,   4, 178, 153,  26,   6,  12, 112,  24, 192, 187],
  [119, 120, 118, 122, 116, 121,  39, 115,  82, 117, 164, 127, 153, 167, 183, 177,  20, 145,  38,   7,  16,  17,  56, 182, 191, 129, 137, 163, 171, 174, 134, 197,  30, 144, 194, 147, 158,  19, 187, 157, 175,  25, 178,  26, 165, 114,   5, 152,  12, 112],
  [ 60,  10,  72, 136,  61, 133,  29,  40,   1,  67,  50, 148, 132,  43,  73,  42,  45, 188,   3, 172,  36,  22, 142,  62,  33,  99,  35, 128,  27,  34, 160,  53, 159,  37,  68,  21, 156,  28,  84,  44,  52,  41, 192,  14,   8, 189, 143,  32,  51, 131],
  [ 61,  73,  62,  60,  63,  65,  10, 141,  67,  64,  96, 111, 126,  81,  93,  94,  91,  92,  42,  74,  75,  89, 125,  72,   1, 109,  66,  90, 108,  88,  87, 107,  40, 110,  79,  95, 105,  86, 139, 106,  80,  29, 132,  76,  78,  77,  50, 104, 124, 154],
  [ 62,  61,  73,  65,  63,  64, 141,  96, 111,  81,  67,  60, 126,  93,  66,  74,  94,  91,  75,  92, 125,  89,  87,  88, 108, 109,  90, 110, 107,  79,  95, 105,  80,  86, 106,  77,   1,  42,  76,  78, 139,  10,  40, 104, 124, 102, 140,  72, 154, 155],
  [ 61,  62,  73,  63,  65,  60,  64,  67, 141,  96,  93, 111,  74,  81,  10,  91,  92,  94,   1,  75,  89,  72, 125, 126,  42, 108, 109,  87,  88,  90,  66, 107, 110,  79, 105,  86,  95, 139, 106,  77,  78,  76,  80,  40, 124, 104, 123,  29, 102, 154],
  [ 61,  62,  73,  60,  67,  63,  65,  10, 141,  64,  96, 111,  81,  93,   1,  40,  91, 126,  94,  74,  92,  42,  75,  66,  89, 125,  72, 109, 108,  90, 107,  87,  88,  79, 110,  86, 139, 105,  95, 132,  80,  77,  29,  78, 106,  76, 104,  50, 124, 123],
  [ 62,  61,  73,  63,  65,  64,  60,  96,  93,  74, 111,  91, 141,  94,  67,  92,  75,  81,  89, 125,  10,  88, 109, 108,  90, 107, 126,  66,   1,  79,  87, 110,  95, 105,  80,  40,  86, 106,  42, 139,  78,  76,  77, 104,  72, 102, 124, 123, 154, 100],
  [ 62,  61,  73,  63,  65,  64,  96,  93,  74, 141,  92,  94, 111,  81,  91,  75,  60,  67,  89, 125, 108,  90, 109,  88, 107, 110, 126,  79,  95,  66,  87, 105,  86, 106,  77,  80,  78, 139,  76,  10,  42,   1, 102, 124, 104, 154, 123, 140, 155,  40],
  [ 62,  61,  73,  65,  63,  64,  96,  74, 141, 111,  93,  81,  94,  92,  75,  91, 125,  89,  66,  88, 108, 126, 109,  90,  87, 110, 107,  67,  60,  79,  95, 105, 106,  86,  80,  78,  77,  76, 139, 102, 104, 124, 154,  42, 140, 123, 155, 101,   1,  72],
  [ 62,  61,  73,  63,  65,  64,  96,  81,  74, 141, 111,  93,  92,  75,  66,  91,  94, 125,  90, 126, 108,  89,  88,  87, 109,  67, 110, 107,  60,  86,  79,  95, 105,  80,  77,  78, 106, 139,  76, 102, 104, 124, 154,  42, 123, 140, 155, 101,   1, 100],
  [ 62,  73,  61,  63,  65,  64,  93,  96,  81,  74, 111,  75,  94,  92,  91, 141, 125,  89,  90, 109,  88, 108, 107, 110, 126,  87, 105,  60,  95,  67,  79, 139, 106,  66,  86,  80,  78,  77,  76, 104, 102, 124,  10, 154, 123, 101,  42, 140, 100,   1],
  [ 62,  61,  73,  63,  65,  64,  96, 111,  81, 141,  74,  93,  91,  75,  92,  94, 126, 125,  89,  60, 109, 108,  67,  90,  87,  88, 110, 107,  79,  95,  66, 139, 105,  86,  80, 106,  78,  76,  77, 104,  40, 124, 123, 102, 154,  10, 140, 100, 155, 101],
  [ 61,  73,  62,  60,  67,  65, 141,  63,  81,  64,  40,  96,  66,  42, 111, 126,  72,  74, 132,  87,  75,  93,  10, 125,  86, 139,  91, 110,  92, 188, 159,  88, 109,  79, 108,  89,  90,  94, 105, 148,  77,   3,  95,   1, 176,  80, 107,  41,  33, 155],
  [117, 122, 153, 116, 121, 120, 138, 119, 168,  57, 183, 118,  38, 115, 169, 137, 103,  82, 127,  39, 101, 155, 174,  19, 100, 154,  17, 102, 124,  18, 182, 140,  76,  86, 167, 196, 104, 178, 106,  16,   7, 108, 123,  88,  80,  95,  79, 171, 109, 145],
  [119, 120, 118, 116, 122, 115, 153, 121,  16, 117,  39, 183,  82, 167, 134, 145, 127, 164, 129, 191,  38, 177,  20, 137, 174, 182, 144, 138,  13,  30, 163,   7,  56, 157, 173, 171, 197,  19, 194,  26, 158, 147,   9, 178,  59,  25, 186,   4,  46,  24],
  [119, 122, 120, 116, 118, 153, 127, 121, 115,  82,  39, 145, 182, 183,  20, 167, 164,  12, 137, 117, 129, 134,  38,   7, 177, 191,  11,  25, 147, 112, 197,  17, 138, 144,  56,  16,  46, 163,  59, 174, 171,   9,  26,  19,   4, 173, 178, 152, 194, 157],
  [119, 120, 118, 121, 145, 164,  20, 122,  12, 129,  39,  26, 177, 144,   9, 115, 136, 167,  25,   7, 116, 173,  49, 182,  27, 165, 197,   5,  51, 127,  16,  30,   6,  68,  56,  43,   2, 117, 114, 158, 160, 194, 171, 174, 181,  19, 149,  28, 187,  13],
  [122, 120, 119, 121, 116, 117, 138, 129,  12,  11,  13,  46, 183, 127,  28, 145, 115, 153, 144, 182,  15, 118,  26, 151,  39,  20,   5,   9,  68,  19, 165,   6,   2, 173,  25, 146, 168, 164,  27, 112,  17,  47, 137, 196, 152,   1,  59,  29, 171,  57],
  [122, 119, 120, 138,  39, 182, 153, 116, 118,  15, 121, 169,  46,  13, 183, 168,   1, 152,  20, 117,  28, 145, 115, 129, 144,  68,   0,   5, 127,  19,  16,  26, 173, 112,  11,  82, 133, 171, 197, 175, 103, 151, 164, 137,  56, 196, 123,   2, 146, 194],
  [119, 120, 116,  46, 121,  12, 117, 115, 118, 122, 144, 153,   0,  56, 182, 138, 183,   9,  25,  20, 194, 164,   6, 127,  68, 197,   2,  39,  30,  27, 147, 171,  11,  82,   7,  13, 136, 173,  49, 129,  17, 151, 165,  85, 175,  59, 146, 137, 168,   5],
  [119, 120, 136,  46, 121,  12,  28,  68,  15, 116, 164, 144, 118,   6, 115,   9,  29,  20,  27, 145,  39, 129,  26,   2, 127,  49,  25,  13,  48, 151,  56,  23, 165, 149, 173, 197,  30, 147,   5,   1,  59, 189, 117,  51,  85, 194, 160, 192,  16, 137],
  [119, 122, 120, 153, 116, 118, 121, 182,  13, 117,  46, 138,  39, 129, 127, 144,  12, 145,  26,  28,  20, 183,  57,  19,  16,  27, 115, 152, 165, 146, 167, 175, 173,   9,  49,   2,  25,  15, 151,  30, 197,  82, 114, 164, 177,   5, 168,  38,  59, 194],
  [119, 122,  46,  15,  13, 153,  20, 144, 145, 182, 129, 121,  26, 120, 118,  68, 127, 164,  39,  27, 116,  11,   9, 151, 173,  25,  28,   2, 152, 115, 146,   6,   5,  56,   8, 167,  19, 113,   7,  16, 147, 138, 137,  12,  69,  30, 171, 165, 177, 197],
  [  1,   0,  10, 141,  12,  28, 123, 100, 126,  96, 111, 136, 155,  89, 169,  29,  93,  94,  92, 139,  68,  79, 146, 125,  72, 108, 154, 107,  45, 106, 124,  91, 110, 104,  78,  75, 105, 138,  87,  81,  90,  67, 109,  40,  43, 140, 103, 102,  66,  49],
  [ 61,  10,   1,  62,  60,  73,  40,  67,  63,  72, 136,  29,  65,  64,  42,  74, 132, 141, 111,  93,  96, 133,  43,  81,  66,  91, 126,  92,  50, 148,   0,  94,   3,  89,  75,  33,  87, 107, 109,  45, 188,  86,  28,  79, 125, 142,  95, 108,  88, 139],
  [ 61,  62,  73,  63,  65,  64,  60, 141,  96,  67, 111,  81,  10,  93,  91,  74,  94,  75,  92, 126,  89, 125,   1, 109,  66,  88, 108,  90,  87, 107, 110,  79,  40,  42,  86, 105,  95, 139,  80, 106,  72,  78,  76,  77, 104, 124, 154, 132, 102, 140],
  [ 62,  61,  73,  65,  63,  64,  81, 141,  96, 111,  60,  67,  74,  75,  93,  91,  66, 126, 125,  92,  94,  89,  88,  87, 109, 108,  90,  79, 110,  86, 107,  95, 105,  80,  77, 139,  40,  42,  76, 106,  78,  10,   1, 104,  72, 124, 140, 154, 102, 155],
  [ 60,  67,  61,  73,  62, 141,  65,  72,  42,  66,  63,  40, 132, 159,  81,  64,   3, 188, 128,  44, 176, 166, 170,  96,  84,  10,  33, 142, 148, 126,  32, 111, 156, 189,  50,  58,  23, 147,  74,  41, 180,  21,  99,  54,  52,  34, 172,  37,  87,  86],
  [120, 116, 117, 183, 169, 119, 122, 121,  82, 138, 168, 115, 118, 103, 101, 153, 155, 102,  38, 124,  76,  12, 104, 154, 140,  90,  88,  16, 105, 108, 110, 106,  80, 109, 145,  95,  57,  78, 127,  77, 125,  39,  87, 100, 107,  75, 112,  89,  94, 178],
  [118, 119,  39, 120, 122,  82, 153, 167, 127, 145, 116,  16,  20, 177, 183, 164, 157, 115, 171, 191, 194, 121, 112, 137, 129, 174, 175,  56,  38, 150, 134, 117,   4,  17,   7, 152,  83,  30,  19, 196, 114, 182, 163, 147, 197, 186,  70,  69,  51, 144],
  [119, 120, 116, 118, 121, 115, 117, 122, 145,  39, 137, 153, 183,  82, 164, 167,  16,  20, 127, 134,  38, 129, 144,   7,  59,  13, 163, 147,  25, 191,  56,   6,  46, 177,  30,  24, 152, 174, 173,  17, 194, 157,  68, 181, 114, 197,   9,   4,  15, 165],
  [119, 118, 122, 120, 116, 121,  39, 117,  16, 115, 153, 137, 145, 152, 138, 183, 177, 182, 164, 129,  56,  17,  20,  19, 134,  38,   7,  13,  30, 167, 171, 173, 174, 196, 147, 163,  82, 144, 197, 175, 194, 157,  18,  57,  83, 158,   8,   5, 187, 191],
  [118, 120, 119, 116,  82, 122, 183,  39, 117, 115, 127, 121, 137, 112, 167,  20, 163,  16, 147,  56, 134,  25, 164, 129,  38, 181, 194, 153, 171,   4,  30,  24,  26, 169, 144, 191,   9, 197, 114,  13,  46,  83,  19, 174, 145,  23, 157,  98,  59, 173],
  [119, 122, 120, 116, 121, 153, 118, 117,  82, 127,  39, 183,  12, 164, 115,  38, 163, 177, 182,  17, 145,   7, 174, 149,  46, 178, 144,  20, 167, 191, 171, 197, 130,  19, 112, 129, 134, 165, 187, 152, 137, 158,   5, 179,  59,  30, 196,   9, 194, 175],
  [119, 120, 118, 116, 122, 115, 121, 127,  82,  39, 183, 167, 164, 191,  12, 137, 147, 117,  20, 134, 145, 174, 182,   7,   6, 153, 163, 129, 144,  56, 177, 173,  38,  16,  17,  48, 178,  46,  30,   9, 171, 158,  59, 194, 175,  25, 187,  68,  11, 150],
  [119, 116, 122, 120, 117, 153, 121, 118, 115, 137, 138, 182,  12, 183, 145,  39,  82,  16, 164, 127, 129,  38, 144, 134, 174,  19,  56,   7,  20, 167,  17, 177,  13,  30,   6,  11,  59, 175, 197,   9, 163, 165, 171, 173, 114,  46, 151, 181,  57,  25],
  [ 82, 119, 120, 116, 122, 153, 115, 137, 118, 117, 121,  12, 183, 127, 112, 138,  16, 145, 167, 164, 103,  39,  56, 130,  38, 101,   7, 197, 134, 177,  17,  59, 163, 129,  20, 169,  97, 102,  11, 194, 152, 171,   9,  77, 140,  76, 191,  78,  46, 105],
  [120, 119, 116, 127, 118,  82, 115,  39, 121, 147, 183, 134, 122, 163, 117, 164,  12, 191, 167, 178,   7, 114, 182,  49, 128,  38, 112, 137,  23,   4,  16, 177,  30,   6,  42, 174,   9,  26, 149, 158, 157,   8,  46, 150,  72,  48, 145, 171,  25,  20],
  [119, 120, 122, 116,  82, 127,  39, 182, 121, 130, 167,  12, 117,  17, 153, 177, 164, 175, 145, 197, 183, 169,  19, 165, 118,  20, 194, 138,   5, 171,   7, 178, 174,  49, 144, 129, 158,  38, 112,  26,  69,  25, 115,  98,   9,  30, 187,  59, 151, 146],
  [  1, 136,  10,  61,  62,  29,  40,  93,  60, 132,   0,  94,  73, 126,  89, 111, 141,  72,  92,  91, 133,  96,   3,  43, 100, 123,  50, 107,  87, 108,  75,  12,  74,  63,  79, 146, 110,  15, 109,  67,  78,  64, 106,  65,  68,  88, 125,  95, 155, 105],
  [ 61,  73,  62,  60,  10,   1,  40,  72,  63,  67,  65,  64, 141, 132,  96, 111,  74, 136,  81,  66,  93,  29,  42,  91, 126,  92,  89,  94,  75,  87, 133, 139,  50,  79,  33, 148, 125,  45, 188,  86,   3, 107, 108, 109,  95,  43, 110, 142,  90,  77],
  [ 62,  61,  73,  65,  63,  64, 141,  81,  96, 111,  67,  93,  91,  75,  74,  92, 125,  94, 126,  89,  60, 109, 108, 110,  87,  90,  79,  88, 107,  95,  66, 139, 105,  80,  10,  77, 106,  76,  78,  86,  40, 104,   1, 124, 155, 154, 123, 140, 102, 100],
  [ 67,  60, 141,  66,  61,  65,  73,  40, 128,  62,  81,  63,  42,  84, 170,  58,  21, 159, 166, 132, 157, 188,  72, 180,  64,  96, 156,  33, 111, 172,  54,  18, 126,  47,  97, 191, 176,  37,  34,  32,  52, 147,  57,  44,  36, 112, 142,  22, 186, 163],
  [119, 122, 118, 120,  39, 116, 182,  82, 121, 183,  16, 153, 115, 177, 145, 127,  20, 164, 117, 171, 197,   7,  38, 138, 134, 167,  56, 191, 137, 158, 129,  30,  17, 178,  19, 174, 194,  12,  25, 149,   5, 147, 157, 163, 187, 186, 152,  26,  59,  98],
  [119, 120, 118, 122, 116,  39, 183, 153,  82, 127, 121, 115, 117,  16, 182, 134, 145, 138,  38,  20, 167, 164, 177, 191,   7, 137, 171,  56, 129,  25, 147, 163, 112, 174,  46, 144,  30,  26, 178,  19, 157, 194,   9,  17, 197,   4, 186, 152, 158,  59],
  [120, 119, 116, 118, 121, 117, 183, 122, 115,  16,  82, 138,  39, 127,  46, 169, 137,  38,  12, 153, 182, 145, 164, 134,  13,   9,  56, 167, 147, 163, 177,  20, 191, 144, 129, 178,  30, 168, 174,  24, 112, 171, 149,  59,   7,  17, 197,   5,  25, 192],
  [119, 120, 118, 116, 122, 121, 117, 115,  39, 145,  82, 183,  16, 164,  38, 182,  12, 137, 127,  20, 129, 177, 134, 167, 153, 144,   7, 158, 174,  59,  25,  19,  30,  56,  17, 197, 173, 191, 163, 171,  26, 181, 138, 149, 178, 165,   4, 147,   9,  98],
  [119, 118, 120, 116,  39, 122, 183, 121, 115, 127, 182,  20,  16, 164, 177, 117,  82, 153, 129, 163, 144, 167, 191, 145, 134, 147,  38, 137, 112, 157, 194, 171,  30,  17,  56, 174, 181,   4,  83,   9, 197,   7,  25,  13,  19,  26,  24, 152, 114, 186],
  [119, 120, 122, 116, 121, 118, 117, 183, 153, 115,  39, 145, 182,  12,  82, 138, 164, 127,  16, 177,  38,  20, 129,  46,  17, 144, 197, 163, 134, 137, 174, 167,  19,   9,   7, 178, 152,  59, 173,   5, 112,  56,  30, 171,  25,  57,   6, 158,  27, 191],
  [119, 122, 120, 116, 153, 118,  39, 182, 127,  82, 164, 183, 121,  20, 167, 177, 115, 112, 191, 144,  17, 175, 171, 134, 145, 152, 129,  11, 117, 130, 194, 157,   5, 137,  12,  98,   6, 114,  56,  38,  30, 187, 147,  25,  46, 173,   4,  26, 186, 174],
  [119, 120, 116, 118,  82, 145, 115,  16, 121, 127,  39, 129,   7, 137, 177, 183, 164, 117,  20, 163, 167, 150, 122, 191,  30,  56, 174, 114, 197, 134,  26, 112, 158,  19, 178,   4, 171,  49, 144,  83,  38, 136,  17, 165,  12, 194, 186,  24, 152,  69],
  [120, 119, 116, 121, 115, 118, 117,  82, 145, 122, 177,  38,  20, 183, 153, 127, 137,  39,   7, 167, 171, 178, 152,  16,  56,  17,  12,  30,  59, 163, 112, 164, 130, 174,   4, 129,  19, 191,  49, 182, 194, 197, 150, 165,  25, 186,   6,  24, 158,  83],
  [122, 119, 120, 116, 118, 121, 153, 115, 117, 182, 138,  39, 137, 183, 127,  13, 167,  16,  38, 129,  56, 145, 191, 144, 177, 164,  82, 134, 173, 152,  20,  30,  17,  46, 174, 157, 147, 171,  19,   6,  25, 168,   9,  24, 178,   7, 163,  12, 194, 175],
  [122, 119, 120, 116, 118, 153, 121,  39, 138, 117, 183,  11, 127, 167,  82, 164, 182,  46, 144, 145,  12, 115,  20, 174, 112, 137, 134, 171,  68, 196,  38,  25,   0,   4, 173,  59,   6, 177, 129,  15,   5, 147,  19, 175,  17, 194, 152,   9,   7,  16],
  [ 12, 100,  89,  94, 106,  91, 103, 101, 107,  92, 155,  76, 108, 104,  93, 110, 138,  78, 105, 124,  95,  80,   1,  10,  79,  11,  75, 154, 109,  90, 102, 125, 123, 117,  28,  77, 121, 136, 140, 111,  88,   0, 139, 126,  96,  45, 141, 168, 116, 120],
  [ 62,  61,  73,  65,  63,  64,  81,  67, 141,  96, 111,  93,  40,  74,  60,  91,  75, 126,  92,  94,  89,  66, 125,   1, 109,  10,  87,  79, 110,  95, 108,  88, 107,  90,  80, 105,  76, 139,  77, 106,  78,  86, 104, 155, 123,  72, 124,  42, 154, 140],
  [ 62,  61,  73,  60,   1,  65,  63,  93,  10,  67, 141,  91,  64, 111,  96,  81,  92,  94,  75,  89,  74, 126,  40, 108, 109, 125,  88, 107, 110,  90,  79,  95,  87,  66,  42, 105, 139,  77,  76, 106,  78,  72,  80,  86, 136, 104, 123, 132, 124,  29],
  [119, 120, 118, 116, 183,  39, 121, 115, 122,  16,  82, 164, 117,  20, 145, 177, 127, 182,  56, 134, 191, 137,  38, 197, 171, 129, 167,  30, 147, 144,  17,   7, 174, 153, 194, 163, 157,  25, 158,  19, 178,  59,   4, 186, 149, 112, 173, 187,   5, 192],
  [119, 118, 120, 116, 122, 117,  16,  39, 121, 115, 153, 183, 145, 137, 182,  20, 164, 127, 144, 177, 174, 134,  38,  56, 129,  82, 171, 167, 191,  30,   7,  19, 147, 138, 163, 197, 194,  17, 152,  59,  25, 158, 175,  46,  13, 187, 157, 196,  55,   4],
  [119, 118, 120,  39, 115, 116,  16, 183, 145,  20, 137, 127, 122,  82, 121, 134, 191,  56, 182, 129, 164, 147, 167, 177,  30,   4, 171, 174, 157, 144, 117,   7, 178,  38, 163, 173, 112,  48, 149, 153,  26,   6,  25,  24, 158, 197, 150, 192,   5, 186],
  [119, 118,  16,  39, 122, 120, 116, 183, 145, 177, 117,  82, 121, 171, 153, 137,  20, 129,  19, 182, 134, 164, 115, 158, 194, 197, 127, 174,  30,  56, 191,  38, 167,   7, 144, 157, 175, 152,  26, 178,   4, 187,  83, 186, 163,  57, 133, 196, 195,   5],
  [119, 120, 118, 116, 183, 121, 115, 122, 117,  39,  16, 153,  82,  20, 127, 134, 177, 147, 137, 182, 164,  38, 167, 145,  56, 191,   7,  30, 163, 152, 171, 112,  17, 144, 129, 197, 174, 157,  25, 194,   4,  24,  19, 178,  26,   6, 138, 186, 114,  27],
  [119, 118, 120, 116, 115, 183,  39, 121,  16,  82, 122, 117, 127, 137, 145, 177,  20, 191,  38, 164,  56, 182, 129, 134, 163,  30, 197, 171, 167,   7,  17, 153, 144, 147, 194, 157, 158,  25, 178, 174,  59, 149, 187,   6,  19,  12, 181, 186,   9,  24],
  [119, 118, 120, 116, 115,  16, 122, 121, 183,  39, 137,  82, 117, 134, 153, 145, 127, 129, 164, 191,  56,  20, 147, 167,  38, 177, 163, 157,   7, 182,  26, 171, 174,  30, 152, 144,   4,   9,  13, 112,  25, 173, 149,  24, 150,  17,   6,  11, 186, 114],
  [119, 120, 118, 116, 122, 117, 121,  39, 183, 115,  16, 145, 137, 129,  82, 153, 127, 134,  38, 164, 182,  20,  56, 171,   7, 177,  19, 167, 144, 197, 163,  25,  30, 173, 138, 191, 152, 174, 194,  26,  59, 147,  13, 112,  17, 149,  57, 157,   6, 181],
  [120, 119, 122, 116, 121, 117, 118, 115, 183, 137,  82, 138,  16, 127, 153,  39, 145,  38, 129, 134,  12,  56, 163, 182,  13,  46,   9, 164,   7, 191, 167,  59, 144, 168, 147,   6,  30, 177, 112, 149, 178,  20,  25,  26, 197,  19, 174,  17, 169, 103],
  [119, 120, 118, 122, 116, 121,  39, 117, 115, 183, 127, 153,  82,  16, 167, 138, 182,  20, 164, 137, 129,  13, 147, 145, 112, 169,  46,  38, 134, 177,  17, 144, 152,  56,  12, 163,  25,   9, 173, 191, 157,   4, 196, 171,  30,  24, 194, 178,   7,  11],
  [119, 169, 118, 120, 183, 122,  39, 116,  16, 138,  82, 115, 155, 147, 121, 117,  81, 140, 168,  66, 112, 127, 134,  20, 103, 145, 154, 191, 126, 178, 102,  87,  77, 101, 182, 124,  86,   0,  76, 139,  17,  78, 104,  30, 153,  80, 177, 152,  79, 123],
  [119, 122, 116, 120, 153, 117, 118, 121, 115, 183, 138,  82, 182, 127, 168, 137,  39,  38,  16,  17,  12, 169,  56, 164, 112, 103, 145, 163, 167, 129,  20, 134, 197, 152, 147, 177,   7, 171,  46,  13, 101,  25, 178, 155,  18,  19, 144,  30, 174, 140],
  [  1,  29, 136,  10,  41,  72,  61,  43,  73,  22, 132,  60,  50, 126, 133,  40, 166,  68,  27, 182, 193,  11,  45,  51, 111, 141, 160,  62,  96, 189,  12,  49, 100,  35,   5,  15,  53,  33, 156, 148, 151, 192,  99, 149,  28, 142,  31,  36, 143, 144],
  [  1, 141, 126,  67,  66, 136, 111,   0,  96,  97,  81,  40, 133, 112,  65, 183, 147,  72, 169,  60,  68, 155,  52,  10,  87,  61, 132,  49,  64,  73,  24,  23,  75, 144, 110,  94,  79,  93,  63,  13, 193,  42,  92, 140,  89, 125, 170,  62,  91, 148],
  [119, 120, 118, 116, 122,  39, 183, 121, 115,  16, 117, 127,  82, 153, 145,  20, 164, 177, 134, 182, 137,  38, 191, 167,   7, 171, 129,  56, 144, 174, 197, 147, 163,  25,  30, 157, 194, 138,  17,  19, 112,   4,  26,  59,   9, 158, 186,  12,   6,  24],
  [119, 120, 118, 116, 121, 122, 183, 115,  39, 117,  16, 182,  38,  82, 145, 177,  17, 153, 197, 137, 127,  20,  56, 169,   7, 164, 138, 178, 167, 191,  30, 171, 147, 134, 174, 163,  19, 129, 158, 149,  25,  18, 194, 192, 157,  59,  12, 187, 144, 186],
  [119, 120, 118, 122, 116,  39, 115, 183, 121, 117, 153,  16, 127,  82, 145, 137, 182, 164, 134, 177,  20, 167, 191, 129, 147,  38, 138,  56, 174,   7, 163, 157,  17, 144, 171,  26, 112,  30,  25, 152,   4,  11,  12,   9,  19, 194, 150, 173, 178, 149],
  [119, 118, 120, 116,  82, 183, 121, 115, 122, 127,  20,  39, 153,  16, 167, 117, 145, 164, 182, 137, 177, 147, 197,  38,  17, 129,  56, 138, 171,  12,  25, 112, 134, 191, 194,   4,  30, 174,   7,  49,  83,  24, 157,  11, 175, 178, 181, 144,  59,   5],
  [119, 120, 116, 118, 183, 122, 121,  82, 115,  39,  12, 117, 145, 182,  16, 177, 127,  38, 134, 153, 197, 138, 167,  20,   7, 137,  46, 164, 112,  59, 163, 191,  56,   9, 171,  25, 174, 129,  17, 178, 152,  98, 147, 144, 149,   5, 186, 169, 157,   4],
  [120, 119, 118, 116, 183, 121, 122,  82, 115,  39,  16, 127, 117, 182, 169, 137, 164,  56, 167, 147,  38,  20, 145, 177, 197, 153, 134, 129, 112,  17, 178, 163, 191, 138,  30, 171, 149, 157,   7, 174,  26,  19, 192,   4, 158,   9,  25, 144,  24,   5],
  [119, 120, 118, 183, 116,  39, 122,  16,  82, 115, 121,  20, 177, 129, 191,  56, 164, 127, 134, 117, 145, 171,  30, 157, 167, 194, 197, 137, 182, 147, 112, 144,  17, 163,   7, 173,  38,  19,  25,   4,  26, 158, 153, 186,  83, 174, 192,  24, 152, 178],
  [119, 120, 118, 115, 116,  16, 137,  39, 121, 122, 145, 183, 134, 127,  56, 147,  82,  20, 164, 117, 191, 177,  38,   7, 182, 129, 163, 167, 174,  30,  25, 153, 144,   4,   9,  59, 197, 157, 171, 158,   6,  26, 186, 181,  24, 173, 150, 178, 152,  83],
  [119, 120, 118,  39, 116,  16, 122, 121, 127, 115, 183,  82, 145, 164,  20, 182, 177, 117, 167, 144, 129,   7, 174, 147, 191,  56,  30, 171, 137, 134,  17, 197, 158,  19, 194, 192,   4, 173,  68, 157, 163, 178,  38, 112,   5,   9, 196, 175, 149, 153],
  [119, 118, 120,  39,  16, 115, 116, 183, 122, 121, 117, 177, 145,  56,  82, 137,  20, 182,  38, 197, 147, 171,  30, 191, 164, 194, 127,   7, 167,  19, 129, 178, 134, 163, 152,  25,  17, 174, 153, 158, 157,   4, 192,  83, 187, 144, 149,  24, 186, 181],
  [119, 118, 120, 116, 115,  39, 122, 183, 121,  16,  20, 127, 182, 147, 145, 191, 134, 137, 177,  56, 129, 164,  82,   7, 167,  25,  38,  30, 117, 158, 163, 157, 144, 171,  26, 197, 174,   4,   9,  24, 173, 178, 153,   6, 187,  17, 194, 150,  19,  59],
  [119, 118, 122, 120, 116,  39, 183,  16,  82, 121, 115, 153, 117, 145, 127, 182,  20, 164, 134, 129, 177, 137, 167, 191,   7, 144,  56, 171,  38, 174, 197,  30, 163, 138,  19, 147,  26, 194,  25, 157, 149, 112, 152, 173, 178,  17,   5,   9, 158,   4],
  [119, 120,  20,  17, 115, 118, 183, 121, 197,  12,  29,  10, 116, 177, 133, 145, 150,  82, 147, 149,  49,  15, 182,  51,  27,  68,  56,  16, 131, 137,  83, 152, 129,   5, 164, 136, 158, 112, 171, 178, 134,  30,  38, 173, 130, 192,   9,  24,  11,   4],
  [ 39, 119,  16, 118, 183, 133,  20, 177, 182, 192,  19, 129, 197, 171, 158,  30, 136, 147,  56, 187, 194, 120, 144,   4, 173, 137, 121, 164, 145, 191, 174, 115,  68, 161, 116, 193, 195,   6, 179, 134,  17,  83,   5, 184, 185, 151, 157,  70, 166,  24],
  [119, 120, 118, 116, 183, 122, 115, 121,  39,  16, 145, 182,  82, 117, 127, 191, 177, 129, 134,  38, 137,   7,  20,  56, 164, 147, 167, 171, 153, 197, 157,  17,  30, 163, 158,  25, 174, 149, 178,   4,  19,  26, 144,  12, 194, 173, 186,   9, 187,  59],
  [119, 120, 118, 183, 122, 116,  39,  16, 121,  82, 115, 145,  20, 117, 127, 182, 177, 134, 153, 191,  38, 137,  56, 171, 164, 129, 147, 197, 167,  30,   7, 178, 163,  19, 157, 149,  17, 174, 158, 112,   4, 138, 144,  25,  26, 194, 186, 192, 152,   5],
  [119, 120, 116, 118, 121, 122, 117, 115, 183,  39,  16,  82, 145, 127, 182, 137,  38, 153, 164,  20, 134,   7, 174, 177, 171, 167,  56, 129, 191, 144,  30, 163,  19, 147, 197,  12,  17, 158, 178,  25, 149,  26, 112,   4,  59, 157,   5,   6, 186, 194],
  [119, 118, 120, 116,  39, 122, 164, 115, 121,  82, 183, 127, 145,  16,  20,  56, 177, 191, 167, 129, 134, 137, 147, 144,   7, 197, 182,  30, 117,  25, 171, 149, 194, 163,  26,  38, 158, 187, 174,   6, 173, 157,   4,   9,  17,  59, 192, 150, 153,  24],
  [119, 122, 120, 116, 118, 153, 121,  39, 117, 183, 182, 115, 127, 145, 164,  20, 144, 129,  82, 177, 167,  38,  46, 138,  16,  19,  56, 137, 171,  17, 197,   7, 174, 163,  12, 134, 194,  25, 175, 152, 191,  30,  13,  26, 196,   5, 173,  59, 165,   9],
  [119, 118, 120,  39, 116, 122, 121, 183, 115,  16,  20, 191, 167, 177, 182, 127, 117, 171,  30,  38,  56,  82, 164, 144, 145, 147, 134, 129, 174, 194, 178,  19, 153, 157, 158,   7, 163, 197, 137,   4, 187, 196,  26,  25,   6,   5, 175,  83, 192,  17],
  [119, 122, 118, 153, 120, 116,  82, 182, 121,  39, 117, 183,  16, 138, 127, 145, 177,  38, 167, 134, 115, 129, 164, 171, 197,  20, 174,   7, 137, 191, 157,  17, 175,  19, 158, 194,  12,  56,  25,  59, 144, 152,  30, 114, 162, 186,  11,  83,   5, 165],
  [119, 118, 120,  16, 116, 117, 121, 122,  39,  82, 183, 115, 145, 137, 127,  20, 164, 134,  38, 174, 167, 177, 163,   7,  56, 191, 129, 171, 197,  30, 144,  19, 153, 147,  59, 149,  25, 112,   4,  26, 178, 182, 152, 157, 158,  55, 194, 150, 186, 181],
  [119, 120, 118, 116, 122, 115,  39, 121, 117, 183, 137,  16, 145,  82, 127, 164,  56, 134,   7, 153, 191, 167, 182, 177,  20, 174, 147,  38, 144, 129,  30, 171, 163, 157,  17,   9,   6, 158, 194, 197,  19,  26, 173, 178,   4,   5, 187, 186, 149, 138],
  [119, 120, 116, 118, 183, 121, 117, 115,  39, 122, 182,  16,  82, 134,  17, 177,  38, 164, 137, 147,  12, 145, 153, 191,   7, 197, 127,  20, 163, 138, 174, 171,  30, 129,  56, 152, 144, 167, 178,  25, 157, 194, 158, 112,  19,   5, 184, 186, 173,   6],
  [119, 120, 118, 116, 121, 115, 183,  39, 122,  82, 127, 117,  20, 164,  16,  38, 167,  56, 191,   7, 147, 145, 137, 134, 153,  46, 177, 171, 182,  30, 112, 163, 178, 144, 174, 197, 129, 149, 192,   9,   6,  19,  17, 158,  12,   4, 186, 157,  24, 194],
  [119, 120, 118, 116, 121, 122, 115, 183, 145,  39,  82, 117,  38, 127,  16,  20, 153, 177, 167, 164, 137, 129,   7, 197, 134, 171, 163, 182,  56, 191,  17, 178,  19, 158,  30, 174, 152,  59, 112, 157, 194, 147, 150, 149, 186, 187, 144,  26,  25,   6],
  [119, 120, 118, 116, 122, 121, 115, 183, 117, 138, 153,  39,  16, 182, 145,  20,  82,  12, 127, 137, 134, 167,  38,  56, 152,  25,   7, 147,  11, 144, 177, 129, 164,  17, 197, 171,  59,  30,   5, 191, 112,  46, 169,  15,  24,   6,  19, 194, 157, 174],
  [119, 120,  39, 118, 164,  20, 183, 129,  56, 177, 145, 115,  16, 127, 147, 158,  30, 197, 191, 116, 192, 182, 171, 134, 144,  26,   7, 187, 167, 174,  82, 194, 121, 163, 137, 122,   4, 157,  17, 178, 136,  25,  19,   5, 173, 149,  68, 179,   6, 133]],

