  69  56  62  36 110  43  93 183  22  63 166 167 111  58 184  78 169  35  49  64 188 186  90 109 168   7 171 170  31 175 173  79  34  10  71  20 113  47 180 174  41  70 163 165  94 172  51  23 176  65  32  66 191  87 159 101   3  46  86 116 193 192 100 158
   57  37  69 109 142 135  55 155 127 139  90 146 126  85 140 161 138 133 143 157 160 137  52 153  68  72 108 154 151 164 148 149 159 152  78 158 136  53 107 111 156  92 134  88  49 162  32 144  66  65 175 174  67 172  54  64 163 176  51 169  63  11  50 147
    8  77  61 178  23 114  45 187  25  13   3  58 124 103 184 197 181 115  29  86 182 105  74 190  99 189   7 104   5 180 185  27 179  17 195  71 112 120   4 110  18  91 131  70  83 125 188 130  14  30  40 186  60  19  75  89 101 102 123 116  46  47  42  98
   69  63  76  49 109 166 111  90  48 167   1  92  35  55 128  97  78 171 107   0  85 112 175  57  50 177  34  56  93  79 165  37  52  81  10 170 164 168 174  64  94  70 158 176  66  51 172  31  65 159 152 157 183  80 173 153 194  22 155 161  43 160  68  87
   49  63  69  78  90 109  36  35  50 140 157  52 153  64 169 111 155  57 161 171 154  81 151 158 159 160  65  66 172 173 152  79  80  55 167 143 147 174 162 149 156 164 175  37 148  51 170  68  76 163 168  72  67 135  94  93 138 107 150 176 166 136  92 139
   49  63  78  69 109  90  35  50  36 157 153  52  64 155 140 161 169  57 111 171 151 154 158 159  81  66  65 172 152 160  79 173 174 162 167  80 143 149 156 147 164 175  37 163  51 148 170  76 168  68  55  72  67  93 135  94 138 107 176 166 150  92 136  10
   49  63 140 109  78  90  69  36 147  35 157 143 151  50  57 161  64 153 169 155 148 154  52 160 152 171 158 173 149 159  66 172  65 162  80 156  79  81 167 163 135 111 138 174 136 164 175  76  37 170  68  51 134 107  67 139  55 150 168 142 127  94 146  92
   49  63  35  90  69  78  50 147 140  36 169  52 161 157 153  55 155 154  64 151 171  81 159 160 143 109 158 173  66  65  79  80 149 152 172 111 162  51 156 135 148  72  57 174 138 164  67 127 167 170 163  76 134  68 175 107  37 168 150 139  95  94  73 136
   49  69  63  78  35  36  90 111  50  81 167 171 109  93  79  65 174 155 153  52  64  66 172 175 158  55  80 157 159 173 164 170 152  57 168 161  76 162 156 169 160 154  51  94 151 163  37 176  68 166  67  72 149   0  97  43  92  56  95  10 177   2 148  53
   69 111 165  26  93 109   9  62   1 167  96  82  49  63  48  78  53 170  70 171 183  79  51 175 173 185  31  81   3  68  80 100  94 166  40  90  55 174 158  85  65 122  88  66 172 154 149 113 112 153 157  71 177  50  43  16 160  47  10 159 163 121 156  67
  120 182  61 125   8 190  23 124 103 189 179  45 105  86 108 188 197   5  14  56 115  58  19 119 178 116 195  99 110 126  83 132  17  60 123 121 131 100  46 114 187  13 104  18  21 107 194  27 184 192 118   7   4  47  77  84 122 130 117 181 180 128  31  41
   76 109 142 140  35  42  41  34 106  73 104  15 144  37  36  12  60  57 143  89 112  90  44  14  25  78 193  64 164 148 186 135  96  33  46  92 134  86 161 126  85 155   9 128  20   7 183  97  21  93 116 157 129  55  83 152  38 153   2 151  28  84  22   0
  106  76 140 109  35 142  90 121 143 167 148 134  93 144 183   9 147  78  92  69  34 136 102 135 132  36 137 169  63 146 157  75 104 116 151 186  96  41 138 128 149  49  46 173 139  80  47  30 129  57  64 165  79  71  60 181  98  65 172  44 195 171 170 153
   49  63  36  90  52  35 169  50  78  69  81 157 159 153  65 155 154 161 174 149 158  66  51 151  79 140 172  68 162 171 160 152 173 156  80 168  55 111  64 167 164 148 163 109  67 175 170  57  72  37 138 143  93 147 150 176 136   2 135  94 139 142  39  56
   35  49  90  36  63  73 140 109 167  69  78  76  81  97 143  93  42  80  50 183 170  52 169 111  79 173 165 171 157 154  65 164 172  55   0 153  30 129 174 163  96  43  64 161 148  66 147  95 152  98  94  22  47 168 158 159 149  34 155 175 196 162 151 142
   49  78  35 167 165  63 170  69  64 183 109 140  87  94 168 107  90 171  50  81  97 175 176   0 173  36 186  79  93 174 164 110  48  80  37 172 152 163  58  10  66  92 157 161  56 184 154  65 153 158 177  43 169  76  70  34 149  47 185 159 166  82 151  71
   77 112   8 187 178  26 185   3  70  25 186 177  71  16  48  91 184  82  40   2  74 188 183  23  53 165 102  86   1  30  42 166  98 103 189 176 168 181 121  96 105 197  93  45  13 114  61 100 195  29 115  31  99  39 175  47 179   9 182  24  94 111  17  14
   49  63  69  90 109  78  35  50 111  36  64 140 157 171 167  52 153  81 169  79 172 158 173  65  66 161 154 155 159  80 151 143 174 149  55 160 152  57  93 170 162 175 147  51 164 156  94 168 148 163  37  76  68  67 166  72 135  73  92 107 176 138 165  95
   49  63  90  78  69  35 109  36  50 157  52 153 169 140 155  64 161 171 111 154  57  81 151 158 159  65  66 172 160 152  79 173  80 162 167 174 143 147 149 156  55 164 175 148  51 163 170  68 168  37  76  72  67  93  94 135 138 107 150 176 136 166  92 139
   49  63  69  78  90 109  36  50  35 157  64 140  52 153 171 169 111 155 158 161 159 167  81 151  66 154 172 173  65  57  79 147 160  80 174 152 149 162 143  51 175 156 164  55 170 148 168  37 163  68  94  67  76  72  93 166 135 138 107 136 150 139 176  73
   36 169  49  63  78 140 147  57 109  52 157  50 155 143  90 151 161 153  69 160 154 138 148 149  64  68 158 162 156 136  66  65 127 172 173 159 135 111 152 171  80  55 134 174  72  79  51 142  67  81 163 139 150 175  37  35 164 168 170 146 167 107 137  76
  140  35 147  49  63  36 148 143 135 169 151 161  78 157 138 155 153  90 154 142 134 160  64  50  69 149 152  52 109 156 162 159 163 158 173  81 172  80  66 136  65  79  57 139 146 171 164 127 174 150 106  55  67  37  76 170 107  72 133 167 175  51 144 141
   35  49 140  78 147  63  36 109  90 143  64  50 161 148 157 153 167  81 173 169  76  69 155 151 152 171 154 172  80 170 166  79 163 149  66 162  52  73  65 135 158 164 159 174 134 160 142 156  95  72 106  94 175 168 138 107 111 129  67  37   0 150  57 127
   49  69  63  35  78  90  50  55  81 109  52 111 171 167  79  80 153  65 174  64 173  66  36 157 159 158 172 169  51 168 161 164 154 170  72 155 175  68 152  37  93 160 156  57  97 149 162  10 151  67  95 163   0 140  94 176  76 143  73 147  39 148 107 165
   69  63 109  49 111  90  52  78 155 167  36 153  50 157  57 171  81 162  80 161 154  65  35 160  79 172  66 158 173  64 175 174 164 152 169 156 170 151 159  68  55  93 140 149 168 166  51  76 148 165  67  94 143 163  72 147  92 176  53  37 136   2  73 150
   96 178  26  40  98  74  29  25  30  85 100 195 112 182 185  99  42 188  22 114  47  23 184  46 115 193  77 180  55 179  75 103  44  59  71   8  86  17 113 194 181 191   4   5  48  43  18 189  62  70  39  24  14   1 197 187  21 116 119  19  73 192 104 183
   77  26   1   3  70 185  40 187 178 112  16  48   8 177  82  71 186 188  43 165  91  53 184  93  25 111  74  47  31 108 166  58  23  99 183 181  88  29 195  30 190  96 103 167   2  61 113 189 176 168  86 175  13 102  59 100 179  54 114  98  17 170 115   5
   35  49  97  10 107  56  78  90  39  87  43 167  41 110  72  64  36 171  50  52  95  79 161 173  94 170 168 147  51 184 163 155 159 172  48 152 176 153 169  66  65 158 157 174  76 151  32 129 188 175  81 166  63 141  67  80  92 182 109 154  93  20  22 128
   76 109 140  57  78 143  36  37  90  64  49 157 142 148  69 135 151  63 153 161 164 106  35  55 169  50 155   0 154  66 147 172 152  80  65 160 158  92  34 159  41 149 156 134  12 162  79 173 163 171 138  81 174  94 175 167  67  68 170 144  73  20  52 137
   69  63 111 109  49 155  50  52  78 153  55 157  57 171  90 169  81  72 160 161 162 158  65 156 172  66 166 152 154 175 135 151  79  80 174  35 149  51  64 167 173 147 159 164  68  37 148 143  67 170 140 168 163  93 165  92 176  36 142 136 107 138  94   1
  178  43 188 112 184  40  35  47  95  30  22 183  74  39  42 182  70  71 185   1  91 166  13  87  98 105  86 104 167  24 113 129 103 111  48 194 192  63 190 114  26 187 165  99  19  58  31  59  61 107  75  97 180  46  49  38  14 121 189 179 195  83 177 186
   49 107 167  63  35  90  97 171  36  78  51  10 173  50  64  43 168 170  95 147  52  94  56  79 110 165 188 111  66 172  80 175 174 169  65  72  81 158  82  87  73 159 166 157  68 141 149 161  76 109 151  69 153 154 152  67 163 162 136 127 183  92  39 176
  140  36 147  35 161  78 155 148  64 151 157  49 143  76 153  57 109 107 152 169 154 134 127 138 136  90  50 149 163 162 173  52  63 160  37 141  66 172 156 158 159  80  65 171 164 135  79 174  69 133 139 142 175  92  72  67 150 170 126  81 146  10 167  68
  140  35  76 109  63  49  78 143  90  36  57 147  64  69 169 135 155  50 157 142 148 153 161 151 154  37 160  55 134 106 152 138 172  80  66 158 164 156  65  81 171  79 159 162 173 149 163 167 174  52  67 175 170  93  94 150 111 137 168 136 139  92  72 166
  147 127 134 107 143 136 140 146 135 145  35 138 139 106 141 109  63  90 126 169 133 148 151 132 161  69 128 157  49  78 155  57 154 149 137  52  50 160 153 150  32  64 152 142 173 171 156 158  51 163 118  66  67  80 162 159  28 172  87 119  76  36  72  65
  122  14  40 114 178  13 103  27 131  24  61  45 115  25 125 130  74 120  96 119  31   5 190 104 193  86 113  99 189  18  83 180 184  39  17   8 100  23 118  29   4 145 105 188  98  30 194  19 132 179 116 191  71 117 127  20 187  16 192  60  77 182 181 101
  106 129 131 193  24  38 112  15 134 166  76  44 102  32 132 118  60 128  13 122  20  85  27 145 104 115 109  59 127 130 126 101  31 125   7 142 119   3  19   4  11 117 135 191  57 103  18 123   6  75  69  14  37  28  73  17  45 192 137 147 116  55  33  40
    8 124  23 102 120 189 121 103 182  89 105   7 197 132 106 116 125 181  75 110 123 115  61 195  45   3 133 187 186 129  60   5 114  76  59 119  47  17  46  98 126 190 104  29 118   4  27 131  54 145 179  34  83  19  71 130 194 141 128 117  30  18  84 193
   36  76  35 140   0 144  57  93  78  49 143  80  73 164  81  64 142  55 169  34 148  90  42 156  65 160 155 153  79 157  50 167 154 161 109  66 106 172  97 174 173 135 159 162 163 158  12 152  44 150  33 137 170 151  63  94  41 171 138  67  68  37 181  38
  184 187  86 185 186  71  42 183  30 182 188  58   8  47 197 112 120 114  77 104 102  15 103  60  13  61 181 178  43  25  14  23 179  96  45  26  46  70  83  73 196 105 189  24 101 193   4  74  17 115 180  29 195 131  99 121 125 166  18  87 192 110 116   5
  111 167 166  49  63  93  50  81 168  35 171 109 175 170  79  80  69 177  78 172 165 174  65  94 112 164  66 173 176  64  51 153 158   2  72  90 155  26 162  70  52  76 183  95 157 152 169  43 159 154  82 156 161 160  67  68 163  36   1 149  92  55   0  48
  109 140 143  78  49 147  90  69  35  63  36 148 146 134 106 167 157 151 135 129  64 107 136  76 138 149 169 153  57 133 161 154 163 132 173  92 152 171 139 145 160  50 127 141  34 142  79 158 172  41  52 170  80  37  66  97  65  73 155 111 165 162 159  81
   35  63  69  36 167  43  49  81 140 170 165  26  93  80 169  30 173  79  90 183   1 148 144 168 171 174  50  65 111 175 150  52 160  98 149 154 157 162 136 172 110 163 156 152  66 153 158  95  70 164  53 121  47  78 161 151  51 159 143 176  82  68  55 135
   40 122 110  31 178   1  61  27  43  16  26  74  70  39 114  13 184 188  88 103  91 105  30 113 180  95  51  87 108  77 190  48  10  58  99 165  45   3  82  98 185  29 137  47  17 100 187 131  71 183  49   5  19  86 120 139 150  97 132 145 194  24 130  96
  109 143  63 140  57  78  49  90  69  55  64 157  50  76  37 147 153 161 164 135 154 151 148 171 160 169 158 152 159  66  80 172 149 142  79 167  81 155 111  65  36 173 175  68 168 174 156  52   0 162 163 166 138 170 137  51 146 136 150  92 134 139  67  94
   49  63  35  90  36  69  78  52  50 169 155 157 109 153 161 111 151 140  64 171  81 147 154 162  65 159 158 152  66 172 160 149 173  79 174  57 167  80 156  55  51 148 143  72 163 175 170 164  68 168  76  67  37 107 138 135  94  93 136 127 139  97 176 150
   63  49  69 109  90  78 140  35  37  50  55  57 157 154 153  81 143  36 155 160 169  80 164  64 111 159 171 152 161 158  65  66 172 173  79 151 167  52 156 174 148 149 162 175 135 170 147  76  68 163  51 168  93  67 165  72 142  94   0 150 176 136  92 138
   63  69  49 111  51  52  55  68  50  81 169  72 171  90 160 154 173 158 159 167 168  65  80 174 153  79 157  66  78  36 175 149 172  95 162 156 165 155 170 136  67 152 147 109 127 151 161 164  93 150 163 108   1  35  64 143 176 139 107 148  57  37 135  82
  110  43 108  91  58  82 188  36 141 167  56  51 165  77 168  23 136  87  30   8  16  61  70  95 190 184  26  27  39 182  35 178 173  88  74 105 150 187   3 100 170 163  98  63 171 169 113  99 107 185 147  79  52   1  80  68 121 174  10  65  53 175 124  47
    8 125 124   3  58  77 108 120  23  45 122 115 101  61 133 190 103 132 100 105 119 130 131 110 197  40  29   5 181 123  99 187 195 179  17 141 189  86 121 102  83 180 114  16  18 146  13  27  25 144 116  74 137 118 126  19  71  89  91   4  46 178  88 136
   77   8  45 178 125 187 115   3  61 114 103 120  23 197 124  25  29  99  74  86  40 190 101 189  13 122 179 181   5  17  14 182 130  58 195 105  18 185 119 180  71  83 110 100 116   4  30 108 184  19 188 131  98  46  24  31 113  16  54   7  70  27  89 123
    8  77 187 125  61 120 178 115  45 114 103  23  86 197  13 189 124 182  15 179  25 122  14 101 181  17   3  99 184   5  74 190 186 131  71  24 185  83  58   4  40  19 188 105  18 102  54 116 195 130  60  29 193   7 119 104  27 126  31 180  84 110  91  16
   77  25 106   8 125 110 137 141  53 142   3 114 140 150 144 124 187  96 133 126 197 186  88  82 134 147 135 148   9 120  23 101 115 122  29 163 181 119  30 138 185  16  67  71  70  91  64 100 156  26  27 130 151 178  86 173  80 103 154  11 132 160 104 177
   77 178   8  23  25  86 182  61  45 115  54 112  39 101  99   3 103 100  40  29 195   5 179 189 197   1 108 190 114 187 105  13  27  24  31  17 124  98  74  19   2  18   4   7 193  88 113  62 185  71 180 119 120  14 116  83  48 125 130 188  70 186 104  46
  134 140 106  76 126 132 147 138 145  35 133 142 144 131 129 135 143 146  60 128 104  73 148 139 118  44 127  90 123 120 125 109 119 116  20 117 193 121  34 136  41  38  14  59  36 151  21  42   7 130  46  22  11 137  83  75 161  33  28   9  24  57 124   6
    8  89 124 144  76 106  25  54 123   3 195  86 120 121 197  29 101 142 125 116  28  12  77 119  46  33  23   7 181 130  15 133  84 115 128 131  60 102 117 118  45 104 132   4 193 135  17 126  11  75  36 134  83  92  18  44  34 179 148 189  57  56  14 138
  140  35 147 134  49 106 148 135 138 127  90 139  78 142 146 143 151 149 132 109  64 126 133 161  63   0 157  15 129 150 144  50 163 153 152 173 171 156 169 154 131 141 159  73  95 145 158 172 160  66 136 155  69  65  81 162  20 164  79  96  94  80  36 170
    8 125 119  23 124 100   3 115 197  89 126 118 122 130  45 181 101 106  25 137  29  84  28 116   5 128 123 117 133 102   7  54 144  33  18 189 195 120   4  21  77 193  12   9 114  62  17 179  11 127  85   6  83 180 131 132  46  14 134  96  41  75 142 196
   56  38  36  63  35 137  76 146  57 107 147   3  55  54 133 139 190 128  11 144  91 138 159 129  59 160 154  37  51 150 135  72 155  88 134   1 136  33 145 118  27 151 100 156 152  68  32  28 116  97 157 111 131   0 143 153 158   7  44 108 161  89   6   5
   49 166 109  78  50  64  63 164  69  57  93 155 168  81 140  55 111 171 158 172 153  79 175  37 159  66  72 167 157 174  65 161  80  76  90  94 160 152 173 162 169 154  51 156 151  36 149 170  52 142 177  68  67 163 176 143  73 148 147 135  97 150  10 138
   63  49 109  69 140  90  78 143  50 169  55  35 157  36  52 147 153  81 148 161  64 154  57 149  80 167 135 151 171 164 160 158  66 173 172 111  65  79 152 159  68 162 155 174 168 156 175  73 170 142 163  37  93 146 138  51 150  94 136  76  67 134 139 127
   49  35  63  50  36  78  90  52  56 171 167 169  51  81  72 173  65  64 168  79 172  66 174 158  69 155 162 153 157 161 159 149  95 147 170  94 151  80 107 152 175  10 154  43  67 156 163  39 160  93  97 111 176  87  68 148 164 136  92   2 150 140 165  37
   76 128  20  57 109  37 146  49  97  69 143  85  78  90 127  36 145 140  63 129  73   9  44  96 118 147 134 196  41  55   6  60  12  59 135  64 102  92 107  34  89 191 116 133 181  38 166 194  72 148 122 119 137 157  75  68  24 111 132 142 193 180 139  50
    8 178  77 115 124 125 122  25 114  99 108 190  40 120  23  45  61  83  74  88 197 103 105  14   3 101  13  11   5 100 189 179 119  17  27  91  86 195 131  84  28 118 130  54  18 187  19 123 126  59   4 116  29   7 110 132 117 180 181  38  98 134 182  39
    8  77 125 124 115  45   3  23  61 120 197 101 190  99 103   5 179 122 114 189 119 130  17  29  58 178 100  25 182  74  18 181 131  13 195 187  14  40  19 180 105  86   4 116 123  54  83  27  89 118 126   7  46  84 132 117 108 102 194  24  15 191 193 133
    8  77  61  45  23 115 114   3 125 103 178 187 197 124 189 120  99  25  29 190 179   5 182  40  13 101 181  86  17 122  74  58  18 195 130  71 180   4 105 185  14  19  24 119 131 184  83 116 102  27   7  31 100 188 186  46 193  98 104  75  30  47 110 113
    8  77  61  45  23 115 125 103 114   3 178 187 120 197 124 189 182  99 190 179  29   5  86  25  13 101 181  17  40 122  18 130  74  58 195  14   4 180 105 119  19  71  24 131 116 185  83 102   7 184  46 104 193 100 188  27  31  98 123 186  75  47  60 191
    8  77 187 125  61  45  23 115 197 114 120 103 189 181  86 178   3 182 124 179  13  58 101  25  71  17  99 186 185   5  29  14 190 102  24 195 184   4  18  19  74  83 131 130 180  40 104 116   7  15 122  46 105  60 193 119 188  47  30  89  75  42 191  70
    8  23 125 115  77   3 197 124 187  45 189  61 181 120 114 179  99 101  17   5  60  13 186  25 182 178  86 116 193 195  29  83   7 103   4  18 122 102 190  24  19  89  14  54 119  46  84 184 130 123  71 126 131  59 112  44 180 185 191  75  15 121  74 117
  106  25  86 167 183 147  92  71 121 186 141 132  70 185  35 120 182 103 145 178  30  43 188 110 102 112 109 107 136 137  47 125 165  75  31 100  76 104 187 140  23 105 124  26 166 134 108  93 131   9 150   3 184  98  91  62  48 177  82 181 116 148 129 139
   77   3  40   1 178   8 190  74  99  61  16 108  70 188 187  98  23  43 110 114 180  91   5  29  13 100  26 115  54  45  88  39 105 195  17  31  30  58   0 185  27 189  56 179 103 122 194  47  25 197 182 184 113  86 112 181  18  48  71  82   2 124  95  51
   26  43  70 165  40  63  69 167   1 111 183  48 185  49 188  30  96  93  47 112  51  82  81  71 184  98 178  95 170 168  91  16  31 113  74   0 177  80   3 171 100 175  79  73  90  87 173  68 174 187  52  62  53  99  55  22 176  65  50 180  42  94 181   2
  110 114 185 112  70  77 187   3 197   8 105   1  61  71 186  23 178  58  45  42  86 104 103 181 177 182 183 189   0  30 184 180 121  13  29  25  47 195 115  31  76  60   7  75 116  91 179 120 191   4 188  34  82 124  19 100  98  17  27 166 190  99  46  14
  145 143 132 134 135 123 147 142 109 140 144 146 121 102 129  44 118 130  46 128 127  28 124 138 117  76 131  38  60 119  59 133 136 106  20 104 148 192  55  25  33  42  14  21  57  69  89   6  96 116  63  83  29 115  85  18 141  12   9   4 139  11  24  73
   35  36  63  49 167  78  50  90  52  81  79  69 109 153  65 157  64 171 155 168 172 161 162 173 152  93 174  66 169 170  80 158 175 159 111 164 163 154 151 160 156  76 149 140  72  43 176 166  51 148  67  92  94  68 147  56  57   2 165 150 177  37  55 143
   49  63  69  50  78 171  81 158 159  51 153  64 173  79 157 154 160 172 174  66  65 152 155 149 140  80 169 147 151 161 111 167 156 175 170  90  35 163  94 162 164 168  52  67  36  72  37 166  55  68  95 148 150  93 176 109 135  10 165  57 107 143 138 139
  146 134 133 127 145 132 138 147 135 143 140 137 144 139 118 142 119  36 136 106 122 150  11 148 141  28 129 130  57 100 128  55 126 131 123 117  88  20 125  38 169 114  97  21  44 124  12 151 116   6  73  33 120 160   0 115 161 196 107  22 154 149  41  59
  187 186 185 102 181  42  25 184  70 182  29 178  71  23  98  47  86 189 195  96   8 112 114  77 188  34  26  46 115  89 104 177  24  48 179 193  17 180  74   7  43  30  13   1   4  60   3 103 116  40  99  75   5 121  18  61 183 194  54 192  85  44 191  19
    8 125 122 124  77  45 115 120  61  23 103   3 190 101   5  99 119 130 100 105 197 189  58 114  25  40  27  29 179 178  17 108 131 182 180 187  18  13  19 181 116 110  74 195  98 123 132  31 118  86   4  14 133 102  83 117  91  88  71 113   7 188  24  84
    8  77  61  45  23 115 125 103 178 114 187   3 120 189 124  40 182 197  99 190  13  86 179   5  25  29 101 181  17 122  74  71 130  18  24  14 195 180  58 105   4 184  19 119 131 185 102 188  83  31 116 100  27  46   7 186  98 193 104  30 113  47 123 194
    8  77  61  23 178  45   3 187 103 115 114  25  99 197 190 125  29 181 189  40 124  58   5 182  13 120  74  86 179 101  17 105 185 195  71 180  18 122 100   4  14  19 130  24  27 188 184  31  98  83 116 119   7  30  70 186  91 110 102  47 131 108  46  75
    8  77 178  23 103   3  61 115  45  40 187  25 114  29  99 190  86 189 124 125 182 120 197   5 101 181  74 179  13  17 195  71 105 100  58  18 180 130 185 122   4  14  19 188  24  83 119  98  30 131 116  46   7 184 108  27 102  70  31 113  47 186 104  91
    8  77  61 178  23  45 187 115 103  99 114  29  86 182  58 181 197  13 179   3 189 185  25 190   5 195  74 101  17 180 105  71 184  40 120  98 124  19  18 125 188   4 186 112  47  70  31  24   7 100 116  46  14  54 130  48  30 113 194 104  27 193  75 119
   49  63  35  78  69  90 109 140  36  50  64  81 157 153 164 161  80 154  79 171 173 169 172  65  66 152 167 155 159 174 170 158 151  55  52 175 168 162 111 160 156  57 149 163  37  93 148 143  76  94  51 147  68  67 176  72  73 142 135   0 150 165  92 138
  140  49  35 109  90  78  63  69 147 143 157  64 148 151  50 153 161 169 135 155 149  76  36 171 173 160 152 172  66 158 154  52 134  65  57 167  79  81  80 138 163 162 106 159 156 174 175 142 111 170 164  67  37  92 136  93 107 139 150  94 127 168  55 166
  109  36 140 143 147  76  57  78 148 157  35 151 161  90 135  64 138 134 142  63 155 153  69 160 169 136  49 141 152 154  50 146  52 162 149 107 158 156 163 133 172  66 173 139  65 166  80 171 159 167  79 127 150  37 145 174 106  81 137  92 111 128 175  41
    0  63  49  69  35  96  90 184  73  47 143 129  42   1 113  30 165  97 109 183 104 185 180  40  98  75 167  55  20 146  70 196 107 140  22  29 145 188 194 112  85  71 191  46  62 132  74 192  95 121  43 114  76  58  34  26  18 105  24  31  13 193  37  87
  110  43  49  35 188 182  30  95  56 184  58  97 170  77 173  94  98 185  47 187 113  36 108 120 167  82 105  79  39 169 107  51  10 176 165 163 171  71  93  81 174  65  48 190  80  78  68  40 172   2  70 183  66  52  90  67 186  64 154 168  26  99 111 159
  142   2  25  77 177  15 176  53 155  10 166  16 186  72 168  94  37 175 164  93 161 162  66 172  67 141 156  64  39 174 152 153  65  54  80 158  79 187  82  12   9 163  50 149  26 157  11 173  57 151  81 170 160 159 171 154 106  92 169 178  76 148  48 135
   69 109  35  63  49  78 147 143  90 140  57  50 135 157  64 151 153 161 169 155 171 160 158  52 111 148  55 154  36 149  66 172 138 173  65 156 152  79  80 159 127  76  81 162 163 174 134 167  95 175  67 106 166  51  68  94 150 170 136 164  72 139  93 142
  125 132 124 120 122 133 131   8 119 146 130 134 145  58  23 102 123 126 115 106 190 103 127 118 147 101  45  29 121 141  46   5  83 144 114 117 181 189 116 104 105 136  18 197 180  61 100 137   3  14 128 182  60  99 108   4 179  25 195  17   7 129  86 143
   49 167 166  81  79  78  35 170  50 173 171 168  64  94 172 175  80  93 174  66 176  65  95 158 163 164 153 157 152 162  63 161 159 177 154 156  51 149  82 111  10 160 155 151  43 109 169  67 165  52  92 183  90  69  70 140 150 141 186  68 110 148  72  26
    8 110 122  61 124 100  45  77  27 125  23 108 114 190 115  99   5 120 178 119 103 133   3 101  58  29 105 197 179  88 182 130 189 180 132  40 118 137  54 195  74  17  56  31  25 117 113  91  19  18  83 131 116  98   4  84 107   7 141 128  62 123 146 126
    8 187 102 103 185   3  61 114  58 189  23  77  71 115 181 190  45 186 182  70 124 179 197  40 125  25   5 180 178  13 188  17  24  99 120 105  47 195  86   4  18  31 121 130  29  19  46 101 108  54 112  27  74 194   7 104 110  16  75 192 119  91  89 123
    8  77 187  23  61 125 115  45   3 124 190  25 189 182  58  99 197 114 120 103 181  86 178 108 179   5 185  74  13 195 101 110  17  29 105  40 180 188  71 119  14 186  18 100  54  98 116  83  89 122   4  19  46   7  31 194 102 184  47 130  30  70  27  24
   77 178   8  25  16   3 122 187  40  96 100  26 114  70  74  39 110 108  23 184  91  99  82  61 188 185  98  31  88  29  30  71  45 115  27 103 197 190  86   2   5  95  48  53 125   0 180 189  14 181 113  13  58 130  10 179 182  17  83  62 120 183 124 186
   69 109 111   1  26 177  93 165 167 112  53 175  57  81  92 166  63 168  37  80  48  79  70 170 174  65  82 185 171   3 164  68 176 172  78 155  66  72 153 173 157  85 183 158  52 152 162 186 154 156  54  96  50 160  77 121  55 102 161 159  90  76  16  51
  140 147  36  49  78  35 143 148 109 169  63 149 142 134 151 138 136 157  90 163  64 146  50 141 167 152 173 161 150 135 153  52 162 172 133 139  80  79 154  65 156  81 168  66 171 158 174 170 159 160  43 107 175  97 155  87 145  69  41 164  51 132 111 129
   63  35  69  49  51 167  50  93 169  81  78  79 170 111  87  55  90 173 171 107 168 175  80 174  52  10 160  39  95 172 153 158 157 152 159 165 154 140  65  66 163 149  43  64 164 156 147 176 161  67 151 136 110  36  26 155 150 135  68 143   0 148  30 162
   63  49  35  78  50  69 167 171  81 109  64  79  90 111 173 153  80  65 157 172  66 158  36 155  52 169 174 161 168 170 154 175 152 159  76 162 160 140 164 156  93  51 151 166 149  72 163  94  67  57  68 147 176 148  55  37 150 165  92   2 143 135  82 107
   76  57  36 109  37  78 161 155 143  90  64 157 107  52 153  35  72 140  63 147 151 152  50 154  41  49 159 148 160  34 142 164  66 172  38 162 158 169  65 135 156  79 128 163  69  80 174  81  97 166 171 173  85  92 138 149   0  55  33  12  67  56  89 139
  109  90  49 143  78  63 140  76  69  57  36 111 147  52  92 157  64 161  35 148 155  55 151 135  50 153 129 138  73  41 166  97  37 134 167 149 146 139 152 171 162 142 169 145 164 160  65 107 172 159  66 158  20  34 154  72 175  68 136 174  79  81 156 173
   55  68  52  63 111  57  69  51  36 154 169  81  72 160  93 164  80 155 159 162  50  38  49   2  65 156 153  90 158   0 174  53 168  98  95  66  88 100  67  62 157 172 171 137  79 173 175 108 152  33 161 144  82  26  37  11  28 170 151 150 109  39  94 149
   49  63  69 111  50  81  55  78 171  90  52  51 153 168 155  65  79 169 174 159 175  80 170 172 164  66 158 167  72 154 173 157 162 160 152  93  35 165  64 156 149  68  94  67 109 161 176  37 151 163  36 166  57   2  95  82 140  53 147 148 150  26  10  92
   35  49  63 140  36 147  69  52  90 157 154 161  50 155 148 160 169 153  81 136 143 151 149 152 107 138 146 159 135 164  78 167 162 139 156 171 173 158  65 174  51 163  80 172  79 150  66 168  64 170  55 134 144  68 175  67 165  37 127 133  72 111  57 109
   49  35  52  78  90  50 155 169  63 157  69  81 153 167 174 168 162  65 149 171 161  79 172  66 173 151 158 152 163 175 170 160 159 176 156 154  64  80  36 140 164  67  95  51 147 148  92  43  68 111  94  10  93  72 150 109 138 136  87 143 165 107 166  56
   61  58 196  48  45 188  31  47  87 184 180 108 103 122 183 185 121  13  92  56  10 190 114 146  97 110  19  27 165 102 189 187  43   5 105  71  15 124 179 129 131  18  17 132 130 107 182  86  40 133  82  16 191 177  26  95  74 166   4  70   6 113 181 167
  124 123 126  54 133 131 129  84 145 128  89 190  56 118  28 127 125  61   8 134 120  45 146  15  38 115  27 179  11   5  17   6  33  14 189 132 101 108 119 197 130   7 139  59 107  74  19 105 138 194 147  13  58  20  60 103  18 117   4 141  83 102  99  21
   76  54  15  89  61 129 126  12  57 128 112  92 143  84  20 109 166  34  41  56  32  10  27 197   7 123 179  33   6  59  85  88  75 118  19  37 124  64  35 115 182  78  28  38 141 114  45  62  97 191  58  13  60  11 194 117 134 151 159  17 180 193 110   4
    8  88 137 124   3 108  58 125  54 133  28 122  89 141 100  23  62  53  57 197  91 143 118  11 119 190 101 105  27 136  84   5 123 127  45  61 102 126 106 146 181  68 150 147 128 115 134 195  77 189  99 179 180 130 138 116  36  59  56 169 117  33   6  19
   61 182  27 110  56 107 188 103 178  31 114  32 184  15  87 179 131 104 120  39   5  10 129  24 189  22  14 105  91  19  95  13 128  45 192  75 190 132  35 193  47  43   7  58  23  20  74  97  86 194  40  83  99   6   4 113  30 117  71  48 187 126  18 180
  187   8   3 181 185  58 197 186  23  77 114 125  70  71 124  25  61  29  45  86 120 102  60 189 116 180 184 195  13 122 105 115  17  42  47  99   4 190   5 110 103  89 188  46  18   7 179 121  19  98 191 193 196 104  31 101  75 182 130 178  83  44  26 119
   36 187 188 167  49  63  70  43  26 186  95 168  82  81  42 185  80  98  56 170 173  93  94  50  79 174  69  35 171 169  78  64  65  96  30 172 175  97  66   0 184  53 110  47  71  68  73 158 162  51  25 176 183  52   2  90 165 181 164 149  67 156 163 153
   69 109  63 167  49  78 166  35  81 111 171  50  93 175  79 170 140  64  36  90  80 172 173 157  65 168  66 165 153 174 152 158 164 162  92 149 161 155  76  94 160 159 154 163 156 169 151 177 176 148  26  53  57  52  37 147  67 143  51  72  43  82  68  55
   52  72  49  63  81  50  90  69 155  93 168 169 161  80 111 164  65 174  51  66 162 172 171 175 173  79 157 149 153 158 176  68 170 167 109 154 156  78 152   2  39  67 159  55 160  35 151  94 127 136  36 142 163 148  64  95  37 177 165 150  16 140 147 107
   49  63 109  69  90  78 111  50  35 167  76  81 171 140  93 157 153  79 155  80 170 175  65 172 164  52  66  64  55 174  92 158  57 173  37 166 152 154 168  94 161 160 159 165 149 169 151 162 156  36  51 143  67 176  68 148 163  72 135 147 177  73 142   2
   49  63  69  90 109  78 140  35 143 157  50  36 147 153 151 111 169  52 148  64  55 161 155 160 154 149  57 152 171 135  81 159 158 167  79  66 173 172  65  80 156 164 174 163 162 138 107 175  37 170  76 146  51 136 139  68 134 168  67 150  93  92  72 142
   49 109  78  90  63  69 140 143 147 157  50  64 161 153 155  57 169 151  36  52  35 154 149 159 148 160 152 171 158 111  37  66 172 162  65 173 164 135  81 138  55  79  80 156 174 163  72 167  68 175 107  67 127  51 139 170  76 168 134  94 142 146 136  92
   49  90 109  36  78 140 143  57  63  69  76 147 155 161 157  35  64  37 151  50 153  52 169 148 135 138 154 152 159 160 149  55 107 127 158  66 162  72 134 171 172  65 142  97 164 156 139  81 173  79 174  41  80 111 163 146 167  68  67  92 175 136 170 168
  109  49  90  78 143 140  63  36  35  69  57  76 157  64  50 161 148 153  37 151 147 107  92 167  52 155 154 149  81 171 169 172 152 173  66 111  65  80  79 158 159 135 170 160 142 174 163  41 164 146 162 156 175  34  93  94  97  55 138   0 127 106  68  73
   49  90  63  69 109  78  55  35  37 111  50 140 143 164 153 159 157  81  57   0 155 171  64  52  76  97 154 161 151 152 149 158  92 160 167 172  65  66  94  79  36 174 170  80 173 135 162 148 175 168  73  72 156 169 166 147 163  67  51 165  68 146  93 139
   49  63 109  69 140 147  90 111 139 157 135  50 143 148 160 171  78 153 149 151  81 155  52 158 146 161 162  51 159 154 167 152 166 164  65  66 172 156  80  55 165 173  57 174 136  79 150 175  72  64 170 138  68  67 168 169  92 137  35  94 163 107 141   1
   49 109  78  63  69  90 111  50 167  93  79 175  64 170 172 171 168 157 174  66  65  81 173 169  94  80 153 158 176 164  52  92 152  36 155 159 163 161  68 149 154 162 160  51  67 166  35  57  37 151 156  76 165  10 177  72 140 143  55  53 148  95  82 107
   49 109  78  63  69  90 157  57  50 153 155 140 143 161 154  64 151  55 159 160  35  37  52 158 169 164 152 111 171 149 147  66 162 172  65  81 135  79 173  36 174 156 148  80 175  67  94 168  68 163 170  92 167 138  76  72  51  93 106 127 176 134 139 150
   49  90 109  69  63  78  37  55  81   0  50  93 164  94 157 171  57  64 159 153 140 111  65  79 174 170  66  80 172 154 158 173 152 167 149 168 175  35 151  52  92 160 143 169 155 161 156  68 163 162  67 165 176  73 148  36  51  53  97 135  10 183  12  95
   49  90 109  63  69  55 111  78 140 143  35  52 157 164  57  50 171 167   0 153 159 154  81 165  37  73 151 155 158  64 161 152  94 149  76 160 170  65 172  93  79  92 146 174  66  80 107 175 173 169 168  36 183 162 148  85  68 166  97  51  34 139 156  67
   49  90 140  97  15  78 109 106 143  41  73  37 196  34 161  36  57  64 142 157 155  69 154  32 164 146  55 153  93  12  56 129 148  94 151 159  50  20 149 152 138 183  92   6  81 139 163  63 135 172 158  79  52  65  66 174 133 107 173 171  85  48 147 170
  106  76 166 102 129 109  92 186  15 177 185 112  48 104 183  42  47 196  24  75  71  85  41 103 131 121 181  78  60 193 123  13  73 197  44   6 189  70  58 165   4  97 167  31  34  49  19 191 187  94  90 140  20  17   7  93 192  64  18  61 164 130  37  57
  140 147  36 138 134 143  57  90  76 127  49 161 148 135 155 146 139 142 151  78 169 133  35 157 106  64  52 154 153  50 160 145 107 149 109  37 152  63 159  72 162  55  73 156 150 126 158  66 136 172  97  41  65 163 164  68  69 144 173 129  67 141  28 171
   49  35  63 168 147 169 140  78  50  90 155  64 171 157 167 164  52 151 162 159 149 152 153 175 154 172 158 160  51  65  79  66  10 163 174 173  87 136 170  81 161  80 143 148 139  94  67 156 150  92 176 138 111 109  36  72  95  68 165 107 166 135  69  57
   49  90  63 109  57 155  55  78 111  50  52  37 153 157 143  69  36 161 140 159 164  76 154  35 160 151 152 158  64  81 139 169 171 162  65  72 149 172  66 138  97  68 107 174 168 148  79 147 167 156  92  51 135 175  80  93 146 173 170  67 142 163 166  94
   49  90  63  52 109  69  37  55  57 155 111 164 157 140  78 161 153 159  50 154 149 143 146 151 152 160 139 162 107 158  81  92  68 138  65 171 172  66 174 148 168  64 169  36 135  79  94 156 175  73  80   0 173  67 170 176 142 165  72  35  51 163 127 147
   49  90 109 146 143 140  37  63  57 139  78  52  92  55 107  50 164 157 165 154 149 155 147 153  94 159 106 111 151 160 138 148 135 169 152  68 171  97 161 145  81 158 168  64 127 172  48  66  10 174  65 170 134 142 162 176  69   0  67 136  80  51  79 156
  139 146 106 138  15 133 142 134 144  57 135  37  12 155 123  92 136  28 140  55  54 151  32 148 131 108 149  52 126 145 130  11  84 109 127 164 143  56 101 125 157 162 160 153  85  90 161  33 159   2  41 117 137 152 154 141 147 129  48 156 132 158  39  67
   15  37 106 146  12 196 144 130  61  45  85 140  57  92 139 101  48 133  32  34  90 164   6   0 131  56  41 142  49 135 143  55  20  84  97  58 129  73  18 191  13 192  29 123 109 113   4 117 155 193  14  89  94  74 148   5  24 104  33  21  54 197 159  27
  106  15 131 125 130 101  45  14  61 123 120 133  24 193 103  13 122 124 142 139 134 132 189  18 102   5   8  17 145  32 104 117 126   4 144 179 119 115 197  84 118  28  19  74   6 146  27  54 178 128  41  85  48 114  86  83 192 129  31 196 191 190  29 108
   61  15  45   8 106  13 114 125 103  58 189 130  24 101 197  14  48 131  17  74  77  27 102 179 105   4 187   5  18  19  31 185 178 120 104 123 124 190 196 115 193 191   6 180  84 181 192  54  85 182  71 194  32  42 122  29  99 117  75 129   7  41 121  47
   14 120 101  24 125 130 131  45  15 103 115  61 106 193 182  86 179  18 119 117   5 123 114 118 105 178 132 189 104   4  83  28  19  74  13  84  85   6   8 192 197 191 124  17  46 121  99  32 108  41 129 145  29  40  21 142 133 116 195 194  60 126 122 113
   15  61 131  45 130 106 101  13 114 104  14 125 123 193 120  18   4  19 179 117 197   5 103  24  84 191  17 189 118   6 105 124 115 132 192   8  20 129  29  74  27  32 196   7 128  86  58  12 145  99 102  85 122  46 126 180  31 190 182  75  89  60 119  42
   15 106 130 125  45  61 101 131   8 123 124 133  14 144 120  24 103 146  77 193  54 197  74  18 114  13  84  28   4  17 118 115 189   5  19  12 179 122 108 117 142 139 145 190 119  58 132  29  85 121   6 104 102  32 192 178 191  25 134  86  27  31 105  99
   45  61 125 103 130 101   8   5 131  58 120 189 190 123  18 124  13  24  15  19 105  17  74  14   4 179  99 115 197  29 182 114  40 117 192 122 195 180 178 102 113  84 191   6 119  27  31 193 118 104 108   7  46 194 106  83 121  86  75  23  77  48 196 116
   61  45 114  13   8  77 178 189  15 124  74 179 197  17 103 115  54 125   5 190  27  31  48  19 187   3 130 101  99  18   4 123 122  56  84 180 105 131   1  29  23  14  58 191  40  25  86 113   7 195 120 181 108 185 117  89 193   6 182 104 196 192  24  12
   37 109 142  57  77  12  54  93  53 177 101   8 164  85  89  41 102  92  34  28 176 197 196  78  48  64  82 157 108 153 186 155  15 121  94 152 185  55  76 163  84 106  33 172  58 154  32   3 161  66 175  65 174   2  42  29 187  79  80 170 159  36 168 158
  106 133 139 134 127  28 146 125 138 126  15 108 145 131 124 123  57 122 128 142 155  11 130 101 119  54 147 137  84 118 135 144 136 120  33  32 132 141 107 117  37   6 102  56   5  14 148  85  45  41 151 161  12 140 143 190  72  38 160 129  21 189 162  20
  106  15  76  55 142  32  38 155 131 135  37 109  85  57 144 129 112  33 166 143 111  14 123  90 193 104  92  24  28 130 164  72   6 102   2 134 138 145 192 139  59 117 140  20  12 153 177  84   4  75  35 161 132 101  44  41  18  46  13  21  63 160  83 126
   49 140  63 168  50  35 154 169 165 149 164  94 157 146  81 148 153 147 167 159 171 151 160  92 139 162  64 170 152  90 172 158  78  79 155  65  52 150  66  80 163 174 173 138 156 136 161 176 106  67 143 175 135  37  68 144  95 134 141   2  51 133  55  82
  106 146 133 139 144 138 142  28  57 135 134 123 130 108 145  15 131 127  12 155 136  55 143  85  37 101 140  32  92  33 124  11 148  38  54  84 132 137 118   6 151   2 125  52 117 126  90 160  89 119 129 147  14 154 161 149 153  45 157 107 109  24 128 111
   61  15  45  74 125 114 130 103  77   8  13 101 178  27 122  14   5 131 120  58  31 115 197  17 189  99  18 105  40  48  24 190 179 124   4  19  29 113 187 180 123  84 193 191 117 106 104 194  86 192 108 118 196   6 119  54  83 144  32 110  25   3  12 182
    8  45  61  77 103 101 178 130 125 115   5  13 131 189 114  29  99 190 179  40 124  18 197  15 120  14  17  86  74  24  23   4 122   3  19 193 113 119  25 105 182 195 180  58 104 123  83  27 187  46 117  31 191 192   7 102 118 116  84 181 108 100  71  98
    8  61  45  77 125 103 120 124 115 178 189 197 190  13 101 179  23 114  86 182   5 187  29  58  17  99 130   3 131  18  40  19  14 195   4  74 105 181  24  25 122 123 119 180 102  71  15  83 116 185  46 104   7 193 113 121  31 191  47 188 117 184 192 108
   77   8  61 178  45 114 103  15 101 187  13  74 115  40 197  99  86 125 120 179 189  14   5  17 182 190   3  29 130  24 124  18 122  23  25   4  31 131  19  58 185  71 105 193 180 195  83 184  27 113 181  48 112 191 119 188 108 116  54  98  46  30 192  47
    8 125  45  61 120 103 124  77 115 114 101 130 131  13 197 189 122  23   5  29 190 179 178  17  14  86 182  18  99   3 119   4 187  74 123  24 105  15  19  25  58  40 181 104 180  83 116 195  27 102 193 132   7 118 117  46  71 191  31  60 113 106  84 126
    8 125  45  61  77 115 124 103 120 114  23 197 101  13 190 178 189   5 182  29 179 130  99   3  86  17  25 131  14 187 119  18 105 122  40 181  74   4 195  19  58 180  83  24 116 123  27 104   7  15 193  71 100  46 102 118 191 117  31 184  60  89 113  75
    8 125  45  77  61 115 124 103 120  23 114 197 189  13 101 178 130   3  86  29   5 190 179  25 187  17  14 182 131 119  99 181  18 122   4 105  40  19 195 180 123  24 116  74  83 104   7 102  71  15  58  60  46 193  27 100  89 184 118 191 132 185 117 121
    8 125  45 115 103  61  77  23 120 124 114 197 182 178 189  14  86 101  29 179  13   5 187 130 190  17  25   3 131 181  99  18 119   4 195 104  83  40 105  74  24 180  19   7  71 116 123 122 102  46 184  58 193  27  60 100 121  15  89  30 117 194 191 126
    8  77 125  45  61 114  23 103  29  25 115 124 197 120 101  86 130   3 182 178 187 181  13 189 110 180   5  58  99 119  14 179  17 184  15 122  18 131  71   4  27 190 104 105 195 116   7  19 185 100  24  30  83  74  46  98  31 186  40  89 123 193 102  60
    8  77  45  61 125 115 103 114 178  23 101 197  29 120 124   3  13 187 189  25  86 179   5  99 130  17 190 182  14 131  40  18  74  24 181   4 122  15  19 119 195 180 193  71 105  83  58 116 104 102 184   7  46 185 123  31  27 191 113 100  60  75 117 186
    8 125  45  61 124 115  77 103 120  23 114 101 189 197 190   5 130  13 179  99  17   3 131  29 122 178  18 182 119  14  25 187   4 181  86  19  40  74 123  58 180  24 105 195  27  83  15 116   7 102 104 193 118 117  46  84  89  71 191 113  75 132  60 100
    8  77 125  45  61 115 103  23 120 114 124 178   3 197 187 101 189  13  86 179  29   5 190  99  25  17 182 181 130  40 122  14 119  18 131  74   4 105  24 195  19  58 180  71  83 116   7 185 104 102 184 193 123  46  27  15 100  31  60 188 191 186 113 118
    8 125  45 124  61 120  77 115 103 114 197  23 189 101 179 182   5  13 130  14 131  29  17  86 190 178   3 119 187 105  18 181   4 195  99 123 122 116  19  25  83 104  74 180  15   7  24  58  54  89  40 102  46  60 126 193  27 132 118 117  84 191 121 194
    8  77  45  61 125 115 103 101 114 124 120 178  13 197 189 130  14 179  23  15  17 131   5  29   3  86  99  74 190  24  18  40 122 187 119  25   4 182  19 105 181 193  83 123  27 195 180 104 116   7  54 191  31 117 118  71  60  84 106 102  58  46  89 194
    8  45 125 103  61 124 115 120 197 114 130  23  77  14  29 101 189 131  86   5 182 179 119  17  13 178  18   4  99  25 190   3 104 195 187 181  19 105 122 180  74  15 123 116  46  83  58   7 102 193 132 118  40 117  71  24  89  27 121 191  60 100 192  75
    8  77 114  45  61  23   3 103 125 115 197 178  29 187  13 189  86 182  71 181  99  25  40 179 101 120 184 185   5 180 124  17  24 190 130  18 122   4 195  74  19  14  30 131  98  58 104 186 119 116 105  31  47 112  46  83 113   7 100  75  15  70 193  27
    8 125  45  77  61 120 115 103 124 197  23 189 190 114 101  13 179 178 187  86   5  17 182   3  29  99 131 122 130  25 181  14 119  18  58  40   4  19  15  74 195  83 116 180  24 102 193 105 123   7  46 104  71 184  60 188 113  27 191  98  31 118  84 117
    8 124  77  45 103  23  61 125 120 115 182 187 114 197  86  29 190 189  13 179 178 181   3  17   5  99  25 195 101 105  40  18 130  71 131   4 116  14  58  19 180 119 104  46 185  83  74   7 184 102  47 123  60  75 188 121  98  24  30 186  89  42 122 191
   61   8  77   3  23  45 190 178 187 108 115 124  40 189  99  13 114 179  58  74 103 181   5 125 197  27  17 105  16  91 180 188  54  31 110 195 184 122  19 182 100 185  70 120 194  18  25  88  86  71  48  89   4  29 123   7 186 102   1 121  83  47 113  24
   77   8  25 187   3  29  86 125 124 185 181  74 115  45  99 122  23 120  70  58  26 178  73 197 114 190 100  96  42 108  40 110 113  71  30  17 119 101 130  61 186  82  98  13 180 183 188 103  18 116 195 179   5   4 189  83 123   9  46  14  60  16  47  89
    8  40 178  61 114  77  99 122 190  45  23 115   5 108 189  13 103 179  74 125   3 120 188 187 105 124 100 182  17 180 197 113  25  18  19 119  31  29 181 195  27  86  83 101   4  24 130  91  14  88  71  16 116 191 185  58  98  62 184 131 194  46 118   7
    8  77  61 114 182 178  23 187 103  45  86 197  99 179 184 115 189 120 185 190  13  71  40   3 105 110 188   5  58  30  25  29 125 124 180  98 195  17 181  47  74  31  19  18   4 101  27  70 186  14 116  83 112 104   7  46  75 122  24 113 130  43 100 191
    8  77  61  23  45 197 125 115 182 181 187   3 179 101  13 114 103  86  58  14 120 189  29   5 185  24  99  17 104  18  25 195 180   4 178  71   7 184  19  74 193 105 130 190 116  89 119 124 191 186  83 110 102  46  54  31 194  27  42  75  60 131  47 122
    8  77  61  23  45 115 178 103   3  40 190 114 187  99 189 125 124  13   5 197 182 179 120  29  17 181  74  86  25 180  58 195 105  18 101 122  19  71   4 130  14 188  24 184 185 100 119  83 131 116  27  98  31   7 102 113  46  47  30 194 104 123 108  75
    8  77  61  45 125  23 115 114 187 178 103 120   3 124 189  13  99 190 179 197  40  25  86 182   5 122 181  29  17  74 101  58 184 105 180  71  18  14 130 185 119  24 188   4  19 195  83 116 131 100  27  31 102  46   7 113 186 193  30 104  98 110  60 194
    8  77  61  45  23 115 103 114   3 125 178 187 197 124 189  99 120 190  29 179   5 182  13  25  86 181 101  40  17  74  58 195  18 122 180 130   4 105  14  71  19 119 185  24  83 131 116   7 184 102 100  46 188  98  27  31 104 193 186  47  30  75 191 113
    8  77  61  45 115  23 103 178 114 125   3 187 124 189 120  99  40 190 197 179 182   5  13  86 101  25  29  17 181  74 122 130  18  14  58  24 105  71 180 195   4 131  19 119  83  27 184 185 102  31 100   7 188 116 104  46 193  98 123  30 113 186  47 194
    8  77  61  45 115  23 103 125 178 120 114 124 187  99 190 182 189   3 197  29  86 179   5 101  13  40  25  17 181  74  18  58 195 130 105  14 180   4  19 122 131  24 119  71 116  83   7 185  46 184 100 102 104 123 193 188  98  27  31  75 113  60  47 191
    8  77  61  23  45 103 182 115 178 114 187 120 197  99  86   3 190 125 124 189 179  29   5  13  25  40  17 105 181 101 195  58 180  18  74  19  71 185 184   4 122 188 116 130  14  98  30   7  31 119  47  83  24 110  46 100 131  27 113  75 104 193 191 186
    8  77  23  61  45   3 187 178 197 115 103  99 182 114 190 124  86  29 120  25 181 189 125  58 179   5  17 195  40  13  74 185 180 105 101 110  18  71   4  19 100 184   7  98 122  30  83  14 188 116 119 130  47 113  75  46  89  27 108  31  70 186 104  24
    8 178  61  23  45 114  77 103  40 115  99  74 190 189 187 105  13 182 197   5   3 120 181 179 124  17 195  29  86 180 125  19  58 188  25  18 122 100   4  14  71 185 130  31 113 101  27  24 194 184   7 119  75  83 116  91  98 108  47 191 104 123  30  46
   49 166  63  81 168  26  73 170 167  43  70 164   0 183  50  79 112  80  78  95 171  82  93 111 177  35 174 176  72  64 175 172  90 173  94  65  51  66  69 159 165 184  52 185  42  36 158   2 152 153  55 162 161  97 163 154 109 157  16  67 187  96  30  37
   49  63  36  90 109  35  78  69 140  76 143  50  52 169  57  64 157 111 153 161 151 171  55 154  81 155  66 167  65 173  37 172 158  80 159 147  79 152 149  73 162 148 174 160 156  68  51   0 164 135 170 163 175  97 127  67 107 138  94 168  93 142  72 139
   49  63  69  78  52  90 161  50 155 157 147 169 153 109 151  36  64 111  57 171 154 158 149  66 159 140 152 162 160  65 172 173  72  35 156  80  81 148  51 174  79 107  68 175  55 163 164  67 143 136 138 135 127 170 167  37 168 139 150  94 142 141 176  93
   49  69  63 109 111  90  78  50  81 171  80  52 173 153  79 157 158  66  65  93 172  55 174  51 167 159 154 175  64 170 149 155  73  94 162 161  57 152  72 160 151 164  37 140 169 156 168  68 166  36 148   0  67 163  35 165 176 143  96  82 142 147  95   9
   49  63  35  69 140  50  90  81  78 169 147 149 167 171 148 173  95  80 153  79 161 111 157 158 154 172 170  66 160  65 174  64 156 150  51  52 159 151 168 163 175  55 152 162 164 143 109 135 155 138  94  68 146  67  93 176 136  39  73  72 183 165 139  36
   40 188 113  96 190 180 184  62 100 122  23 119   5  47 179  99 195  98 102 182  19  46  18  24  58 181  75  13 194 185 192  29   4  74  17 191 103  71  22   8  61 121 118 115 132 193 189   3 130  45  31 196 178 131 116 104  83  59  20 117 114 105   6  86
   36  49  81 167 173 168  63  80  79 170 174  78  93  65 169  50 171  51  66  82 172  69 175  53  26 158  68  94  64 176 163 154 153 162 156 159 165  43  67 157 111 149 164 152  35  52  96  95  90 160  72 161  70 150  10 151 110 109  87 155 177 183  37  16
    1  43  70  26 167   3  82  36  63 111  91  69 188  51  95 165  96  53  98  40 185  16  81   0  93 168  80 171 170 187  77 175 173  79 186 174  68  88  65 100 181 108  30 172  66  71  72 177  23 183  47  50 158 112  49 110   8  59 178 184  99 156  52 176
  183  40 185 112  98  70  48  96  31  26 113   1  71  47 188 184   3  30 180  69  99 100  62  23 178  74  43 181 103  29  86  61  24 195 186 182 165  73 187  77  19  13  45   5 190  22 191  18 179 194  58 192  87 189  17 121  42 115  85   4   9 111  75 167
   43  26  30  98  40  70 178 183   1 185 112  47 188  77  71 167  63 184  35  29  99 110  93  74 187   2  22  95  48  86 182 165 113 111  91  96 100  81  39  49 103 195  42  69  25  73   3  51  82 168  31 114 170   0 190 180  55  36  16 177  75  23  53  80
   63  69 111  49 165 167  35  81 170  26  43 183  51 171  50  52 112  80 175  55  79  93   0  70 168 173 166 174   1  65 176 172 164  90  66  95  53 158 169  78 154  82 160  73   2 109  94 159 156 152 153 162  30 157 177  67 163  96  68 149  64 185 150  40
  109  49  69  63 111  78  50  90  81 166 171 167 153  80 157  79 172  35 158  52  64  65  66 175 173 174 164 159 160 140 155 170 154  93 152 169 168 162 161  57  55 149  51 156 151 143 163  94  68  72  67 176 165  36  37 147 148  95  76 150  53 135 177  82
   63  69  49  50  78  35  81  90 111 171  79 153  80  65  55  66 109 173 157 158 172 167 174 159 154 155 169  36  93  64 160  52 175 170 156 164 152 162  51 161 168  68  94  57 151  37 149  67 163 140  72  76 176 166 148  53  95 150 135  92 165 147 143  73
   63  49  36  90 140  35  78  69 109 157 147  50 169 143 153 151 161  52  57 154  64 160 155 171 148 158  81 173 159 152  66  65 149  80 172 111  79 156  55 162 174 167  51 163 135  76 138 164 175 170  68 136  37 107  67 150 139  72 168 134 127 146  93  94
   63  49  69  78  35 140 109  90  50 157 169  36  64 153 147 171 151 154 152 161 155 167 160 158 173 159 143  80 172  66  57  81  79  65  52 174 149 156 175 164 148 162  51 163 111 168 170  37  55  67  68 135 136  94  76 107 150 138  93  72 176 165 139 166
   35  63  49  69  78 109  36 167 169  50  90  64 171 157  52  81 173  79  80 140 172  65  66 153 147 174 158 111 170 175 168 161 152 160 154 163 143 151 155 149 162 156 159  93  51 148 164  76  68  94  57  95  67  55  92 150 176 166 107 135 165 136  72  10
   35  63  36  49  50  78 140 169 147 157  64 161 153 171 173 151  65  81 154 160  80 158 172  66  79 152 148 156 155  69  52 159 162 167 149 174 163 109  90  51 150 170 175  57 168  67 111 143 135  68 164 138 136  72  93  94  55 141  76 142 107 176 139  95
   49  63  69  35  78 109 140  50  90 157 153  64  36 169 171  81 111 151 159 154 160 158 155 143  79 167 152 161 173  66 172  65 147  80  57 149 174  55 156 175 164  52 163 162 148  51 170  37 135 168  67  68 150 138  76  72  94 166  93 176   0 136 139 107
   63  49  35  36 109 169  69  90 140  78 143  52 111  50 147 157 153 151 154 167 136 160 148 152 162 155  64 171 149 173 163 158  80  57 161 159  65 172  81 156  55  66 175  51  79 138 174  68 164 170 168 134 150 135  67  37  93 139 146  94 142 127 107  76
   49  63  69  35  36  90  78 140 167  81  50  37  97 171  73 109  80 173 157  64 174 159   0  79  65  66  55 172 153 170  52 158 149 169 148 175 154 161 151 152 111  94 164 168  51  93 162 155 160 156  96 147  76 163  68  72 143  57 135  92  67 165 150   2
  