 178  39 184 112  27  32  83  40  48  91  31   1  22  69  51  77  87   0  35  99  93   2  72  23  61  59 165 111  55 193 101  10  38  62 108  94  74 194  52  84  63  25 105  88 129   7 190 113   5  11 164  98  45 188 166 100  18  19 155 180 115  96  13 181
   92  52  63 161  90  39 107 157 163 176 152 167  79  36 151  69  50 170 172 164  65  66 169 173 160  35 174  81 153 175 158 171 149 148 156  37  64 155 135  51 162  67 140   1 168 154 109  54  58 150 177 159  80  78 127  53  34  76   2 147 126  25  49  55
  101 129  99 115  45  61 131 130 117 193 132 122 145  19  18 118  31  73   5 120   4  20  12   6  29 119  15  13 191  62  98 125 197 124 113  84 192  17 180 126 194 123 196  23   3   7  86  46 181  27 189 121  60 179 105  87 104  83 116 114 108  21  34 190
   38  40  59 178  91 100  74  72  88  16   8   2  77  95 189  14  33  23   3  26  83 108  32  11  22  24  68  99  93 122 194  62  44  96  61 115  39  75 195  17  18   5  12 192  13 127 185 190  51 113  45  28   4  60 162  29 187 155 112  70 116 193 180 117
   91  35  95  38  72  93  36  43  59  51  50 178  40 166  63 112  56  81 185  74  75  22 162 155  80  53  65 170  30 176  67 184  52 172 167 169 195 159 158 173  49  79  68 187  26 171  77 189 154  66  76 177 174  64  24  94  88 168 188 156  70 163 165   8
   35  91  95  43  72  93  38  36  50  63 166  51  81  53 162  80 170 176 167 112 185  65 155 169 172 178  52 171 173  67  79 158 168 174  66  26 177  59  75 184 187  64  94 165  56 156 163 159 154  49  68 175  40 153 160 152  77  30  76  74 150  70   2  88
   35  91  43  95  93  36  72  51  50 166  63  81  56  49 176 162 170  38 155  65 167  80 172  79  52  53 158 173  66 169 174 171  67 159  64 163  90 154 185 156  22 177 168 112 153 175 152 160  68  78  54  76  75  94 151  39 157  74  30 164 161 150 184  59
   35  91  95  43 185  93 184  63  38 166  36  72 187  75  50  81  59 167 170 178 112  74  22  40  51  70  49  76  30 176  56  80 165 177 195  53 188 189   8  24  79 162 171  65 173  94 172  71  47 182 155  64 180   0 168 158 174 154  66 169  67  52 159  98
   91  59  75  38 189  74 187  40  43 178   8   3  95 185 195  72 180 192 122  62  17 184 112 190  24 197  99 103 181 182  26  18  14  23   9 191  70   4  44 193   5  31  47 194  83  19 116  71  13  20   7   6  61  84  56 113 188 179  46  32  22  30  98  89
  127 111  76  72 159  16 137 163 150 139 160   9 141  43  50 138 155 153 147 152  93 151  79 156 154 176  65 158 157  67  78 164 175  51 174 142  64 172 136  66  57  97 107   1 149  82 171 162  85 140 173 166 161 109 143 170 148  15  68 134  81 167  80  44
   73  25 108  39  16  82 124 169  11 136  69  68 142   2  28 168  77 101  96  94 125  34 115 107 161  12 137  57  67 186  88 138 177  90  52 173 148 122  86 164 140  95  55 174   0 126  23 183 184 157 171  66 149 172  10 156  35  53  80 175 120 150 152 147
   31 106  48 131  87 132 126  27  69 129 122 114 130 196 105  61 145 183  34  47  84 146   6  20 180 113  99  75 133 193  92 102 192 101  10  13  18 197  19   4 117  15  58 118 179  45  49  98  41 103 191 181   5 189  74 104  97  17  24 110 194  55 125 121
  196  91  97 132 105  75 146  41 121  15 106 110  56  43   6 103 122 197  49  84 131 127  17  74 143 145 114 130 133 113 144  58 191 192 134 189  36 118  20  14 135  34 194 117 180 116  31 129  19  32   4 195 128  47  27 188  30 104  21   1 139  61 126  85
   91  35  38  72  95  59  93  51  52  36  40 162  63  81  50  88 166 155  53  68  67 178  43 169  65  80 156 158  26  75  74 154   2 159 172 173 160  54 176  66 171 174 112 170 153  79  22 163  39  24  77  56  16  64 189  33  76  94 184 141 177 167 165  57
   95  35  91  81  50  63  51  93  53  65  80  72 176  67 159  79 173 172 155 158  38  66 174  26 170 162 156  36 163  64  68  43   2 154 171 160 169 167 150  88 152  37 175  77 153  40  82 161 177 164  52 168 157  49 166  94 112  16 151 149 111 165  57  78
   63  91  53  51  35  65 155  50 176  67 168  66  68 158 172 173 174 162 156 171  95  81 159 153  72  79 152 169  37  80  93 163  94 170  78 154 160 164  26 167 161  64 175 157 177 151 149 165  10  52   2  36  57  88  82  87 150  43  16 148  69  39 141  92
  122  15  20 101 145 132 129 108 126  62 119 118  12  28 115 193  61 131 125  85   6   5  19 117 123 120 130  84  45  89  99 190 191 194 144  18 124 105  44 133  59 100   4  31 134 192  75  17 139   3  32 128 121 138  46 146 197   8 189 107  96  29 137  87
   91  35  43  72  95  36  93  38  50 166  63  51  81 185  59  75 112 162  76 187  80 170 176  53  65  56  49 155 167  26  79 172  67  74 173 184  30 158 174  66 171 159  40 168  94  64 169 188  22  68 178 163 195 177 156 154  52 165 175 189 111 153  24  70
   91  35  38  95  72  93  36  43  51  50 166  59  63  81 178 162  40 155  52 112  56  80  53  67  65  74  22  75 176 169  68 170 185 172 158 159 173 154  79  66  49 171 174  64  88 167 156  26 177  76  77 163  54  94 160 153 184 195  24  30 168   2  39 175
   91  35  95  93  72  38  43  36  63  51  50 166  81 112 185 176  80 162 155 170  65  56  53  67 172  22 167 177  59  49 173 158  79  40 159 178  66 171 174  52 169 168 154  68 184  75  64  74  94 165 175 163  76 156  30 153 187 160  26 152  77 195  54  39
   35  91  93  95 166  51  63  72  50 176  43 170 177  81 165 171  94 167  80  52 162 158  65 154 172  79 155  67  49 173 169 174  66 153 159 163 168 156 164 160 175  64 152  53 112  90 157  68  78  56 185 151 184  36  39 178  38  82 161 150  54 141  22  57
   91  75 196  35  36 113  43  56  74  30  97 179  22  58  24  59 191 194  98 192 195 180  76 189  21   0  17   7  54 193  32 197   6 181  47  44  49   4  63  85 116  34  84  38  99  18 122 114  72  13 185  83   8  46 184  40  41 104   5  89  20 188  19   3
   43  35  30  98 187  91  36 182 185  63  58 167  75  95  56  92  47  71 184  53  76 112  70   0 110 195 189 102 188  81 170 179 196   7 186  74 166 168 177  22 181 180  50  49  54  13  26 178  69  48  24 183 176  94   8 114 171  40  93  99  25   9 197 113
   95  91 187  43 185  38  72  93  26  35   9 184  70 162  59 166  50  81  40 178  75 165 155  71 189 176 170 177  74  94 182  80 168 112  53  64  65 186 171 188  79 167 172 195  67 173   8  63  56 174  51 158 154  77  66  47   3 175  24  30 190  49  36 163
   91  38  40  36  72  59 178  43  22  14  35  30  74  56 187 189  75 195  21  83  95 182 185  33 188 190  17 112  24  98   7  26  89  76   8  54  23   2 194  93  99 116 184  16  44  77 113 191 100 162 192 179  81  50  13  51  97 181 193  53 155  67  88  70
   59   3  44 190  75 178   8  91  74 122 189  62  20  13   5  40  23 191 194   4 103 195  18  17  99 193  38   6  96 180  61  19   7 197 118 116 192  85 115  16  71 113  46  70  24  27  72   9  97 102  88  45  76 114 105  89 187  60 130  47  83 100 129 181
  100  61   3  15  16 108  23 124  70  62 112 137  96 121 115 187 125  44  14  97 190  26 103  40 185  45   5 111  20  13 191  60   8 189 188  73 105  29 116 182  17 120 178  59 132  74  85 119 122  71  19 123 193 117 195   4 194 127  75 186 101 129  18 130
   95 184 178  40  16  25  77   2  35  91  96  39 185   8 169  53  88 165  72  82  23 122  94   0 177  63 168  68  83 166  93  26  70  38  80  11  30  27 100  52  51  71  59  67  81 173 181  99 171 112 167 186  98 162 172 170  31  24 141  73 174 108  65 142
   31  48 105 106  87  27 131  75  58  49 133 114  84 132  92  91 180  43 146   1  34  54  32 183  15   6  97  10 197  47  69 104 130 196  61 118  74 126 107 191 192 109 129 113  19  41  56  55 145  63  99  18  13   4 166 103 110 117 193  20 122   9  24 194
   38 195  59 191  74  75 197  36 116  62  91  22  21  44 194 189   7  97  83 178  14 113  17  46  56 192   8   6 180 190  33   4 179  13   5  18  32  40  84  76 112  43 100  23  19 193  99  85 196  98  20  24   3  89 118  29 117 182  60  42 188  54  41  58
   38  40 100   3  59  23  77  91   8  26  16   0 189  96  25  95  44 178  29  88  36  73  83  62 185 187  30  70 184  76  13  60 188  74 112 195  89 190  98   5 181  17  99 116 194 122  75  11 179   7 193  71  46  33 191   4  72  18  24  68  14 115 180 182
   35  95  91  77 100 178  38  72  40  39  25  93  36  23   8  68   2  88  53  16  83 184  63  11 185 169  30  51  59  96  67 112  98  33 168  52  22  80   0  70  89 173  81  82  74 189 162  94 172  65  99 181 177 167  26  66 188  57 174  50 171 190 156 170
   35  91  63  34  69  84  22 184  56  27  31  75  99  98  36  30 114  43  39 178  52   7 181 180 113  21  58  83 194  24  47  87 193 183 189 179  54 110 192 196 182  95  32  90 122  48  49   4  18 197 195  53 112 126  89  17  19 166  20 185 104  74 117   6
   43  91  49  75 106  63  35 196 110  36 166  56  47  48  74  58  72 185  30  92  97 187 189 167  31  81  69 170  34  95  78  50 127 180  54  24 113 176  41  13  17  51  76  84  10 103  98 184 168  27  53   9 194   1 165 197 126  59   6 171 114 192   7 162
   90  49 166  72  35   0  36  93  56  76  81 169  50  51  52 159  79 163 155 111  65  54 158 154  97 170 188  55  66 162 172 174  22 153  57 176  80 173  67 161 156  85  78 164 152 160  41 157 171  64  39 175  21 151  42 167 127  44  68 113  34 196  95  32
   25 186 182  86 184  98  42   0 124 183  23 187 188  71  34 125  70  76 102  58  35  95  83  73 114 185  60  63  94  13 181 167   7 166  92 190 112 179  77  87 197  69  46 178 104 177 121 180  62  47  96 191  39   8 168 194   1  22 128   5 192  36 120 123
  196  48 183  42 104 188  47 121 105  31 182  34  41 114  61 131  86  97 113  13  58  98 125  71 184 197 192  45 186 187  22  30 117 103 181 179 110 106 132 189 191 180   6 185 129  19  18 130 102   7 116   4 193 120  17 101  49  43 195   5  60 126 119  46
  126  34  12 144 101 108 145 119 146 118  84 129 120 130 117 115 122  89  73  85 113  21  28 134 131 132 135  99 125 124   6 107  33 121  41  18 123  29 128  20  19   5  44 193 133  17  46  25   4 138 192  31  45 106  55  83  96 116  69  24 136  60  32 191
   27  31 106 114 122 126  91 131  61  75  20  87  99  13 180 181 132  48 129  18  59  45 130   4  84 189  19  47 103   3 192 105 193 184 125 117 102   6  17   5   8 118 194  10 145  14 196 178 191  74  43  30 113 197 165  24 182   7 179  32 104 187 183  95
   98  25  99 129 122  30 130 115   3  23 114 120   8 102 145 124  27 144 193 181 197 178  86  31 131  15 184  87  71  73 108 190  18  45   4 182  12 187 179 101   5  96  83 132  29  13 189   7 196  19  46  61 117  26 186  77   0  20  60 125  17 106 134 191
   91 178  40 112  38  30   8  26  95  74 100 185  77  70  72  59  75  25   2 187  53 189  98   3  63  23  43 184  87  16  35 122  99  36  83  14 190  93  24  13  51 181 194  27  31  94 180  71  96  17  88 195 188 168   5  62 193  68  22   7   1  81  39  50
   43  35 127  36  81  49  50  56  93 166  65  76 167 176  90  79  51 174 170 162 163 172  66 155 158  72 159  78 173 151 156  91 110 175  67 152 157  80 171 160 150  30  97  54  53 164 168  64 153 169 196 161  63 154  37 149  92 148  52  41 187 111 188 106
   35  76  43  38  91   9  50  93  95  81 166  59  72 162 155  36 167  65 163 127  53  79  63  75  51 170  90  92  58 156  49  66  26 176  64   1 158 172 187  54 159  68 173 112 160  80 195  56 154  67  78 174 188  40  52 153  89  85  57 171  24  44 190 185
  186  95  16  93 166  94 177 167  50  26 170 168 175 176 187  80  70 173  79 165  65 171 172 150  81 174  66 162  64 185 163 158 188  82  43 152 153 156 141  71 159  78 157 149 161  67 154 164 112 111 160  42  68 155 151 184  25  77 148  10  96  51  53  49
   91  72  54 166  38 127  74  75  32  49 155  51  43  76  37  63 112  56  35  85  50  22  15  59  93  52 111 176 159  48 162 154   1 194  97 158 165  81 160 164 170  67  14 153  69 177 178  65 175 151  24 195 171  21 172  40  79  95  39  66  84  62  53  33
   35  91  38  95  36  72  43  93  51  59 169 178  50  81 162  56  52  63  22  53  80 166  40 185 155  67 184 112  65  75 187  74  68 170 195  26 172  77 173   8 176 158  39 189  66  79 174 156 167  54 154  30 159 171  24 163  83  33  88 188   2   0  64  94
   38  91  35  43  72 166  50  95  36  93  76  49 112  56 155  51  54  59 162  75 111  52  81 159  65 163  74 158 176 195  64  63  22  80 154 170 172  79 127  66  67 160 156 153 174  14 169 171  62  97 173  32 167 185  21  58 178  53  68   9  78   1 152 189
   35  38  93  95  36  50  76  72  51  68 111  65 162  81  67 166  80 159 112 172 173  52 163 158  66 155  91  79  63 169 176 174  64 154 156  77 170 167  88 171 100 178  57 153  53 150 160 161  90  94  39 185  22 157 175 152  43   2  16  40  56  59 184  49
   73  35 100  25  16  38  88   2  68  96  11  52  39  40  72  36  33  77  53  89  21  23  83  76 142  28  57 144 169  59  63 127   0  67  51  93  29  12  91  44  95  98  85  30 181 190 122  54 178  82  60 156 162   8  90 161  99 194  14 173 115  66  81  65
   73 129 146 140 145 109 135  90 107 124 134 138 139 148 121 143 147 136 101  34  55  86  12 144 125 132 128 120 123 126 137  28 130  58  11  69   0 119  21  85  41 131  39 149  76 104  92 161 157  60 142 151  52  25  33 115 133 117 127  57  54 111  15 164
  145 132 129 140 107 125 146 124 126 147 134 121 183  87 136 106 131 130 135  12 138 143 139 148 109 101 133 102 137 120  34 144 186  73  25  10  69  92 115 105 123 119  31 108  86  27 149 114  96 122   9  45  61 117  78 142 128  20 141  48  58  71  15  55
  145 132 125 129 131 101  87 124 122 126 115  31 107 130 121  27 120  12 105 102 183 146 123 108 117 133  61  45 114  69 134 119 186  25  99  98 147 106  20  96  19 118 140  34  86  18  73 144  23 197   5  84   4 138 193 136 181  71  15   3 103 135  48  10
  129 132 146 145 130  34 106 121 131 126 107 119 122  31  48 134 133 120 118 125 128 109 102  58  41 183 105 140  20 101 135 114 104 124  27  10   6  12  69  85 117  73 181  19 193  97 113 196  61 192  18 123 144  87  98  55 191 139   5  47   9  96  45   4
  125 145 124 132 129 107 101 119 122 126 120 130 131 108 115 146 105  12 128 133 134 118 121  61 123 139  45 138 117 137  20  73  86  87  96  31  28   5  19  60   6 135 100 103 104 190  18 191 114   4  15  41 136 147  98 197 186  46 144   3 183  84  34  17
  126 106  34  20  12  92 196  78   1  49  10 132   9  87  41  84  43 133  69   6 131  48 122 134 135 109  31  56  15 147  24 143  72 146 102 162  75  64 155  27 145  54 179 192  97 127  57 105 189 166  91 168  58 183 187 141  61  55  53 197 151 117  17  13
  144 101 145 131 108 133 130 146 113  31  12 122  55  99 132  27 115 125  45 118 117  84 120 129  61  18  11   3  48 119  74 107 114 105   5 135 106 139   4  19 134 126 136 128 124  29 123 104  28 100  13 193  86   6  17  54  69 192 189  33 110  83  21 138
   43  58 110  35 196 184  49 167 188  34  87 187 114  91  48  47 166 183  78  95  36  56  31  10 106 177 170  92 185 186  75  71 105 168  69 182  30  27  98 102  63 112 165   1 171 176  94  41 197  50  81  97 103 180  42  79 189 175  80 163   7  84 174 121
  146 129 132 145 126 107 101 108  34 105 133 130  69 125  55 109 131  48 120 106  41 135 140  84  12 138 134 118 119 124 104  85   6 143 117 121 128  54 139  28  32 123  31 113 136  90 115 144 183  61 127  97  45  86  19 164  15  27 191 196  18  73  10 192
    0 124  42 187  86  95  25  83  44  60  98 188  38  46   8  70 182 189 166  23 186  22 125 120 116 184 102 178 192 113  35 195 181  77  43  71  59 179 114  40  11 193 104 123  89  56  13 142  36 185  14  30 190  28  73  18  47  55 121  39  29 197   7 191
   91  43  95  63 165  72 112 178  48  93 166  87  51 177 168 176  26  50  31  10  27  94  75  53 170 185 184 155 162 171  38  80  81  35 175 167  70 187 141  49  74  59 172  30  67  65  64 174 158 173  66  79  39  40 159  69  56   2  37 154 111 106 153 164
   35  91  93 155  43  50  49  81 162  72 166  51 176 159  65 170 158  79 154  95 172  80 163  54  66  67 153 160 174 156 173  52  90 171 175 152 151 164  38 167  63 157  76  64  78  56  53   9  37  68 177 169  22  26 111  36 165  94  92 127 168 161  75 149
   35  95  91  72  38 169 162  51  81  93  50  67  65  36  80  52 173  43 172  53  68 170 155 176  66 174 166 168 171  79 158  63 156 167 184  94  26 177  39 163 154 153  64 185   2 178  88 187  77 159 175 112 160 152 161 165  56  69  59 150 157  82  16  40
   75  43 184 185 181  98  91 196 180 197   7 104 182  47  34  35 189  56  41  76  13 116 187   9 195 191  58 194  70   4 117  95  30  18 103  14  42 192   6  87  71 126  17  21  97  63  22 125 114 106  36  45  84 143  19  31  38  23  20 102  89  74 131  60
   73 107 129 145 114  27  25 124 122 119 128 130 131 100 135 102  96 144 136 137 115 105 108 125  34 118  31  45 146   0 134 147 101 121 138  58  12 132  28  55  23  86  92 140  85  60   3  20 104  61 143  11  57  98   5 194 120  29 109  13  18 133  99   4
  145 129 125 132 124 146 140 107 121 134 131 138 105 130 147 136 120 126 143 183 133 101 135 139 137 106  12 115  34 123 109 114  73  86 102 119 148 144 108  87  45 186 117 104  31 122  61 128  27  28 142  10 182  55  69 149  92  60   9 103  84  20  58 118
  145 129 132 125 124 146 107 101 126 120 130 121 131 108 134 119  12 115 105  73 133 140 139 123 138  86 143 183  34 109 117  61 128 136 135 147 118  45  87 137 106  31 122 102  41  20  15  69 104 144  48  19 186  28   6  10  60  25   5  27  84  96 148  18
  145 129 132 125 124 146 107 101 126 130 121 131 120 134 119  12 115 105 108  73 133 140 138 139 123 183  34 135  86 143 136 117 122 147 109 128  45 118 144 106 137 102  61  31  87  20  41  28 104  19 186  15 114   6  25  60  96  69  27  48   5 148  18  84
  129 145 132 125 124 101 130 131 126 107 121 120 146 115 108  87 183  31 122 105 119  12  61 102 134  45 123 133  86  73 117 140 106 186 114  27  48 118  15 138 139  19  20 147  34  99  98 144 193  18  69  25   5 136 104 137  10 109 182  96 135 128  60   4
  129 101 145 107 108 132 126 105 131 125 130  31  87  48 146 124 120 119 115  61 122  27  12 121 118 117 123  69  45  34 183  20 133 106  84 109   6 128  15  10  41  19 134 104   5  99 193  18 138 197 139  55  28   4 135 140 114 143  13 192  32 191  73  85
   25  16  53   2  68  57  10 108 168  51 107  82 148  72  63 173 161 167 176  37  66  67 169  77  90 154 174 159 172  81 175 152  79 157 156 165  52  65  96  92 136  80  39 158 171 150 151 170 149 109  94  64 164 100 153  73 135 160  27 162  88 127 144 110
   38  40 100  23 178 124  77  83 190  59   3  16 188  73  70 189 182  62 123  45  25  60  95 181 125   8   5  93  96  29  74  13 195  22  33  44  99 112  18  14  17 116 122 187  11 115 186 180  88 103  98   4  42 185 101 191   7  26 193   0 117  71  91 194
   95  16  38  93  77  72  40  88  68  50  26  25 162  81  35  67  70  65 187  80 178 112 155 173  91  64  53  51 176 185 166 172  79 150  94  59  66 156 174 171 158 175 154  82 163 159   9 170 167  76 160 177   2 111 137 100 168 153 169 161  57  23 186 152
  122 129 132  31 145 130 131 125 101 146  27 115 107 128 133 119   3 118 106 134 114 120 124 108 105 126 139  45  19 144  13  73  48  61  44   5 138  18 193 136  99 117 123  60  20   4 103  17 121  12 141  59  15 113 140 102 181 192 127  10 137  28   6   8
   85 113  21  54  22   6  76  97 194 191 118  41  32 196 127  44  62  75  74  17 193  15 116  84  34 195 117 130  33  58 119 129  37 179   7 104 146 192  24  20 128   4  19  14  18   5  73  56 144 126  46 180  59  99  49  90  29 135  13 197  12 120  89 122
   91  40  59 178  38  30  35  36  95   8  74 189  43  72  99  75 122  77  26 112  23   3  83   2  98  53 184  24  88 100 181  25  16   0 187  27 185  63 113 193  17 194   7 195 180 190  22  89  51  56 179  14  70  11 192   4  18 188  33  44   5  29  31  71
   95  35  93 166  72  50  38  91  43  63  51  81  80 162  36  65 170 176 172 173 158 155 171  66  79 185 174  67 177 167  64 184  53 168 159  94 163  68 112 169 154  26 187 156 175 165 153  52  49 178 152 160 161  56  16  59  76 150  77 157  88 111  39  70
   69  90   9  34  92 165  63 166  78 164 155 109  49 177 126  48 106 153 170  35 176 152 160 140 167 157 151 154  76 171 158  79  94 161  57  52 162  10  81 172  66 173  50  85  65 163 175 159  93 174 156  47 168 183  80  95  54  43 143 146 149 186  64  51
  122  62  99 125 193  20 189  18 117 190   5  61  19  84   4 101 126  17  59 191   6 131  45 115 118  75 192 197  13 123 124  12  46   3 130 194 120  31  44 119  23   8  83 180 116   7  14 113  98 129 181  60  15  74  38 103 132 195 108 145  29  89 178 179
  146 140 107 138 135 139 136 109 145 134 148 147 143  90 129 125 124 132 121  12 133 149 151  73 142 157 126  34 137  55 161 164  78  28 108  92 120  69 144 153   9 101 163 152  41 160 150 106  57 127 183 156 119 105 123 128  86 154 130 175  66 174 111 158
  125 145 124 129 132 126 101 146 120 107 121  12 130 134 131 108  73 119 115 140 123  86 138 105 133 183 139 136 137 147  34 135  25 143 186 117 102 122 109  28 128  45 144  87 118  61  96  69 148  31  60  20  41  19   9 106 104  84   5   6 114  92 182 190
  145 129 124 125 132 146 130 101 126 120  73 134  12 131 115 119 121 139 108 107 133 138 123 144 140 137 136 122 135 117  86 143 118  45  28 147 105 128  96 109 183  20  60 102  25  15  61  19  29  34 142   5  18 148 186  41   6 106  31   9 193  99  46  87
  125 124 129 145 132 120 101  73 130 126 121 119 146 115 131  12 123  86 134 122 117  45 107 118 128 139  60 105 108 144  61  19  96 138  20 133 137   5  29  18  25  28 102 186 193   6  23 190  41  34  46 183  98  99   4 104 191 136  15  44 182 143 116 114
  125 124 132 145 129 101 130 115  12 122 126 120 131 137 108 134 119 123 117  45  61 146  31  73 139  96  23 138  19  62  20 133  15   5 186 190 121  87  60 105  99  86 118  18 193 103 182  28   4   9 136   3   6 144  16 107 102  29 147 128 191 114  17 143
   91  35  43  75  95 185 184  30 178 112  36 189  98  47 187 180  74  63 181  22 188 195  38 182  59   8 114  71  40 194  70   7  56 166 196  76  93 167 192  24  58  49 179  13 197  83  17  31 191  23  97  99 103  14   0 110   4 116  26 193 102  18 113  50
   43  91  35  36  95  75 166  49 167  72  56  63  50  81  30 187 170 185 196  78  76 184 110  58  53  51 162 176  47  59 189 171  80  64  79  65  93 172 168 106  52 112 173 188 169 174  26  92 165  66 158 177   9   1  74 155 163  24 156  71 102  54 175 195
   22  85 113  54  21  72  32  56  33  74  52 127  91  40  24  38  84 108  97  39  11  83  14  69  99  59 104 193   6  36 195   7 194  44  89  51  30  75  17 179  63  55  48 192 155 118 178 191  34  28   2   4  35 196  18  76  37  90   5  41  43  49  15  19
   76  38  43  91  35  75  74   9  24  54  59  49  97 195 116  50 112  93  58  13 194  72  36 191   3  81  62  95  37  85 159 155  21 185 166  78  17  44 163 189 180  26 196  40   6  15 170 127  56 154  47  41 162   7  79  65  14  22 160  51 111 158   0  80
   63  16  93  95  82 177  35 167  25 173  94  68  53 174  80  65  81  66 172  67 156 170  79 168 176 163 158 171 141 152 175 164 157 153  51 169 162 154  77 161 136 148 149  50 159   2 142   0 150 165  64  26  96  78  57 160 151 166 184  90 140  73  72  88
   31  87  27  48 131  61 132 101 106 122 129  69 105 145 108 183 126 125  10 114 107 130  12  45  84  99  20 133 117 197 115 103  47  19   6  34  18 146 193 180   4   5 121 192 196 189  92  71 118  75 102 140  15 184 123 165  13   9 119 186 182  41   3 124
   97  32  75  85  43  72  91  49   6  74  24  41  84 113 195  22  59 191  54  44 192  56 166 196 197 179 116  17 127  48 194  21  38  34 105  76 189  13  20   1 118   9 180   7 193  51  33   5   4 190 185  89  42  62  46  19  14  58 104  47  90  18 187 103
  146  55 135  90 140 109 151 157 148  92 152 164 127  69  54 161  52 163 149 138 160 153 159 156  57 158 111  66 139 134 174  34  79 155 175  58  78  65 154 172 169 136  76  49 107  86 162  67 142  81 150 147  85  51 170 176 173  73 171  82 133  37  50  68
  187  87 184 186 185  95  70  71 188  43 182  23 181  47  26  25 112 102  91  75  31 178  98 183 189  30   8 167  35 114  61 180 168   1  96  63   3 103 190  27  83 197  16  40 165  13  53   7  42 192 110 193 177  10  36  60  99 122  93  20 125  45   4   9
  108  25 136 161 138  16 164  28  55 152 142 153 157 124 148 155  68 154 151  57 156 160 169 147 135 149 146 140  92  39 163  66 158 175  82 109 162  52  12  67  11  69 137 174 159 172 139 150  65 173 176  88  79 168 134  77  51 141 107 171 125  90  73  80
  124 125 120  73 126  86 123 117  98  23 115 101  60  25 119 182 190 121 145  45   3  12 137 191  62 132 122 197 116   5  18 130  13  19 181 186  99 118  15   7  46  44   4  83  76 131  61 100  17 128 129  28  14  20   6 189  42 134  29  89 193  84 180 103
  145 124 132 140 129 146 125 121 107 134 147 143 101  96  73 186 136 109 148 126 130 102 137 139 131 138  25  87 135 120 119 115 108 123 142 106 183 144  86  16  12  29 133  69  92   9  90  71 149 122  45  61 165 105 141 150  34  23 182  94 181 117  60  10
   95 186 140  87  92 167 177  94 168 147  25 183 171 175 148  78   9 165  80 149 176 166  64 170 173  82 174 172 156 157 150  79 163  66 141  93  65 152 153 107 161 125 162  81  10  71  16  70 164 158  50 102 137 151 136 169  67 143 124  63 160 187 154  35
   44  59  38  62  85 100  74 116  21  14 195 191   6  33 118 115 122  17  97  28   5 113  46  20 117  40 193 197  18   4 119 194  83 190 189   3 192  19  60  23  99 130  32   7   8  15  29  75 120  89  13 123  73  11 108  45 127  24 124  12  84  41  61 178
   35  36  56  43  91  54 169  76 166  93  50 188  38 162  81  65  53  52 156 174 163 196  30  63  67  66 172  79 167 155  39 173 182  51  80  95 158 187 176  72 170  22  90 127   0  68 171 161  78 150 157 152 151  55 148  33 160 175 153 159 142 195  64 168
   95  91 187 185  71  70 184 188  43 186 189 166 112  35  47  75 181  40 102   3 182  30   9 114 165  98  59 103  94 178  23 167  26  13  38  42 122   8 195  93 177  31 190  17 180   0  24  25  16   7  74  50  60 170 191 196   4 179 193  83  18 192   5 116
   91  95  43 185  35 187  26  72 184  93  75 166  63 167  53  50  70  36  81  30   8 189 112  38  80 162 170 165 186  71  59   9 168  40  94  65  64 173  51 188 171 176 178  47  79 172 181 177   3  74 174 141  66  98 158  67  49  82  77  56 182 102 175  78
   99 113  38  83 178  98  18   3  22  40 192 193 122  13   4  23 189 117  84   8  44 191  74   7 197 194 181 179   5  59  46  19 180 126 118  60  30  33  11  14  24  73  17   6  75 115  69 195  31  56 190  45  62  91 104 116  86  21  32 130 182  54 124 131
   36  91  35  74  38  72  43  53  51  21 100  89   8  59  54  77  56  93  63  40 178  75  33 195 110  52   2  22  39  30  24 112 189 169  95   7  11 194  99  68  81  29  37 180  26 113  83  32  98  17  85 185  58  62  88 197  76 159  55  67 192   3 116  65
   38 111  93 155  51  68  57  52  90 159  50 154  85  67 160  95  72 162 163  28  16 142  37 176 156 164 158 153  76  77  33  65  11 157 161  66  54  81 166   1 152  80 174 172 169  40  55  53  64  39  79 100  94 173 175  88 151  22  63  21  49  74   9 171
   95  38  91  35  93  72 112  36  26  50  51  77  53  43 178  68  80  81  40  59  16  67  65 162 111 166  88 176 173 172 170 185 167   2 174 169  63 155 177  66 159  79 158 100 168 171  64 156 175 187 184  82 163 141 154  70 150 165  94 160  30  23  39  76
   35  38  72  95  52  93 155  81  51  50  68 162 169  53  67  36  63  65 156 158   2 159  80 172 160  66  88 154 173 174 163  79  77  91 152 170 176 153 150 171 161 166  54  40  26 157  57  11  39  64 164 142 151 175  22  55  82  16  56 178 111 177  59 149
   35  53  95  72  52  38 169  51 162 155  63  81  91  68  50  93  65  80 156 166  67 176 158 172 173  66   2 174  77 177 160 154 170 168 171  88  26  16 152 153 175  79  82 159 163  64  25 164  94 167 157  39  43 161 165  59  11 151 150  57 141  36 112  55
    2  73  11  39 139  55 100 142 111 137  77 138 136 108  68 161 144  16 135  28 159  88 149 148 140 160  67 169  86 164 157 156  33 146 150  22 154 107  12 151  54 109  52  51  37 153 158 152  82  90 163  66 155  57  65 174 133 173 172 127  85  40 175  93
   73  52   2  11  55  69  39  25  77  63 100 169  38 108 144 164  35  68  28 178 177  57  83 165  86 160  12  88 161 136 142  22  53  27  96  99 152 113 154  33 137 157 107  16 159 115  37  34  82  54  67 158  32  40 153 155 174  23   0 156 135 109 173 172
   31 131  27  99 114 180 197  45 122 105  61 118 130   3   4  18  75 191  19 194 145 117   5 101 103  74 113  20 115   6 181 192  98  17 132  13   7   8  15 193  87 179 189 129  24  84 104  29 116  58  91 190 144 120 119  23  47  34 196  46  62 125 123 178
  146 140 107 136 164 108 151 161 139 138 157 109 152  90 148 155 133 160 149 153 135  57 154 134  55 159 137 158  52 175 163 156  28  92  66  54 127 162 174  68 111  73 176  67  69 172  65 125  79 126 150  86  37 143  82 169 177 147 173  11  51   2 106 124
    0  98  23   8 188 189  83 192  99 182 184 197 122 181 196  60 179  86 195  29  42 101  73  96 180  46   5 193  24  18  40 117 120 113 115 116  17 191   4  22  19 190 194  44  30  45 186  84  34 178  97 100 124  74   7 185  25  21  33 187  59  20  61 105
  126 101  69 146 108 125  12 133  48 144 140  31  34  87  92 145 131 106 107  10 117  61  84  54 143  27  45 123 132 119  37 135  41  63 136 118   9 110  58 124 130 121  89 109 139 120 164 105 148  15 127  53 138 128 134 183   6   5 151  99  18  55 193  19
   91  38  95  69  40  26 184 108  72 189 187  93  63 185  59  53 182 190   9 162 178  22  68  16  94 155  89  74  62  51  61 177  88  67 168  81  23 165 126  33  75  25  99  24  87  65  48  77 176 195  31  50 112 167 180  80  43 193  47 173 170 171  66  14
   38  91  59  74  21  22  36  40  85  32  75 100 113  24  14 195  33  62 178  72 189 194 193  83  97  44  99 192  30  17   7  56 116 191 112  43  11 179   6  54   4  18   8   5  46 196  13  23 181 118  89  84  52  19 122   0 127 180 197  76  88  29  98  20
   95  35 169 162  38  93  80  53  50  81  91 177 168  64 176  51 173  67  65 172  72 174 178  77 171 170 155 156 167  68  94 187  66  79  26 158 175 163  36  82 150 154  39  88  52 166 185  16 153 160 152 112 165  63 184 161 159   2 164 157  56 186  43   0
   91  38  72  43  95  74  36  59  35  26 178  93  53  51 112  40  75  56 187  50 185  63  81 189 162   8  77 155 166  30  67 176  24  52 195  54  68  65  80 184  64 170  14  70 172   3 169  88 159   2 174 158 168  79  66  22  49 173 194 171  89 156 180  17
   91  35  43  93  36  38  95  75 166 112  50  56  72  59  76  49 185  74  51 195  63  81  22 170 167  80  30 176  97  40 159  65 155  79 178 162 187 163 158 172 111 188  54  67 171 154  66 173  26 177  47 174 189  24  53  64  70  32 180 165 196 184 156  62
   35  91  93  36  43  63  72  51  50 166  95  49  81  38 170 176 112 159 167  80  65  53  52  76 158  56 172  79  67 155 173 169  66 171 177 162 174 154  59 165  37 185 163  68  75 156  22  30  74 153 160 152  90  64 178  54  94 168 175  39 111 157  77  40
   91  72  35  51  38  63  32  52  54  22  74  93  36  59  49 159  85  56  39  43 169 178 155  53  50  55 166  68  37  81  67  40 154  24 113  75   2 158 112 176  95 170 162  33 160  80 111  21  65 177 172 165  77  66 174 127 153 156  11 152  57 164 195  79
   54  72  38  85  52  93  35  51  32  22  91  74  55 159  36 155  33  49  68  63  37  56 169  21  59 111  57  11 154  39  67  76  97  50 100 160 158 166  40  90  81 113 151 162 156   2 153 127 195  53 178  24 152  66  88 163  65 172 176  80  43  62  58  75
   91  51  43 159  93  50 111  49  26  81  72  53  37 176  38  65 112 170  35 158 163  80  79  74  67 154 174 172 155  68  66 156 162 160 175 173 152 153  64  36 165  77 171 177 169 166 164  54  95 151 157  82  52 168  59 167   2  63 141  94  40 150 149 185
   38  51  35 111  36  72 159 155  68  52  50  77  22  93  54  11 154 162 158  57  67  65  81  56 176 169 163 172  33  66  79 156  91  80  49 153  76  63 160  40 152 100  95 174 166  32 173  88 161  55  64 170  39  37 157   2 112  85  53 175 151  74  21 164
   91 178  72  35  59 112  30 100  95  27  40  38  93  77  75  53 141   2  31  26  51  87 122   3  43  74  70  63 165  68   8 166  36  52  99 185  16  23  82 169 189 168 177  67  98  80  88 167  94  96 181 184  81  50  10  11 171 194  83 176 170  32  24  62
   51 155  91  35  52  50  38  63 159  72 154 160 176  81 162 158 153 169  67 170  68 164  54 156  49 163 111  43 152  65 172  37  66 166 174  80  79  53  64 151  93  95 175 173 157 171  55 165 177  36  57 161  32 112  56  88 127   2  59 141  74  69  92 168
  159  50 156 155 163 160 162  51 154 151 158  65 152 111  81 153 176 157  66 169  80 172 174  67  79  93 150  72 173  64 170 149 141  68 161 175  36  49 164 171  53  78 142 148  52  37  57  35  54  26  43 168  38 177 135 143  95  82 166 140 167 127 139  63
   50  95 155  64 176 159  65  81 166  51 172 163  93 158  66 156 111 160  80  79 174 153  72 173 150 175 152 171 162  78 154 170  67 157  49 177  57 151  68 161  35 169 164 141 149 167 168  53  63  94  88  90 148  82  37  92 165  52  38 112 109  16  36  55
  106 109 140  49  90 151 146 135 157  78  55 107 148 160 159 152 143 149 163 142 153 156  85 158 164  57  43 111  37 174  51  66 139 154  58 176  65 155 172  81 170  36  34 171 141  52 167  79 161 173  80  41 147 133 165  10 150 177 183 169 175 166  50 138
  108 107  55  12 144   2  37 135 139  27  10 136 137 133 138  68 101 127  11  52  72  57  69 146 145  28  87  54  88 109 149 100  48  85  77  53 151 148  16  63 159 134 141  31 106 126 164  32 152 160 115  51 118 142 155   3 111  15  39 168 154 130  67 161
   52  35 169 166  72  51 155  95  54 154  57  49 160 159  55  63 176 158 153  91 156  81 152  80 172  67  50  36  93  38 177 157  11  39  68  66  65 174 164 162 170 109 163 173 171  32  88  79  53  64 151 161   0  76  90  56 175  78  22 165 142  28 111 168
   35  51  93  63  95  81  80  68 176  67 177  53 169 170 173  77 172  50 158 174  65  66 159 156  79   2 154  52 175  82 162 171 152 163 168 153 167 157 155 160  91  39  64  94 151 165 161 150 164  36 166  72 141 149 178  38  26 111  37  49  88 112  11  40
    2  38 100  51 178  40  77  39  22 111  32  36  74  37  91  93 159  72  68  35  11  67  54  52  33 155 154 169  88 160 112 158  81  63  59  50  53  80  21  24 156  85 176  65 153 163  26  66 172  55 174 164 152 162 173 170 113  79  62 177  30 127  56  49
   38   2  11  51 111  77  68 100  52  36  93  55  88  39 169 159  72  40  35 178 155  33  67  32 154  22 160  54 156  63 158  50  37  53  57  80  81 153  65 163  66 161 172 162  74  16  95  59 152 174  91 176 173 112  28 142 157  21  79 151   0 164  85 170
  111   2  51  68 159  39  37  52 155  55  54  67  38 154 160  11 169 164 153 158 156  93  72 152 151 176 161 157 163  66  65  50  32 100 174 172  63  77 175  57 162  80  81  88 173  79  53 149  90  49 170 177  33 171 142  22  85  64  35 150  36  82 127 135
   55 111 135 139 107 138 133   2 146  12 109  37  11 136 151 149 142 159 143  54 148 160 161 140 157  39 164 144  68 152 154 108 156  51 163  52 155 153 169  28 100  88 158  57 137  77 145  67 147  32  66 174 127 141 175 150 172  65 134  64 176  49 173  85
  107 111  55 109   2  37 135  39 140 139 143 136 151  32 164 152 157 159 146 149 160  10  49 153 163 148 161 106 138 177  54 154  48  51 108 133 158 155 145 175  11  63 156 101 129 176  52  15  69  12  87 174 169  66 165 172 170 104  90  77 141 147 100  67
  107  55 135 146 139 133 138  12 145 111  11 136 101 109  28 129 108 140 144   2 142  39 143 149  32 151  54 148 134  37 137 100 147 128 161 105 132 164 157 159  52 152 169  73 160 130 104 153 154 141  86 118  69 156  10  68 106 119  77 131 115  48  15 163
  107 108  55  12 135 139 145 136   2 109 146 138  11 101 111 100  73  37  28 137 133 129 142  32 144 143 149 148  69 134 140 161  39 132  54 151  68 164 115  10 159 157 147  57 160  52 152  85 119 130  86 118  88 153 154  48  77 141 128  27 169 106 131  33
  129  87  31  27 131  61 101 145 132 106 105  10 183  45 115 104  99 107  48  69  12  34 130 114 146  86  15  19 120 133  84  18 193 126 117 179  13 118 180 125 108   4  24 140   6  55   5 143  47 135 197  29 196 110 192  58 113  41 103 182  71  20   1  32
  146 107 145 133 135 139 132 140 101  55 129 143 109 106 138 134 144  15  12 131 136 130 148 111 108 105  87 147 149  37  54  69 137 104  58  10 151 115 118 120 128  48  61 142  86   2  27 183  11  41 141  39 157 164  28  32 127  45  31 152  34 160 119 117
  107  55 135 146 109  37 139 140 133  69 111  12 138 145 101 136  54 164 149 108 143  10 151 148 129   2 157 106 152 159 144  48 137 160  32 153 132  11 161  15 105 134 154 175  39 156  49  34  52  92 163  87 128 147  28 158  27 141  85 104 155 177 131 142
  107 111 139  55 109 135 146 136 138  37 140  11 157 143 148 159 151 108   2 145  73  28 149  39 161 133 160 164  54 142 152 100 137 163 153  90  85  57  86  12  68 154 134 156  32  52 101 147 155 128 158 144  51 169 129  67 175 127  66 174 150  77  33 172
  108 107  55 139  12 111 145 137  28  73 100 129 138   2 136  11 109 142 101  16 146 135  88 133  68  32  85 115  39 144 143  37  57 149 140 134 164 147 132 130  77  96 161 148 159 141 128 119  48  10  82 160 154 118 157 153  33  62 151  67 131  52  27  69
  129 107 145 132 146 101 108  32 130 139 111 109  62  15 131 118  55 105  85 128 133  41  28 143 104 120 117 113 115   6 119 138 134 126  48  73 127  97  84 137  12  54 140 135 193  86 123  61  19 191  20 197  45  46  11  33  22 136  31  99 192  18 121 144
   55 140 135 149 148 161 164 107 169 151 152 157 138 136 111 146 156 139 160 153  52 109 154   2 158 163 159 133 174  66  68 172 176  67 142 108  90  82 150 175  65  79 155 144  39 173  57  28  11 162  77  54  81 177  12  51  80 147 170 171  69  64 137 141
  100  32  85 118 104 113  62  74 101  22  15  11  33 128  99  21 179 115 191 129 130 192 111  24 193 194  45  46  97  19   6   4  18 131   3  61  55 145 197  40  44  73 178  28 196   2   5  29  14  86 117  38 107 119  13  39 132  54   7  83  41  59  12 180
  111   2  51  77  11  55  39  38 159  68 169 100 160  32  52 154  67 155  88  37 178 156 158  93 153 161 152 164 157  54 176  22  72 163  80 142 112 151 172  66 174 177  65  40  50  33 175 173  81  57  36 150 149  53  35 141  79 170  63  82  16  28 162 139
   55 111 135 139 107  37   2 146  11 109  85 142 138 144  54  28 136 100 133  12 159  52  57 151  68 160 148  39 157  32 149 161 143 134 145 155  33 108 152 154 127 140 156 164 137 153  51  88 163 169 128  73 158  90  67  77  21 141 101  66 147 150 174 118
   55 107 135 140 139 109 138 146 111 136 133 142 143 145 148  12 149 147 137 157 164 151 129 134 108 144 161 160  37 152  11  28  69  73 101 156 153 159 141   2 154  57  68 163 175 132 169 150 158  52  82  88 155 174 106  66  16  54 172 176  67  78 177  39
  146 107 145 139 135 133 129  55 101 109  12 138 132 143 134 140  73 136 111 130 108  28 120 119 128  86 144 137 124 131 148  41 142 118 121 105 147 125  85 115 126 149 104  37  11  34 106  15 151  54 123 117  32  69 157 183  48  58  90   6 161 127 164 100
  145 146 107 129 139 132 138 135 101  12 140 133 134 136 108 137 109 144 143 124 130 125  73 148  55 147 120 126 131 115 121 119  28 105  86 142 128 149 106 183  15 118 123 111  69  10  34  11 117  87 151  45  37  61  92  41  96 161   2 157 141 104  29 127
  145 101 107 146  12 129 132 133 139 108 138 131 130 125 115 143 124 135 140  55 136 134 120 105 119  69  73 137 109  86  28 144  87 118  15  61  45 128 147 117  48 123 121 126 183 111 106 104  10 142  31  11 148  27  62  32  41  34 149  19 100   6  84  96
  107 146 145 140 132 129 135 109 133 139 134 138 108 136 101  12 143  55 147 148 126 130 124 106 144 131 120  73 125 121 137 119  34  28 149 115 142 128 105 183  86  10  69  92 151 118 123  41 157 161  87  48  15 164  37 141 111  57 104 117  58 127 152  90
  145 146 129 107 132 101 124  12 140 108 125 134 135 126 133 138  73 139 130 109 136 120 131 143 115 121 119  34 144  55 147 123  86  69 148 105 128 183 106  28 137 118 117  45  61  41  92 104  10 149 142  25  48  87  84  20   6  96  29  15  58  31 102 122
  145 129 146 107 132 101 126 125 140  12 124 134 130 135 133 139 131 109 138 108  73 136 120 121 106  34 143 119 144 115 147 128 183 123 148 105  55  69 137  86 118  28  87 117  45 122  10  31  41  61  92 102  15  58  27  20  25 104  84 149  48 114   6  19
  129 145 132 146 107 101 130 131  12 126 124 125  73 120 108 134 115 119 133 135 109 140 105 139  34 121 128 138 118 123  55 144 106 122 117  86 183  45  28 136 104  31 143  20  69  61  84  41 147  19   6  99 193  27  87 137  15  18  48 113   5 114  85  46
  146 145 107 132 129 135 140 126 134 108 101 139 138 133 109 136  12 106 147 130 125 143 124 131 148  87 183 120  34  10  55 144  69 121 137 149  92 128 115 105  27 119  48 123  31 151  73  15  86 127 118  28  61 161  41   1  78 164 157  58  25 102 141 122
  145 129 132 107 146 101 125 131 130 124 134 133 139 108 126 140 120  12 121 105 138 135 109 115 143 119 136 147 106  87 183 137 123 128  61  15  86  73 144  31 118  45 117  34  48 122 148  10  55 104  28  27  41  20  69 102  19   6 114  84  92 149   5  18
  145 146 129 107 132 101 125 124  12  73 130 134 140 109 133 135 126 131 139 108 120 138  34 136 121 119 143  86  55 115 128 105 106 183 147 144 137 123  28  69 104 118 148  41 117  58  48  45  92  10  61   6  85 149 142  31 102  84  87  19  15  20 114  90
  145 129 132 107 146 125 101 124 126 131 130  12 121 120 134 108 140 115 119  73 133 109 139 105 183 135 138  34 136 143 123  87 106  86 147 128 117  31 137 144  45  61 118 102 122  69  10  41  20 148 104  48  15  28  27 186  19  96  25  55   6 114  92  84
  145 129 132 146 101 107 126 125  12 124 131 130 108 120 134  73 115 133 140  34 119 135 121 138  69 139 106 136 144 105 123 117 122 109  31 183 118 128  55  86  45  28  84  61 147  27 143 137  48  41 104  87  99  19   6  20 193 113  18  10  15 148   5 114
  107 145 129 146 132 101 108  12 133 135 109 131 130 140 139 134 125 126 136 124 138  73 115  55 120 119 106 128 143  69 105 147 121 144  34 183  10  87  28 137  48 118 123  31  27  86 148  61  45 117 104  15 122 149  92  84  41  20  58  19  96   6  11  85
  146 145 129 132 107 101 140 135 130 134 131  12 109 133 126 139 138  55 120  34 143 125 106 108 144 105 124 121 136  73 119 115 183 147 128  69 118  41 148  28 123  58  86 117  84  48  31  45 104 137 196   6  61  15 122  20  10  27  92 149 114  19  85  87
  145 129 132 146 107 130 140 133 139 125 126 134 106 124 131 143 135 121 109 101 138 120 105 147 137 119 136 183 128 108  12 115  61 148  10  73  41  34  15 144  87 102  48 118  31  86 123 104  45  92  20  27 149  55  97 114 117  58 122 186 196   6  85 103
  145 125 129 146 124 132 126 101 107  12 120 131 121 140 133 130 108 134 183  86 138  34 119 135 115 123 136 139 105  73 109 143 147 117 106  41  55 144 137  69  28 148 186  87 128 102  45  61 104  84 118  48  25  42  58   6  92  20  15 122  31  19  46  10
  145 146  12 129 108 101 107 144  73 132 139 134 135 138 126 136 133 130 140 115 124 120  55 125 131 137  28 119 147 148 143 123 109 128 118  86 127  11  34  69 117  45 106 122  29 142  15  25  41  16  84 121 149  96  99  33  61  85   2  27  54   0  10  20
   73  16 108  25 100   2  11  88  39 137  77  28  96 124 136 115  68  40  23 101 178  86 107  52  38  83 142  12  57 161 138  69 129  33  82 144 139  53  67  94 145 147 123  62 190 164 169  60 177  29 148  99 109 125  90 150 111 119  95 140 134 157 160 173
   69 140  92 164 149 157  78 168 175 176 155 162  10 148 151 152 153 174  66 173 109 136 161  65 177 172 156 160 171  90  79 163   9  64 170 158  81  80  87  53  94 154  50 167  67 150 159 147 165 143  82  63  52 139  51  68  26  16 138  37  57 137 146 126
  124  73 186 125  25  86  96  16 121 182   9  42 143 148 102 140 136 147  71 137 120 187  70  90 188  92 167  23  98 142  82 150 183  94  34 161  60 138 185 149 126 173 123 163  29 145 107 157 100  79 119 134 175 109  87 146  78 177 174   0  80 168 129 115
  145 129 125 124 132  25  73 140 146 107 115 101 120 108 136 130 102 134  16 138 131 186  12  96 139 126 122 147 121 137 133 144 119 183  31  86 148 135 105 123  45  10  87  82  61  60 106  27 114 143  69  23  71 142  29   9 109 141 128 103   3 190  92  20
  145 132 125 124 129 131 121 130 101 120 183 146 107 126 119  87 115 105 123 102 133  61  45  31 117 114  86 108 122 134 118 106 140  98  19  73 109  18  12  20  34 143   5 181 186  25  60 180  48  27   4 144 197 139  46 104  13 147 128  99  29 193   3  58
  124 125 145 129  73 101 132  12  25 108 146 126 107 134 120 115 136 137 138 130 121 119  86 139 123 140 147  96 131 144 135 186  28  16 148 133 102 143  45 122 109 183 142 128  60 117  29 105   9  34  23 190  61  87 118  69  20  92 182   5  98  19  55 149
  145 124 125 132 129 107 140 146 134 136 147 138 126 139 101 108 137  12  73 109 133 130 135 121 148 120 143 131  87 186  69  25 115 183 106  86 119 123  92  10 102 144  96 142 149  16 105  28  34 128   9 141 122  31 161  45 157  27 164  48  82 117  61  15
  145 129 132 125 124 146 101 107 126 130 120 131 121 134  12 115  73 108 119 140 105 133 123 139 138 183  86 136 143 135  34 147 117  45 109 102 122  87  61 137 128 144  31 118 106 186  20  25  19  28  41  15 104  60  96  69 114 148  48   6   5  27  10  18
  129 145 125 124 132 101 146 120 126 107 130 131 121  73 119 115 108 134  12 105 123  86 183 140 138 139 133 122 109 117 102  34 128  45 136 137 118 186 147  31  61 143 135  20  28  25  87  60  19 104  96  41   5 106 144   6  48  15   9  18 193 114  69 190
  145 129 125 132 124 146 101 107 120 130 126 121 131  12 134  73 115 108 119 133 139 140 138 105 123  86 136 135 183 144 143  45 117 137  61 147 128  34 122 118 109 102  87 106  31  25  96 186  20  28  15  19  41 104 148  29  60   5 114   6  18  69  84 193
  145 125 108 124 146 101 126 129 107 132  12 136 140  73 120 134 139 138  25 115 130 137 133 121 135 144 119 131 123  86 148 109  87 183 147  69 143  34  10 105  45  96  92 186  61 102 117  16  28  31 106 128 149  48 122   9  55  29 142  27 118  15   5 164
  124 145 125 108 107  12 146 126  25 101 136 132 129 134 138  73 140 139 144 120 115 147 135 133 137 148 121 123 119 130  28 131  69 122 109  87  16  96 143 183 142  92 102  55  34 186 128  10  86  45 117 149   9 105 118 190  27  20  89  29 106  61  60 141
   25 124  16 108 125 137 136  73  12 138 148 134 144 126 186 139 147 140 115  77 145 161 107  82 101 150 142  88  28 149  96   2  68 120 146 135   9 141 123 190 133  92 129  69 156  86  11  53 164 102 132 168 157 162 152  23  57 175 173 187  67 160 174  26
   23 178   8   3  91 184 112  98  38 189 187 181  59  40  70  30  99  13 185  75  95 122  71  83 180  74 114 182 193 100  18 197   4 194  87 102   5 190  31  77  45   7  47  25  61  26  27 192 195  17  62 179 186  60  19 191  14  20 103  96 188 116  46   0
   35  43  91  95  36  93  50  63 166  56 167  72  81 187  76  75  49 162 176  51 170   9  38  53 155  80  65  79 185  64 172 163 171 112  78  92 174 173 182  66 168 188 158   1 175  67  54 184 177  94 156 169  52 159 153 152 154 195  26  58 160 110  22  59
   35  91  36  95  38  72  93  43  56  59 185 178  22  77 184 195  40 189 187  74  83   8 188  51  63  81 169 112 162  50  75  30 166  52   0  53  80  33  89  67  54 182 155  65 170  68  70 173 172 167 168  98 176  76  23  21  79 197  94 158   7  39 154  66
   93  91 185  95 178  70  43 187  36 184  35 112  30  22  74  56  38  40 188 195  50  97  42  77 110  83  51  72 176 170  94  49  63  75  23  48  81 165  98  76  71 177 166 168   1  59 181 167  80  32  79 100  13  14  26  47 182  67 171  53 159   8   7 189
   95  50  43  35  64 162 166  81 167  65  72  80 172  93  79 170 171 187 173 176 168  91  66 174 163 158 150 156 155 175  78  51  53  67  92  36  94 153 169 177  76 152 160 154 159   9 141  26  82  68 186 157 188 185 161  38 151  88  70  49  63 165 149 164
   38  50  93 159 111 163  16  68 155  65 150  76 154 160  67 162  64  95  66  79 158 156  80 153 172 173  81 174  88  57 176 161  72 175 157 164 152 166 171 170  51 169 142 151  77 177  94 167  82  52  78 112  11 149  35 137  90   0 141  37  36 188 127 148
  184  35  36  59  91 182 189 195 188  75   8  89  23  95 190  98  83  38 122  43  17 187 197  44 116 185  30 178 180 181  40  72  60   7 192   0 186  96  56  93   9 112  46  29 103 191  33  22 125  76   4 100  62  18  97  19  47  14   5  21 124  74  99 120
   38  40  59 190  83  23 100  44 195   8 116  14 189  17  33  60  74  25 188  22 182  89   5  21 181  96 191 124  62  91  16 185 178 187  72  73 122 184  98  29 193 192  97  18   3  75   7  99 194   9 119  77  46   4  28  76 180 123  85 117  13  19 197  11
   16  95 187  93  26 188  70  38   9  72  40 185 186  50  59  77  94  67 182 162  82  91  68  81 150  65 112  80  76  88 155 163  79 137 176 173 190 195  43  74 174  64 172  66  44 175 111  42 159 156 154 103 189  71 171 167 170   8  23 142  25 153  97 158
   95 187  91   9  43  26  16  38  70  35  59 186  25  50 188  93 102  72 150 162 166  53  64 141  94 185 190 112   8  80  81 182 167  76 189   1  65  88 156  71   3  75 184 173  79 171 172 176  68  77 163  66 142  40 155 168 174 170  67  82  23 175 178 158
   91  43 187  95 112  26 185  38  36 184 186  35 188  50  93  75  70 167  71  30  59  76 189   8  23 178  80 182  53   9  16  81 195   1  72  98  87 166  65 170 168 102  64  15 162 173 150  94 176  79  47 171  62 172  51 174  40  67 181  74 175  78 141  66
   91  95  72  38  35  93  43 166  50  59  26 162 112  81 185  51  80 155 187  65  75  53  63  64 176 167 171  94 170  40 172  36  88  79  68 173  67 158  66 174 165 156 178   9  70 154 169 168 189 177  49  76 175 184 159  16 163 153  77 141   8 160  57  74
   91  95  35  43  72  38 166 112  59 184  50  75  93  36 187 185 178  51  76  81 162  80  64  63  70 170 176 167 171 165  56 155   8 189  53  65 172 177  74  79  94  49 169 168 173 158  71 154 195 174  67 188  66  26   9  52 163  78  88 159   3 156 182 160
   35  43  91  95  36  93  63  72  56 185  38  50 166  81  22  51  49 187 167 170  76 176 162  75 184 155  65  90  53  80  79  52  74 172 173 112 195  30 158 174  66 171  67 163 188  64 159 169  21 177  59 168  40 154 178  39 182 156  54 189  94 152  97 175
   91  35  95  38  72  43  93 166  50  63  51  36 162  81 155  53  56 176 112  52  65  80 170 167 172  67 169  79 158 171  66  64 185 174 173  76  49 187 168 178  75  54 163  68 159  59 177 156 154 175  94  22 153   1 160 152  74 184 188  39  40  26   9  88
   91  35  43  95  75  72 112  38  93 185 166 178 184  36  59  50  51  63 167 187 189  76  81  30  40  56 188 195 170  22 165  80  74  49 162  67 171 176  65  94  47  53  79 173 172  52 169 177  62   7 158  64  66 155 194   8 174 182  26  24  70  71 110 168
   91  35  43  72  95  59  36  75  38  93 184 166  40  63 178  51 189 185 195  56  22  74 188  50 112   0 187 162  81  89  83 167 155  30  24  53  17   8  80 180   9  52   7  49 194 182  47  65 170 165 190 169  44 181 192  26  94  14  21  67 176  76  84 171
   43  91  35  75 187  36  95  76 185  38 166  56 112  72  59  93 195 188 189 182 184   1  74   9  30  47  50 167  63  49  22  97  24  70   7 180  14  17 116 196  81  98  58 191 197  71 194 170  13  42  54 162 176 103 181 192 178  40   8  21 110  51 179  53
   36  43  56  93  35  38  91  50 188 127 162  90  76 166  49  22  72   1  21 155  81  65 196  97  41  14 163 195  95  75  51 172  54  66 156  80  67 111 167 158 174  79 159 173  53  64 176 170  37 150  78  59 187 142  68 151 169  33 157  52 116 161   9 160
   91  43  75  38  36  56 195  59 197 184  35 196  22 189 180  84   6 116   7  74  32 192  97 194  17  41  62  21  24 191  47  89 179 193  95 113   4 112  20  83  44  18 185  33  76 188  93  19 190  13  72 181 182  54  49  42   5  46 103  34 187 166 117   9
  