  11 100  88 137  54 108 142  32  28 139  39 138   1  72   2 178  37 136  85 160 134 159  44  57  33  51 135 155  59  22  56  73 122   3 127 154  55  93 161 169  68 156  52  36  27 150  91  67 101 158 107 153 118 164  77  38 152  99 133 147 144  83  62  53
   91  63 106 166 137  49 165 171  37 168  94 107  51  48  64  50 155  67 160 164 154 140 151 158 153 152 162 170 175  78 176  93  76 159 177 172  66  53  79  65 174  82 156  72 157 173  81 147  54 126  10 149  27 109 110 138  80  87  92  56 161  39   2 133
  196 101  42  24  74  29  41 184  48  97 188 119  30  45 192 179  13  86 193  73 104  71  83   6 121  22  34 113   4 115 117 116  18 120 183   5  46  40  47 105  19   8 191   3 182 195 197  60 125  31 180  26  17  14 189 103 131 122  61  96  99 118  23  33
   49  57 111 166  82  80  81  65  68  50  94  95  36 172 109  93  66  90 174  79  64 159 158 171 153 173  78  52 175  92  63 177  72 163  67  53   9 170 162 161  76 156 176 152  39 157  51 155 154 185 160  70  38 149  88  26 143 127 150 164 169 167 151 186
   92  57 111  38  90  25  95  68 126  49  94  53 109  88  72 143   9  76  65  58 163  64  78  12 137 153 159 172  80  66  50 158 162 156  93  82 150  81  52 173  79  89 160 174  43 161  39 157 171 155  37 148 152 151 175 139  67  51 177  24 181 149 154  70
   92  57 111  49  53  94 109  64   9  78  65  90  25  68  50 172 153 163  80  66 162 159  82 158  81 137  79 173 174 156 160  72 175 177 161  37  95  88  38 171 157 150 152 151 155  93 176  67  52 149 154 126 143  51 148  63 170  39  12 164  76  43 169 168
   92   9  94  95  53  57  78  90  43  25  49 111  72  88  93 126 109  58  65  38 163  64 172  68  80 162 153 137 158  81  66 173 156 171  79 150  12 177 160 175  50 112 186 159 174 143 166 155 176  70  82  96 170  76 149 157 152  67 151  52 168  51  89 148
   92  25   9 111  57  90  38 109  53  82  95  64  94  58  12  68  78  93 163  65  70  49 177 172  80 162  81  66 143 126 173  72  79 174 153  24 159 185 186 158  96  43 181 175  50  42 156 150  89  88  39 149  37 171 157 151 152 170  14 148  67 112 137 161
   49  82  76  94 166  57  95  92  50  63 111  80  53  90  65  52 171  64 159 172  68  43  51 177  78  66 158  81 153  39  38 137 174  79 173  93 109  67 163 170  72  88 175 160 167 156  35 154 157 162 176 100  58 152  70 169 151  37 150 112 143 161 185 149
   11 128 138  28 134  54 137 139 133  76 147  88 135  52 108  56  35 124 136 150 169  33 160 122 107 161 155  44 126  36  91  57   2  77  59  68  89  73  72 156  21 144  38  51 151 146 100 118  83 148 141  84 145 140 154 157 159 153 120  60  32 158 152 142
    9  29  34 144 130 132 121  96   0 102 146 131 103 184  20  10 117  73 140 113 145 125 123 101  97  48 119  31 118 142  89 120 180  87  47 106 143 133  45 109   5 105 183  41 116 134  69  18 129  46 115 192 191  26  19  61   4   6  12 128  74  42 107 141
   48   1  26  71  31  43 186  61 177 165  30   3 184 112 185  15  87 188  47 110  92 196  49  24  42  82 104 183  94  13  27   9  41  97  75 170 167  10 106  58  69 193 176  78 114 168  37 182 166 187  93  53 109 189  91  90  96 192 105 175 171  70  80  45
   91 166  15  53   1  94  88 137 112  92 168  43  52 110 184  54   3 176 171  16 177  51 160  80  78  49 155  50  95 126 162 170  63   9 156 153  65 172 122  81 158  76  13  66 186 169 150 159 175  37 167  87  82  31  79 173 154  26  72 164  67  27 152  48
   57  92   9 109  90  38  12 111 143  49  78  68  64 126  58 162  72  25  41 161  37  65 163 153  20  52  24  89  42  66 172 159  50 151  85 158  94  81  80  88 157 123  34 155 174 173   0  79 156 142 154  28 127 148 152 149  62  95  14  53  84 175 160  93
   86  42  24 121  14 181  41  34 182  43 183  90  46 186  96   9  89  25 116  75  60 104  29  71 189  47  58  13  19  44 185 195 112  76 193 119  17 109  21 191  20  92   6 187  18 120 126 188 196  23 125   4 180 123 192   7  85 194 132 190  84 197 131  62
    9  49  94  92  93  63  26 163  81  79 109 140 170 173 158  96 111  80 160 172  53 175  65  78  37  66 149 176 153 171  10 177 152 174 151 159 157 165 156  87  51 164 154 168 167 143  90  82  43  67  64 137 136 110 150  50  68 148  16 155  72  35 162  58
  184 122 196  97  48 188 107  41  34 105 119  42 121  47 109  73  22  71 165 101 117  60 166 167 183 102  49   6 120 191 192 182  30  31  85  91 106 142 193 179  87 187 140 103  45 118 128   4  39  26 104 132 116  74  56 194 197   1  13  61 125  44 186  24
   92  57 137  49  94  95  38  90 111  53  88 109  64  82 163 159  65  68 126  58  93  25  80 172 153  37  72  50 158  78  66  81 173 162 177 150 143  76 156   9  79 160  39  12 174 171 181 100 154  67  24  51  52 157 139 151  43 152 175 161 149 148 112 170
   92  57 111  90  25  38 126   9 109  49  94  95  68  88  53  12  78  72  65 137 143  64 162 163 172  76  80 153  82  66 159  93  50 158  39 156  81  52  58 173 150  79 174  89 148 160 181 161 142 171 157  14  37 155 175  67 151  24 177 149 152 186  51  43
   92 111  57  38  72  95  94  49  90  68  53  65   9  88 153 162 163  64  50 172  80  81 159 158 156  66  78 137  52  25  93 109 126 160 150 173 155  79 174 143  82  76 171  67 161 157 175 152 148 151  51 166 154  12 149  43 139  58 177 169 142  39 176 170
   92  88  72  57   9  94  68  53  93  95 150  78  38  64  25  65  43  76 166 109 156 158  50  66 111 160 172 153 162 171 173  80 137 163 159 175 139  79 151 155  81 157 174  51  58 152  52 126  49 168 149 176  70 143  12  67 148 136  82  63  37 134  62 161
   25  58 126  24  92   9  14  89   1  75  12  61 112  29 100   3 104 116  13  96  53 181 109 189  20 114  41 137  84 125   8  43 187 194  17  45 119 131 190  42 186  19 183 123  18  85  34  46 180 185  86 121  71  23 145 130  38 197 193 143 115  37 191   4
   92   9  25 142  12 109  90  57 126  53 148 137  64 177 162  78 135  89 149 143 163  26  24 183  37 151  94 161 152  82  65 173 156 125 172  66 186  14 155  96  79  41 175 174 157 153 150 176  34 111 154 187 158  42 159  16 160  68  80 138 133 168 146  81
   57 111  82  38  25  72 109  68  90  95  64  92  65  53  80  52 162 172  66  81  76 174 159 156 153 158 137  94  50 166 163  79 173  49 150 161  93 169 171 100 148 157 175 152  78  11  67 160  39  70 177 155 151  88  51 142 149 154  35  28 170   9 181  36
   90  57 109  89 143  92 111  95  76  28  25  12  68  34   9  46  49  78  38  20  58   0  62  36  33  44 142  88  86  42 163 126  11  65  94 183  64  41  52  85  93 172  29  66 116  53  84 161 153  60  24  35 158 190 162  79  80 173 123 157 186  21 156 169
   76  28  11  33  44  21  36  62  56  57 127  60 119  89 128 100  84 138  22 123  52  73  54 118 120  46   7 143 116 134   6  12 196  85  88  34  83  35  20 124 139 115 117  41 122 191 147 195  38  23  68 108 121  90 126 137  32  39 192 179 197 146 190 107
  122  73  83 124  28  22  11  95  36 120  33  35  46 179  60 142  21  86 138 169  42  56 119 188 178 125 117 161 184 128 113 101  39 182  29 121 133 132   0 108   2  44  40 116  77 195  90  52  98 115 139  14 187  32   8  68 190 147  23 196   5  84 135 118
    9 109  63  92 127  25  64  78 111 136  49 161 146 183 143  93  81  37 106  87 123  90 185  82 148  50  26  79 157 151 170 173 149  96 175 121  65  80 167 174  14  66 140 172  39 162 126 187 152 164 163 153  97 176  69 168 132  34  41  42  10  38 154 177
   43   1   3 166  94  53 177  91  82  26 168  15 165 112  48  31  92 186 110 176 170  27 171 175  93  69   2  72  80  51 167  49  30  63  81  67  61  10  65  16  75  78 174  50  39 172 188  37 164  79 159 158  13  66 173  87 160 162  88 153  71   9  70 106
   95  76  11 137 126 178  21  88  38  84  33  28  14 124  25  98  91  89 182  54 166  83  52 128  35 189 190 111  46  39  90 139 116 138  60 112  32 114  59  22  23 122  13 195 120   7 169 125  43 100  57  94  99 188  68 123 194  44  75  50  36   6  17 117
   42  46  24  14  29 119  86 116 121  41  89  21 181  83  34  96 104  60  25 120 125  22 123 195  23 117  33   6  18 113 100 182 191 124 192 179  44 189 180  85  84   8  28  97   4  90 132 142 188   7  17 115  20  45  19  73 118 187  38   5 190 196 185 143
    9 143  57 109  12  90 142  92  96  25  68 111  34  78  64  89  37  20  49 126  24  42  58 163  38  41 161  29  85 123  65  66 162  93 139  72  81 173 172  79 149 153 151 152 135 157 155 148 174 158 159  88  28  26  55 156  94  95  80  36  53 175 154 146
    9  92   1 109  26  87 183  78  69  90  96  61  10  63  58  41  15  49  37  34  48  43 186  94  20  47  75 143 126  12  24  93 110 165  31 140  71 185  53  85 193 168 184   3 167  29 106 170 127 111 146  42 175 177   0 121 145 176  25 149 163 123 103  64
   92   9   1  43  53  26 186  94 177  58 112  49 110  78  15  82  24  37  90 185   3  48  61 168 183  75 109  41 126 176  93  31 170  87  71 175  80  81  65  42 163 193  13 171  96 188 159 174 172 165  10 167  79 162  70  66  64  63 158  12 173 153  51  39
   89 125 126  12 145 124 123 131 128  84 116  25 190 120  20 129  19  46  44  17 189  60   8 118  13  75 119  58 121  59 115  23 134 132  28   4  61  18 197  29   5  45  14 104  98 181 194   7 180 130   6  34 195 117 144  76  83 193  21  86 143 133  33  99
   11 178  56  35  23  30  83 120   8 124 108 101  77  33   7  28 195 197  84 115 179  98  22 117  27 190 123   5 122  36  59 144  21  89  76 105  91   2  99 138  60 139 134 131 180  74 118 119 182  54  25  13  45 106 125 100  18   4  73  32 133 189  86  17
   30   3 112  31  91 184  43 178  98  71 186 188 122  40  95  70  26 166  13  59 177  48 165 185  47  94  27  99  23  75 103  16 181 189 190 187  82  17 182  77   8 193 183 114  15 197 180  19  61 196  24  74 129 102   4  45 131 167  25  86  93 106 120  96
   34 121 196  41   9 184   1  97   6  20  61 191  29 118 180 193  47   5  45 117 197 194  89  75  15 116  19 105 145   7 183 192  85  17   4 103 113  73  31 130 120 119  60 123  18 101  98 131  21  87 132 125 182  27 146  84  48 190 189  69  46  96 115 110
    1  43 177  26 166  49  92  53  82 109  94   9  78 176 175 167 170 168  81  48  80  37 171 111 112  63  65 186 174  93  69  79  66 172 165  10 159 173 164  87 158  50  90 153   3 152  64  51 162  57  72  70 160 157 163 185  31  76  58 156  67 183 149 151
  121 132 145 146 106 131  41 105 120  34 133 125 130 119  14 129 117  29  30 123  73 140 116 118 196 101  45 103 183   6  89 144 193  46  47  61  97 102  60 104 189  19 115 134 142   4  18  86   5 136  42  84 107   7 124 126  21 192 191 141  20 127 180 138
   90  92  49  42 109  78  25 177  95 111 186  57   9  94  65  81  80  34  79 187 183 172 185  26  39  53 162 174  64 167 142 163  50  82  66 173 176 161 170  24 175  71  41  86 153 188  12 171 158  68   1  46  93 159  67  96 155 156 152  52  63  36 154 157
  126  58   9  89  75 145  98 190 189  20 143  96  17  12 131 146  24  19  61 124 134 116  38 128  92 125  59  14 130 194 132 133 118 129 181 197  45 193  99  29  13  46   6 112   4 180  18  84 104  62  44   3 123 121 120  43   5 114 144 103  21 191   8 100
   89  28  12 119  90  34  21 123  46  57  33  84 128 143   0  20  11  25 118  41 125  85  60 116 124  14   6  38  76  86  54 117 135  44  83 126 120  29 190  32 121  42  23 100 111   7  24 181 179 132 191 180  88  18  92  56  22 109  52  58 104 182 189  68
   38  11  28 169  95 139 161  55  36 138  68 133  56  35 155  57  50  33  52 134  88 135 122 124  64 150 154 153  32 111  72 156 143 162 159 158 108 163 152 151   2  67  39  21 160  66  81  22 172  65 164 147  54 157  51  83 137 174 142  77  79 128 178 149
   92  58  94  49  72  43 166 112  93  78   9  57  90 126  53 186 111 159 163  88 177  80  65  76  82 171 172 162  64  24 175 158  52 170 153 174  66  95  81  50  51 160 150  79  15  37 173 185 176  75  54 156  70 157  67  91 152  39 149  68   1 148 137  13
   92  57  38 111   9 109 126 143  90  72 137  68  94  25  49  53  88  64  95  12  78 162  65 153  58 163  82 172  80 159  66 148  50 150  89 181  81 158 142 156 139 173  14 160  24 151 155  79  37 174 161 123 157 149 154 152  52 175  93 135  76 177 171 127
   95 111  57  88  76  92  38 166 137  11  90  25 126  52  72  68  94  53 150  43  28 162 124  54  65 112 156  50 172  39 163 169  80 153  89 158  49 171 155  82  66  35 159 148  78  33  12 139  14  62  86 160  64  51  84 178 174  93  67 186 173 177  79 190
   25  95  57  38  28  68  11  89 111 124 161  12  88 143  90  52 169 126 138 139  33 142  76 162 150  72 156 148  64 155 137 135 125  35  46 123  92  36  65  84 134  50 163 172  66 153  86 158  14  44  77 181 173 157 109 151 190 128  79  21 152  80  56 147
   12   9 123 143   0 125 119  20  89  28  34  41 146  57 142 109  90 132 133 118 126  29 145  46  85 128 117 121 135   6 138  42  84  33 144  14 113 116  73 130  21 124  96  44 127  97 161 120  60 139  24 134 101  56  68 191  78  92  25  38  32 108 192  18
  118 130 132 145 105 131 125 117 119  20   5 103 120 101  89  45 121 102  29 128 123   6 180 197   4 116 129  17  46  18 192  19 179 191 194  61  34 115 113  41   7 184 190   8  60 124  84 193  73  97  47 104 195  44  96  12  74 196  24  21  83  14 146 122
   48  31 184  27  87   0 101  10 106 105  73 141 130 107 102 103  69   1  47  97 196  74 140 132  30 183  61 131 145  45 117 121   5 118 165 113 129  71 122 197 144  26 192 110 180 120  15 179   4 146 167 191   3  20   7  55  34  18   6  19 128 194  13  41
   48  87  69  10  31 184 110 165  27  30 168  63 141 106   1  26 164 167 101 176   2  74 140  15 170 105 107  37 177 183  16  55 196  97 108 103 154 175  81 152 102  73  47  71 149 146  79 155  61 174 171 151  49 173 130  78 157  67   9 161  64  51 160 145
    1  27  31  61  45  13 130 129 105 196 145 184 131   3  74  30 193 103 192   5 179  19  48 110 101   4 197  17 194  18  73   7 121 106   6  99 115 118 180 132 191 113   8 104  47 189 144  60 117 190 120 114  29  15  87 146 119  23 195 125  83  97 102  20
  184  48  30  69 122  31  26   1 165  27  63  98 188  71 110  47 167 196  74 183  16  73   3 186 101 168 141  61  77   2   0   8 178  45  40  91 187 103  87  10 121  23 102 193 113   5 170 105 185 177  93 112  29 176 182 108 180  97  94  95  13 120 106  82
    1  92  37 109 110  53   9 177  78  10  49  87  26 176 168 170 163  58 165  90  94  82  34  93  48  79 159  64 175  65 173  41  81  31  80  43 174 172  66  24 152  57 171 153 158 185 164 167  85 157 149  39  51  67 151 160   3 154 137  61 186 156 106  71
    1  26  69   3  53 188 106 108 184  48 193 196  16 168  30  88  15  43 122  63 186   9  82 142 127 165 167  39  36 176 115  73 177  98  31   2  37  44 183  80  99  93  47  51 137 190  86  40 164  96  94  71 145 147  65 179 160 155  74  17 175 148 156  81
  177  94  92  53  72 176  88  10 168  37 162 110 159 175  16  57 155  64 112 164 137  82 158 153  80 171  67 154 149  65 160 172  66  52 170  49 152 141 156 165  31 174  81  87 173  26  51  50  78  79 151  27 150 142 136 163   9  93 109   3  95  55  38 157
   27  31   3   1  61  48  30  15  69 106  91 130 184 145  43  10  13  98 110 131 140 105 107  99  75 196 193  59 146  74  19  45 144   5 197  47 103  17   0 127 115  87  44   4   7  58 136 129 166 189 165 101 194  60 191 183 190 112   2 113 118 120  62  63
   25  89 146  12  54  62 144 134 119 127 145 100 123 135 115 130 138 116 118  37 124  38   8  92 132 139  85 143  29  84 129 126  28 133 131  76 136 147  14   7 120  57 140 110  86  69  34  20  21 103 109  88  75 121 148  17  24  55  18   3 150 105  45  44
   82  94 177  49  93  81  53  80  50 170 176  43 171  92  65 165 175 174  26 168 172  79 159 167  66 158  39  64 173  63  70  67 166  51  72 153  48 162  37 164 163 186 185 160 152 154 156 112   1 111   2  78  95 137 150 169 157 149 155 110  91 161  68  10
   38  57  58  72 100  92 112  24  88  12 126 181 111  54  89  25  53   3  11  70  44  68  90 137 104  86  14  62 143  13  85  94 150  76  95  59  42  75 162  77 159  82  28 139  33  52  64   8 124 163 148 186  41 116 166  93 123 135 185  84  43 142 134   9
  109  57  92   9 143  68  64 111  38  90 137  49  72  78 162 153  65 163 161 151  66  53 172 158  81 173 156 157  94  50 155 160 139 154  79 152 150 148  80  12 142 174 149 159  95 135  37 126  25  52  63  89  67  34  93  36 175  88 171  82  51 169 138 133
   43   9  92  76 111  35  63  78 109 166  72  95  53  65  50  81  68  49  57  66 172  64 156  80 171  79 150 153 163 158  93  36 175  94 174  82 173  62 160 167  90 157 152 168 169  51 159 151  52 155 162 148  88 176  25 170 177  98 149 143  67 126 139  70
   89  25 125 124 144  12 120 138 145 123 142 146  28 141   1 132 133 148 134  29   9 101 108  55  84 115   8 102 140 139 190 121 147 183   0 119  73  34 197  69  56 135  77 126 136 131 117 118 106 155  86 161 130  11 162  33  44  60  46  36 150  57 143 151
   31  27 184   0  48 101 130 107  74  73 105  10 103  30   3  87 113 131  45   5 102  69 197  61  99 118 106 128 145 132 117 144 141 122  47 194   4  19  97 180 179  18  40 115 120 192 129  17 191  85  98 193  59 196 190 140   8   7  20  15  91 112   6 165
  184  27 101 105  31  30  73  48  74 196 107 130 103  45 131   5 106 102 113 179 122 120  61 117   0  97 145 132  69  47 118 129 121 141   4   7 192 197  10   1  87 140  13 115 180  99 144  56 193 110  60  83  18  19   8   6 191 128  22  17 119  98  23 195
   27 101 184 105  31  30  73  74 130  48 103 196 107  45 131   5 102 106  61 113 145 179 117 122  69 120 118 132 129   0  97  47   4 197 121  87   1   7 192  10 141 115 180 144  99   8  13  18  19 140 110  56 193  17 191   6  60 128   3  83 119 194  23  98
   48 184  31  30  27  87 101 106 103  74  69  47 196 165  10  71   1 105  26 110 102  61  73 183  97  45 130 107 131   5 141   3 188 167 193 129 179 192 113  40 121 140  13 122 117 132   4   2 187 180   7  99 168  18  16 145 191 197 114 120  29  22  23 185
  184  27  31  48  30   1  87  69 196  61 110  10  47  15 165 105  98  43  71  91 103 167 107  97   3 183 106  26 188 102 166  45  63 121  13  74 182   5 197 101 193   7 186 180  99 168 112 130 129  75 114   4 140  19  35 191 131  73  17 192 194  60 189 179
    1  96   9 142  25  12  89  34 184  16 109  90 155 124  95 183  29 162  28  53  26  88 182 108 186 125  46 169  69  86  68 102 168 121 176 137 156 161  93 173  73  78 179  65 119  79 187 190  71  98  92  66  57 149 172  11  42 154 167  81 163 139 195  52
   20 119  41 123  34  46  85  33  24  12  89  97  42  28 101   6  29 116  57 143 117  21 191  58  22  84  25 118 180 192 179  44   0  18 104  60  86 128   7   4 115  32  83  62 195 120  90   5  14  23  56  19 109 113  45   8  38 125 181 193  99  76  73 130
   28  57  89  25  46  33  12  38  11 119  90 143 123  44  42  60  76  86  95  21  83 116 124 128  84  73  56  36  68  62  34  14  29  20 120 125   0  22 111  23 142 100  41 179 195 117 181 161 118   8  85 190   6  35  52 109 138 191 139 126  24 121 113  18
   48  26  10 110  31   1 184 165 177 168 176 170  49  69  37  87  81   2 175 167 164  93  82  63 174 171  97  71  80  94  64 186  16  27  78  53 185  79  39  15  30 173 172  50  67   9 159  66 158  65 162  51 152 154 149  92 108 153 141 166 157   3 187 155
   24  89  41  58  42 116  19 104  17   6  44  60  61 197 192  46  13 191  45  20   8   4  18  75  12  29 196  86 123  85   3 181 118 180  84 115 193 125 189  14 119   5 190 121 130 195 194 179 120 145 131 117  34 113  96  99  33 132  21 100   7  83  23 124
   92 109   9  49  90  94 177  37  78  26 111  93  82  80  34 137  81  24  42  65 170 143  79 185  41 172 163 183  53  63  57 173 174  25  64  66 186  39  96 176 175 153 159 142 165 167 158 164  85 171 154 157  14  71 152 149 162  50 151 148  87 126 160 161
   92  64 111  50  68  65 163  25 158  49 172  81 153  57  66  53  94  95 159  80  79  82 173 174  39 161 156 177  38  51  63 171 152  67 175  72 160 154 169 176 137  78  93  88 150 157 162 151 170  37 109 155 164 149 168  52  90   9  55  58 167  70  35  43
   58   9 144   0  25  43  96 134  62  12 140  77 146  57  53 127  37  55  75  92   3 100  29 143  89 183  10 135 130  78   8 163  76  24  61 148  54   1  85  70 151 109 115  64  23  26 157 123 181  20  27  82 150 190 136  15 131 160  87 141 106 152 159 185
  196  34  97  22  41  69  36  76  90  21  49  42  60  56 184  48  52  33   6  63 193  73  32  86 188 191 192   7  85 195 119 182 167  78 109 166  39 116  46 104 183 101  82 179  44  84  20   1 117  43  57 186  83 180  47 108 121  35  87  37  71 122 110 189
  145   0 130 144 134 128 131  27 118 132  59 133 140  73 120   5 122 190 105 146 101 103 115  98  45 197  99  17 113   8  31  19 117 102 129  44 179   4  89 124 107  74 141  20 123  91  18 125 180  60   7  62   3 194  77 106  28  56  61  83 136 184 135   6
  101  27 184  73 105 130  31  45  74   5 131 103 196 107 117 120 179 118 102  30 122 113   0 132 128   7 145   4 121  48 144 115  97 129 180   8  61 119 192  56 197  83  18  47  60  99 106  23   6 191  29  19  17  13  87  69  22 193 194 141 195 125 140 190
  101 184  73 196 105 120 103   5  30  74 117  27  45 130  97 131 102 121 179 122 113 118 119  31 132   4 192  60  48  83 145  47   7  18 115 129 180   8 191 107 197  22   6  56  29 193  19  61  23  13 125  17  99  46 195 128 106 116 194   0 144 104 123  44
  101 184  73 105 179   5  45 120 196 117 122 118 130  74 119 131  27 103 113 121 102   4 128   7 132  60  83 192   6  97 115 180  18  31 145  29 129   8 197 191  22  13 107  23  56 125  17  19  30  61  47 193  46 195 116 194   0  99  34  21 190  32  48 104
  122  73 196 101 119  97 117 113  60 192 118 120   6 184  28 179  83 121   5  46  44 191  22  20  29 116  41  34   4  45 130  18  33  42  21 180 115   8 102 197 125 123  85   7 132  19  56 144 105  74 128 131  23 195  32 193 190  24 103  17  36  13 189  48
   92  90 111  57  94  82  52  25 162  38 137  49  53  65  80 177  72 159 112 172  76  86 153  39 109  66  64 171 166 174  79 148 158  81  78 155  88 163 156 173 175  95  12  50  14 186  42  68  24 161 150 160 176 170 154 152  67 157 126  11 149 151  54  43
   92  53  94  88 137  65  37  64 159 172 176 153  49  57 158  66 168 162 177  68  80  81  50  72 163 160 171  78 156  51  82 173 155  93  79 174 175  67 154 152 170  95 149 150 110   9 151 169 109 164 157  52 111  12 126  90  63  39 161  26  16  38   1  54
    9  75 126 145 146  89  58  41   1 116 121 123  24  29 130 132 143 131  61  86  20  14  19  96 118 193 183 104  44  12  46  85 125  34  92  17 120 191 144 109 119 115   6 134 189   4  25  18 181  45 192 197  43 194  60   7 127  62 190  84  21   5 128 129
   28 119  46  11  14  89  42  90  33  21  12  41 125  86  60  34 123  84  57 116 143  24 124 104  83  44 126 128   6  38 120  22  20  25 100 111  76 142 195  95  23 121 181 118 189  29  13 117  85  18 179 191 132  36   7 114  19 182 190   4 139 192 180  54
  142 143  57 144  12  34  89 135  37 139 133 146   9 109  85 136 123 140  68 151   0 161 134 138  36  55 127  90 148 119 155  29 126  96 137  28  72 149  10 154 160 132 153 159 152  64 157  25 156  20  78  33 150 163  66 162  65 158 125 117  41 164  53 173
   48  26  87 165  31  30   1  10 110  69  63 168  37 177  82 167  43 184  49  53  15   3 176 170 106  91  27  94  93  81 140 175 109 164  71 186 166  78 171  47   9  80 196 174  79  97  61 173   2 183  65 149 188  66  92 172 112 152  51 185 158  50 159  74
   91  43 110  53  58  94  76 126  75 166  88  61 137  54  93  92 112  95  51  49  98  59  27 159  72  13 163  37 160  31 189  15 171   1 158  82 153  78  57  32  35  52   3  65  67  50 193 177  39  90  12 172  66  80 186 150 173 194 156 114  99  63  10 168
  145 144 130 131 132 118 120  89 134 115 125 123 124 101 128 133   8 105  45 146   1   5 190 119  84 179  12  17 117 129   7  19  27  28   4  44  18 197  60  99  61  29 103  46 116 121  23  59 102  13 135  20   0  73 193  33  83   6 180 140 189 138 126 191
  177  94  82 170 165  53 167  81  64 176  79  80  26 173 175 168 174 171 172  49  65  92  95  66  78  63 185  50 158 163  67  93  10  70 154 164  48 110  87 186 152 159 153 109 162  37 156  51   9 169 187 149 157  71  68  25 111  39 161  90 160 112 151  16
    0 144 134 140 141 146  77  10  89  27 135 128 102 136 130 143  73 107 123 138  28 145  69  12 132  57 133 115  35 190 118 120 101 147  88   8  23 148 139  55  11  62 150 100  29 131 151  68  44  59  99  25  76 105   7  45  34  33 157 106 179   2  31 160
   73 128 101 120 117 118 132 145  60 131 179 130  20 105 123 119   5 121  45  44   6  46   7   4  19  18 115 192 129  97  83  21  33  28 191 180  41 193 116  89 144 196 104  27  84 107 113  85  22 197 184  29  13  62 125 195 122  23  17  99  86  32 190 102
    0 101 130 184  10 105  27  48  56  31  87  97 107 118 117   5  69 141  74  20 192  55  73 103 144 113 180 102 123 132   8 179  29  45 131 145  15   6 129 121 197   4  47 120  19  18  61 191  85 115  96  46  34  89 196 122   7 128  28  12  41 119  99 125
    0 141  11 108  73  52  55 101  10 107  69 161 136 155 128 139  27 169 152 160 157 164   2  56 151 168  37  28 154 166  54  63  50 147 138 135  51 106 156 176 140 102 153 162 159 150  35 175 174  87 134 158 149 133 144  88 148  66  67  57  64 167 171 173
   76  60  73  28  11  21 128 122 124 120 119  35 182  83  86  44  46  22 116  56  98 196 121  89 125  33 166 118 190 179   7  95  34  52  84 137 195   6 197  36  62 117  14  23 188  90 138 191  54 147 189 132 108   4 192 107 123   5  20 194 100  19 181 178
   24 145  14 130  20  58 132   9 146 126 131 143  89  41 125 129 118  85  61 116 128 121 123 119   6  45  96  19 133  12  18 180  29  46  17  38 103 104 105 194 117  34 144 189  75   4  15  21 181 113 109 192 134  32 191   5 124 197 120 193  84  42  86  97
   25  57  89  76  92 181  12  20  88  58  38 100 137  29 123  23  95 126  21 116   8  33 114  46  75  62   7  24  84  85 190  14 109  34 119  13  64 104  28  43 180 128 110  44 194  68  39  53 124   6 118  18 191  11  32  36  37 143  90  42   9  41 189   4
   92  57 109   9  90 111  53  78  94  65  49  64  81  80 172  25  95  79  66  82 162 177  68 163 173 153 174  50 158 175 156 176 159 171 155 170  93 152  12 137 161  88  37 160  52  43 157 167 186 149  67 154 148  72  26 150 151  63 169 168 166  76  51 164
   86  24 183  43  14 104  30  42 121  71  75  47 196  41 116 188 189 131  76 185 191  58 132   9 186  60  46 181 119  19  97  29 182 120 103 100  44   7  18 112   4 129  13 145 109  61  96 130 146 197 193 192  23 106 102  34   3  25 123  62  85   6  22 105
   92 111  53  94  90   1  49   9  43 126  93  72  78  26  65  15 177 109  81  12 163  80 172  79  82  66  38 176 112 159 174 175  64  63 162 186  68  88 158 173 171  67  95 155 153 170  51  57 149 168  69  37 156  39 182  50 143 160  75  91   3  70 185  96
   25  76  57   0  95  70  23  38   8  56 128  88  44  62  68  89 100 181 190 123  12  59  35  75  28 143  60  33  77 150  11  36  72 179  84 122  58  43 166 139 124 195  86  82 134 120  64 115  52 161   7 107 118 147  54  21 125  46 135  13 116 148 113  92
   95  25  92 111  90  49  39  57 163  64  50 177 161 143 137  65  79  81 172  14  68 173 109  66  93  80 174 153  78 150  82 187  38 158  94 159 126  96 156 175  70  36 148  42 157 152 171 162 170 185  67 176  35 149 142 169 154 139   9 151 181 160  53  24
  111  25 143  90  92  14 109 183   9  38 123 135 163 126  89 148 137 161  55  49  70 150  24  78  39  58  95  64 157  63 134  68  79 173 100 151  57 112  94 132  87  72 153 136 152  86 172 146  84 114 174  66  65 175 158  93 156  80 139  34 160  12  46 149
   92  49  87  64   9 161 163  63  81 173  79 154 172 151 126  50 149 153 158 174  78 168  82 152 143 170  66 164  67  65 157 148 175  37  94 156  80 162  90 176 177 160  68 159 155 109 111 171 110 133 137 135  51 150  53  38 140 146 167 136  12 169 165 187
  144 106  91 134  30  99  74  59 146 113 101 131 133  40 115 103 120  14 196 130 126 132   3  98  75 189 178  36 145  35  17 100  73  38  29  45  83 193 190  77  15  19   8 195 140   5 118   4  22  47 117  18 114 124 136  21 107 104 123  44  84  55 197  33
   87 103   9 183 121 105 102 106  47  15 120  30 132  29 187 190  98  48 180 117 196  10 101 185 146 197  19 191  89  61 131 123 188 144 125 192 107  99 145  45  97 115 182  35   5  70 130  69  31 109  14 118   8  75 140  40 189  41  17  18  74  34 167  25
   15  26 111  69  53  78   1   9  82 196  94  12 162 177 186  92  64  48  49 175 176 168  65  68  80 164   3 149 155 109 174  93  81  55  66 172  16  57 171  67  72 170  51  39 112  97  79  50 166 159 158 173  41  90  37 167 153  52  88 126 188 156  63 151
    0  98 144   1 105 130  69 145 132 190 120 134 140 115  61 146 131  29 143 121  99  27  89  19   5  45 118   9  12 197 123 128  17  20  10 189  75 180  31 107  47   4 103 117  59 101  96 136 125 113   7  44  77  18   8 193  15 183  62 116 191 133 102 179
   74  31  32 184  10 110 103  87  24 180  40  30  97  61 101 114  37  45  48  29  34 119 185  85  96 130  27 177  14 113  71 105 187  16 129 104 165 121 112  20  42 102 131  49 117  26  41 141 176 107 132  73 178 109  18  15   5  70 106 194  47  58  22  64
    1   9 183  69  26  96  48  43  47  63  87 184  29  53 186   0 193 110 167  78  71  10 101 196  34  62  98  15  41  86 188 185 192  31  42 109 168  75  12  20  24 113  25 165  46 190   5 195   3  58   6  19 191  92 179  36  61 102   4  90  89 140  97 197
    0  57   9  90 109  68 111  12 143  36  53  96  34  29 163  89  25 142  55  78  65  64  92   1  66  63  72  80 173  58  79 159 172 174  70  42 158  26 157  81 151 153  82 161 156 162  49 181  85  33  67  51 154 148 160 183  46  88  69 169 123 144  93 152
   58  92  24  20  41  34  90  89  12  85 109  57   6  46 116  32  42  76 181   9 191  21  75  62  29 143 193  49  86 192 180 179 112 126 104 119  84  44  97  14 185  38 182  78  19 123  60   4  33  43 190 194 195   7  25   1  18 196  17  96 111  61  15 197
   50  64 111 172  80  65  94  66  95 177 173  79 175  81 174 150 137  68 171  92 161 158  82 153 109  57 176 152 156 169 159 162 154 157  93 170 160 163 151 149  72 155  63 168  49 164  67 166  53 148  78 167  51  52  25  38 165  90 147 136 135 142 139  88
   92  49  94  95  53  82  65  90  80  81 137  93 177 172  64  78  50  79  57 111  66 171 173  68 174 162 163 158 186  39   9  88 109 153 170  43 159 176 175 156  67  72  52  51 166 169  26  25 167 152 160 150 185 149 154 157 155  76  36 168 188  70 126 161
   95 137  88  38  92 111  94  72  57  68 150  53 162 126  52 153  50 156 159 163  65 172  80 158 160  66 155  82  64  67  25 171 173 169 154  79 148 166 152  81 174  51 161 177 149 151 157 175 139  49 176  11  90 112 143  78 170  39 136 135  93  76 138  16
   94  92  95 111  53  93  72 137  88  65 172  68 177  82  50  64  80 162 158  66 153 163 171 150  57 156 173  79  81  49 176 175 159 174  67 160 166 155  38  78  51 152 149 170  90 154  25 169 168 151   9 157 126  39 112 161 164  52  16 148 109  43  70  37
   92  94  49  43  93  53   9 177  78  82 111  50 171 166  65  81  80 163 172  79 173 176 170  95 175 153  64  66 158 168 137  72 174 167 150 112  51 159 160  67 156 126  90 149  63  15  70 152 162 165 109  58 157 186 143  68  37 185 151  26  39 154  88 164
   94  72  92 126 166  53 112  82 111  95 137  93  91  43 186  80 171 150  65  70  76  38 172 177 162  50  88  67 173   3 163 170 175  66 158  79 153 159  58  52  39 156  77  81  25 174  68  51 148  64  49  57  78 160  16 176 168  75 178  13 152  54  90  59
   95  94  49 177  82  50 111  81 166  53 171  80  92  91  72 137 172  93  65 176  79  67 175 174 112 173 158 163  66 170  64 153 162  51  52 178  39 159  35  70  88 156 150 168 169  43 167 155 164 152  68  38 154   2 160 186 149 185  90 187 161  78 110 157
   95  35  38  11  88  52 124  91  68 126 150  54 137  57  28  89 190 178  77 169  98 163  84  25  72  53  36 156  76  33 162  67 155  51  58  56  94  50 112 138 143 128 166 158  23 139 172 161  66 114  83  65 173 153 134 182 181   8 135  21 160 111 125 171
   49  92 110  94  15  64 177  10  37 176  58  78 170 185  50  32  93 171 109  81  87  48  53  95 173  82 165  90 172  80  79  65 112 159  66 154 175 168 158 174 184  31  67  68  72 153  88  51  52 167  39 162 163  97  16 137  91 166   9  57 164  26  96 152
   82  94  72 177  64  53  50 171 176  92  88 166 168 175  95  93 172 137  65  51  67  80 158  66 174 162 150 173  79 153 159  81 111  68 156 170 152 160 164 154 163 155 149  49 169  16  57  39   2 157 151  78  52 165  70 112 161  38  91  37  63  10  55 148
  166  94  82  91  72 177  95  53 137  88 171  50 176  49  80 112  51 168 150 172  93 175  67  65  52  64 159 158  66 174 173  81 162 153 170  79  92 156  68 160 152 165 155   3 149  39  16 154 163 169 164  57   2  70 111  78 178 110  10  15 157 151  43 167
   52  72  50 166  53  94  49 171  95  88 177  64 172  51  65 162  66 176 159 158 137 175  67 173  68 174  81  80 168  79 153  92  82 156 163 155 152 170 169  57 150 160  91  54 154  78 111 164  93  39 149 157  37 110 151   2 161 167  16  10  90  11  38 112
   91  43   3  53  82 112 166  72  94 168 177  93  27  51  70 171 150  54 110  10 176  92  31  88  77 175 165  50  80   2 159  65 172 158 170  35  67  64 173 167 174  66 137  15  81 160 156  79  87 152  37 163  75  59 153 178  58  95 169  76  62  68 151  30
  177 167  26 176 168 170 165  82  43  94  53  93  81 166  30 171 175  79  87 186  80 173  10 174 172  35  65  48  66   2 164 187  16  50  92 152  78 163  67 149 158 184 106 156  49  71 110 150  63 153  95 185  51  70  91   9 157  64 183 112 160 140 162  77
   58 100 109  14  62 106 146 105  85 134  15 127 145  27  75  38  61 130  37  92 112   3  10 126 143 118  70 197 129  87 194 103  72 104 128 131 132 136  54  76  39  91 144 141 111  19  24 181 140  31  43  59 107 185 165 123 150  20 119  18  93 114  74 147
   72  38  68 111  16  15  95  53  81 169  55  64  82  25 150 162  50  88  96  93 156  94  77  80  65  39 126 149 172 173  92  26  66  51  79  70 174 187 168  67   9 158 142 175 153 163 176 137 178 161  40 177 171 152  49 154 160 159 155 164 170 185   2   3
   39  91 111  38  72 137  82  93 178 100 150  94  88 166  50  51  95  68  80  67 112 126 172 127  65 177 159 156 158  81  70 153 171  11 169  53  66  54 138 173 174 160  79  49 163  14 114 175   2  77 176 139 136  64 149 134 152 154 162  15 161  40 148  59
   72  82  94  50  39 111  81  53  93  80 177 172  65  49  67 150  70  79 173 137 174 171 175  66 158 153 159  38 176  64 168 170 162 163  91  68  51 156  95   2 178 152  92 169 161 164 166 154  77 160 149 187 155  43 157  52 167  88 126 165  36 151 148  35
   93  94  95  91  82 177  70  72 168  50  81 176 171 150 170  80 175 165 173  53  79 172  67  77   2 174 178 166  64  65  66 158  51  16 187  39 137 169 163 111  49 149  26 156 167 152  68 164 153 112 162  35  10 159 141 154  30  92 185 186 160 110 157  88
   91  30 165 178   2  15   3 166  27 112 106  31  74  48  93  40  94 188 177  82 168 184  16 105 103 114  70 141 176  59 187 170 110  26 171 182  98  61  43  50  87  71  77  99 196 167  95  67  13  10  39 189 122 107 185 164  75 175  51  80  81  72 129  35
   91  30   2 106 165 178 166  48   3 177  93  27 112  39  82 168  74  31 188  26  77  43  94  15 176 170  70  40 107 171  16 141 114 187  50  81  71 103 137 175  72 167  67 110 164  80  35  51  10  59 150  87  49 105 185 174  79 186 173 172  13  53 182  47
   91  30   2 106  27 178  74  15   3 165 166  31  48 122  16 141  77 105 168  59 137 107 114 103  40  39  82 110 147 108 177 196  93 176  51 150  10  50  99  35 164 171  13  98 133 136 188  67  87 169 112 184  11 170 134  94 197 129  72 140 154 138 100  54
   30  91 106  48  31  15   3  27  74   2 196 165 103 105 188 107 178 184  40  26 122  61  87  13 141 197  10 112  47 131 114 110 166  71 187  77  70 101 168  82  99 130  45 177  98  16 108  75   8  97   5 186  17  93  59  43 167 104 185 189 182 115 120 176
   30  48  91 165  31  74   3  15   2 106  27  71  82  26 184  40 185  70 103 177  97 112 196 188 105  61 178 110 141 187  47  10 170 114  16  93  77  39 107 166 176 113  87 104 186 130  13  63 101  43 168 129  96  42  94  22 167 175 131 127  24  49 122  81
   91  30   2  15 165  27 106  48  74 178  31   3 110 177 168 184 105 188 114  26  87  16 166 112  40  82 176 170 187 196 103 107  93  77  94  61 141  10  71  39  43 171 164 167  13 182  47  67   1  51 175  81  99  98  50  69  63 186  70 108  53  80  79  35
   91  30  15 106   2  27  48  74 196   3  31 110 188 105 165 178 184 103  40 107 122  61  77  13  99 114 187 141  47  16 168  26  71  39  87 101  98  75  93 197 166  45  82 189 130 131 112 182  10  43 186  97 170  59 113 177  70 129  36   1 104 108  17   5
   30 178  91 106 105 103  74  27  77   8   3  40  23 122 114  99   2 130 115  98 131 124 120 101 197  59   5 141  45 107  13  15  83 188 190 187 144 132 196 134 179  31 112 133  17 145 147  47  16 182 102 189  70  61 195 129  35   7  75   4 184 104 113 117
    2  91  48  30 107 165 168  27  31  10 106  50  82 122 108 110  74  51 166 141 171 176  67  87  35 164 170  93 169 178  81  39  15 167  77  56 196 175  80   3  72 177 174  94  63  79 173 154 188 172 152  36  70 158  66  16 150 184  69  65  49 159  97  64
    2  91  30  27 166 107 106 165  48 178  31 141 184  16 110 168 105 171 108 170 147  74   3  39 188 137 164  51 177  94  67 196 136 112  73  77  54 176 167  35  40  69  13  63 122  50 140 160   1 154  10  82  52  93 169 175  98  80 103  81  61 150  49 158
   91 106  30 140 166  35   2  27 134   3 147 168 150  77 136  43  59 141 133  98  15 144 178 146 145 139 103 165  16  31 105 137 110  53  72 131 160  50  82  70 148  51 114  10 107 171 156  74  63  54  87 176  75 167 138 169 175  93 102  76 149 164 152  67
   91  30 178 106  15  39   2 166  74 107 114 188 196  27 165 112 177  13   3  82  14 105 103 137  48  16 104  40 108 189 182  59  61  22 127 187  98  75 184  94  71  43  50  77 126 176  93  99  31 147 100 141 129 168 170 171  54  49  23  67 194  51 110  63
   91 166 106  82  94 177  30 150  93   2 165 168 137 178  50  39 171 141 176  72  70 170  80 175  53  95  51  81  67  77 112  15 147 173 172  43  27  79  10 164 174 158 167 136   3 152 156 160  65 153 149  66 110 159  16 114 154 134 187  35 162 163 169 157
   91  30 106 178 105  15  27   3  74 103 107  98 188   2 114  61 196  31 165  75  77  13 182 110 126  40 197 141  99 166 112 122  59   8 133 189 187  45 147 131 184  17  48 168   5 194  70  47  23  93 145 115  82 129 130 190 124 137  94  39  16  14 120  87
   30 106  91   2  27 107 141 165 178   3  74  77  15 105 166 168  35  48  31  87 147 140 103  59  10  82 134  16 136 150 170 187 164 176 114 196 167 177  93 110  50 144 171 133  55  99  67 108 101  51  40 122 175 169  70  43  47  36 152  39 149  56 197  81
   30  91  27 106 178  74  31 105   2 122   3 103  98 184 107 196  99  59  13  40 114  48  77 131 197   5 129   8  61 101  45  15  23 141 188 120 189 130  83 165  35 179 166  47  17  16 115 182 190 194 110 145 147   4 112 128   7  73 102  19 180  75 133 195
   30  27  91  74 105 184  31 106 101 107 103   2  48 122 196 141 130 178  73 110 131  45   3   5  40 165 179  99 197  13  61 129 120  10 113  77 102  83  87  69  47 140 188 145  98 144  16   8  15 114 108 132  56 115  22 117  35  23 128   4 133   7  17  59
   30  27  91   2 106  48  74  31 107 105 184 165 178 196 122 101 103 141   3  87  10  97 114  15 110 166  40  16 108  77  35 168  73  22 129  13  56 188  45  61 177 131   5 130  82  99  83  71  47 179  59 197 102 113  23 176 187   8 117 170  32  39 164  55
   27  30 106  74  91  31 105  48 101 103 107 130 184 141 131   1   2   3 196 110 145 144  61  10   5  45  15 140 122 197 165  13  87  99 133  69 129  40 132 115 178 108  73 114  59 102 120 113  98  47 146   8  17 179   4  16  77 147 134 118 117   7 194 128
  101  27 105  30  74  31 106 130 196  48 107 184 103 131   5  45 113 144  73  61 145  91 120 117   3 197 118 122 132   4 115  13  47   1   8 141 192 179 102 140  97 129  56 121  19  99  69 193  17   7  18 180  87  10 194 191 146   6  15 195  22  83   0  98
   30  27 101  31 105 106 184  48  74 196 130 103 107 131 145  61  45   5  69   1  73  91  47 141 102 113  87 197   3 132  10 121 140 120 122 144 110 129 117  15  13   4 115 193 118 192   7 179  56   8 146  99  97  19 165  17  18 180 194  98 133 191   2  71
   27  30 106 105 101  31 130  74 196 103 107 131 184  48 145  61  45   5 132  73 129  69 121 113  47   3 120 118 144 117  13   4 115   7  91 141  97   1  87 102 197 146 193  19 140 192  99  15 194  18 122  17   8 179  60 180 191 104  22  56 128   6 110  10
   48  31  27 106  30  74 184   1 101 105 196  69   3  61 107 130  91 131 193  13  26 140  45  15 103 145  10 165 113  87  47  73   5 110 144  97 141 146   2   4 192  19  99 197  17   0  40 115 132 117 108  16 179   7  18  71 129 194 191 118 120  60 104 183
   30  27 106 184  48  91  74 105  31 196 107 101   2 103 165  73 130 131 141 122   3   1  47   5  69  45  13 140 129  61 178 145 108 113 102  87 120  22  40 179 110  99  15  56 188  10  71  98 197   7 115 114   4 132 117  83  97 144   8 121 147 193  16  23
   30  27 105 101  31  74 106 103 130 184 196 131   5  91 107  45 120 145  48  99  61   3 144 197 115  98  73   8 102 122 113 179  13 132   4 129 141 117  47  17 118   7   2  40  19  23 180 190 121   1  83  18 140 192  69  56  15  87 193  59 194 110 189 178
   27 184 101  31 105  30  48  74 107 103 130 106 196  45  73  69  61  10   5 131   1  87 141 110 102 122 145 113 117  47 197  97 132 129 118 140 120 179   0   4 121 180  91   7 144 192   3  13 115  56 165   8  99 193  18 108  19   2  15 194  17 191   6  22
  105  27 101  30  31 184 106  48  74 196 130 103 131  69 145 107  61   1  45  97   5 132  73  15 146 121  87 140  47 144 113 118 117  10 129 102 141 197 120   4 192   3 110 193   7 115  19 122 191   6  13  91  18 194  99  17 180 179 183 133 165 119  22  29
   30 106  48 184  27  31 105 196 101  74  91 103 107 130 165  69   2 131  47 141   3  15   1  87 140  61  45 188   5 145 122 108  73  10  40 102  26 120 113 132 129  13 121  71 115  99 110  97 117  98 197 193 179  56 114   4  22 144   7 178 192 168   8 133
   27 105 106  31  30 196 107 130 101  61 184  48  74 131 103 145  45  13   5 129   3 120 132 118 121 197  87  47 194   4 117  15  73  91  97  19  99 115   7 102 144 128 141 122 179 192  17 180  69 193 113   1  18 191 104  10 189 146   8   6  60 114 140  23
   74  27  31  30  48 184 101  91 196   2   3 113 106   1 105  73  61  13 110 103 130  45 107  97 122  40 179  69   5 193  99 131  22 165  15 178 129 192   4  83 141  47  17 108  59  10  56  32  16 188 197 194   7  18  19 115  71   0  26 117   8  77  87 144
   27 105  30 101  31  74 103 184 106 107 131 130 122  91   5  45 102  73 196 120 145 144 129 118 140 117  48 132  69 197 141  98  87 179   7   8  56  99 180 121   4  61 115 110   2  10  17 133  83 108 128   3  23  18  19  13  47 146 113   1 119 194 178 193
  101 130 105  74 145  27 131 144  45  31 103 132   5  61 106 146 118 196  73 121 184  69 117   1 107 113  48 115  29   4 120 193 192 119 180 133   8  18  30 129   6   3 141  19  97  47 123 179 102  13   7  17 197  87   0 125 191 122 140  41  10 194 104  60
  101 123  73   0 119  56 117 120 118 121  29  28  46  22 132  89  97 125  34  41  60 113 196  33   6 191  84  20 179 116  21  42 115   5   7  36  44 128 192  83 124 195 102  18  12 130   4  86 145 180 144 122 131  45 143 183 133 105  19 190  85 197  62  47
    0 144 113  89 101  56  62 123  85  44 130  29 132  41  12  96 146 118  28 119  42  86  72   8  36  57 192  58 195  46  24 134  55   1  34 100  33 125 197  19 143  77   6 115 127   4  18  54  73 179   3  22 116 141 108 191 120 181 145 117  84 131 135 121
    0  73 101 120 113  29 179  28 117 123   8 119  56  60  83   5 118  23  46 144 115  33 128  89 125  45  44 121 190 180 102 130   7 132 197 195 124 116  86  77  18 122 191  12 131  84  20   4  21 192  11 184  98  22   6  99  97  42  19  34 107 108 196  25
  101  73 130  97 184  48   0  74 113 132 144 105  31  45 121 131 146  27 107 117 119  29 145 196  61  10  34  41 103 118   5  69 141 140 106 120 133 179   6 180   1 192 129 125 122   4 102  47  42  18 115 110  87  30 191 142 123  20  60  85 128   7  22  19
   30 184  27  31 196  48  47 103 101  74  73 105  71 106  45   3  61  98  99   1 188   5 179  87  97  13 129 182 102 131 189  23 193   4  40  91 130 104  15 120   7 113 178   2 117 165 197 180 191 107 192  69 121 115  43  17 183  22  18  19  75 194 195 112
  101  73 120 117 119 118   0 132 113   5 179 121 105  45  60 130  56 131 196 102  29   7  83 123 115 145 184   4 122 128  46 103   8 192   6 180 125  18  97  22 191 144 197 116  28  19 195  74  23  34  89 129  44 107  21 124  33  17 190  20  47  84  27 193
  101  73   0 105 184 107  27 130  31 102 132 131 113  48  74 103  97 106 141  45 117 118   5  10 196 144 120  56 145 179 119 121  30  69  87 128 192   4 129 140  47 122   8 197 115  61 180   7  29  18  60 146 125   6 191 133  34   1  19 123  20  83  41 183
  184 101  27  31 105  30  48  73  74 196 130 103 107  45   0   5 102 131 113 179  69 106  61 122 120  97 117  47  87 132 118  10 145   4 129 121 141 192 197 180   7 144 115   8  99   1 110  18  56  13 140  19 191 193  60  23  83   6  17 119   3 128  29  22
  184 101 105  27  73  31 103  74 130  30  45 196   5 131 102 107 117 120 179 121 113 118  48  97  61 132 122   4 129  47   7 180 145 119 192 197  18 115  83   8   0  60 128 191  19   6  99  13 106  23  17  87  56  22 193  29 194 195 125  69 144 141 104  98
  101 184  27 105  31  74 130  73  45 103  30  48   5 196 131 113 122 117 179  61 102 107 118  97 120 132 145   0   4 180 129 121 192  47   8 115 106  87  18 197   7  69 119   6 144  19  99 193  29  13  10  17  83 191 141   1  23  60  56 194  22 128 110   3
  101   0 144  73 130  74 184 105  27 113 132  69 103  45 145 131 117  31   5  29 107 141 120 102  48 140 119 118 146 121 179 115 122 106  30   8  10   1   4 196 133  56 180 192  87  47  18 108  22  61 125   7 123  34   6  55 193  97  83 129  19 191  17  40
  101  73   0 184 113 121 130 132 119  29  48 196 105 117  45 120 103 144  69  34   5  74 102 145 131 183  97 118  60  31  30  47 125 115 179 107 192   4  41 140   6  56 146 193  18 122  46  27 106  22 180 191 123   8  83  19   7  61 141  42  87 197 116  17
    0 101  73 142  29 144  28 113  36  46 120 119  55  56  34 123 117  42 183 108 125  60  89  22  44  33 132  41  12 121 179 102  96 140  83  86 118 146  97 192 115  69 184 143   5 122 116   8  20 133 130   6 138 191 195 196 193  18 109 141   4   9  11  45
   90  42  49 109 142  82  92  64  41  34  39 119  81  57  14  65 177 111 174  80 183  79 162 161 172  78  86  97  22 185 173  66 170  50  94  24 159  95  52 187 163 171 154 137 108 153  25 169  71 148 158 152 157 176 175 167  46  67 149  37  68 156 186 155
   92  95  57  94  53  64  68  90 111  49  88  65  82  80  72 172 162  93 163  66  50 177 158 159  25  78 109 153 173  81 174  79 171  67 175 156 176  38 150 137  39  51 154 160 149 152 170 142 169   9 161 155  70 157  52 151  12 168  37  58 164 112  26 186
   38  57  25  92 143  95 126  88 111 109  68  76 137  53  89  72  94 139  90 150   9  12  58 100 142 153 163  65 134  64 156 148 160 181 159  50 162 136 172  93 158  66  52  80 123 138  78 155 151  82  14 157  43 173 135 161  35  11  28 149  81  49 152 174
   25  38  57  95  76 100  89  12  44 142  28  24 143  14  46  59  88 116  96  58  33 181  11 111  20  70 126  86 119  68  85  90   8  23  62  60  83 189 139  29  42 123 137  21  77  72 115 125  75 109  53 190 112  92 128  84 178  18 120 134  82 104 124  64
   57  95  68  38 111  88 155 162 142 137  11 150 161 156 169  72  28 135 153  52  25  64 172 158  65 160 139  66 163 152 159 148 151 154 149 138  92 173 157 174  80  50  67  53  90 171  79 166 175  94 177  12 176  81 136  16 164  51  82 143  54  77 124  78
   28  89  33  11 123 128  12  46  84 120 119  44 124  21 118  38  57 126 125 143  60 134  83 116  14 190 142 117 179  56 144  76 139 115  20 195  29 100   6  62 138  86  41   8 132 145  25  18 133  19  42 135   4 104  85 191 131  17  54   7  36  73   5 101
   90 109  57 119  12  89  25  28  34  38 143 123  20  92  68 128  64 135 161  14  46  86 142  41 124   0   9  95 111  85  73 125  42 181  32  78  84 139  62 137  21 132 118  29  11 116  33 133  56 162 117 151 163 138 100  60 121 120 134 157  24  96 183 169
   89  20  46 119 123  34  12  21  60 116 128  33  28  29 179   6 118  41  84  85  58  44 191  24  86 180   7  73 143 117  83  18  62   0  42 121 120 192  97 190   4  23  22 104   5 113  45 125 195  19 101 115  38  25  76  90  57 181  14 189  17 194  56  32
   28  11  33  38  57 122 128  44  89  21  12 119  46  83 179  56  62  76  32  20  60 100  95  73  88  85 123 118  68  22  84  52 116   6 120  90 124 117 195  36   8   0 190  72  54  23  59 142 125  34 138 192  18 169 139  42  86 113 191  25  14   7   4 143
   57  90  28  95  52  38  68  12  34  33  11  64 143 111   0  89 161 109  49  32  56  85 119  20  41  78  21  84  88  97  76 128  92  42  54 159 162 169  66  25  65  50 122  73 153 158 172  62 163 135  58 155  35  22 173 174 154 151  79 156  46 157  72 152
   57  90 111  92 109  68  95  64 161  38  25  49 169  88  78 159 172  79  65  28 154  66 143 137  72 163 152 173 155 153 174 156 142 158 162  12  50  52  80  55 176 175  67  85 177  81 171 157 151 170   0 135  94  76 160  37  39  89  96 150 149  53  70  32
   95  92  57  90 111  25  38 109  78  49  68 166  64  94  12   9  50 162  65 186  58 172  88  80  52  81 163  82 177  66  53  76 173  42  79 112 171  93 153 158 174 185 156 181 159 175 161 155 170  24  43 169  70 176  86  67 157  62  28 187  72 152 154 150
   92  52  57 162  49  50 137  64  65 153  95 172  68 158  53  66  80 171  88 159 155 111 156 163 166  78  79 173 160  81 174 161  94  82  67  90  51 154 157 175 152  72 150 177 151 169 176 170 109  63 149 148  76  38 164 168  39  36 167  93 139  37  35  11
   92   9  90  57  78  25 109 143  53  95  94 163 111 126  49  65  12  64  68 172 153  66 158 173  43  76  58  79  88  93  80 156 162 159 157 160 148 150  81 174  50 151 137 171 175  89 152  72 149 161  37 155 177  38  52  67  82 170 135 186  63 176 154  51
   57  92  12  90  38   9 111  25 109  88  72  53  68  58 126  94  89 143  95  78 163 137  64  49 159  65  24  37 153 162 158  66 172 156  85  52  80 160 135 173  76  96 150  54 151 142 155  81  51 174  28  20  79 139 157 161  67 152  50 112 154 181  93  39
   92   9 109  57  90 143 111  72  49  12 126  78  68  38  94 137  64  89  53  25 163 162  65 159 151 153 135 158 148 142 139  66 172  80 160  88 157 150 173  37  96 156  79 149  58  81  85 155 181  24  93 174 161  20 154 152  34  52   1 175 127  67 123  41
    9  92 109  58  90  25  96 143  78  49  24  57  89  53  34  43 126  12 181 163  94 111  37  93 186  20 137  76 183  65 153  64 173 172  81  66  41  75  80  79 148  14  85 160 185 157 158  38  95 142  86  68 162  26  88 156  42 177 149  63 151 174 170 159
   92  53  95  57  94 137 163 111  65  80 159 172 153 158  64  49  90  82  50  66  81  72 156  68 160 162  39 173  88  79 174  25  67 171 150 177  93 175  51  38  78  52 152 154 169 157 161 155 151 149 176 170 109   9 148  43  37 126  63 164 135  12 139 168
    9  58 126  92  96  38  20  89  12  24 143  25  75 109 181  57 190 112  15  90  85 145  17 116  19  14  44  59 189 123   3  46 194 180  41  62  29   6 191  61 125 146 142  43  76 131 128 130  88  42 124  95  18  72  78  70  98 197 185 104  34   4 134 129
   58  92  49  95  91  53 114  90 181 126  38  64  75 143  24  57 137  82  68  20  43 163  94  41  12  78 109  39   9  37  88 185 189 110  70  42  32 159 100 104  34  93  84 111  63  14 180  65 116  51 172 177  97  81 173 182 158  50  96  66 195  80  29  79
  