  13  86 191  20  19 193 104 105  45  14  42  60  18 190  23  61 184 194  46 102   4   5 192 196  98 116   6 118  85  99  17 103 180 197 195  47 113   7 128   8 115 179  76 189 181 120 119 117  41 131  58 114  44  73  71 125  34  24  89  83  84  75  97 188
  169 138 108 156  53  36 160 150 154 162 141  51  67 149  68 139 155 142 152 161 163 159 158 157 148  64 153 136 172  80 173  88  65  66  82 174 133 151 140 164  79  81  77  72 144 135 176 171 168   2  50 175 137 147 170  11 146 134  16  52  57  55  26 110
   70 183   3  77  30  96  71 185 186  26  29 102  47  25 187  43  86 121  87 189 181  31  24 113  40  23 108 101 112 180  42   8  73 188  82  48  45 103 131  98 110  36  16 144 114  53 165  61   4  99  74  18 104 190 130 184 116 197  13  17 120 191 177  93
  166  76  90  43  97  15  60  13 129 182 112  47 183  49 196 184 121 104 102  22  75 179   7  71  41 185  30  70  34 114  14 195  48  42 186  63  56  73  92   5 197   6 130 145  31 106  85  21 128 181  86   4 187 194 132 116  20  78 191 192 117 193  59 165
   15 137  88 129 155  33 138  56 134  11 128  27  76  52  54  57  97  51 136 166 105 145 143 118 114 106 147 133 135  37 139  91  10 151 160  84  90  38  22 124 159  61 162  21 194 123  89   7  75 161 130   6 195  50  12  67 142  59  13  45 150  63 156  85
   15 137  88 129  33  27  56  97 155 128  11  54 105 114 138 118 134  22  37  74  52 145  61 194  51  21  45  76 136 106  69 196   7  91  84  57 193  13 130 195 133  90  10  38 123 139   6  32  75 124  85 166 131  63 179 151  12 160   5 135  19 122 159 143
   15  88 137 138  51 155  27 133 135 134  10 147 143 136  91  37 151 129 105 127 160  54 106 145 162  52 159  11  67  33 139  56  57 128 161  68  69 114 156 141  39 150 164  61 110 146  53 142 154 153  50 118  97  12 158  84  74 152 122  63 148 149 140 168
   15  33  88  11 128 129 137  76  56 118  54  84  38 105  28  57  12 134 155  52  20  21  89 138   6  85  97  37  22   7  32 143 123  27 194 179  19 145  59 195 193 122 124  51  75 114 117 166  14  83 191 139  90  13  41  45 130 131 197   5  17 192  60 119
   15  76 166  63  90  56  50 155  49  92  97  37 128  52 159  51  22  27  54  64  78 151 129  13  87 111 176  94  21  10 160 137 171  88  38  75  67 106  57  95  69  91 140 168  33   7  61 136  66 172 194 157 174 184 114 152 196 175 158 150 112  65 162 164
   27 165 106 143  10  48  31  15  76  75  94 167 107  78 127  95  92 129  61 141  49  20  87  43 166  90 171  35 147 182  98  47  71 114  62 109 177 126 102  13 192 194 137  91  93   1 186 170 180 105 185  50 132  19  70  97 184   3 196 128  58 173   9 145
   86  46 126 132 183 128  42 119  22 125 121  73  60 188 120  41 182 104  21 123  90 102  62   9  76 117  71  25  83  28   0 107 116  44 179 186 187   7  47 124  23 108 109  43  24  14 189  56  38 181 145  29  39  84   1  93  34 101 191 118 190 195 184   6
   53  37  77  88  16  74 110  55   3  91  26   8   2 164  68 154 176 159 144 168  12  82  51 156  27  54 175  40  10  96 163  69 174  81  32  61  67 160 113 173  70 152 155  80 133 105  66  45  65  79 114 158 165 153  57 170  89 108 172  64  92  63 150 161
  110  91  27  87  10  16  53  37  74  15  69  26  88 165  31  48  51  61  40   2 164 168 176 114 175   3  63 170 105 163  67  92 159 141  68 154 173  82 137 103 144 156  77  79 127 160  55  39 174 135 177  81 158 151 150  65   8 153 171  80 152  66 149 167
  128  15  22  90  76  21 129 145  56  33  97   7 166  54 118  52 106 124  41 195 179 123 196 130 134  84 193  11 131  60  85 119 117  69 104 155   6 194 114  13  83  38  45 136 139  34 101 182  14 137  63  39 138 146  19 132 191   5  61  75 116   4 126 140
   27 137  88  15 105  37  10 138  51  54 155 134 129  11 114  33 133  74 144 139  61 118 135 128  91 136 160 110  56  45  84  32 106 159 146 147 151 143  89  87  76 130  57  55 194 141  97  52  39  53  13 123 122 145 164 131 154 161  75 124 156   7  31  12
   15 110  61  27 114  97  39  31 129  74   7  75  48  22  87 104  45  21 103 195 128 178  63  91 105  54 197 112  13 106  56 180 118 145 184 123 188 194 101  69 191 193  14  84   5  19  47  58 196 107  10  33  17  83 130  18   4 167  99   6  90 179 124 182
   70 185  48 183  30 165  26  77  96  71   1 177 121  43 102  31  47 170 186  16  82  86 112 110   3  25 108  40  42  29  87  92  74 113 181  93 168 104 184  49 187  61  81 176  24 175  27 164 167 188  73  94 140  45  80  79  91 180 196 173  23  58  36 101
   15  88 129 137 105  27 128  33 114  76 118  97  10 155 143  61 134  91 106 145  51 138  57  13  37 194  56  11  75  45  84  54  52 122 133  87  19  20 124   7 147  74 136 123  89   6 135  22 166  21 130 193  90  38  59  31 196  85 195 180 127 131 151 139
   15 137  88 129 155 138  33 134 128  56  27  52  11  76  97  57 136  54 145 105 114 106  51 166  37 143  90 118  10 133 147 139 151 135 160  22  91  84 162 159  61 124  21 194   7  63 123  89  69  12   6 196 146 161  45  75 195 130 140  50  85  38 193  67
   15 137  88 128 129  33 155  56  52  11 138 134  54  76  27 145 143 118 105  57  51 136  97  84  37 147 135  10  90 114  21 133  22 139 151  12  38 124 106 166 194  20 160 162   7  28  75 127   6 123 159  91  39  89  85 161  13 122 195 130  61  50 142  32
   15 137  88  27 155  37  69  51 143 127  54 138 128  61 129  52 135 133 106  91 151  10 159  56  57 136 160  33  11 147 114 164  90 145 134 161  97  85  67 118 194 162  50 154  76  39 105 153 156  12  32  68  84  75  22  74 110 166 107 158  63 146  21 152
   88 137 138  11 133  54 134 105 144 146  15  33  27  74 110  37 155 135  56  51  12 142 118  53  39  89 114  84 128  45 123 124  61 139  57  28  68 160 145 147  55 136   8  38 131 151 129 161  21  69  22 154 159 122 143 150 127  91 164  67  32 156 106  14
   88 137 105  11 138  33 144 134 133  27  84 129 146  54 118 123  28  12  74  56 131  32 124  89  15 135 122 142  45 145 115 114  61  19  38 110 130   6 139 143 155 147  22 128  17  83 179   8 117   7 191  21 195 101 106  14  99 190  18  39  57  51  37  20
   76 166  15 128 129  33  90  38  56  22  54  97  11 195   7  85   6  75 118  21  20  60  52  14  41 123 197 179  13 137 194  89 193 155 105 196  19 191  88 124  57  84  59 119 114   5  27 117  83   4  28  37 104  34 130  32 192 116 145 134  45  62 143 106
  137 166 150  95 155 138 147 134  56  88 160  15 140 135 156 162  67  51 163 151 159 106  10 161 133  91 168 136  50 143 171 148  64 149 114  61 175 174  94 172 158  66 157  65 153 124 139 176 152 164 141 173 142  39  78 129  57  79 145  11  53  27 154  90
   98   1  73  76  13 112 101  86 166  30  99 193  47  42   5  62  60   4 197 179  71  58 194 192 180  23  43 190  22 113  85  19   3  59  75  18 102  70   7 196   6 195 191  46  14  44 130  55 181  45  27  48 104  83 117 119 189  17 114 182  49 115 165  20
   43   1  95 166  70  35 186 167  93 183 185  49 165  71 171  94 170 102  87  78 177 121  30  79  50 173  90  47  82  80  81  64  10 147 172 168  65 181 150 141  48  62  26 163 175 132  36  66 187 126 182 157 174  92 158 152 184 109 129  98 106 149  67 153
   73  86  22  60 128  42  21  76  38  14  90 104 119  83  46 182 179  44  41 123  28 188   7  11 166 116 184  33  85 117 195  39 120  52 196  23 118 124  56 191 193  97 121 102 132 101  54 113   4 108  29   5 190 189  84 131  18 100 183 178   6  71 126 125
   37  53  88 110  55  91 159 164 154  68  12 133  16  10 156  74  51 155 144  69 160  27  57 176  54 168 163 137 151   2 152  67 153 174  82 161 175 158 138  26  92   3 173  66  81 146  65 150 135  64 149 162  79 172  77 148 157  80  63 140   8  61  50 114
   15  27 137  87  88  91  10 129 110  35  51 155 105 106 127 147 160  37  75 159 114 136  67  95 169 165 180  63 168 151  61 134  69  31  74 156 153 150 154 166 171  97  50  94  33 140 167 138 143  52  48  53  59 162  36 135 176 152 163 158 122 173  39  54
   76  62  60 129   7 166 128  86 197 104  22  73 119  34 117  90 195 179  41   6   4  75 192 102  19 180  20  13  42  85 118  21 191 126 196 131 105  47   1 123 109  97  18 193   5  23 183 116  46  44 130  17 101 182  33  83 121  89 112  84  87  45  14  15
  128  76  90  22  86  60 182 179  21 104  73   7 129  46  41 123 184 119 117 132  83 145  20 116  42 196 195  14  44 126 118  97 166 183 109 191 124 121  34 102   6  33  47  56  52  84  28  38  71  13 120  75 192   4 131  18  19 197 193 188 181   5 125  23
   74  12  56  11  54 144 138 133 188  53  38  21  14  33 146  88  45 123  22  39 124  29  69  89 114 195  83 108 155 178  55 131 110 162   8 122 145  15 142 191  40  28 134 118 128  84   7 113   2 190 196  42  16  63  57 116  32 179 164  61  68  91  51 194
   88  37  53  27  10 137  91 110  51 155  74  55  15 159  68 138 164 133 144  69 154  16 160  12 156 105 135  67  61 168  57 114 176 151 146 153  32  87 161 142   2 150 175 163 162 152 158   3 174 122   8 149  54  48  66 173 165 148  65 141 134  64  11  45
  128 127 145   0 143 132 129 138 134  54 107 118  28  84 147 135 137 146 125 123  15  33 105 133  38  11  41   6  20  62  12 141 126 136 119 124 115  85  56  22 131  39 120  52  76  21 117 130  46 142  75 139  90  19 104   7  27 109  72  14  88 192 151 106
   62  23  46  98 189  20 190  44  99 197  75  19 192  86 180 181 179   4   8  35  43   7 112 100  60  47 191  18 115  59 102  17 178  83   3  71 195 116 117  58 187  24   0 120   6  76 182   5  89  38  42 104 188 184 186 121 125 183 103  84  14  13  28 193
   87  61 180  27 105  62  31 110  15 192   6   0  20   8 191 197 103   3 114  75 194  58  19  32  24  45   5 190  84  69  74   4 101 193 189  10  56  18  99  17  97  48  34 107  85  37 184 115  13 179   7 196  41 195 118  91 112 185  98  23  47  89  53 186
  113  24  30  96 188  77  40  71  70 185 189 178 183  26  93 103  23 101  42 112   3  29  25 187  74 108 182  47 104  31 186  86 181  48   8   9 121  14 190 125  45  61 102 177 115  91   0   5  22  43  99  16  39 196  73 165   2  69 184  98 100   4 120  83
   37  53  74  16  88  26  10   3  82 164  55   8 112  57 176  69  91  61 168  27 114 175 159  64  40 154 174  77 177  12  68 156  32  45 165  81 155  80  85  67 110  48  92 163 122  87 160 173 105  66 170 137 133  79 185 153 158  51  65  50 152  70 172 140
  108  77 188  96 110  70  40  29 187   3 184  86 185  71  25 101  62  23 113 186  73  36 183  30  93  26 178  47  24  42 125 100  99 181 189  58  45  16 121  87  82 120  43   8  61  83  53  32 115 190 103   2 169 196 144 112  22  31 170  38 141   0 182   1
   27  87 196  13 180  61  10  91  45  74  95  15 184 129 114 105  31  97  48 179 140   1  37 137  57 130 194  88   5  70  19 131 195  34 155   4  60 166 116 110 182 181 193 168 104  18  22 106 192   7  92  53  89  40 121 118 150  90 191 185  17 134 112  16
  137 138  88 147  51  39 141 133 127 135 155  15 134 136  68 151 143 161 160   0  54  67 162 142  27 150  10 106 169 153 164  11 156 159 154 146 105 163 139 149 158  52 145 148  53  50 152 128 157 129  91 107 168  66  72 175 172  57  56  37   2  65 171 174
  143 129 137 166 134 147 139  76  15 138 130 106 124 135 145  88 136 133  19  33  20 114  27 105  84  89 128  34  11  57 155  10 123 118 140  12 146 117  52  56   6 132  59 131 195  35   7  95  69  60  28 179  87 160 180 127 192 122  17   4 115  78  75 151
   62 166  28  95  44  20   1  59 111  35  38  98 179 192  46  60  76 129  52  72  11 186 102  83 126 128  84  33  90 109 117  93  86 169 132   6  15  49 182  94 189 143 119  78  50   0  97  19  57 124  22 147 197 181  73 167  23  13 187 125  75  71  43 100
   88 137  37 155 138 135  57  10  53 159 133 160 151  51 161 154 156  27 140 153 147 164 134 143  68 136 148 139 152 146 162 150 141  54  67 157 158 163  15  50 142  78  64  12  52 168  55  66  91 149  92 144 175  65  56 174 172  11 173 110 171 176 106  79
   15 128 129  33  76  22  21 118 145  97   7 137 123 105  56  90  52  11  84  41 134  54  75 138   6  14  27 131 193 196  85 195 179 155  38 194 117 124 104 114  60 130  83  45  20  88 106  89  19  13 143 166 136   5 122  34   4  17 197 116 139  59  57 191
   88 137  15  27 155  51  37 138  91  10 160 159 136 135 133 143 134 151  57  53  11 147 114 156 105  68 154 129  54 153 139 161 162 110  33  67 164  56  52 150  55 146  50 106  12 152 163 158  61  95 141  69 144 169  63 168 148 142  66 157 140 127  89  78
   76 129  15 143 128  75 166  20 106  62  33  19  35   7 145  84 117 192  22  59   6  97  90 137 179 118 132 195 123 130  60 124 182 197 105 147 193  34 134  27   4  56  52  41  83 180  13   0 136 131  95  17  44  18 114 126 191 196   5  89 116  46  98  28
   90 128 182 132  76  34 126  60  41  22  86 123 143  56 121 109 117  20 179 119  44  73  46 145 183  52 129  28   7  84 125 116 102 147 139  57  21  97 196 124   9   6  78 191 118   0 134 195  89  83 166  33  43 106  47 104 148  95  64 120 184 136 138  49
    0  96  24  93  62  35 183 108  25  58 125   9  43 126 132 188  77 127 141  46  71 107  72 169 186  86 189 143 178 110 100 102 147 115 103  99 149 187 144  44  70  40 163  39 109 167  47 135  28 146 120 177 113  29  53  98  30 153  26 111  68 170  80  87
   96  77  25  24 183  70 108 102   9  71 113 185  86  42 189  73 187  62  29  58 186 188  30  93   3  98  47  46 181  26 100  23  43 125   1 101  40   8 121  44 126  99   0 190  16  82 103 112 119 120 115 109 178 107  36 191 184 116  60   4  18 104 111 177
   96  77  70  24 185  25  30 113 188 183  71 189  40 187  29  26   3 186 181 102  42  47  86  73  23 100   9 178  93  98  16 108 184   8  43 101 103  99  74  58 110  46 112 121  82 190 180  31 104 182 115  62   1 191   4  14  18  53  48 116 177  45  17   5
   96  77  53 110  26  16  25  37  55  68  82  70   3   8 108 163 164  81  24 144   2  58  12 173 113  80 176 154 185 175 170 169  93 174  69  79 156  40  29 168  65  66 149 152 172 159  64 158  92 165 153  10   9 161 107  74  67 157 148 187 146 177  88 100
   70  96 185  71 183 186 102  30 187  43 188  77  26 184  24  47  25 189  98  42  86  93 112  40  73 113 181  82  23 165  16   9 121 182   3  29  46 108 170 177  94  48  95 178   1  31   8 104 190 103  13 180 167 100 196  60  49  81 111  62  80  79 125  99
   74  77 105   8  40  55  88  16 113   3  91 190  53   2  13  45 101 114 144  12 122 178  26 112  37 115  61 194  38  32  15 108 189  99   5 103  70  69  59  68  14  31  29 191  17  85  96  48  27  33 110 188 193  19  73  89 185 118 187  18  51 131   4  24
   26  53  82  77  16   3  91 144 110   2  70 150  81  40 148  96 149 165 140 156 168  30  36  55 154 133 174 108 170 173 141  79  65 163  68  80 158 175 164  43 172 159  67 176 152  66  64 162 160 177 171 185 153  74 113 157 135  35  29 169  25  93  94 186
  110 105  33  12  69  54  32  84   0  15  37  88  87  61  75  38   6 127  27  74  53 118 107  51 191  91  89  20 190  56 129 103 192 194  58 114  85  41 133  19 169  21  28   7 143  68 155 193  99 123 101 115  31  10   8  57  14   5  45  63  18  17 128 195
   96  77  16  53  26 141  82   2  68  54 164 144 154 108 133 163 149  25 107 161 156 159  81 158  93  24  79 148 152  65 150 135 113 174 175 173 157 172  66 165   8 153 151 138 170 146 127 168 176  37   3  72  67 142 160  12  69  80  91  39  64 140 137 171
   60  14  23 178 112 188 190  98  83  86 179 189 193  73  13  76  44  99   4  19 113  22   7  38   5  71  46   8 115 181 114  15  40 192  18 182  59 191 195  42  17  30 116 104 166 128  33  45  20 123 130 102 124  24 194 184 105 120 122   3 197 117 103 196
   88  53  37  10 137  16 159  91  57  15  51  55  64 155 168 156 154  50  67  27  95  68 160 176 150 164 175 162 153  82 165 133 174  94 173 151  66 171 148 161 158  92 152  65 138 172  80  79 140 135 110  78 141 163  81  49 149 136 157  48 170 142  87  26
  137  88  37  54 138  57 143 135 155 133  12 146  27 134  52 139  11  56 160 151 159  15 147 161 136  51  33  10  76  89 128  85 140 154 142 156 105 153  68 118 145  53  84 148 162 129 152 164  78  34 157 166 144  28 127 150  69 141  55 163 106 158  90  92
  128 129  22  21  76 145  15   7 123 104  14  38 132  83  60  33  86  75 179 118  97 117 124 182 131  90  41 134 195  39  56 119 116  84 120 193 184 130 106  46   6 188   4  11 178  42  59  20  52 166  13  19   5 196 136  17 127  18 191   0 197 126  23 194
   15  88 122 114 105  51  38  59  11 166 155  94  91  39  10  33 112 179  68  20 178  63  14 106  74  87 190  95  97   8 168 187  50 184  27  13  28 137  67 192  75 162 176  19 169 193  64   3 194  56   2 129  84  48 111 197 167  61 124  89  57 195 171   6
   24  96  86  42  73 113  46 189  71 102 183  29  47 101 119   9  62  44 188  98  60  99  58  30 181  25  23 186 104 179 192 120 115   4 190 191 125  40  18 117  14   3  77 185 116 193  34  41  17  19  83 103   6 121 131   5  43 196 130 187 180  20 126  70
   96  25  93   9  43  71 108  77  24 183  42 187 102 185  86 188  58 186  70  26  62  30  46  98  47   1 170  82  73 109 126 111 181 113 125  81  29  49 189  80 167  44 121   0  79 127 169 173  65 163 100 172  36 177  66 165 107  78 158  23 149  72  35  92
   96  77  70  25  24 183 185  93  71  26 186  30 102  43 187   9 108 188 189 113  16  82  98  47   1  40   3  42 181  29  86  62 165 100 170  23 177  73  35  58  46  81 121 125   8 167   2 178 107   0  80 111  79 103 109 173 101  99  94 112 184  48  87  53
   96  77  25  24 183  70  71 185 102  30  93 186  26 187   9  43 188 113 189 108  42  86  98  47  29  73  40 181   1 100   3  46  16  62  82  23  58 121 125 170 165 177 103 178   8 107   0 184  99 109  35  81 112 111  44 101 190 167   2 120  80 115  36  48
   96  77  24 183 185  70  25 113  71  30 189 188  26  29 102  42 187  40 186  93   9  47 108  73 181 100  86  43   3  16 101  58  23 103 184   1   8 110  98  46 121  82 107  62  99 178  31  87 112  74  48 104 177 190 170 180 125 115 165  32 120   4  36 191
   96  26  77  70 185  16  24   3  82  40  53  30 165  93  25 110 113 187 170 188  71  43  91 108  48  81 186   8 176   9   2 177 183  29  79 175 173  80  31  94  74 102  47 168  87 189 174  10 163  92  65 172  37 181  68 100 103  66  58 154 149 164 171 167
   96  77  26  70  71  40 189   3 113  43  24  53  16  29  93 183 108  25 165 121 187 102 110 185 144 182   2  55 112 186  30  82  23  99  86  87  42   8  46  47 167 178 181  48 115 177   1  31 169 141  91 103  98  72 170 168 142 188 184 125 109  18 180  74
   76  60  86 166  73 183  44 102 179  46 128  43  41  20  34  90 182  71  22   7  42  62  98 117  47 116 119 192  83 181 184 104   6   4  23 191 197  21 189  13 186   1 196  97  14 129  19 195  30 121 193  18 109   5 123  75 132  33  49  28 126 118  84 187
   76 166  90   1 129 128  60  20  62  43  44  97 182 102  49 143  22  41  86 117 109 179  13  34  73 132   7   6 192  95  98  75  46  47  52 184  19  78 197 196 119 123   4 126  71 195  59 130 183 116 106 118  15 193  83 124 191  85 104 180  33 181  18 145
   70  16  55  96  53  77  40  48 108 113  26 185 101   3  74 144  61  82 189  64  31  24 114  45   8 110  29 164  12 186 183 165 102 196  25 175  10 187  73 168  91  81 133 154  32  92 146   2  69 177   9  94  57 149 176 170 188  13 121 181 180 191  30  80
   37  27 146 137 105  54 110 144  10 133  85  69  53 140 101  61  89  34 164  45  74 107  32 130   3  88 131  87  58 135 114  12 138 142 159 154  57   8 160 143 118 106 141 194 155 161  91  48  33 197 180 152 153 145 165  31 115 134 151 139  55 163  41  19
   15 134  45  56  74 196  97 129  61 133  91 145 124   7 140 123 144 138 114  22  33  21 195 130  89 150 139 106 121 179 180 131 136 118  11  36  88 116  57  13 155 137 117  27 146  87 148 193  60 110  83 182 184  17  38   5 105  19 104  95 128 135   4 142
   15 129 128  76 166  13  75  97 105 106  22  33  27  20 118  59   7 179  88 192  19 145 114 193 194  38  84 137  90   6  61  31  21 127 134  39 117  52 130   5 131 195  14  11  48  83 122 155 123   4  51 180 197 124  87  62   0  63 132  85  18  10 184 104
   28  11  33  44 128 101  12 124  84  85  54 118 119  38 115  76  62 145   6 126   0  20  15  59 190  19  60 179 131 134  14 130 192 125 105 132 191 129 114  46 117  56  13  88   8 166  89   5 197   4 194  17 195 123  18 120 107 138   7 133  99  55  83  21
   70  30 185 183  71  47  43  73 102 112 181   3  26 180 186  98  31 189 187 184  23  87  48 196  13 121 113  42  29 197   1   4  77  45 114   5 182  86  60 101  96 165 191  74  82  25 179  34  61 190  24  40 192  18   7 193 104  17  75 188  19 195  99   8
   96  93   0   9 127 107  24  25  62 183 125  43 188 126 108  71 109 141 186  58 187 111 143  35  46 132 102  39  42 163 149  77 170  86   2  78  72 167 177 169  68 185 165  79  65  47 158 147 172 173  81 171  80  66  49 161 153  82 157 135  26  98 175   1
   96 183  71  24  43 102  25  70 185 186  77  93  30 187   9  86  42 189   1  47  62 188  98  46 181 113  26  73 108 121  58  29 125  23   0  35 100 109 126  44  40 101 107   3 182 120  82 111 103  99 167 177 170 184 178 165 112 190 132 119 104  60  36  87
   96 183  71  70 102  25 185  24  77  30  43 186  86  93 189 187  47  42  98 188  26   9  73 113   1  62  46 108  29 181 121  23 184  58 100  40   3  82 177 182  44  16 165 107 170 109 125 167 112 103 178  99   0  48  35 111 101 120  60 104  31  81 126  49
   96 183  43  71  70  24 102 185 186  25  30  77  93 189   1 187   9  47  86  98  62  26  42 188 181  46 113  73 121  23 108  35  29  58  40   3 107 177  82 109 100   0 165 170 184 125 167  87 182 103 111 126  44 112  99  36  16 101  49  81 120 178  31  48
  183 185  71 186  43 102  70  86  42 187   9  25  96   1  30  47  93  73 188 121 181  24 109  90  62 167 189  49 182 177  98 170  46 126  41  76 108  92  78 166  26  23  36 165 184  60  34  82  81 111  94 125 104  87  29  58  77  79  64 107 119 120  80 171
   88  27  15 105  33 114  74  45  89  37  61  54  11 194 137 118  56 180 195 196  12 129  19  91  97 191 193  32   6   8  84   7   5  85  57 110  17 197  13   3 155 179  18   4  99 130  69  21  55  20 123  75 133 128  10 131  53  22  38 192 138  14 144 122
   15  37  88  27  74 105  69 110  61 114  55  91  10 194  12  45  51  53  31  32  13 137  33 155  48  87  54 193 118 122  63  97  84 133   5  40   8 180 164  19 101  11 144 138  99 159   3 129 115 176 131   6  16 196 190  85  68 103 106  67  75 168 191  20
  138 137 133 134 144 135 146 142 139 147 155 136  39  11  88 148 150  54 140 151 141 161  57  56 160 145 162  68 106 156 132 164 124 149 157  51  67 159  53 154 123 153  12  33  52 143  28 158 152 163 127   2  55  15 130 128  10 174 114 168  65  66 118 105
   88 137  89  27  76  57 155 166 105  11  33  34  54 129 143  84  52  10 114  12  37  56  15  19  20 147 160 134  28 139 138   6  87 135 136 169 118  51 195  62 159  75 151  78 146  55  35  68  53  59 128 130 106 153 180 197 124 191  58 192   3 162  85 156
   86 128  46  60 123  22 179   7 190 189  83 182  76 117  14  20 191 104  73  21  62  23 116  99  84   4  44  18   6 192  41  19   5 188  24 118  13  38 195 119 193  47  42 183 181 184  75 196 125  17  71 120 197 129 103  98 132  45 124 126  28 194  33  58
   96  26  77  16  70  74 113 185  40  30   3 112  25 188  24 184  29   2  61  82   8 187  37  48  13  42  91 103 178 101 165  45 194 110 177  31  71  73 176  47 170  53  55 100 108 189 183 104  81  32 180  23  93 175   5 164  43 168 102  27   1  85 181  63
   15  88 137  27  37 127  51 155  10 105  54 107  91  69 159  67 114  68 151  39  87  61  74 138 135 160  52  72 147  11  38  50 194  57  56 141 143 164 176 128 129 161 154  33 156  55   2 168 110  12 153 118 162 133  63 134  48 169 158 122 171  66 165  84
  144 125 146 142  96 132 127   0 115 133 141 135  24 138 147  28 143 108 145 137 107 134 100   8 122  12 126  99  68 113 124  72 131 123 130  39 139  77  58  44 120  46 169 136  11  84  40   3 103  25 178 106 190  29 189 109 105 101 149 119 148 118   2  16
   13 184  95  74 178  15  97  40  16 188 185 189 112  38  83  61  70   1  59 187 179 180 104  91  23  22  21  14   8  45 194   5 181 196  32  60 129 111   7  88 192 195 116  42 166  55  64 177   4 122  18  39 103  11 117 182 100  26 114 124 186  19  48 190
   86  25  43  46   1  98  71  96  62  24 126 183 102  30  35  44  93 188 178 132  99   0 125  42  23  58 108 120  47  77 189  60 127 187 182 181 100  73 107  28 186   9  76 190 115 113  29  83  14 104  39 117 145 119  38 103 128  59  22 141 179 121 123  75
  183 102  86  71  98  73  96  70  25 186  30 189  46  62  43  24  47  42 185 181  23  77 188  60  44  29 187 113 108 121   9  36   3 184 190 179  99 182  40 119 100  83   4 191 112 116 197 120  14  93 192  18 125   1 104   8 166  19  58 180 115   5   7  35
  183 102  96  71   9  86 186  42 185  46  25 109 187  47  24  73  43 189 184  70  62 182 181  41 125  20 121  60  44 188  30 108 126 107   1  98  23  34 119  93 167  76   0 117 113  29  78  87  58 132 177 191  90 104  49 192 120 116  99   4 179  48 197  26
    1 102  76  43  96  86  58  42  62  98  71 109  46  25 186 185  44 187 184 143  93 183  70  95   9 111 107  24  49  78 181 189  47  73 166 125  20  60  41  23 188 100 119 126  80 170 127  72  77  28  90   0 128  92  50 116 192 177  99  81 173  79 167  34
   43  30 166  87 106 165  95  70  71  15  35  26  27   3  98 186  47 167   1 114 183  91  94 177 178  75 129 112 185  82 102  31  61 171 170 180 140 184  48  16 121 147 150  10  62 127  23 181  49  36 103 187 188  63 141 136  40 163  81  80  76  79 168  50
  138 137 147 143  88  51  54 155 135 161 127  56 133  11 151  68  57 162 134 160 136 141  52  67 142 150 169 163  39 154 153 128 156 126 157 139 159 148 152 158  28  53   0 164 149  33 146 123  66 110  37  84  10  65  50 172 106 174  64  72  38 173 140 175
   76  15  62  13 128 197   7  20 129  27  75 180 105  87 192  19 179 166  33  58  84   6 112  61 118 195   4   5 194  22  21 104  38  56  97 191 107  54 101 193 117  32  99  18  45  23 114 111  31  60  17  85 190  83  41 126 184  59 143 116  98  90 124 123
   15  88 105  27  13  37 129  61  74 194 114  33  97  45 137 118  57 180  91  10  19   5  32  20 196  85 193 195  11   6  69 112 155  55 128 122  89  59 179 191  76   7 184  75  31  51   4 130  12 131  21  18  14  95 197  87  84  17  22 166 192  52  56 143
   11  54  74  22 105  39  88  14  56  15 114 137  45  38  33 195  85   8  21  27 123 179 166 118   7  89  83  61  97 178  60 119 124 138 101 155 128 191 122 104  91   5 197 194  13  28 131  32 193  17 130  57 116 129   6 100 190 134  59 180 196  19   4  23
   15 144  91 133  74  53 138  45 145  55  31  33  69 105 130 110 196 114  89   3 106 155  48 139 137  61  27 195 124 140 168 134  26 146   2 136  10 101  40  56 135 122 129 162   7  88 131  12 182  19  51  87 112 150  63 123 179  18  29 142 108  54 180 190
   76 143 166  90  57  52  78 137  37  49  92 139 159 155 128 151 160 161  50 136 111 157  63 153 138  56  85  88 140  55  69 147 154 171  94 152  12 164  54 109  15 158  51  33 156 135  20 133  34  64  66  41 172  97  95 163  65 134 106 174 148  11 149  28
   76 129  15 128  97  33  20  90  60  75 143  22 182 196   7 166 105 118  13  59 123 117 106 195  19 179 145 184 124 197  21 193 130   6 137  45 134  95  56 180 116 114  27  89   4 194 192  84   5 131  41 132  17 136  83 191  18  34  44 104  88  61  52  11
   11  76 128 134 129  33 124 137 138 123  15 166  56 118  60 145 136  28 139  84  22  89  88  38  54  52   7 130  21 195 147  83 132  14 117 133 179  59 155 106 114 131  57 105 135  19  97 119 122 142  44 116  20 120 146   6 193   0  45  17 143  90 196 182
    0  15 139 138  56 128  33  11  54  55 133  97 145 134 137 182 135 136  22  84  52 124  76 144  38  90 155  59  21  39 130 106 123 151 118 117  12 132  41 101 195 143   7 162  51 131  83  74  69  28  14 193  60 160 150 129 196 111  63  57 147 122 146  88
   93 141 136   2 142 148 139 138 149 126 157  39 150 161 162 166 151 147  64 153 158 108 134  65 156 106 133 163 172 135 171 160  72 152 155 154 159  66  79  50  67  52  82 174  68  80 164 173  81 177 169  56   0 140 170  57  78 175 124  55 132 176 111 168
   86  73 120  29  60 132 144  22 121 124 117  46 123 116   7   0 182 126  23 131 119 195 104  25  21  44  76  30 125  83  47  58  17 128 130  36 115 139  42 183 146  56 179 134 101 190   4  45  89 145  43  14  84  33 100 188 191  62 197 138  99  34  18  41
   26  69  16  55  96 113 108  74  53  48   3  37  31  70 110 101  82 144  12  30  40 185   2  91 168  77  73  81  29 164 196 176 165  24  92  10  32 175 187  64  45  42  61 170 174 189 154 140 133 159 194  49  63 177 149  79  80   9 122  65  27  71 146 112
   68 141  25 148  82 149 108 163 161 169  77 150 156  93 147  65 158 172  96 157  81 173  36  66  79 154 138 162 153 152 174  80 142 135   2 160 151  72 171  53  26 136 159 170  67 164  16 133  64  43 144 175 168 139  50 167  94  35   0  78  28  51 143  12
   86  83  22  73  46  21  76  42 128  60 104  23 188   7  14  38 116 100  62 119 123 179 181 189 190 182 117 184 120 195  98  28 126  71  44  84   4 191 178 102 125  99  24  18  25 121 183  29  41 118   5 113  20  47  75 192 193 197  17   9  19 124  33  56
   26  53   3  70  77  16  91  96  82 165 168 110 187  25  40 108 186   8  81   2  68 185  43 175  30 144 170 167  93 173  10  94 169 176  79 149  71 156 174  55  74  65  80 163  64 150 183 172 164  87 177 171 158  66  67 141 114 162 188 178  48 113  29  31
  166  60 182 179  43  76  86 181 102  73  44 183  59  56 121   7 114  34  97  71  90  22 196 195  14  23  47  98  30 191 117 186  46 197 112 123   4  20  83   1  33 192  95  19 130  38  41   6  99 116  70  18  11 129 187  64   5 128 104  75  89 180 167 189
   88 155 137 150 140  53 160  15 138 136  10 156 162  55  91 134 106 168 159  95  67  51 147  16 148 151 176 133 139 135 174 149 175  50 153 164 141  87 163 152  26  65  37  66   2 172 166 158 171  80 173 165 154  57 157 142 169  81  79  82  64  68 177  27
   76 166 129  43   1 128  90  97  60 184  73  52  75  21   7  59  44  95  15  86  20 104 116  22  33 145  47  41  63 136 195  49  13 112 196 193  46 121 106 132 143 109  83 197   6 117 182   4  98 118 134 119  38  78  85 139 130 111  50 179 131 140  19  71
   15  37  27  10  91  88  63 155  69  87 110  48  92  53  61  51 159 114 137 160 176 168  90  31 165  74 140 164  97 105  67 151  95  94  49 106  57  50  55  45 154 175 156  13 180 174 129 196 171 152  52 194  78 170 173 153 167  66 162  79  64 150 158 136
   88  15 137  54 155  11  51  33  27  37 138  56  57 105 143  52 147  76 133 129 128 151  10 159 160  91 134 127 135 162 136 161  68 118 106  84  67 169 154  89 156 166  97  38 142 114 153  28  12  50  90  85 139  75 145  72 141 152 123  39 158  22  32 194
   15  88 137 138  27  37  51 133 155  54 110 105 134 135 136  33  91  11 144 146 160 159  74 142 151 145 139  10 129  53 114  61 156 154  56 164  52  55 118 106  12  39  68 140  67 143  57 162  69 150 147 161  45 194  89 153 128  63 148  97  84  32 152 127
   88 137 138 133  15  54 144  37 134 155  11 135  74 142 146  27  51 139 105 136  39  33 151 160  56  91 159 110 114 145  55  53  57 164  12 154 122  68 118 140 106 161 156  45  10  61 150 128 147  67 124 162  52 129 148  89 131   2 194  85 130 141 153  84
  133 137  88 138  54 146  37 155 135 134 139 142  11 144 136 151 105  51 140 160  57 161 159 164  12  27  39  33 154  68  15 147 143 156  53 145 148  10 106  52 141 150 153 162  85 114  56  55  67 152 157 118  74 124 128  89 149  92 158 163 110  28 129  45
   88  51  37 155 137  15 138  27 159 160 136 133 151 142 154 135  10  68  57  67 139 156  52 134  91  53  11 162 153 161 169 147  54 150 110  55 143 164 152 158 141  50 163 157 105  64  66 168 176 174 149 148 173 172 140  65  56 146 144   2  33 171  12 175
  138 143 137 136 147 135 134 139 133 142  52 146 155 151 127 140  88 160  54  51  11 128  35 161 150 145 148 169  72  33  76 156 159 141 129 106 144 162 153 149  68  39 157 154 152 163  15  56  36  57 158  67  37  28  84   0  12 110 126  50  66  90 124 172
   37 110  55  51  63  90  48  32 164  69  74 176  54  53 159 154  67 155  92  94  27  91 184  49  88  57 175 196  10  15 174 170  80  31  85  45 165 177  64  52 173  66 168 172  22  79 152  13 194  16  81 157 156  61  65 160 158 151 111  97 162  50  68 161
   88  37  15 137  27  53  55 138 155 133  12  51  10 105  57  91 135 144  74  68 134  69 110 122 159 160  11 142 139 151 146 136 156 154  33  54 143  52  67 164 162 161  89 114 194  16 153 148  45 150   8 140  61 168 118 158  63 145 106 176 149 174 152 147
   37  88  15  27  55 133  91  12  57 137 194 155 146 139 143 105  53 114 144 145  33  89  10 159 136  74  92 138   3 129  45  59 135 180  76 193  85  51  13 160 140  61   8 134 151 142  63 154 196 106 156  20  69 110 118  31  19  48  54 164  52  16  68 131
   37  15  27  48  69  10  88  31  91 105 114 194  55 129  52  74 145  63 155 137 110 146 143 136  51  13  76  92  97  45  12 193  85 133  33  61 159 196 128 165  90  75 180  49 106  20 151 144  57  32 139 192 131 118  19 160 164 122 140  53 135  34 154  18
   27  48  74 114  31  61  37  15  45 144  16  40   3 122 105   8  55 145 106 146 194 133 113 131 110 103 130 193 115  91   2  77  13 165  88  69  10 137  26  39  99 101  29 118 180  96  53 190  85  18 178   5  17  19 129 164 142  32 112 135  30 196  82 138
   77  40  16  26 110  70  74 144   3  53  91   8  96 185  30  82  25 113   2 178 122  61  27  31 165  29  48 141 103 133  45 105 188  39  24 100 114 150 115  88  55 112  13 140 186 177 106 168 187  10  71  68 142 146 164 170 101  93 108 135 175 148 176 120
   11  54 138 133  88 134 146 144 137  33  89  56  12  28  21 128  37  84 142 118  57 124 105 135  85 139  55  22 155  52 123 119  45 122  74 136 195  39 145 110  68 194 161 130 148  51 164 151 160  15 193 131  58 154  14  32   8  38   7 115 162  17  83 191
  137 136 138 133  88 135 139  51 155  52 160 142  53 150 148 134 140  37 151  10 159 147 146 161 156 143 154 162  91  27 153 164 152 110 144   2 106 149 168 141  67  50 169 158  68 157  57  11  63  66 171 163 145  65 173  95  16  39 172 174  69  80 176 129
  142 136 134 138 133 139 144 137 135 146 148 155  52  11  88 140  57 150 145 160  55 151 124  33 156 161 147 162   2 159 141 129  15 157 154 166 106  39  56 149 130  51  89  54 152 164  68 153  28  12  36  91 132 158  76  67  37  53  64 168 128 174  73  16
  142  15 134 138 136  76 133 139 137  11 145  52 135 146  88  33 129 128  57 124  89  54 106 140 148 155 166 144 122  37 118  56 130  21 160 151 150  12 147  51  91  97  39 114 131 196  60  27 161  45 195  28  73 159  85 156 105 119  55  84  63 193 194 162
  142 133 136 138 139 146 135 144 137 134 148 160 140 151   2  51 150  39  88  52 155 156 141  68 154 159 145  54 161 149  53 157 164 147 153 162 152  37  55 158  11  57 163  67 110 106  91  66 174  65 143 172 169 173  15  79  72  82 171 124  92  81  80  63
   82  26 142 141 148   2  53  16  77 150  93  68 149  81 133 154  79 173 156  65  80 170 174 136  91 140 172 162 163  66 158 157  67  36 168 171  96 152 169 167 151 135  25 165 138 175 159  64 144 160 153 176  92  35 110 164 177  51 161 185 139  70  95  94
   77  16  53   2 144  82 142 133  26  88  68  91 148  55 154 150 135 156  96 110 146 141 138   3   8  25  37 159  51 149 139 140 136 160  81 163 164  74  80 173  79 152 158 153  67 174 151  65 168 137  66 176 170 157  36 172 169 175 161 165  39 122 100 162
   96  77  26  16  25 144 110 142   2  82  53 148  36 133 150  29  30 146 135 141  93 140 113  40  81 100 163 149 154  68 156  70   8  35 170 173  24  79  80   3 185 121 174  65 136  39 139  73 157 138 158 164 152  91  66 159   9  98 172 160 153 168  55 175
   77  96  25  26  70  16  82   2 185  29  30 144  93 183 142   3  53 113 148 186  73 121  36   8  98 100  40  81   9 110 102 108 150  24 146 170  71 187 140  80  86 163 141  79 165 149  68 173  39  55 177 154  35 133 174 156  42 188 167 175  65 181 168  47
   96  77  25  16  73  26 113  70  30   2   8  40 185 100  98   9   3  82 108  29  24  53   1 178 187 181  55 188  36  93 102 184 189 142  74  23 122  71 186 112 190 121 144  42  81  44 183  80  38  83 170  86  68  91 165  89 176 116  79 115  59 111 173 154
   77  53  16  68  96  26   2 142  82 110 154 148 156  37 144 163  81 173 141  80 133  91  88  79 169 149 150  65  55 174 159 158  25  93  66 164  67  36 170 152 168 172 176 153   8 175 160 157  51 162 108 161 151  64 135 138 165   3 146  70  12  57  92 171
   77  96  16 144 142  53  25  26   2  82 110   3   8 148 133 146 100  29  36 141  70  68 150  40 154 113  30  91 135 108  55 156  39  81 163  88  74 140  93 138  80 149 122 136 173 164  79 170 178 174 152 185 168  65 175 158 153 159 165 134  73 121  35 139
   96  77  25  98  73  30 183 113 121 142 100   3  26  29  24 102 144  82  16   8  36  44  71  86 115  70 146   9  40 186  93 120  23 189   2 141 181 185 133 108  46 122  35 132 109 125 148 145  60 124  47 140 130 131 178 103 119 112   0 126  17  62  59  18
   96 183  25  26  30  73  93  43 121 185   9 102  70  82  36 140  77  86 186  71 109  29  47  81   1  98 148  92  42 170 177 167 187  35  24 142  79  49  80 157 149 150 126 174 181 163  65 173  64 120  34 172  16 100  78 146  66  63 152  60 132 136 175   2
   16 110  91  77  53  82  26 154  96   2  68 163 156 150 164  27  88   3  40 142   8 165 148  74 141 173  81  79 168  80 170  67 159 144  51 158 174 175 149  30  65  10  36 160 152 153 172 176  66  48 133 171  39 161  70  25 114 135 151 157  93 169 185 146
   39  96   0 142 127 141 133 135 138  25   2  77 146 144 150 145 178  16 147 136  72 137 100  68 148 132  35 134 149 139  58  24 110 163   8  26  93 115 120  51 156 125 103 188 151 140 154 113  82  88 161 158 169  40 160 143 153  67 122 107 173  65  29  14
   16  53  82   2  91  77  26  36 142  88 154 150  68 148  67 156 110 144  51 141  81  80 173  79 174 159 168 170 160 149  65 136 169 158 165  66 172  40 163 153  37  55 137 171 140 152 175 157 164  10 138 133  94 155 151 176 162  63  30  35  93 108  74  50
  142 136 138 133 148  88  68 135 139 150 161 137 146 154 144 156  53 160 140   2 141 151 159  51 134  37 157 152 163 153 149  52 155  82 169 147 110 162 158 164  39  57  67  11 173  66  80  65 174 172  79  16 168  36  81  77  64  55 176 143 171  91 175  54
  142 133 148 144 140  53  82 141 135 138  26 110 150 146  77  68   2 149 136 156 139 154 163  96 151  16 157 173 169 147  81  35  25 160  79  36  80 174  65  93 158 152  66 162 168 153 172  67 134 161 170 164  91 159  39 167 175  51 121  92 171 176   9 165
   96  77  25   2  16 100  82  93 142  73  26  68  53  58  55 113  29 148 108  98  37 141 144  36 154 163   3  81   9  80   8 146 109 156 170 157  24 139  79  70 173 153 158  30 159 149  65 150 185 133  72 152 126  66 164   0  44 161 111 174 135 172  92  35
   96  77  93   2  26  82  25  16  30 108  70  35 141 110  36 170 165 185 100 169  81  68 183  53 142  43  79  24 173 149  80 163 148  98 144 154 113 150 186   3  40  72  65  29  71 158 156 172  66 152   1 174 153 140 146 171  39 121 168 175 135 167   9 127
   96  77  25  26  93  70 185 183 186   9  30  71  82  16  43  24 187 108 102 170 121   2  81  35 141 165 188   1  80  40  29 113  79 167 177 189 173  98 149 163  53  36 169   3  47 100 148 181  65 172 175 174 150 110  68 109  66 168 171  86  73 158 176 125
   96  77  25  70  73  26  30 185 183  16  98  24 102 113   9 186  71  82  29  93 121 100   3 108 189  36 181  40 187  86  43   8  23   2  47   1 188  44  46  35  42  81 170 120 109  53  80 142 125  62 148 177 165  79 141 144 190 112 167 184 173 115 116  68
   96  77  25  26  93  70  24 185 183   9  30 108  71  16  82 113 186 187  29 102   2 188   3 100  40 189 121   8 141  98  73  43 125  53  47 181  42 170 165   0  86  81  68  23  35 144 110 177  58  80 109 178 103 115 173 167  79  46 149 169 148 120 126 163
   96  25  77 183  70  24  71  30  26 185 102 186   9 187  43 113  93 189  73 188  29 108  86  98  47  42 121  82   3 181  40  16  46  23 100 125   8   0  44 178 103  62 177  58 170  81  35   2 165 190 120   1 112 109  99 115 167  36 182 101 184 126  80  60
   96  77  25  26  70  24 183 185  30  71 113  93  16 108 187   9 186 102 188  40  82  29 189   3  42  73  43   2  47  86  98 100 181   8 165 121 170 178 177  81  23  46 125 103  58  48  53 112  80 101   1  79 184   0 115  62  99 111 173 190 167 176  35 107
   96  77  25  26  24 183  70 185  30   9  71  93  73 113 102 108  16  42  82 187  29 188 186 189  86  43 121   2  40  47  98   3 100  81 170 181  46 177 125 109  80   8  23 165  79  44   1  36 103 173  53 149  65 176 178  58 175 174 172  64 107 184 111 112
   96  26  77  16  82  70  25 108  53  93   2 185   3  24   9  81 170 165 187 113  30  80  79 183 177 149 173 168  68  40 176  71  65  64 175 141 163  29 174 186 172  43 110 164  66 102 158 154 148  48 188 152 144 156   8 171  55 150 189 167  94 153 157  92
   96  77  26  70  25 185  16  93  30  24  82 183  71 186 187   9   3  43 113 102  40 108 189 188  98 165 170   2  29   8  81  53 181  47 100 177  73  80 121  79  42  35   1 173  23 167 110 176 112 175  36  65 178  48  68 163 103 174 168 172 141  94  86 111
   96  77  25  24 183  70  26  30  93  71 185 113 186 108 102   9  29 187  43 188  98 189  82   3  16  40 100  86  47  73  42 121 181   2   8  35  46  23   0 125  58 178  62  36 115 170  81 103 165 120   1  44  53 190 177  99 141  80  79 144 167 169 101  68
   96  77  25  24 183  70 185  71  30 102  26   9 186  93 187 188 113 189 108  42  43  86  29  73  40  47  98 181  16 100  46 121  82   3  23   1 125  62  58   8 178 103 184 170 177  44   2 165 190  81  99 109 112 120   0  35 101 115  36 107  80 111 167 126
   96  25  77  24  26 183  70  71 185  30   9 102 188 186 187  93 113 108  73  16  42 121  29  86 189  82  40  43 181 100  47  46   3  23 125   2  98   8 178  81 103 177 170 120   0  44 109  80  53   1 115 101 165 112  79 190 119 141 149 132 173 175 104  64
   96  77  26  25  70  16  24  30 185 113 183  71  82  73   3  40   9 108 102  29  93 186 187 189   2 188  98   8 121  43 100  42 181  47  86  53  81  23 170 165 177 178  46 144  80  44 103  55 112   1 125  79 115  48  36 184 173 149 120 190 176  68  35  65
   96  77  26  25  24 113  29   9   3  82 108  30  16  93  70  53  58 183   2 144 185  71  43 110 102  40 146  81 189  98  73  47 187  42  36  55 170   8 100 121 163 149 186 125  69 101 165 164  68 140 115  80  79  12 177 133   0  92 103 148 154 188  86 173
   96  77  26  93  70  16 185  82 108 165 170  25  81   2  24  53   9  80  79 173 176 187 183 186 177  71 175  64  65 168 172  68 174  66 163 149  49  94  72 102 171 169  30   1 167 154  48 158  43 109 164   3 113 152  78 141  92 107 153  40  50 111 156 157
   96  77  25  71  70  24 183  30 185  43 186  26 187 188  93 189 102  98   9 113 178  40  86 181 100  23   1  47  29   3  42  35  82 108  16  62 121  46   8  73 112   0 103  58 190  99  36 125 170   2 115 177 184 120 165  44 167 111  81 169  80  79 173 127
   96  26 183  25  77  30  71  24  73  70 102   9 108 185 113  82  29  16  93 189 186  86 187 121  43  42  47  40 188   3 181  98 177   2  48  81 165 170  46 182 109  23  36 167  44  80 184 144  55 149 125  31  79 103  64  60  53   1  94 112 173 148 100   8
  183  86  73 102  43  71  60  42  46 182  47 121  90  44   1 186 132 109 166   9  30  41  76  96  98 119 185  24 181 184  34 189  93 187 126  49  22 179  70 117 104  25 188 116 120  62  20 125 128  23 108  29 192  83   0 196   4  78 167 177   7  14 191 123
   44 102  60  25 183  34  28 109  12  46 126 119  96   9  73  89  20 166  85  76  41   3  86 132 181  62 191  57 121  24 124 189 117 179  43 101 186  19  23 192 143 125  98 116   6   0 120 130  18 113  59  78  71   4  17  47 197   8 108 115  84 185  58 195
   62 102 183  43  86 126  46  76 109   1  98  71   9  44  96  25 186  35  60  20  93 182  47 143   0  73  58  24 189 166 181  42 125  28 107  23 187  90  78  34 185  70  41 108 167 132 117 119 111 128 192 121 179  95 120 190  49 188  99 184 116 100  83 191
   96 183 102  71   9  73  24  86 185 186  70  25  42 189  46 187  47  98 181  43 108  62 182 109 113  30 121 188  60  23 125  44  93  29  77   1 126 184 119  41  34 190 179 192  20 191 116  99 111  58 117  90 104  26 120 101   4  18 107 100  92  48 196  83
   96  77  70   3  16  26 185 108  24 113  40  30  25  82 189   8 187  93  98  71 188 100  53   1  58  73 183 102  29  55 186 165 112   2 170 110  81  43  74  99 111  31  62  91  23  36 184  42  80 181 178  32  47 176 177   9  79 175  48 173 101  94 180  72
  183  96  71 102  43  86 186  24  25 185  70   9  47  30  42  93  46 189  98 187  73 181  62   1 188 121 182  44  77  23 125  29 109  60 113 108   0  26 184  35 126  58 167 120 119  41 132  99 192  34 100 116 177 190 179 117  36   4  20 111 104  49 101 103
   96 183  25 102  71  24   9  43  70 185  77 186  93  86 187  42  73   1 108  30  47  46 189  62  98 188  26 109 181 121  29 113  44 125 126  58  23   0  82 100 111 170 177 167 107 182 184  60  81  49 119  16  35  36  80   3  40 120 165  78  99  79 101 190
   96  77 183  25  70  24  71 185 102 186  93  30  43   9 187  26 189 188 113 108  86  42  98  47 181  73  29   1  62  46  40   3  82  23 100  58 121  16 125 170   0 177 165 109  44 103   8 178 184  35  99 107 111  81 112 167 190 101 126 120  80 182  36  79
   96 183  24  71  70 185 102  25  77 186  43   9  93  30 187  86 189  42 188  47  98 108   1  62 113  26  46 181  73  58 100  29  23 121 107 125  40 109  82   3 184 170   0 177  44 165 126 103  99  16 111  35 101 167 120 178 182 104 190   8  81 119  87 112
   96 183  70  71  24  77 185  25 102 186  43  30  93 187 189   9  26  86  47 188  42 113  98 181 108   1  29  73  46 121  62  23  40   3 125  58  82 100 184   0 182 177 103 170  16 109 165  35 101 112  44  99 167 178  36 107 190   8 126 120  81 111  31  48
   96 183  71  70 102  25 186 185  24  30 187  86  43   9  77 189 188  93  73  42  26  98  47 108 181  46 113 121  29 182  23   1  40 125  44  82 184   3  62  60 109 177 100 167  99  16 190 112 178 165 126 103 170 120  36  35  81 116   0 179 192   8  83  94
   96 183  71 102  70  24  30 185  43  25 186  73  86  77   9  47 189  26  93 187 121  98 113 181 188  42  29 108  46   1  23 182  40   3  44  82  62 125  60 184 109 177  99 103 165 167 112 120  16  48 190 170 100  58 116 178  31 101 104  36   0  94  35   4
  183 102  86  71  96  73  43 186  25  47  70  42  46 121  98  30  60 185 181 189 187 182  24   9  23 188  44   1  62  29 184 109 120 125 132 116 119 104  93 126 113  77 179  83 117   4  76  26 108 196 166  14 112 190 191  18 192  99  20  34 197  41 167   3
   73 184  13 179 180   7 195  60  45  83 196   4  19  22   5  23  76 191 112  86 181  99 193 197  18  20 116 114  97  17  89 192 190   1  14  74 189 117  59  47  30  70  33   6  21  15  61  98  87 129 194 104   3 182  29  32  75  27 105 178 118 166  42  31
   88 137 155  51  15 138  37 135 143 151 160  10  52  57 159  54 133 134 162 136 156  91  67  27 139  53  50 153 161 147  56 154  69  12 164  68  33 129 146 152  78 157 158  90 150  11 140 127 163  63 105 168 176 148  66 110  92 142  65 149 174 172  32  95
  128  15  76 129  33  56  38  22 145   7 166  54 123 118  75  11  21 137 134 143 147  84  97  52 124 138 179 106  90  28 127 195   6 105 136  41 132 197  27 155 104 117  20  83  19  60  88  39 126 130  14  59  51  13   0  62 114 135 131 193  89 182 139 194
  166  76  90 143 129 128 137  15  52  49 155  33 105 106  97 134 147 145  78  20  22 118  57  56 136   6  41 138  34 127  92  95 109 123  75 139  84 151  10  27  88  85  50  54  94 124  51   1  19  28 194   7  13 132  38 160 107 179 162  21 192  87  62 196
  129  27  75  15  76 143  62  20 137 145 147 128 166 105 106  59  19  38 127 118   6  88 134  13 136  33   7  52  97 132  51  58 138   0 141  35  95 192  84 114 197  87  99  32 123 124 180  28  61  11  18 195  31 194 117   4  43 131  10  54 130 184  72 155
   76  62  34 143  20  90 128 109  43 192  41  46 129  60 117 166 132 179 107   6  75 183 126  19 182  44  84 130  86  22 197  47   0   7   1 102  35   4  33  98 191  18 118 145  85 119  78  99  71 104  58 195 123  31 106  49  56 193   5  28 180 167 101  87
  128  62 129  76  22   7  75  84 197  21 117 118  58  46   1   6 123 195  20  19  83   0  97 179 145   4  41 180  86 191 104  99 130 192 182 132 193  18  33  34 126  60  56 116 119   5 131  17  43 143  15 194  13  90 196 124 184  47  44 120  23 114 101  38
   76 166 128  90  60  20 182  41  22  62   1  43 179 143 129   7  44  34 117  86 192  75  46 123   6 102  19   0   4 197 107 109  84  13 118 104  33  97  85 183 191 132  47 195 126  23 116 193   5  98  59  83 130 119  21  71  56  18 189 180  42 181 194 106
   76 166  43  90  62   1  20  49  47 183 182 109  98  75  34 192  71 102 128 129  41 143  78  87  46   6  60 184 167  13 186  31  19 179 107 197  35   7  86   4  48 180  22 117 181  44  92  95 191 193   5 165  42  97  18 111  99  63 194 196  58  85 195 112
   76   1  20  90 166  13  75 184 129 182  47  97  31 192  19  62 180   6  15  43  49 194  34  98 193  71  60   7 196   4   5  41 128 197 112 191  48  22 179 102 143 117  87 195  99 181  18  95  85  59  27  92  61  17 114  78 185  23 118 104  44 116  69 189
   76 129 143  20  75  33  15  19  62 128 105   6  22   7 118  84  27   1 123  59  99 179 117 192  95 166 195  38  13   4  83   5 180 196 197 191  32 193  97  88 127  60  52  18  41  21  17  28 194 137 184  87 116  90 182  56  89  44  57  36 181 134 147 190
   15  37  88  27  10 137 155 143  51 129  97 128  87  69  52 136 166 159 105 151  76  63 160 134  50  90 106  61  95 138  49 194  13  57  55 135  78  91 176  92 164  33 153 147 161 156 118 139 114  56  67 111 162 110  48 152  32 145 154 140  11 163 184 150
   15  27  37 105  88  97 194  61 129  13  32  69  10  20  75  33 180 196 114 193  31   6  45  87  76  74 118  19  85  91   5  59 155 192  84   7  48 184 197  22  56 195 137 191 128 143 179  51   4 106  55  57  99  90  54  17 112  18  89  63  41  21 122  12
   15 137  88  27 129 155  33  51  56 138 105  54  11 128  91 134 118  76  10  57  52 143 147 106 114  84  38  97  37 127  61 145  75 135 133 151 160  22 194  32 162 159 136  67 166  28 123   6 139  59  89 122   7  21  39  85  20  13  12 161 124  90  19  68
  137  88  15 155 138  51 147  56  52  10  27 143 136 134 129  57 128 151  11 162 160  50 133 159 135  67  54  33 161 139 166  97 150  91 106  95 145  37  90 156  64 127 153 154  76  63 105 114 141 158  78 164 157 152  94 171  68 168 118  69  66  38 169 172
   88  15  11 155 137  54  56  33 138  51  52  37  27  57 134 159 160  69 151  39 133 161 136  84 162  38 135  55 147 129 128  12  32 164  67 154  22 156  68 143 139 153  28  97  10 118  50  91 169 105 106  74 114 166 146 152 127  61 158  21 124  53 150 123
   15  56  22  33 129 128 137 134  54  11 118 145 138  76  21  88 123 124  90  84  97  61 143 155   7 105 195 179 133   6 194  27  38 114  57  45 106  75  52  85  39  41 196 104 136  28 131 135  12 193 146 117  19 132 147  32  83 191  37  14 130  13 126  89
   15  88 137 129  27 155 105  33  51 114  11 106 138  10  97  91 134  56 147 118  52  57 143  20  84 128 145  59   6  75  38  54  37 122 162  19 166  32  22  61  67 136 159 160 151 127  28 194  13 133  95  50  31 193 192  94  87 169  72  12   7 135  76 179
  155 137  51 143 147  52 151 161 127 138 162  67 160 159  90 154 153  37  88  68  50  57 169  10 158 157 156 164  78 135 152 163  39  66  15 136 172 106 149  65  54 176 171 133 142 141 168  94  72  64 174 173 139 175  56 150  92 148  63 134  79  69  49  11
   15 129 128 114  13  20  97 118  76 105  33  88  19   7 194  27 193  84  38  31   6  45 179  61  75   5 122  59 192 145 124 197 130 195 131  22 184  32 180 196 191   4  11 123 117 106  83 166  56  18  21  17 190  60  14  48  87  85  28   0  89  12  99  62
  