  55 107  39 144 113  22 105 110 114 127  96 161  74  54  85  25  61 115  56  40  90 103  77 164  12  21 178  13 101  29 111  84  37 134 104 118  42  24 119 154 106 188  67 120 190  83  45 185  63 146  88 126  49 140  15 189   5  11  48 138  33   2 128 179
  102 108  28  44  76  60 166  86  57  73 101  33 112  11 195 100 109   8  89 123 119  85 113 142 197 124 120  46  14 128 115 107 192 189 121   1  77 179 191 126 117   6  41 190   4  32  72  62  18  23   5  83  42 111  58  21  19  22 196  34 105 118  54  17
   37  69  57 142  12  90  53 155 143 144 148 154  93  55 169 136 160 135 157 138 106 133 140 134 152 163 164 151   2 146 149 161  92 159 107 109 153  65  67 150 176 156  66  80 174 158 173  81 172 100 175  52 139 162 111  79 170  68   1 147  42  78 141  41
   51  63  50  49  64 159  67  94 171 176 174 168 158 164  81  79 172 173 163  66 110  10  65 154 152  78 153 160 170 175 157  37 169  80 156 149 155 161 151  53 162 165  92  82 167   0  39 177  52  55  90   2  68  88  69 108  48  93 137 107 150  87  95  54
    0  62 166  56  54  50  64  49  78  88 108  52  72  87  51  84  94  95  28  97 171 168  11  20 162 122  38  68  92 172  55  66  81 161  63 174 167  67  58 183 158 173  65  79 186 169 175 111 153 109 156  73 176  82 159  80 163 187  43 157  12 152 188  57
    0  56 108  62 166  54  28  84  11  52  88  20  72 122  64  50  97  55  38  78  51  49  73 190  87  44 183  94 179 162  58  63 168 186  68 197 123  46 171  33 161  83  95  12  98 193  99  22 192  76   6 169  67  92  66 172 167 195 187 196 188 124  32 113
    0 166  54  62 122  72  38 108  52  11  97  28  84  88  56  73  87  20 181 186  95  44 190 197  50 187 102  49 113  64 123 179  78 196 162 183  99 192  51   6  46  58 168  68 188  83 171 128  13  94 193  98 189  55  17 109 180  82 126 124  81 161  40  21
   62   0  56  84  54  38  28  20 197 190  98  44  11  46 166  76  73  33 179 122 195 124   6 126 192  99  60 123  97 191  83 113  89 188 181 128 193  58  17 196 194  88  12  19   7  21  13 180 189  18 187   4  52 120 182   5 108 102 117 186 118  75  72  41
   56   0  64  78  51  63  49  92  43  90  50 108  54  55  62  88 110  84  67  12  95 163 171 161 111 172  65  66  52 174  94  79 162 173 169  81  20 158  68 157  58 159  35 153  97  76 156 152  36 151  57 168 160 166 176 149 155  28 167  11 170 154 175 126
  110  49  97  69  39  37  51 137 107  88 164  32  10 159  74  27  54 176  50  67 154 136 163 149   2 127 160 155 135  87 174  36  48 158 171  79  64  63 175 170  81  80 172 151 152 173  61 153 150  66 168 156 169  15  78 143  65 157  91 128  68 165 138  31
   27 100   1 145   3  34  76  23  89  31 109 137 104  85  32 181  45  36 144   8 107  10 130 119  87 180 132  29 115   7  60 146 121  30 140  21 131  93 196  98  37  35 165  18  19 116 129 128  48   4  74  73 112  44 101   5  61 194  59 118  14  71  42 197
   25  77 102   9 186 187  29   8 189  96 121 115 178 125 190  40 181 120  38 123 185  98 103 127  14  46  59  72  30  86  24 114  89  99  47 182  95  44  71  42  23  26 141 124  17 183  28  75 119  83 144  55  60 116  84 195 130 113  12 106 179 117  62 132
  187  95 121 102 178 127 186 125 141 189  71  40 185  72 181  70 106   9 182 184  30 166 183  26 177 120  52  14  81 115  47 167 103 126 162 122  93 149 114 148 123  16   2  86 134 174  80   0  25 150 108 107  77  29 172  49 176 161 190 130  96 175 170 169
   56   0 166  62 108  54 122  28  88  84  87  11  50  52  20  72  64  51  35  97  76  32 168  58  63  83  38 197  78 179  95  43 162  94  49 190  44 171 188  73  33 169  98 111 182 128  68  67  99 193 167 110 137  13 195 172 192 118  46 156 153 158 161  91
   62  78  56  54 109  52  92   0  87  49  34  20  90 166  88  84 183  58  73  64  28  38  50   9  97  12  41  76 186  95   6 167 122 162  57  89 179 191 196 171  46 123  66  68  11  35 190  69 143  72 111 172  81  21 192  51  44 173  63 158 174 163 128 193
    0  54  11  56  38 166  62  28  58  84  88 137  51 110 112 113 108 114 122 197  33  13  99  92  72  55 124 123  83 179  76  52  32 118 196  61  57 107 161 190  21  27  87  45   7 159 193  23  34 192 139  50  46 195  73  19  77 128  12  22  64 168 183  68
  177  93  53 167 110 170  10 165  90 176  63 173  26  81   2  79  35  67 175  48 174  51  65 163  43  80 168 171 164 172  39 158  66 159 154  95  69  94 160 107  82 140 157  64 152 153  30  37 149  92 169 151 150  27  50  31  49 156 106 161  70 184  87 148
    0  62  56  54 108 166  88  84  38  28  52  11 122  20  50  64  72  97  49  51 190  55  95  58  99 113  87  78  98 197  35 179  68  46 111 162 192 171 187  12   6 168 169  33  94  63 188  83 196  81  92  67 193  43  13 180 161  70 172  76 195  73 191 112
    0  56  62 166  54 108  64  49  50  88  52  78  72  28  87  51  84  11  97 122  38  20 171  94  95 168  63 162  55  68 161 172  67  58 183  66  92  81 174 167 158 173  73  79  65 169 111 186 153  35 109 175 190 156 110 159 176 163 179 188  82  12  76 157
    0 166  62  54  56  72  50  49  78  51  64  88  52  87  94 108  95 171 122 168  38  84 162  63  81  97 172 167  58  66  67 174  68  28  11  43  92  20  55 158  79 161  65  35  82 173 183 186 153 156 175 169  80 159 176 163 111 188 157 110 190 170 152  70
  166  72   0 122  95  54  87 102 186 187 108  38  52 181 168  97 197  11  50 188  82  94 178  70  62  88 171  91  84 185  48  40  71  56 190 177  31 123  13  28 162 183  44 182 167  99  51  59  78 179 192  49 196  64  58  43 141 112 165 126  20  81 175 176
   62  28 181  73  38  44 102  46   9  84 186 190 189   0 166 124 123 126  20 179  60 187  98 120 121 195   6 113  17  89  56 192 182 122  41 191 197 196 125  54  86  83 183  11   8  25 117  97  12  14  19  52   4 116 193 188  18  58  99  33 119  21 194  24
   62  28  38  84  73  89   0  44  46 181  20  54  56 124 190 197  98 195 126   6  60  17  12  11 192  33 179 113 193 123  83 119 189   8 191  41  19  99 120 194 102  21  14   4  18 186 196  76 128 117  86   9 180 118  25 116   7 125 166  58   5  34 122  85
   56   0  54  62  28  84  50  52  55  88  64  51  78 166  63  11  12  49 111  90 169  68  38  67  94 108 162  20  35  92 171 161  33  36 163  95  43 172  66  65  57  76  72 158 174  97 156  58 153 155  79  81 173  22 168 159 190 188 157 152 160 126 154 167
   49  64 110  78  50  51  87  88  10  94 171 159 163  97 173 174  66  67 158 172  63 161  79 154  81  95 153 168 157  65  52   0 175 176  32 164 156  68 170 149  80 152 169 162  92 160 151 167  54  37 108 165  82  56 155  55 107  90  27  39 137  53  57 109
   56  90  63 111 138 133 107 126 163 146  92  55  64 155 134 152  22 110 160 136 151 161 157 169 143 154  76  57  69 164  49 101 108 150  68 128  67 127  51 147 135  61 159 123 124  78  36 176  50 153  79 174  32 172 148  33 156 158 171 132  54  88  65 105
  110  49  63  10 107  37  39 163 170  64 165  51 159 151 160  79 176  50  27  90 173 154 149 152 164 158 171  67 174  94  81  87 175 157 153  48  35 172  65  66  78   2 168 150 136  80 135 167 140 156 137 155 106  43  53  31 169  69  93 148  32 184  61  92
   28  83  35  89   0  76  27  32  56  58  98  20  44  11   8  25  23  72  33 108  59 195 180 122  84  99  38   7   5  77 166  34 100  36 181  19 190 179 118  62  22  18  95  60 192  13  57 112  52   4  54  21 101 193 194  46 197  85  87   6  88  70 105   3
  186 187 102   9 183 121 185  25  71  96 189  26 125  95  47  14 141 181  77 103 182 106 120  70  72 177 123  86  29 167   8  46  30 124 114 127  42 115 178 190  55  82 109 166 184  98  40 126 188  16  24  38  43 148  78 132 161  81  75 162  44  17  80  62
    0  49  64  56 166 108  50  62  78  52 111  94  63  72  95  90  97  54 162  55 171  20  88  68  28 168 172  51 167  66  81 161 126 174  76  79  65 173  67  84 158 169  58  87  92 176  70 186 175  11  73 188 163 157 184 183 153   9  80  22 152 122 170  43
   56  49   0  64  12  63 110  50  88  54  51  32 159  78  62  57  68  11  90  20 108 163  28  94  76  35  97  10  67 169  92  37 158 155  87 171 173 154  66 152  79  52  81 168  58 153 172  65  36 122 174 160  84 151  34  33  55 156 128  22 162 176 157 111
   63  87  49  94  50 110 168  64 108  10  82 171  78  81 159  48  51 167 173  79 165 174 176   0 172  66 137 158 170  80 152  65  31 175  67 153 157 166  53 154 183  92 164 163  54  32  73 177 109 156  36 160  56 161 169 162   2 149  34  35 151 122  52  70
   28  25  73  72  44 109 181 186  52 166 122  98 108   8  83  77  89  11  38 102  86  62  23 121 183  24  60 187  84  71 119  34  93  46 185   9 195  20  21 178   1 167 179 123 189 182 115 120 190  41  87 192 180  99 100 184 169  22  70  33  95 117  76  18
   62   0 186 187  38   9  84 190 102 189  46  28  52 126 181  72 166 113  25  55 121 123 182  56  20  54 120  98 185  44 183  12  95   8  75 125 195  99 179  96   6  41  17 192  58 127 193 178  14  24 188  11 191  88  47  78 122 162  71  86 124  83 114  97
  128 181 122  97  73  54  38  21 197  28  11  60 126  44  89 194 180 196 166 189 124   6 119   8  14  84  20  85 118  17  15 108 102  34 179  62 113 116  83   7 121  76 123 120 190  18 192  46  98   4  32 117  19 178 112  33  22 191  72 125  74  41   0  52
    3 100 104 145  54  38 144 127 107 143  45  62 114  75 111  33  12  59 129 115  61 105 146  85   8 113 132 128 194 197  37 118 131 103 112  42   5 137  23   7 135  89  18  19  14  84  57 130  13 134 101   4  76  91  27 147 119 138  17 124 190 180 123 116
   59 127  38 125   0 144  75 126 189  15  28  14  12 134  91 115  72  40 145  33  17 190   8 124 113  44 120 178  11 130   9 138  84  99 123 131   4 116  55  60 129 119 117 122  46  83 118 133  74 181   6 195  54 100  18  19 191  96  36  21  85 194  29 146
  121  14 181   8 130 115 189  42 125 119  29  24 104  23  60  45 116  18   4 194 105 117 120   1  17 102  71  44  74   6  19 131   5 180 132 196 192  83  85  86 195 182 184 145 179   7 123  34  89 191  47  41 178  21  96  46  13  22  27 103  30 124 100 129
  187 186  43   9 121 183 123 114  84 182 106  12  75  25 102 120 103  62 189  26  69 190  42  47  55  30  86  78  46 125 126  14 185 134 141  96  70  92  56  38 148  71 179 162 115  99 127  41  29  95  81 161 188 195  88  17  53 124 149  52 132  24   8 174
   14   8  98  29 181  83 195  89  46 125 121 190 116  19 124   4  17 120 189  23  59 119  25 182 117  18 194  44  60  99 179  75   5 191 192 115 145 126   7   6 130  42 180  22  86  47 178   9 131 193  15 113  21  62  45  20  24 129 104  84  33 197  58  38
  110  49  63  64  51  87  50  78  56  94  10  67 168 171 167  55 163 173  88  81  79 174 176   0 172  66 159 175  90 170 158  62 164  65 154  48 153 161  92 152 157  53  12 160  82  80 108 156  31 151 183 149 162  32 169  69 165  61  68 111  97  43 107 188
  181   0 122  97  38  54  72  62  28 166  44 102  11  73 126  52 189  20 192   6   8  84 128  46  95 196  16 113  17 197  21 190  88  58 194  89  24 109 121  59 123  85   9 124 179  60 180  49  41 108  83  14   4  99  18 120 191 186 195 187  87 127 118 125
  128  32  54 108  11  56  97  28  62  88  73  21  20 118 122  84  76  33 137  34   0  49 179 110   6  57  22  68  64 126  89 111 119  90  83  38 192 194 166 117  52  85 123 191 197  60  44 193  61 124   7  46  50 196  15 116  92 161 120 180  86  45   5 109
   54  91 155  51 159 160 111  36 137   0  88  35  63  50  43  37 163 151 156 136 152 153  49  59  56 164 154 158 138  27 135  67 144  12 165  32 176 171 149 127  10 150 162  79 175  75 128 147  65 174 172  66 170  81  64   2  62 168  78 169 157  94  68 173
  166   0  95  49  50  78  52  64  72  62  51  88 171 162 161  67 172  81  94  55 174  66  92 168 167  87 153 175 111 158  65  68 169 173 176  80 177  79  56  38  35 170 156  82 186 163 183 159 154 157  43 164 152 155  63 108 149  54  90 160  69  28  53  57
    0  62 166 108  56  20  28  87  54  58  97 122  84  11  76  64  38  98  49  73  88  72  50  83 112  52  44  32 109  63 197 180 179  78  35  95 190  46  70 193 102 183  94 195  51 167 192  22  25 113 128 191 181   6  99  55   7 111 118 168  33  89  13 186
    0  54 166  72  88  56  49  52  64 162  62  50  78 108  28  38  68  55  11 161 111  95 171 172  66  51 174  81  67  84 158 168 122  94  65  92 169  73 156 173 175 153  79 157 149 186  80  63 176 155  12 183 152  57 109 163 126 187 164  97 159 124 154 151
    0  54 108  49  56 166  88  64  50  32 111  63  94 137  11  97 159 128 168  68  62  78 110  51 171 155  57  76 152  92 154  28 176 153 158 122 172 162  66 164  79 175  10  73 163 161  67 174 173 160  20  87 169 151  65 156  52  37  31 157  90  48  84  81
  137  32 108 110  63  73  37 139  11  54  27 122 159 128  34  10 135  97   2 100 154  49 155  48 133  87 136  39  21 138 160 142  31 146 152  50  36 164 101  53  56 169 153   1 109  28  64 144 151 107  67 157 158 140 119  57 163 156  74 168 173  45  51  33
  144 145 146 104   1 130 132  14 133  27 131  16 142 135  74 140 119 136 105  32 100   3  85 137  37 138 106 139 134  73  45 147 128  24  96  31  39 115 141  15 143 107 118 129  48  30  26  42 194  18 101 125  10 127 103 122  60  13 117  21 120 116  17   4
  144 145 146 104 140 133  14  42 131 132 106  30 100 130 136   3  96  29 134 121 138 142 141   1  26 135 125 119 147 115 107  37 148 105 103  45  74 139  27 127  69 116 129 101  59 114  71  16  47 165  86 143  93  23 150  85 120 137   2  60  61  39  24   5
  144 104 145  96 115  42  30  59 131  14 106  29 130 132   8 101 114 146  23 121 129 125 119 134 107  77 103 178 133 105  47 140  25 142  27  45   3  74  36 100 181 127 116 189 117  75 120   4  19  89  17  60  18 195  39   1 138   5 141  83 147  71   7  86
   14 144 145 115 146 132 130 131 103 127 125 114 121 104 119 134 189  74  96  29 120   8 105 178  42  30 124 123  45 133 129 101  59 107 116 194  17  40 141 135 113 136 138 181  18 117 102   4  69 190  24 106 126  47  15 179  60  23 118 128 140 147 182  46
  107 144 165  37  27 110  30 106 104  93 140 141  39  48 177  96  26 127 133  42  91 170 184 105  74  10 114 103  31 121 136   2  61 146  47  71  29 176 100   1  36  49 129 149 154  94 160  69 185 164  80   3  79 145  53 173 150  81  63 142  75  90 178  70
  189 115  14  84   8  12 125  46  99 190  59 113  38  28  44 123 120  17 124  98  29 181 121 117 127 187  60  18 130 195  73  11 122   4 102 178  21  55 179  83  33   6 119   5  89 144 182 116 126  40  23  74  19 194 192 129  25 197  30 196 191  96 193  75
  140 106  26  96 141   9 146 133 144 186 127 142 121  30 148 136  53 139 149 132 187  29 125  69  71 183 147 130 135  47  82 177 134 103  16 102  14 115 150 145 138  42 114  12  41  93 131  48 182  55 162  25 123  24   1 120 157  81  78 129 151 167 170 164
   38 125  59   0  14  44  28  46   8 120  62 124 190 195 102 113 115 189 126  17 181 123  60 119 197  54  89 144  33  84  18  11  83 131 130   4 121  19  23 145 116  75  73 127  99 192  98 178 118  72  96   5   3  15 122 193   6 117 191  86   7 103  77  29
  106 141 140 121  96 148  93 177 147 144 146 127 165 150  69  39  26  71 142 186   9 132 143  42  14  77 149 170  95  30  82 157 185 102  80  43 125  25 164 138  53 136 167 181 135 145   1 175 174 151 133 134  81  65  90 154 160 187 156 161 152  79 153  47
  122 133 123   1  34  78  88  97  20 166  49 124 110  44  84 196 132  94 186  13  61 121  31  56  12 126   6 192 188  24  53 197  32 181  95 194  60  41 189   0  57   9 105  68  69  17 116  59   5 171  70   3 117 118 187  82  48  18 127  28 130  19 179  50
    0  43  56  51  55  62  12  88  84  50  54  75  99  72  52  64  95  59  35  78  67  49  58  36 114 171  81 190 129  38  20 162  91  94 169 187  82 188 166 156 172 174 168 186  97  13  65 176  66 158 192 193  53 127 161 173 163  79 167 153 113 178  63   2
   62 166   0  56  38  28  54  95  84  97  20 111 112  11  88 179  87  52 190 108  72 128  35  49  76  46 126  50  64 188  83 192 122 102 183  78 197 193 182  32  92   6  33  99 191  22  58  44 123 118  68 124 178  43  51 161 187  19  15 195 180 171  94  98
    0  62  76 108 166  56  54  28  58  20 197  44  83  11  84  98 122 195  72   7  38  33 180  32 112  35  89  19  99  97 181  87 190 193  23 179  46 192  13  21  73 118  60   5 191  25  59  18 113  70  43  22   6   4  31  52 128  34  63  17  88 102 101  50
   81  78  53  82 168 171 174  50  80 172  65 162 167 149  66  79 156 170 175 173  51  94 158 176 163  67 177 150 152 141  43  64  26  55 148 153 164 157  95 186  72 161   0 160 165 159   9  87 154 147 151 155 166 140 106 169  88  92  63  68  10  52  49  93
  104 145  14 146  42 131 101  45 132 130 133 105 119  74 125 124 123 115 144  60  22 117 197  69 121 100 194 120 136  41 196  61   1   3  18 126 134   7 116   5  34  21  17 138  85   4   6 129 128  33 118 114  30  86  73 191  19 103 179 188 192 107  32 195
  144 145 104   3 106 140 146  14  30  96  42 100 132 131 141   1 133  27 130 142  26 121  23  71  29 147 105  16 115 119  59 103 138 125 137 165 134  93 148 139  37  74 135  86 116  91 136 177   8  60  77 150  47  45 102  31  85  24 101  25 143 107 120 189
  144 145 104 146  14 140 133  96 106  42 131 100  30  27 132 107   3  74 130 136 127  29  37  59 138 115 105 141 134  39 147 135 103   1  45 142 119 125  91  26 121 129  16  69 148  93 114 143 116 101  85   8 178  23  24   2  77  47  61  75 165 150 139  40
  144 145 104 146  14 140 133  42 131 132  96 100 106  30 107 130  29   3  27 115 136  74 141 127 134 138 105   1 147  37 121 103 135  59  45 119  39 125 142 143 114  26 129 148 116   8  23  93  16  85 178 101  69  47  77  24 139  71  61 150 165 189   2  91
  144 104  96  42  30 145  14  29 106 146 130 115   3 131 140  74 100 103  59 107 121  26 132  27   8  47 114 133 125  71 127  23  45  93 105  77 178 141  75   1 129 116 189  24 101 119  39  40  37  85 134  25  18 142   4 181   5 136  17 147 148   9  16  61
  144  96  14  30 145 146  42 106 104  29 121 140 107 141 130  77 132 131 133 115 127   8 147 114 103   1 134 101 178  59 148  93 129  27 125  74  39 100  47 189 138   3  23 142 105  69  71 136  45  37  26 135 150 119 143  25 102  86 116   2 177 184  75 185
   14  74  30 115  45  97 144 103 105 130  61  31 104  13  27 131  29 194 129  18 196 101 145   3 119 180 128 107 113  96  48  15 100   5  32  24 122 146   8 132 116  40 110   4 189 114  23   7 120 184   6  42   1  73  85 121 193 179 188 192  17 118 178  21
   63 110  49  90 137 152  94 154 159  78  37  10 163  92 165 160 164 151 170 176 157  79 168 149  64 153 171 140 173  50 175 155 158  65 174 172  66  67  53 156  81 111 150 135  80 133 136  48 148  51 161  32 167  82 139 138 162  87 177 146  34  57 169 106
   63 110  49 137 159  64  50 154  32  37 152  94  51 160 163 108 164 155  78  10 153 151 158  90  67 168  54 171  79 157 176 173  56  66  88 172 174  92 161 175  65  68 149 156  57 169 107 170 135 136  81 162  97 111 139 128  80  87 138 165 150 133  39   2
  144  69  53 141   2  26 135  96 133 140  36  55 150 136  16 164 127 146 149  30 160 147   3  12 148 177  81  67  80 156  74 176 170  37 138 114 151 155 163   9 169  59  51 139 174 154 175 143   1 145  93  82 152 158 165 153 103  65 157 159 106  79 173  29
  166  49  64  95 161 109  78 167 171  87 172  50 175  39 176 168 177  94 174 173  66 170  52  90 183  80 157  65 153 154  92 169 184 162  81 142  79 158  67 163 152 164 111 112  68  82 186 155 156 149  69 165 159 102 151 148  10 160  57 150 108 126  35  48
   56 108   0  62  49  64  28  52  20  84  78  54  11  50  12  73  90  34  63  98 109  88  87  97 183 110  76  21  22 179  51 122 184  92  55 166  32  58 169 193 167  41 161 168  46  66 173  81  67  33 162  57  89 171   6 172  68 195 174  94  65  83 192 186
    0  54  56  88  11  84  62  52  72  50 166  51  28  55 108  20  49  12  68  97  64  36  38  58 122  91  78 197  33  94 169 162 171 168  67  99  35 111 190  95  32  59  57 155  76 172 159  66 156  81  98 192 158 113   6 126 174  65  63  79  13 153 179 163
  126  60 123  44  28 197 166  62  84  54  41  76  11  38  89  73 121 196  33 119 124   6  14 128  46  34   1 192 117 120  17 116 194  97 179 191 193  42 118 132  19  18 125 181  13  85 189   8  86  21  56   4 112  20 190  57  12 195   5 102 105   7 145  23
  107  63  90 110  37  55 163  64 154  51 157  67 161 160 140 151 159 152 133  53 169  39 138 135 173 153  57 164  92  78 176  10  65 174  79 172 136 149  49  66 155 158 148  50 170 111 156 171  32 106 143 150 147  68   2  69 134 175  12  94 146  93  27 139
  145 144  27 146 104   1 140   3 141  14 132 133 131 137  39  74  16 147 136 138  96 165  30 106  91 100 105 130  37 127  48  26 135  31 142  71 139 121  42 177 115 178  10  59 150  85 107 125  32 119  15 134 103  23 148  93  45  40   2 181  69 149  24 116
  144 145 104 146 133  27 107 140 100  14 131 132 130   3  42  37  74 105 136  30 106  96 138  29  45  39   1 134 119 115 135  85 147 129 127 103 141 101  61 142 116 143  59  23 139 114 121 125 137  91  69  31  32  26  16  15 165 148  10   5  24   8  93  18
  144 140 146 107  37  27 133 145 104 136 106  39 135 138 147 141 134 165 148  69 132 100 150  10 143 137 127 131 110 160 142  30 139 154  53  42 105   3 130  93 164 151  96  74   2   1 149  26  14 177 155 152 159 170  29  61 114  16 163 101  32 157  45  91
  144 104 146 145 107  37 133  27 140 136 106 131 135  39  14  74 138 100  30  42 105 132  69 130   3 134 165 141  10 143 147   1 142  61  96  45  26 103 137 139 110  32  91  31 101 114 129  48  29 150 127 148   2  16  85 164 119 154 160 115  93  15 151 177
  140  37 107 144 165 106  39 136 146  63 110  10 160 154  27 133 135 137 151 150 149 164 170 148 152  53 159 163 147 138 157 141  93   2 176 153  79 173 139 158  67 175 177 156  65 174 155  51  80 172  66  81 142  82  48 171  90 134  26  69 161 145  94 167
   62  56  38   0  28  84  54 166 190  11 124  46 123  20  73  12  52 183  55  88 179 187  33 186 122 188  44 126  98 108  72 120 197 113 111  58 191  76  99 195  83   6 102  64  89 193 192  68 182  86  60 189  92  78 128 118  50 185 117 125 162  95  17  19
   38  28 190   0  54  84  11  72 113 122  62 181   8  56 123  99 189 102 115  44 178  46  59  83 187  88  40 108 166 179  55 197  17 195  52  20 124  33  98 192 127 120  18 182   6   4 194 125 180  77   5  23  75  19 186 191 193 103  60 117 188  74  13  97
   52 166  78  49  97  87  95 109 181 186   9   0 126 142  28 162  41 122 121 161  50 184  73  90   1  72 171  88  94  62  20  34  64  66  39 167 108 196 102  84 174  11 172  81 157  65 183 153  80 158  57 173  48 155  82  67 169 156   6  53  69 179 182  68
  111  64  54  49  68  63  56  50   0  62  92  88  78 161  90 163 162 172  66 169 157 153 128 154  57 158  79 166 171 173  95  67 174 152 137  52 159 156  65 175  28  94  81  35 160 151 168  76 110  11  38 164 155 109  73  51 108 167  80 170 176 149  87 143
  100 137  54   3   1  34 109 107  73  76  32  37  21   7  27   2  87  23  45  11  31 128 108  85  93  98 104  48  29 115  92  33  61 197  10  86 180   8 196 159 112 177  89  30  36 183  35  57  63 178  77 164 169 122 181  18 165  74 124  22  39  60  80  79
  106 178  30  96 114 141  43  77  25 186 103  42 144 140  71  47  29  40  26 127  59  93 187 167 115 147  53  35  39  75 177 131 121  27 101 185 148  36  91 129   9 182 150   8 132  95  69 181 107  82 125  55 165  99  72  70  23 170  51 104 184  24 102 146
   84  62 190  54  38 181 123  28  75 189 197  56  59 102 126   6  97  20 179 113   0 180  11  17   8 182  99  21 191  52 120  46 166 195  72 178 118 196 127 192 194 121 117 124  41  33 128  44  88   4  15  19 112  22  95  60  98  83 108 125 122 115  58   7
   14 181  60 119 145 121 125 132  44 116  73 120 130 189  17  41 131  42  85 102  24 197 104   8 126 146 115  86  89 196 194  18 128   6 124   9 192 123  97  19  96  74   4 117  59  23  34   1   3  46 182 118 191 179 180  21 195 142 105 193 101  45 144  71
    0  62  12  56  75  98 114  61 193  43  92 107 183  47 192  30 113 196  58  41  84 188  46  99 195  13 100  54   5  29 129  45  26 103  96 190  31 194  51 180  36  63   4   6  20 110 182  18  17   7  94  34 179  97 106 101 115  19  49  35  21 191  22  90
  145 104   3   1  42 105 144  74 132  27  45 131  14 121 197 146  61 116 100 133 130  60  34  23 137  48  30  13 103  31  85  59  18  91  32 181 196   7 194  19  17   5   8 115   4 128  37 189 119 165  47  89  71 180  86 101  76 125 136 123 118  21 140  29
   39 136   2  37 144 146 155 110 154 135 164  53 138 160 151  69 145 133  63 150 106 152 163 176  16 140 149  90  10 165 159 148 147  55 107 169  48 142 170 175  80 156  27  67 157 153  79  26 173 158  65 174  49  57  74  94  93 172  66  81 134 171 139 137
   27 137 165 140  39  37 105  10 107 146 110 104  48 144 136 133   1 145 106 154 164  63 138 160  32  31  61 170 150 177 135 176 159 141 152 147   2  30 132 151  74 155  82 100 149   3 163 142  91 175  53 131  69  26 153  42  94 157  79 148 139 173 158 101
  146 144 137 140 165 133 145 141 147   3  27 138 150 131 160 134 164 136 177  91 176 106 154  63 104 152 110 135 114 149 107 151 139 148 132 175 170 111  30 168 159  31 103  69  10 101 153  43 155 156 163  53  67  79   2  37 158 157 129  61 174  82  26  48
   39 110  49  51  64  35  50 169  10  88  95  52  67  90 108 107 163 173 171  27  79  36  78 159  94 174  32  66 172  65 155 158  81  55  56 160  97 154  63 176 167 162 168 157 170 153 184 161  91  68 156  80  22 151  53 152 150 175  87  57   2 149  37  92
    0 166 122  62  87  97 181  28  44  32  73 109  11 192  20 112 179  24 108 193   6  83  38  52 196  49 126 197  15  76  54  17  19  98 102  21  85   1 180  46   4  84  60  31  18 142 119  34 128  89 195 194  35  41 117 191  58  72  25 137  95   8  88  56
   54  56  49  62 188  63   0  50  64  94 128  78 111  97 166  92 110 129 122  51 171  88 137  84  32 114 183  20 108  13 162  38 103 176  61 172 165 149  11 174 123 158  81  79  67 153 175  31 154 170 160  46 164 187  66 196 161 132 113 118 156 124 159 173
   56   0  54  51  50  64  55  88  62 166  63 108  84 168  49  38  11 171  52  67 110  81  72  78  94 174 162 122  28 172 188  66  87 161 190  79 176 173 167  58  65 158  68 183 175  82 187 156 113  36 163 186 169 159  12  20 153 164 152  97  80 170  70 111
   78  95   9  55 186  52  53  49 167  90  81  50  64 174  67  65  66 163 162 171 172  93 169 173  43 161  80  94  36  79 157 158 156 109  51 170  25 148  82  68 153 175   0  63  35  57  88  12 184 168 176 166 155 152 154 149  72  58  92 160 183  87  69 151
   73  97  28  20  46 183   0  62 102  25  44  98 109 108  84 122 186  89 196  83 187  34 181  58  86   8 180  21  29 190 120 192 195 119  41 179  60 193 121   6 191  22  56  18 185  11 189 184  38 123 113 128 116  12  70 118  85 115  24  13 124 182   5  23
   92  49  94 110  64  78  63  90 159  50 108 168 171 137  10 109 176 154  97  79 152 175 172 173 164  66  48 158  57  37 166 174 153  32 170  65 157  34  51 155 163 177 165 151 111  87 149 161 162  82 183  68  67  80  61 160  81 167  54  31 156  76  88  56
    0  56  62  49  64  63  92  54  50  78 110  76 108  87  94  58  90 166  20  88  97 171 168  51 183  57 159 172  68  34  66  11  79 167 111 161 173 163  28  32 158  73 109 174 128  65  81 175  12 152 162  52  84  95  67 176 153  10  98 169  70 137  35 170
    0  28  62  56  73  11  54 166  34  76  20 122  52 108  89  84  83  87 109  88  97  90  49 179  57 128  38  32  21  44  78  68  64  95  92  50 126  25  22  33  60  58  72   6  94  35 169 182 181 191 118 192  46 137  98 190 193 162 119 180 161   7 197 117
   89  28  56  62  34  20   0 108  11 109  76  84  83  32  33  73 118 119 179  21 117 193  87  44  54   7 123 124   6 180  57  19  25 122  22  85  88  41  60  46 192   5 195 112 197 101 191  86  98  38   4  23 194  18   8  45  12 116 181  99 120 126  90  17
   37  92  63  10  90 159 170  93 163  58  79 152 110 173 175 172 158 167  53  66  94  57 164  49 168  65 174  78  67 153 165 154 171  81 176  64  51 157  80 156 177 169  50  27 160  35  87 109  68 151 161 155 149  95 162 137  72 143  76 148  82 111  39   2
   89 119  73  60 121  34 125  76  44 109 126  28  25 124 120  41  86  85 117  14 195  19  42 132   8  62  46 181 116   6 130 142 145 102 191 123  83  29  23   9 118   7   4  33 193 182  18  20 179  21  57 192  17 194 196  90 115 183  45 197 180 104  24   5
   55 108  77 101  30 183 187  48 186  29  42  86  69  25 182   9  73   2  53 185 102  22 107 123 124 117 115  47 120  96 184 168  99  84 103 195 188 109   8  14 190  70 167  45 189  12  28  56 114 146  83  23 177   5 176 105  41  98 179 119 125  90  26 131
    1 140 177 121 106  26 109 165 141 143  48 147 148  39 146  94 132  10 150 149 142  34  82  78  95 170  71 184 137  69  80  87 183  53  16 186  93   9  49  90  96 110 145 167  27 157 135 154 175  14 133 136 164 173 174  65 176 171 102 185  92  24  37  42
   98  44  89  83  60  20  28 116  73   8 181  46 122  18  59 113  19 119 195   4  29   7   5   3 189 194 100  23 180  17 191 118  76  21  34 115  33 190  85  40   6  99 117 124 192  86 130 120 197 193 179   0  45  24  25 128  38  22  84  13  58  74 102 129
    1  96 140 106  26  42   9 121 133  41  24  69 146 145  61 114 104  47 144  14 132 105  29 103 130 127  12  85 183  71  39  53  48  45 136 131  34 129  27  30 143 141  93  90 147 110 115  37 123 165 142 186 193  74 109 119  25   5 196 107 135  97  31 117
  110  63  92  94 159  27  78  61 137  90 163  51  50  64  32  43 154  87  10 151 171 152 153 160  97 157 161 147 158 149  62  79 168  56  49 173 156  66 172  88  65  67 174 140  35 164 155  34 167 170  54 176 135 105 175 150 169  57  12 138  82 114 165  39
    0  56  87  97  62  88  55  84  64  49  28  20  12  11  54 122  78  52 108 142  51  50 134 110 129  32  15  41  10 161   6 126 101 139 193  22 106  73 179  67 162 184 196 135 118  39 192 168 138 114 117 169 163 180 156 166 149 171 155 132  38 133  66 158
   63 108   0  76  72  25  56  28 166  54  58  73  11 168  50 109 137  62 167  44  92  86  64  51  34  83  94  89  33 110 183 122  98  68  70  52 171  77 159  82  46  79  66  35 172  87 173  57  65 169 161 158 152  53  81 111 195  55  36 162  67 174  38   7
    0  56  62  20  95 166  58 186  49 183  38  64 108  28  84  52 187 188  72  98  50 190  54  46 122 167  55  63  78  97  25  92  70 113  94  51 102  76  83 185 182  73  88  99 179  44  11 184 162 193 195  90  81  35 124  13  22 171 191 161 128  68 192  12
    0  62  56 166  54  38  28  72  84  97  88  49  20  52  11 122  64  58  95 108 190  50 111  78 126  87  46 179 197  68 102 183 124 123 181  55 186 188 162 192  51   6  44  98 191  43 128 187  76 113  73  35  92  70 195 171  83  33  94 196  99 161  75 112
    0  62  54  38 166  56  28  72  11  84 108 190 102 122  52 113  46  44 197 181  88  73 123  58 124  20  83  99 179  55 187 186  98  33  97 195   8 192 126 128  25 120  68  76  17  95  89  50 183 178 191   6  60 188  64  77 182  70  21 193 196 185  86 180
    0  72  62 166 186  28  52  58  38 102  84 181  95  44  20  56  25   9  54 187 190 183  55 126  46  98  73 122 185 108  11 182 195  83  99 123 109  89 179  78 197  97 124 192 113  88   8 196  76  87  70   6 191  41 189 167  50  17 162  60  64 180  68  86
   95 102 186 109 166   9  73 183  72 187  52 181  25 185   0  78  28  62  87 167 108  92 124  20  98 121 126 182  89  64  49 122  70  38  44 162  46  97 161  86  34  50  84  90  56  68 184  58  81 189 123 172  41 171  71 169  66 190 196 168  57 179 174  76
    0  62  72  56  54  58  38  88  84  20  52 166  28 190 122  95 186  55 181   9 113  49  97  50 187  98  11  46  64  73 185  99  87 102  92 108  68  78  44  12  25 188 183  70 162  83 191 111  51  63 167 179  40 124 195 168 109  81 192 193  89  76 123 189
   49   0 166  64 109  57  50  78  68  92 161 111  72  62 108  56  52  54  94 128 162 171  87  88 168  73 172 152  66  97  90  28 157  38  76 158 153 151 154 174  11 159  79  95 175  65 163 173 137 102 167 176 155  63 156 183 149  81  80 164  34 126 169 143
  177  82 168  51  55  48 167 165  72  87 108  53  94 176  70  50  95 171  67  40   2  64  81 175 169 178  16  10  26  31  63 170 185  77 186 174 173 172 164  80 166 110  79 184  91  66  65  52  27 183 161 158 141  30  39  88 188  49  68  35 187 154 153  71
   56  62  54 166  72  28  84   0  38 108 190  88  11  58  52  97  20  46 197 111 128  55 102 179 187  44 195  99 182  33 113 123  76 191 192  95  83 189  68   6 186 126  89 181 124 180  64 194 183 185  21  73  60  17 122  70 112 188  57  86  19  49 118 193
   54 113  56  62 190  38  86  46  58 108 187 124  72  84 123 185 111  99 125 191 102  76 182  92 188  33  75 120  28  40 183 195  73  44 189  29  70  89 179 103 197  55  83 116 178   0 128  60  17 166  25 186 118  19   9   7 193   4  95   5  21  20  11 192
  108  88  56  54  38 122  28  99 113  73 190  84 124  20  40 128  72  58  97  62  13 180 194  11  33 179  68  46 197   8  95 118  83  70 192  55 191  87 123  44  61 111  21   5 189   6  18  77  32  57  19  31  74 116  64   4  12  45 117  17  16 196  51  89
   38   8  59  44 113 190  99 123  28 125  84 124 189  58  46  89  60  75 115  17  33  83 181  72  19 116 102 195 191   4 182 192  29  62  18 120 122   6  40  56  77 178 197 117   5  20 179 118  54  23 127  12 180 194   3 126  11 121 196  55 187  73  21  86
  125  55 181 124   9 189 121 130 126   8 123 127   6  59 115  58  17 113 117  84  99  41  14  89 195 190 194  44 186 182  19   4  28  36 143  42 191  38 192  29  18 179  12  20  75  24 196 197  60  46 106  73  33  85  83  52 120 180 102  21   1   5  69  40
  181   9 186  44 182  62 102  60 125  73 121 124  46 126 187  86  89  25 120  28 166 190 183 123 179  98 189  84  17 195 197  19   0  20 196   8 191 185 192  41 116 117  83   6 122  38  34   4 193  99  76  18 109 188  71 119  14  23  47  56  95 194  42 180
  166  62  72   0  95 109  87 186 183  94 112 167   9 122  28 185 108  25 168  52  70  38  26  43  64  71 187  76  82  44  92  73  78  50  20  98 193 171  56  86 162  35 177 184  81 179 182  57  54 197  83  31 172  24  46 192 190  66  68  93  65 102  89 142
    0 166  87  56  62  49  64  78  72  52  50 108 167  54 168 109  51 162 171  95  92  88  81 183  58 172 174   9  66 186 161  63 175  90  67 173 158  65  79  94  55  68 153 176  28 169 163 157  80 152 170 164  48 156  20 184  57 159 122  73 111  10 177  97
    0  64  49 109 166  92  62  52  78  72  50  90 167  58  95 108  56  73  57  68  81  94 172  76 169 168  66 171  63  54 162 183 174 161 173  28  79  87  65 111  51 158  80 175  88  20  67 186 153  34 163 170 157 159 176  38 185   9 152  55  25  11 164 156
  109  72  62   0  58  76   9 185 183  73 166  87  25 186  92  89  57  90  95  70 102 112 111  34  20 167  86  38 181  49  78  85  64  44  28  46  98 177  71  41  54  68 187 143 191 168 113 195  81 108  16  35  50  93 172 190  66  52 175 197  80  77  24 171
   58   9  29  85 143 109  89  24 185   8 113  77  25  75  96  76 100 195 191  72  35 181  21  20  83 189  93  62  90 180 178  19  57  40  99   4 104 190  23  46  22 116 102 118  95  38  70 107  41 130  37   6 194  86  98  17  34  16  42  55  44  71 127  18
    9  25 185 186  96  72  77  75  29  89  58   8  71 102 189 125  42  86 187  24 181 190 143  62  59 127  47  93 113  46  38  43  95 195 112  23 183 178  76  26  70 109 121  40  14  44  99 115  17   3  19  92  16 177 103 191 106  60   4 116  12 120 148 182
  178  96   9  25 181 185 125  42  86  29  71 102  14   8 121 189  77 186  75 106 104 115 187  59  23  30  93  47 130  40  26  24 144  89 127  17  72  60 103 182 113  70 195  16 120 190 116  19   4 177 145  83  76  95 119 141 126   3 112  46 124 131 148  99
    9  96  29  59  75 106 144 181  42 178 104 115 127  14 143 189  24 195   8 130  36  16 125  99  23  22  40  25 113  17 185  86  89  69   1  77 134  19  58 103 100 190   4  93  85 145  71  47  43  41  26  83   2 116  35 191  30 194 182  55 186 148 117  37
   25  93  30  42  86   9  29  77 178  43  26  96  53  71 181  23  89 186  47  24  60  40 185  59  70   2 106 177  44 116   8 121  99 167  72  98 115 119  83  73  39  22  75 140 100 187  35  76 109 104  16 144  17 125  69 148 195  90 189 183 101 112  82 117
    9  25  96  29  42 185  77 178 189 125 186  86  14  71 102   8  75 181  59  89 106 121  93 113 143  58  47  24  40  26 144 187  23 195 127 104 190  17 112 130  46 115 103  72  98  16  99  60  76 119  85  44 120   4  19 116  83 109 177  38 183  70 182 148
    9  96  77  25  93  72 186  16 185 106  26 177 102 141 109 148  71 167  59 181  29 112  55 140  42  53   2 143   8  86 178  24  80  69  52  81 189  95 144  89 127 170  82  43  58 187 125  35  57  75  36  40 162 175 142 157  23  47 164 111 174  65 166 115
  109  93 112 143  37 177   9  42 104 111  90  57   1  16  26 106 167 140 107 100 185  77  10 165  86  96  85 142  25 170 148  76  89 175  24   3 164 157  71  80  53  39 152  27  92  79 151  95 141 163 173 154  65  68 172  66 153  48  34 174 176 150  82  29
   37 107 143  10  93  27 140  90 165   2 163 170 160 106 154 151 164 159  53 148 152 177  57 147 141 157 135 144  92 150 136  80  79  39 153 173 149 176 158 174  67  63  51 175 127 110  16 155  66  65  81 172 156  69 169 167  35 133 161 171 146 104 100  78
    9  95 127  93 185  16  72  96 189  40 178 181  59 186  26 143 102  29  25  70  77 184  75 187  24 106  71 177  58  53   8 167 125 141   2 169  14 109  55 115 148  47  90 121  36 103  43  80 182  42  99  81 190  98  39  52 194 170  57  68  69  35  17 113
  166 112 140 141 102 177   9 109 121 106 181  71 186 148 143 132 146 147 185  42 125 127 165  93  25  77 111  16 167  86 130 164 178  95  72 104 145  96 175  26 170  59  24  69 150 157 126  87  14   8  70   3  58 120 123  80 153 149 131 187  60  47 134   1
    0   9 167  72 186  92 185 106  81  90  95 143  35 148  64 170 162 174  52  93 172  80  66  49  43  79  78 161  65 109 173 157  25  62  58 177 102 175  67 163 158  36  55 171 183  50 127  76  96 152  57 176  26 111 156 187 107 169  51 153 151  53 149  98
   62 166 183 109   0 186   9  25  92  95  90  87 167  43 185  76  78  86  35 112  72  70  93 177 187  64  49  81  71 162  73 168 143 175 111  66 172 170  52  34 171  79  58 174 173  65  89 102  80  57 161  50  94 181 157 158  41 182  82 153 148  26 152 176
  109   9 143 185 177  90 186  57 167 112  76  86  93  85 183  58 166  72  37 102  62  25  92  89 111  95  41 170   1  34  71  87  80  78  73 175  24  77  49 164  42  96 106  26  70 157 161  66  81  16 172 174 181 189  10  69  48  79  52 148 173  64 153 184
   77  42  57  89 144 104 111 143  76 112  59 100   3  25  93   8  33  29 140  85  37   2 145 146 127  86  55 109  16 148  23  58 115 125  69  90  72 177  38 178  96 134   9 130  40  60 195  24 164  83 160 106 155 113 141  28  19  44  36 119  14 107 185  53
  143 104 144 107  37 140  96 100 127 145 146  93  42 141  14 106 177  85  16  29   3 148 109 185   9  59  77 147 111  57  26  69  90 136 135 134   2 125 132 130 165 178 112  24 121  71  76  75 103 133 150 164 170  86 189  27 138 116   1 151 131  30   8 102
  144 104 140 146 145  96 107 106  37 100  14  29  30  42  27 133 130 141  16 127  93 136   1   3  26 143 131 132 135 147 134 148  74 115  39 103  85 142 121 138  77 119   2  59 105 165 125  71 178  24  10 177 150  23 139  45  69 116  40  47   8   9 114  75
  144 140 146 106 104  93 145 148  96  42   2  77 141   3  29  37 143 136 147 134  59  43 150  16 111 100  26 127 177  30 138 107 133   9  86 165 160 164 135 151 131  25 170 125  69  75 130  53 132  14 152 112  90 178  71 149 139  35 185  76 103 157 154 142
  144 104  96  14 145  29 127 100 130  59   1 115  42 121   8 146   3 132  23 106 140 125 143  30 189 181  27 131  85  24  75 178 119 103 105  74 116  77  71 107  89 141  45 134   9  16  17   4  37  26 114  93  25  19  60  47 133  40  18 147 194 148 120  86
  144 104 100 145  14   1  42  29  96  37 107 146 140  27 130   3  85 143 115 119 121 132   8  23 133 127 105  45 131  89  93  30 116  74  24 106  59 136 125  60  69  77 135 189 134  21 103  39 141 178 138   4  86   7 114 148 117  34 194  18 147  16 142 118
  144 104 145  14 100  96  42 146  29  27 107 130 115   1 132 140   3 131  30 127 105 133   8  74 106  59  37  23 121  45 119 103 143 125 178  24 114 134 141  85 116  39 129  77  69 136 147 189  93 138 135  75  16  40   4  26  71 101 117  89 142  18   5 194
  104 144 100  27 107 145  14  29  37 105 115  42   1 146 130 127 119  85  39  96 132   8  23 140 131  74 143  45  30 133   3  24 121  89  77 178 134 116  59 106  69  93 101 114 129 118  21 103 117 138  32 189   7 135 147   4 141 125  22 194  60  18   5 136
   14 104 100 144  96  29  42 115   8 178  23  59   3 189 107 127 145 119  24 130 105  74 125 116  85 121  30  89 131 103  75  45  77 114   4  27  37  21 143  86  69 194  17  40  19  18  60 117 118   7 146   5   1  99  33 120 132 195 106 134 113 101  41 191
  144 104 145  96 107 100 106 140  14 146  42  29 127  30  27   3 131 115 141  59 130  37 133 132 178 134 103 143  93 114  77 105  74 147 136   8   1  23 125  39  26  75 135 138 119  45 148 129  69 121  24  85  40 189 142 116  16  91   2  71 101  47 177 150
  144 104 145  14 146  42 100  96 132 130 131 115  29   1 106   3 140 121 127   8 125 107 119  59 133  27 105  23 143  85  74  30 134  45 116 103  37 141 189  60 136  24 147 178 138  89 142  77 135   4  75 120  86 114  17  18  19 181 117  71  16 148 194 129
  144 104 145 146  14  96 100 140  27  30  42 130  29 131   3 107 133 106 132 115  74 127 105   1  59  37 141 103 136 134 147  45   8 138  39 114 135 121  23 119  26 143  85 125  93 129  77  16  24 178 116 142 101  69 148  75  40 189  71  47   5  61  91  18
  144 104  14  96  42 145 100  29 130   1 115 146  27 106  30 140   8 105 132 131 121  23  59 119  24  74 107  39  77 127 178  85  93 142  45 133 125 116  37 189 134   3 103 114 143  89  71  60 141  25   4  86  40 117 147 101  18  16  26 181  47  17 129 138
  144 104 100  14  96  29 115 145  42  59 130 127   8 107  27   3 146  23 131  30  74 178  77 119 105 140 106 125 132  37  85  45 134 103  24   1 116 189  89 133 114  75 101 143  40 141   4 129  93   5 121  17  39  18 117  86   7  69  60  19 138  21 136 194
   14 104  42  29 100 144 145 119  89  96 121   8 130  86  85 125  23 115 116 146  25  60 189  24   3 143 132 131  77 140 178   1 107  71  45  93  59   4 127 103 102 117 120  19 106  30  44  18  76 109  37 118  40   7  21 134  17 194 185 105 142  47   9 133
  144 104 145  14 127 146  96 107  74 100  30  29 105  59 115 103 133 131 114 130   3  27 140 106 132 134 141  42 136 135  69  75 178  37 129 147 143  91 138 125 189  45  39 121 116  40   8  16  23  15 119 194  36  26  61  24   2  17 101   5   4 148   1  47
  104 144 145  14 130 115 146 132  29  42 131  59   3 100 127  96   8 133  45  74 103 119 129 116  27 105 140  23 121   1  85 125  30  24 189 107 134  75   4  60 114  89   5  18 106  17 143 118 101  19 117 120 194   7  40 181 178  61 180 123 138  47 135 136
  104 144 100  27  14 145 107  37 119  29 133 146   1 130  45  85  42 132 105 131 115  74 140 116  32  21  96  34 117  23 143 118  24 136  89  61 129 134 128 135 101  39  30 121   7   3  60 194 138   5   8  18  69   4  22 142  41 114 103  86 180 106  19 125
   27  37  32 107  10 110  39 137 104 105   1  63 140 133 154  61 100  34 159 165  90 146  48 136 135 160 144 164 138  31 155 152 142  85  57 151 163 101  45 145  53 157 153 176 143 147 170  22 132 139 109  87   2 173  94 175  69  74 119 106  93 158  67  51
  145  27  61 131 104 133 137 105   3 140   1 146 132 114 136 144 100 147  45  32  14 103 165 112  13  37 135 106 138  69  23  31 193   5 110  74  42  91 141  96 129 107 134 142 143 139 154 119 177 130 118 101  15 192  16  26  92  48  24 159 115 116 196 155
  104 145  27  61 105   3  37 100  74  45  42 146 144 137 131 133 132 107   1  31  14 128  32 110 136 165  13  91  48 194  39  34 103  85 140 130  30  10   5 129 116 143 138 135 188  15 101  97 196   7  18  60 114 106 119 118 180   4  69  23 193  47  19 147
  144 104 145 100 146 133 107  37  29  14  42 119  45 131  74   3  85   1 116 140 138  34 136  27  30 132 130  61  21 115 105 101 129 135 128  32   7  22 121  89 134 117   5 118  60  36 194  33  23 143  18 103  96  41 125 137   2  69   4 139  15  19  39 142
  144  42 146  96  29  14 141  77  26 127  30 133 140   3 145 100 106 107   1 104 115  16 130 148 134  93 136 142 103 147   9 125 143  69   8 114  37  53 121  25 135 150  71 132 189 131 138 177 185   2  47  40  86 119  74  24  59  12 124  45 139  39 116  23
  144 145 104 146  27 133 107  37 100 140 138 136 105  32 137 132 135 131  39 130   3 134  45   1  74  61  85 147 119 143  14  42 142 129 139 101  10 106 110  29 127 118 115 128 116  34  69  30 114 148  31 141 154 160 150  15   5 165 151  91  21 117 155 194
  144 145 104 146  27 140 133 100 131 107 132 105  14 106 138   3 136   1  37  30 147 134  39 135 130  74  42  96  45 137 141  29 115 142 119 129 139  61  91 114 103  23 101 148 143 165 150  59 127  32 116  10  85  15  16   2  93  26  31 121 178   8  69 125
  144 145 104 146 140 133  14 100  42 107 132 131 106  27  96 130   3  37  30 136  29   1 138 105  74 134 135 115 141 147 127 119  39  45 142 121 103 143  59  85 148 125 116 129  69 114  26  93  23 101  16   8 139  61 165 150  24  91  47  77   2 178 137  71
  104 144 145  27 146 100 107  14  42 131   3 133 132 130  74 105 140  37  30 106  29  45   1  96 115 119  39 138 134 136  85 101 103  59  61 147 129 141 116 135 114  23 143 127 142   8  91  24  31 125 121  10 165  32   5  93 178  69 194  16  18  60  47   4
  144 145 104 146 133 140 107  14 100  27 131  37  42 106 130 132 136  96   3 138  74  30 134  29 135 142  39 147 105 141 115   1  45 119 127 103  85 101  16 148 139 143 129  26  59  69  93 114   2   8 116 165 125 121 150  23  61 137  91  77  24  15 178  32
  144 145 104 146 133 100  14 140  42 131  27 132  29 130 107   1  37  45 119  30   3 105 136  74  96  61 121 138  85 116 115 135 134 106 142 129 103  34 143  39  23 125 147 101   5 117 118 114  32  18  60  89 127   8  24  31   7 194 139   4  21  15  86 141
  144 104 100 145  42 133 146   3  27   1  37  14 107  29  45 131  30 140 130  74 119  61 132 136 115  85 105  96  23  34 116  31 142 121 103  86 106 137   5  26  32 135 138   8 110  24 125 101  48  93  69  18  60  89 194 143 165 114   7 129  39 117 134  21
   37 137 110 133 140 144 107 136  27 146 135  39 138  63 145 154 160 159  32 104 151 100 150 155 148  69 139  10   1 152 164  61  53 149 163 157   2 165 147  34 142 134 105  90  36  45  48 170 153 143 156 176 175 132 173 158  79  92  74 106  93  30  65  67
   56  12   0  55  63  62  54  84  58  88 111  28  92  50  98  43  38  64  33 188 190 114  99  20  51  46  68 124  90  78 163 169  11  76  25 195 183 193  83  35  36  53  67  52 113 110  49 179 156 161  94  81 192 167   5 162 168 172  65  66  79  70 171 152
    0  62 166  54  72  56  50  95  64 108 183  49  43  92  52  78  84  94 187 162  51 168 186  38 171  63  28  81  87  70 167 172  98 161 122  66  76  88  11  82 188 174  79 173  65  73 190  58  20 197  35  25  68 158  67  97  46 169  80 111 102 156 176 126
    0 166  87  49  62  54  50  56  78  94 108  97  64  52 168 171 122  51  72 167  95  63  35  20  88 186 183  84  81 162 172  10  43  66  58 110 173 174  79  82  11  65 188 158  70  67  31  48 175  28  92 176  68  80 184  73  98 170 197  34  38 153 196  76
   49   0  54  56  50  64  63  51  78  94  92  67 169 162  62 171 172  81 174 161 166  52  97  66 158  68 163 111  79 153  65 173 159 164 188 156  88 152  12 154 176  80  90 175 168 157 149  95 155  38  55 160 151 170  11  84   2  43  82 110  58 137 183 128
   54  56  62 108  11   0  38  88  84 111  33  28 128 197  12 188 113 166  63 190  76  97  55  13  99  50  72  51  58  68  64 193  46 124 192  49  21  52 137   7  91 162 122  32  20 195 194   5  44 168 179   6  83 155  92 191   3 159  36  61  73   2  18 123
  137  37 135 159  49 109 154 152 151  63  57 157 136 163  64 138 149 164 160 111 155  78 153 139 133  68 158 143 128 156  50  94  66 172 175 142 140  79 161 171 174 150  10 146 173 176 168  65  32  87 148  80 110  90 147  67 162  92 170  88  81 169  97  73
   56 188  54 128 124 197 122  11  32  97  38  13  84   3 192  99  61  83 196  33  20 108 137 179  74  28 131 194 123  59   5 118  31  46 190  58 126   7  18  45 113 180  88 193  91  21  19  17 110 166   4  40 101   6  98 145  87  60  62 191 182  44 129 178
  110  49 137  63  32  97 133  61  94  90 165  37 154  10 128  64 159  78  34 146 108  48 135  87 163  50  31 152  27 164 138 136 176 149 107 151 160 140  92 139 157  79 168 170 173 175 171 153 158 174 196 172 155  66 145 150  65 105 101 161  45 156  56  13
  137 110  63  32 159 154 133  49 128  51  37 138 135 160 136  54 152 164 107  97 151  67 155 163  64  39  61 153  50   2  94  27 169 158 176  10  68 149  79 139 108 105  56 156 173 157  88 146 111 172 174 150 171  66 144 161  91  57  65  92 175 168 165 170
   56 108  63 128 110  54  61  32 111 137  97 188  49  33  64  12  76  13  11 133  92  88   0   5  50 124 159  21  22  31 118   2 136  84  90  94 107 129  45 197   7 155  28  68 191  20  34 192 154  51 193  37 194 152 138  74  91  73 116 139  46 101 176   6
  110  97  56   0  61  49 128  13  54 193  62  31 137 197  32  20 188  63  12 194  64  34 192  87  84  46 191 184   5 118   6 108  76  92 179   7 196  11  21  58 113  18 180 105  19  45  50  70  73  22 183  48 114 122 111  33 116 195  41 190  86  83   4 129
    0  56  87  54  62 108  88 110  64  51 122  50 166  97  32  20  63  84  49 137  72  78 168  11 129  55  31  28  95  13 171  94 188  61  38  92  43  67 111 190 123 161 139 118  15  35 183  58  10 179 197 172 114 128  68 113 158 101  70 159  66 173 174  79
   56   0  62  84  54 108 190 188  88 197  20  43  97  99 122 187  13 123  98 179  75 182 193  11  51  46 166 196  55  28  12  87 113  61 129  38  64 183   6  50 192 191 124 110 180 114 195  78 120   5 186  15   7 126  92  52 117  17  49  19  58 101  33  91
    0  54  62 166  97  52 108  88  49  56  84  11  28  38  78 122  73  20  50  87  64  72 196 183  94 197  68   6 128  58 162  95 171 192  34 109  92 168  51 179  41 126 186  32 123 161  44  21  57  46  55  98  66  33 172 190  81  76  12 174 191 187  99 158
    0  62  54 166 122  49  56  97  87  50  84 183  58  72  38  78  20  64 108 186  94  52  88  28 190 187  11  51  98 113 110  73  46 167  63 188 197 171 162  95  92 168 193  81  70 102 192   6  43 196 179  13 128  82  31 172  44  66  99 180  35 174  55  12
    0  62  54  72 166  87 108 122  49  56  97  50  84  88  58  52  64  51  94  20  78  95 168  11 190 186  38 187 167 171  28  43 162  70  81  98 188  63 183 197 181  35  48 172  67  99  66 184  82  31 174 185 169  79 193 173  65   9  55  91  68 110 158 113
    0  56  84  62 122  54  97 190 179  20  38 197 166 196 188  28 123  98  13  46  99   6  11 124  87 183 192  58 126 182 194 187 180  17 120 181 108  83 113 191 193 195 186  52 102  44  18  73 117  88   4 128  19 189  15 125   7  21  75   5  22 118  41  72
    0  54  62  56  84  52  28  55 108  12  88  11  49 166  38  72  50  97  98 162  64  78 190  20 186 111  58 122  68  46  51  33  73  36 188 187   9 197 113  44 196  99  81  94 169  63 192 183 195 123  43 126  41 193   6 168  92 171 179 172 124  66 191 174
    0 166  72 108  54  50  49  88  11  52  64 137  51 168 122  87  82  97  95 171 159  62  68  81 162  16  38  94 158  67 172 169  66 161 153 174  32 156 175  28 173  65 164 176 177  79  80  63 154   2  78 152  55  73  58 109 112 110  35 149 155  57 170 167
   54   0  88  52  11 108  51  50  72  56  55 166 169  68  28 162  67  64 161  62 156 171  38 172 174 153 158  66 155  81 168 163  65 159  84  78  95 173  79 111 152  63 160 157  80  94 154  12 164  49 175 176  82 149  35 151 122  36  57   2  53  92 170  33
  