  91 184  27  13  58 110  98  72 112  74  24   0  61  32  86  42  14  77  15 194  21 105 113 193  93 104  48  40  87   7  89  85  43  37  52  97   5 191 125  83 189 182 116 180 185  70 164   2  96 192  46  16 178  35  95 190  23  51  54  18   8 159  45  99
   77  16  25  72  98  40  82  95  53  96  70  11 177   0  68 186  81  93   3 168  86  38  26 162   8  55  24 178 175   2  80 170  79  66 172  65 156 174  94  67 173  12  42 169 161 154 159 108 167  52  50 176  13 158 171 163  88 153 185  39  71  37 164 112
    1  35  87  83  27  56 110  76  36  13  91 190 105  70 178 184  22 112 128  23 166  10  98   7  52  19  32  15  95 179  30  42  40  38   5  48 122  69  86  60 182  11   8  43 191 167 194   4  31 116 188 189  63 187 197  74  72  18 180 168  21 102  45  17
  193   7  41 101 194 117  21  20 128  75 192  84   6  22  18 179  99 119 180 116   4   5  85 104  46  19  60  97  34 189  14  17  83 195  32  23  86  13 191 129 118 113 121 181  69  45 182  62  47  24  61 197  31 190  42 123  29  48  74  27 131 112  44 103
  106 145 129 109 143  90 104  85  41  96 132  49   0 146  92  34 107 140 135 114 183  61 134  20  47 133  78  39  31 139 121  12 193 130 138 142 118  48 131 147  26 103  37 148  62 151 112  97 119  64 185  75  43  57  32 165 141 117  24 111 149   6  29 108
  106 145 129  41 104  96  20  85 132  34 109  49  90  12 143  47 121  61   0 193 133 146 114 140 118  31  97 135  43 117 183 131 134  75   6  78 119 192 103 130 107  46 101 189  92 180  32  69  62  29 139 138  84 112  18 142 194  24  39  73 120 196  27  14
  106 143 109 145  90 107 140 135  92 146  78  49 148 139 134 151   0 133 132 138 147 149 127 129 141  64 111 142 136  57 150 157  26 183 152  96  37  65  85 175 172 159  66 153 171  41 176 160 162  80  39 104 170 161 173  94 164  79 174 156  34 165  63 158
  106 145 129 143 146  41 132  49  90 104 135 140 107 114 134   0 133  34  61 138 147 109  78  20  47 131 121  97  96 139 118  92 142  85  31 130 105 183  75  43 148 141 151 103 120  64  32 117 196   6  12  15  27 193 136 149 165  37  48 150 192 144  10 112
  106 129 104  97 193  85  75  61  41 145 114 194  27  20  47  31 112  13 189   7 180  43  45 103  34 192  32 128  18   6 117   5  60 118   4  22 121 179  19  21  74   0  17  24 131 132 130 105  99 116 101  30  71 196  48 119  96  14  39 191  62 195  23  46
  114  25 124 188 113  96 115 103 102  86   8  24 186   9 104  40 185 125 101  29 189  77 190 123  71 178 187  46 183  74 119   5 193  99   3  47  85  58  42  23 120 121 106 130 109 145   0  48  45 116  44  92   4 179  18 132 191 118 192  61  13 195 181  83
  126  36 127  25 102 136  52  54 123 124  56  28 147 134 135  38 146  35  11   9 125  72 111 120 148   1  76 142 181 138 119  84  46 188 128  89  22  12  33  21  86 169 132  55 115  59 178 133 107 157 122 162 161 144  39 187 140  58 151  62 117 150  41 141
  110  95  27  10  32  35 143 159  51  88  37  52  91  61  90  67 154  36  97 105  56  13  15 128  50 139  57 137  49 160  34  31 158  98 153  64  11 155 194 151  87 171  78 173  79 163 180 162  76  66  81 161 172 174  22  65 156  63  45 157  80  53 152  73
   92  16  69  26   9  82  53 186 175  78  81 110 168   0  96  12  94 185  79 164 162  64 174 109  66  65  87 173 149 140 170 176 177 172  55 183  37  68  80 163  25  57 151 154  90  70 152  48 158 159  63  51 171  10  67 141 156  49  95 161 153 157  31 155
  106  96 109 145  49 142 140 146   0  26  90  41  39 135 148  43  78 183 129 133  85 138 149 143 134 151 121 141 147  92 139  47 132 136 104 157  69  34  64   9 170 111 150 144 156 152  65 165 162 153  80  12  63   2  93  37  81 172 171  97 161  29 159  66
  106 107 143  90  49  32 108 104  48 129  34  85  27 109  31 105  61  92 145  10  97  41 140  78 112 165 133  57  37 193 164  51 154  39 151 139 101 118 114 146  62 159  64  63 180 192 135  87 138  47 152  45 155 121 111 132 157   6 153 183 176 171  22 161
  106 145 134 147 141 135 136 140 148 138 132 127 150 146   0 133 162 142 149 151 139  72 168  43 126  39  49  52 157 156   2 152 160  50  78 164 155  80 130 161 172  95 171  65  26 175 131 153 129  66  81 143 174 176  64 158 121 144 109 173 107  25  63  90
    1  36  91 184  23 178  35  69  22  52  83  56 100 182 195 190  76  77   7  33 179 194  58 166  99 180 113  25  55  11  21  86   8 112 191  97 111  74  60  38 181  28 128   5  13  89  95  84  19  62 188  40 101  59 116   4 196  44   2 187  98 110  18  93
  106 145 143  90  96 129  39 104 109 132  41 140  49  92 135 183  34 146  85 133  78 134  26   0 139  61 107 138 148  12 142  47 114  31 151 121 112 147 149  43 185 130 193  48  42  97  37  64 165 141 119 108 131 111 103 150 136  20  29  24  57 157 159 170
  106 145 129 104  41  96  85  90 143  34 109  61 132 114  47   0  20 183  49  31 193  92 121  12 146 140 133  78 103 107 135  97 118 130 134  48 131  39  75 192  62 119 101 112 117   6  29 185  43 180  32  46 139  24  26  42  45 194 189  27  37  18  14 138
  106 145 129 132  41 143 104 146  90  85 134  34 135 109 133 107 140   0 121  96  20 114  12  49  61 118  47 119 131 130  92 193 117 139 183 138  31 147 103  39  78   6  97 101  46  75 192 142 120 128 127  29  14  62  84  48 148 108 151  32  42 123  45 194
  106 109   0 145 140 146 143 107 135 134  49 133  90  96  78  92 132 142 148 138 139 147 141 149 151 183 136 127  26 111 129  85  39 104  64 150 157 130 152 175  57  41   9 172 177 170  65 164 160  66 176 153  80 163 186 114 161 165 121 156 171 159  53 173
  106 143  78 135  49  64 140 151 139 109 148 107  90 138 149 146 141  37  57 147 159 157  92 152 154 150 142 160 145  10 153 156  66 163 133 171 172 173 174  65 158   0  79  80  12 162  87 161 136  81 134 129  34  53  94  68 155  26 175 170 164  50  51  67
  143 106 107  49 147 151  78 140 135  90 146 148 139 141 138 149 152 157 136  64 159  10 153 160 150 142 155 154 109  57 171  92 158 156 161  63  66  37 163 172  65  94 133 164 174 173  80 134  79  51 162 145  50  35  67  81 175 170  68 176 168 165 169 127
  129 106  41  97 145   0  34  75  20 104  85  90  32 193  43  61  21 117 194   6 118  22  49  84  39  47  27 114   7 196 180 192 121  17  12  60  56  18  45 128  48  69  31 132  14 179 143 116 189 123  37  99  33 131  96  74  73  19   4   5 119 103  62 195
  106  96 109 111 142  90  26  39  12  57  78  85  37  92 139  93  53 135 149 143 140 157 151 148   9 127  65  63 183 145 177  68  82 162  34 176  41  80  66 172  25 159 156 136   2 153 170 138 108 175  81 152 163 174  64  79 173 158  72 155 160  51  29 146
   74  96 114  30 189 178 188 184  17  61  97 103  83   5  47  45  91 113 179  99 181 193 122  40  71  29  18 116 104  27  23 180  13  42  75  60   3   4   7  19 121 185 130   8 190 110 131  86 192 186 194 187  58  98 196 195  24 120 112  43  46  31 100 101
    1  25 181 113 178  23   9  86  24  77 188  69 101 100  39  96 186   8  40  22  83 102  58 190  48 111 195 185 179 112  29  99  74  71   7 182 187  42   5 115 189  93 193  89 191  91   4  46  44 123  18 183  17  19 184  62  85 103  60  33  14  76 166 116
  126 128  41  36  21 145  56  12 129 134 119 117 132 135  84  22  33  43 138  52 146  59  35 120  46 123 122 121   7  62  14 197 118 136 127  60  97 147  11  20   6  90 144  73 133 131  54  44  69 116 101  89  28 195 125 142  34  17 139  75 124  98 196 194
   61  31 110  27 114  13 105  20  95  45  98  32 129 193 180 143  15 118 194  12   5   0  10 145 192 128  97 189  70  74   6 130  40  34  19  99  88  37 190  16 191 116  92  47  18   4  30 139  29  75   8  73 131 185 107 113  84 196  87 144 117   3 122  17
  106  96 109  92 183  24  85 185  48 114  26  31 104  41  34   3 165  78  61  47  37  90  82   9 193 112 107 140 186  71  57  94   0 143  49  64  53 145 103  20  10 170  27 108  25  69 177  42 192  32  29 142 129  39 149 101 146  12 175 130  97  62 111  45
   43  41  39 112  34 106 181 101  22  48  96  62  90  69  85  75 183 104  86 182 194  36 193  56   7 195  97  47  42  87  21 119 180 100  14  35  24   9 185 192 121  31  17 117  71  30  23  46  26  18 165  10 179  99  32 103  29  19 132  84  89 111 109   6
   41 109 106 132  62 111  39 126 145  96 101  12  43 135 119 121 134 183  90  46   0 146   9  25  69 181 127  86 123 104 117 107  34  84 136 147 129  85 142  78 148  14 120 140 128 102 138  49  63 143  20 133  21  92  47 131  29  52  75 186  22 118 151  44
   90 143  49  78 135 106  12 109 140 107  52  63 129 145  34 151 148 147 138 127 139 126  64  73 134  41  35 128 157 146 162 136 111  50 149 121 161  20 153 172 132  66 133 163 142  65  79  92  57 171  84 173 158 152  80  21  69  95 150 117 159  81 183  67
   61 143  31 106  10  92 110  27  78  95  12 105  20 107  49  34 129  90  15  32  37 114  64 145  98 108  13 183  57 193 139  45  70 140  82   0  87 159 185 192  48 154  53  94  47  16  26 151 165  96 180 135 109 118 141 133 171  63 149 189 168  73 173  69
  106 107  92 109   0   9 114 140  96 146 143 183  78 135 185 148  26 111 186 145 147  25 150  68  94  64 149 176 151 134  53 175 133 170 104  80  82  49 136 172 177 142 103 132 157  66 174  79 152  65  93 138  47 173 127  90 139 161  16 163 165  37  57 156
    1 110 137  87 147 105  27  15 144 132   3  36 134   8  10 136  70  56 130  76  98 146  35 150 197 124  13  91 131 160 133  86 139 140 120 165 152 148 154  43 190 167 126 141  32 138 112  50 114 159 107  61 143  17 135 187 125  88 161  19  95 145  42 163
   95  15  91  94 110  90   2  53 137 182 105  10  70  36  88 168  50 165 159 169  52 155  27  16  92 112  76 173  31 171  35  79 175 174  66  51 164 172 158 162  65  81 154 167 148  78  67 170  82 150   8  80 160  57  63 152 176  68 143 153 163 166  34 151
   52  76 126  38  72  28  55 128  58  11 111  12  21  33  36 169  50  63  25  35  57  54 166 162  90  22  67  83   1 184  93  88  84 163  56  68  89  62  66 161 109  95  51 155  80 158  81 172  65 157   9 174 153  79 168  53   2 123 127 164 173 108  78 152
   32 143 110  10  90  27  34  91  61  95  12  69 129  37  20  13 108 144  88 159 105  52  31 135 128   6 194 139 180  73 117 193  35 118  89  45  78 154  97  74  51 192  63  14  21  57 138  49 130 162 126  84 137 160  55 184  67  33  36  15 145  19  56 155
   95  50 166  35 164  67 171 174  80  81 158 153  93 154 152 157 173 156 161  79 155 172 177  10 137 163  66  94 151  49 176 160 167 175 149 136 159  65 168 150 162  52 170  63  87   1  64 184  16 148  51  78 169 140 147   2 110  76  82 141  73 138  68 135
   34 112  96  12  85  36  41  43 101  69  39 119 182  35  60  62  90  14  32 183 193  20  23 106  97  89 117 192 180  33   7  84  29 108  73  63 179  21  19   6  57 143  44 194  46  22  18 121  99 113   4  25 100 181  75  17  61 104 111  52  59 189 195  56
  106 109   0  92 107  78 143 140 135 151 127  49 148 149 111  64 146  90 176  65  80 175 172 157  26 147 150  66  94  93 141   9  79 174 152 136 173 138 164  81 170 171 145 162 133 177 153 163 158 139  53 142 134  68 156 161  57 160 183  16 168  51  63  82
  106 109  92  48 165  96 143  90 183  78 140  49  85 177 145 129   0  39 170  37 111 142  93 176 185 107 104  31  41 112 171  64 114  61 151  57 149 152 141 157  82 175  80 164 147  65   9 155  53  51  94  10 153  34 172 148  26 154 159 168 173  79  66  47
   86 132 102 103 125 181  25 120 131 124  96   9 130 145 121 186  71 146 126 187 188 106  47 104 183  43  42  14   1 123  30   3  46  17 114  24 119 140  41 112 134 178  75 147 185 113 133 115  60 144  18  29 182 129  48 101  44 165 122 142   4 117 116 179
  106  31  61  48 114 145 193   0 185 129 104  47  92  27  13 192  45 183  85  34  97  20 103  42 180 189 194  96 105 143 132 130  24  71  41 131  18  15 118  32 112   6  74  14   5  19  75 109   4  29  90  98  99  30 101  10 191 186  69 121  70 117 108   3
  106 145 129  90  49  41 143 135 146 132 109   0 104  96 140 107 134 133  78  39  34 142  92 138 183  85  43 139 147  47 151 148 121  97  20  12 141  64 149 136 114  61  26 131 103 118 119 111  31  75 130 193 157  62  63 150  48 165  37 162 171 152 117  73
  106  96 114  61  31  92 145 109 129 104 183  47   0 143 140  85 185  26 193  48 165   3  24  27  34  78  49 107  37 103 133  41 112 146  90 130 132  20  71  82  32  10  64 108 192  45 121   9  29 141  75 186  53 105 149 180 139 135 170 131 177  57  97 151
  106  96 109 145 146  85 132 183 142 104  41  39 140 111 133 112  26 103   9 129 165 134  48  92 114  24  47 185 141 107 121   3 186 148   0  43  62 135 147 101  49  71 136 108 149  90 181 170  86  78 130 138 177 143 131  31 151  25 176 157 119 164 150 139
   62 111 126 181 109  35  86  43 101  25 134 102  39 132 183 146  46 121 123 106  22 178 104   9 147 119 136  96 142 122  41 103 117 135  63 140 188 145  84  72 124  36 107 127 120   0   7 131 186 195 133  21  75  47  29  44 187 148  69  76  56 167 115 129
    1 111  55  72  93 169  53 167 175 177 164  79  77 152 174 168 163 172  81 136  67 176  66 157  65  50  68 148 158 153 156  80 170 150 141 160 173 149 161  51 171 162 107 151 155 154  16   2  82 137  26 109  94  87 159 147  52 165 142  64  25 166 127  63
    1 137  36  38  35 166  91  77  76 184 178  55  11  40 126  72 110  52  56 169  28  83 102  67  54  50  70  88  58  95 167  87  16  22  93  23  59 144   8   2 164 160 190 163 174 158  81 156 122  53 124 154 177  68 153 161 155  79 168 175 152 181  66 187
    1  36  35 137  76 110  52 184 166  91  11  67  95  38  50 126  77 163  54  56  72  88  55 158 169  16 167  81 156 160  79 174  51 159 153  10  93  66 154 161  87 173 172 164 155  28 152 157  65   2  40 162 171  83  58 175  80  73 168  68  22  53 128  94
    1  95 137  36  35 110  88  76  11  38  67  87  10  56 169  77 159  50  70 154  16 160  52  68 184  40 155 161  53  57 156 174 163  51  54 158  28 175  66 150  79 168 152 172 105 167  91 173 153 157  83  15  65 171  89   8 162 143 190 164 166  81  80 177
    1  83 113 126  23 190 178  91  38  59   8  40 179  60 115  74  99  33 189  84  25  17  22  28 181  56   5   7 195  76  11  36  21  44  89 116 123  77 122 188  54 191 100  19 124   4  18  86 182 184  73 117  46 128 119  14  13  45 102  58 101  12 196 125
  110  95 150  16 162 148  26 139 141 135  15 149 151 136 168  78  10  87  81 159 163 174 173  79  66 138  65 160 143 158 172 175 147 154  64 167 156  50 171 152 140  67  80 157  63  51 153  30 170 134 155   0 120  94 161  82 176  42  52  88 127 164  49  92
  110  72  40   1  55  16  58  36  91  35 113  70  38  13  77  98  59 190  95  27  63  20  31  88  89  83 184  32  10   3 180   0   5 189  12  23  69  37  74  24  81 122 191 186  51  53  87  19  52  18 167 128 102 163  29  73  67  61  79 159   4   7 193   8
  146 145 147 141 133 140 132 134 106 138 135 136 107 148 144 131 150 120 143 139 130 129 142  15 105 121 151  30 149   0  73  87 125 124  49 127  78 114  26  98 118 103 152  47 183  92  94 110  64 156 160 157  16  34  61  43  31 162 161 174  41  12 159 168
   40  98 190 128  13  83  70 124  38 110  28  95   8 113 125  74 191  58   5 184  88  11 178 126  55 102  16  45 122 188 115 137 189  99   0  76 105 123  77 116  21   4  19   1 118  20 179  84  18  33 192  73 197   6  23 194  12  17  32 180 187  31  61  59
  145 129 132  20 122 130 125   6 133  41 119  24 131 120 197 146 103  46 117 118 115  44 134 121 124  96  34  18  85 116 135 123  17 194 193  75 196  29 142 106   4  31  14  89  32 101  47 191  19   9  84 192 114 180  62 140 104 139   5 189  15   7 138  99
  145 194  60 129  14  13 128 193  42  73 106  61 117 182 130  12 119 189  34 131 192  27  45   7  21  32  33  31  20 116  18  44   6  97 121  17 125 179 112 144 132  85 118   4 104  41  84 120 108  19  86  59 180  99 197  90   5  98  23  89  83  46 196 191
  106 145 129   0 114  61 143  92  48  31  90 104  97  49  85 132  41 193  39 133  34  47 118  15  32  27 107 134 146 103 139 185 192  20 194 138 105  45 109 135  96 140  75 131 108 180  64 147 165  37   6 183  78  74 130  57 196 121  13 151  14 112 148  26
  106 135 146 147 134 145 140 136 148  49 142 132 138  90   0 109 133 151  78  39 143 141  41 149  43 139 107 157 150 129 162 152 127 126  64 161 156 153 155  96 111 160  65 121  92 163 172 171 164 158  26  63  66  80 170 173 104   9 174 183  81  79  50 154
  145 106 129 107 143 132  49 104  90  27 105  61  87 146 140   0 128 135 130  31  10 134  48 118 131  20  41  34  32 117 133  85 121  92  47 147 165  97 139  42   6 193  13  78 109 114 108 101  69 126  15 120 103  75  45 119  37 127 110  14 180  73 138  21
    1  87 110 122 126  55  36  58  40 102  56  91  70  69 169 181  77 137 144  83   8  38   3 141 125 108 184  74 113 190 167  68 133 124  59  72 101   9 168  17  35 196 120  53 188  11 117  28 163 187   5 123  67  19 105  73 197  98 131  89 179  63  10 178
    1 137  76 102  38  58  55 178 126 124 166 188  72 127  28  40 184  54  22  11 123  35  77 190 136 169 128  50  56  91  67 125  88  70  83  52  87 147  25  93  36   8  95   2 110 150 115  23  51  16 160 167 187 175 100 158 134 111 174 177 141 164 163 161
    1  76 137  40  77  91 178  36  38 184 166 126  35  83 110  11  52  25 190 188  54  56 102  95  58  72  28  23  22  16  67   8  70  50 124  88  93 169 167  55 187 100  68 177  51 168  87 181 174 164 158 163 125  81 155  79  86 113 175  59 182 160  53 195
    1  76 137  36  38  91 178  40 184  77  35 126  83 166  11  56  52 110 190  54  28  58 188  25  22  23 102  95  72   8  67 124  88  50 169  16  55  70 100 187  93 167  87 181  59 195 125  51  68 113 163 158  33 182 123  86 174 168 128  81  79 155 122 177
    1  36  76  35  52 137  91  38  56  11 126  83  28 184  54  22  72 166 110  67 178  40  33  88  50 128  55 169  77  59  95  21  51  58 155   2 144  23 158 160 190  89 163  87 154 159 153 156  73 161  16 100 174 162 164 136 195  68 182  81 157 167 127  93
    1  76  40 137  83 178  38  91 110 184 128  95  11  13  28 190  35  23  70  22  77  52  56  88 166   8  36 100  16  33 126  74  27  98   5 113  55 105  72  54  21 179 124   7  67 191  58  60  51 195  32  10  59  19  50 188  45  99 115  25  87 182   4 116
  126   1  89  28  12  38  84   8  55  56 123  33 124  36 125  54 190 117  25   9 195  57 108 101  20   6  11  59  58  88 118 115  15 179  46 197 120   5 181  62  53  83  76  19 116 169  41 191  99  68  23 119  77 109  21 192  17 180 182 196  29  75 111   4
  181 178  43  22   7   1  62 101  75 103 112  23 100  86 179 193  18  17 122 195   4  99  19 123 117  39  83  91  48 180 131 194 102  21  35  47 188  41 104 132  71  46  56 121  44  85   5 192 197  14 113 190  60 119 129   6 166  27 116  30   3  59  58 191
  106  85 104  41 112 181 101  75  62  22 103 129  39 114 100  96 195 193  43 145   7 178 117 121 123  47  44  46 119 179  18 192  23  86  19 132  24   4  99   6 115  21  17  48  97   5  84 109 194 180 118 183  60 111 196 189 131  32  14  74  34  33  20   3
    1  25  77  95  35   9  36  69 184  52 110  53 126  16  82  40  81 125  26 178 167  63  93 177 162 187 137  89 186  72 163  86 174  23 127  79  67 144 168  12 190  66 102 113  65 175 156  55 158 173 172  50  80  98  70 160  71 169  38  10  28 108  11 157
   92 108  53  90  48 143  68  57  10  51  37 159  72  32  39 111  55  82 154 168 185   0 169 176  95 177   2 175 110  80  67 165  64  31  16  66 173  65 172 109  79  70 170  88 161 174  81  78 164 139 153 171  49  50 149 100 157 158 163  85  15 155 162  27
   69  90 109 106  34  78  12  41  63  43  49  39 183  96  26 111  52 143 162 151  37  81 157  36  64 112  35  97  85  20  65 167  93 148  62 142  80 163 121 153  92   9 135 149 171  66  53 170 140  79  57 172 173 119  10  73  42 168 174 159 175 154  84 156
  106 145 132 129 146 140 134 104 109  41  49 114 130 133 143  96 135 183 142 121  47 107 147  85 138 131 136  90 103 148 139 112 120  78  26  34 119  42  71 186 165  31 141  92 150 108  61   0  62 185  43  48 151  39 149  86 124 193  20  73 125 101 118  46
  145 129 114 131 132  98 130 124 120 134  61 104 122 125  13 103 143 128 123  47 147 197 105   0 144  17 106  42  14 118  73  31  45 146  60 117  20  97 189 121 107  30 192 138  18 139 102  19 116  27   4  75 133 135  86  70  15  46 110  21  48 194  83   7
   22  91  83   7 194  13  21  23  60  27 179 178   5 116  19 195  99  75  56  18 193  17 182  74  97   4  76 189 180  32 128 117 184  45 192   6 191 190 113 196  14  33  35 112  84  59 197  30  44 122  86  34 181 119  31  42  89 105  61  20  43 188 100 118
    1 124 137 126  77 136 127   9 102  16  38  25  72  68  55  93 147  40 150 169 134  54 141 146 188 125  28 148 156  88  58  67 164 142 175 161 123 174 177 160 111 186 166 157 152 158 172 138 176  50 163 149  66 135 178  79  65  53 155   0  81 162  11 153
    1  76 178  36 137  91  77  35  38 166  40 126 184  83  11  56  25  52  22  54  23 190  72 188  58 102 100  28 181   8 124  86  59  50 187 110  93  67 195  70  88 169 167  16  95 123 182  33  55   2   7  68 125 155 177  87  51 168  21 115 174 113 158 128
    1  76  91 178  35 166  36 184  40  77 137  22  83  23  38  56  58 190 110  25 188  52 100 181  11 126   8 167  70 102  93 195  86  50  87  54 187  95  67  72  28  55 177   7 182 113 169 179 168  51  53  74 124  33  21  13  88 164 175  59 128  81  79 191
    1  77  36  25 178  76  40  35  91 166  23  38 137  58 184  83 181   8 190 188  72  93 100  56  86 110 102 167  22  70  54 187 126  52 195  55 177  11   9  53  28 113  67  87 169 168  50  16  82 186 175  68  81  51  89 163 182 174  59  79 124 164  95 179
    1  22 178  83  76  91  56  23  35 100 166   7  21 184 181  36 128 195 188 179  33  38  60 126  86  52 113 190  74  17  59 123  58  40 137 122   5  11 194 182   4  19  97 116  99 191  18  14  25  75  13  44  54  84  30   8  28  43 101  89 112 117 197  62
  106 145 129 143  34  61  90  49 140  97  41  20  31 132 133 135  32 146  27 139 114  92  78 138  85  12 118  75  43 104 134 121 147 193   6 105 112 180  47 196 131 109 192 194  15  45 130  57 151  37 107  96 141 183 159 117  73  10 148 165  63  64 142 144
  106 140 143 145  92  78  26 135 141  49 149 151 146 148  96  90 107 139 150  64   0 109 147 138 134 133 159 136  61  94 142  82 165 183  95  65 171 170  37 152 172 175  66  80 173  10  63 168 129  16  81 162 174  79 157 176  31 156 160 154 163 158 114  53
   12 129 106 145  20 143  90 109  41  84 117 128 107 108   0  46 101 104  85 119   6  49 118  34  42 135  29 183  69 189  21 127  73  14 132 121  24 193  47 111 139  31  61 192 146  62  78 191 125 140 123  28 122  48 133 124 120 103 134 131  37  55  86 130
  106  92 165  48 114  27 104  61  31 129 183 143   0  87 145  49 107  34 112  39  97  10  47 185 109  90  96  75 140 193  85 103  43  32 105 180  41 170  35  94  15 132  30  78 171 177  45  64  71 100  37  82 192 147 168  62  51 141 154 167 159 121 176 152
  136 147 148 142 135 141 150 126 127  39  52 149 162 151 138 169 134 157 156   2 172  65 152  50  66  80 163 161 174 158 173 160 111 153 168 171  54  79  67 166 176  68 146 155 107 106  93  36  81 170  25 140  35  78 167  63 175  64  72  94 139 164  49  43
  110 184  91  95   1  76 128 137  52  27  10  22  13   2  35 182  97 166  36  21  73  40  50 105 159  67  88  90  70  16  11  83  56 194  32  60  33  23  74 126  51  42  93  30 154  98 164  81   7 178  14 180  61 179  45  55 175 158 163 160 171 191 155 153
  106 114 145   0  61 129 107 104  31 105 143 130  96 103 132 140 134  47 185 146 189 183 118 131  45 135 120 133  92  13 193 124 121  42  20  24  27 125  41  71 192  29 139  75  85  98 188 128 147  46   5  48 110 116  90 119  12  49 138  15  97  16   6   8
  107 147 136 141 146 137 150  68 148 135  72 140 160 169 138 152 157 134 161 142 149 156 139  55  16 151 153 164 158 174 172  67 163  66 127 133 143  50  79 155 154  88  80  65  51 175  38  77 173 177  53 176  94 111  54 109 159  57 171  64  81 162 124 108
   43 112 182 126 194  14  60  41   7 128  22 197  97 117  35 184  34  90  56  76  21 179  17  13  62  20 131  19  33  84  27 119  36 180 105 192  75 195 196   6 132   4  73 166  18 121  23 191  52  86 130  42  45 116 120  59  44  69  32  98 183  15  61 129
  102 124 146   9 126 134 123 133 188 147 122 125   0 136 132 120 181 137 141  77   1  25 131 190 178 115 103  58 135 138 187 144   8 140 127 107 114  40  38  28 186 130  86 142  46  83 121 148  68 150  44  29   3 145 119 100 139  55  59  16 169  17  70  54
    1  76  25   9  91 126 181  52  35 178  36  54  72  83  38  56 166 123  22  89  23  69 188 190  44  86   7 187 122  28 184  73  84  21  77  87 182  63 195  60  59  17  93 102  99  43  11 113  33 124 125 108   8  58 168 167 162 179 186 117 116 100  74 137
    1 166  76  35  36  22 126 178  52  72  56 137  91 181  38  11  50 111  54 167 100  83 136 102  21 128 169 184  67  86  28 195 147  93 161 124 123 155  87   7  43 157 127  23 168  33 122  59 152  77  39 160 153 158 188 134 177 164  55 162 163 174 187  62
    1 137 166  77 178 181  91  23  76 100  25  35  93   2  86  36  30  73 126 144  43 112  60 184  22  40 182   8 187 179 136 124   3  59 155 160  83 156 177 150 195  56 164  82 123 165  44 147  14 154 102 167  50   7  38  67 142  70  71 161  95  17 186  26
   69 111  24  37   9  53 109  85 166  51  90  48  58  39  96 112 186  93 177 170  41 176 175 163  52 155   1  82 106  65 164  81  57 165  26 185  63  32 188  91 159 173 113  80 108   0  78  66 162  92  79 153 158 157 174  25  62 193 172 171  34  49  86  67
  106 109 148  78 151 149  49 135  93   0 157 143  64 150  26  80 146 147 140 172 152  81  65  92 111  66 175 136  79 174 153 163 164 161 162 141 142 170 173 156 176 107 171 158 160  90  53  50 167 177 168 138 127 139 155 154 134  72 169  37  94 159  39  68
  106 112  43 104  27 165 145  87 140  48 114 146 183 107 143 132  92  61  96  47  30  10 129 105 103  39 134  49  97  31  85 131 130 133 109  71 135 147 193 170 185 141  41 121  86 110 167  34  42 136  32 154  26 152  62  75 164 142 177 139 144 168 149  74
  106  90 145  34 143  43  96  41  78  49  92 140 135  85 109  12 104 129 183 112 139 132  10  26  61  37  63 151  69  39 148  27 146 142 133 149  57 159 134  31 193 107  20  32  47 162 165 138 130 108 157 155 141  87 121 152  64 136  48   0 101 154 168  65
   32  20 128  97  34  21  48 193  31  27  84  69  12  90   6  10  22 108  73  85  37  13 117 192 129  61 194  49  41   7 180 118  83  14 191  52 143  35  99   0  56  45  62  76  33  63  18   5  74  98   4  19 105 119 107 179  42 104 101  87  11  60 116  28
   12   0 106  52  41 145  20 129 127  84  38 109  89 141  54 135  96  72 133 138 118 139  69  11  34 162  57 108  33  28  37  73  59   6  55  63 151  78  90 142  85  88  32  64 117 119  15  49 121 134 111 146  68 193 148  98  46 155 122  21 136 189  99 147
  114 129 106 103 115 145   3 104 194 178 189  59 193  18 181  99  75 113  44  85  46   5   8  74   4  19  47  17 195 197  61 192  45 112  20  29 122  96 100 118   7 179  13  23 190 130  31 116 131 117  62 124   6 180 196 121  24 119 101 132 123  60  91 191
  106 112  96  41  39 104 183 114 145 129  62  47 109  85  43  61 103 101  26 185 193 132  97 121  49  34 111  31  20  29  90  75  71  48  42  92  46 192 189  86  78   0  24 180 181 165   3 196 194 131 119  30 107   6  12 197 186 130 105  18  15 146  45  14
  106 129 145  49 143 140 146 109  90 142  78 135 147 134 151  39   0 132 148 138 139 133  41  92 104  64 149 107 150 136 141 165 157  34 114 171 153  85 183 152 121 160  47  97 170 156  80  43 127 155  65  37 172 173 161 159  63  94 154 158  61  66 163  79
  106 145 129  49   0  41 132 134 107 143 147 114 104 138  39 109  62  20 146  85 135 142 139  90  78  97 133  61 118 140  47  43  64 151 103 148 127 131 136  75 197  37  92 150 121  31 149 193  96   6 117  34 141 130 128  46 119 111  44  21  12  84 157  32
    1  22  97 119 106 113 124 111  55 125 101  48  33  85 115 102 103  46  41 146  21 123  86  28  44 195  39 132 128  84 129  42 117 178  74 104  14  59 138   2 133 181  56  49 194 131 126  29 191 187  18  69 134 105  47 114  11 192 121   6 197  90 118  40
  141  58 147 134 169 150  95 135 148  38  64 110 122 136  50 138 163  78  16 129  49  35 146 102 107 149 187  55 151 184  87  94 173 174 171 158 197 172  67 156  66 108  79 157  70  51  88  80 144 166 160  62  81  54 152 106 139 132 176 167 161  91 133   2
   30  43  27  35  73 180  98  91 144  34  63  20 122 110  31  97  13  69  59  36  87  10  74  12 116  99  19   5 105  83  60 121  61 182  75 128  18 141 190  32   7  70 193   4 184 196  56   6 130 189  17 117 131 194 118  45 113 197  29  14 112  47  55 101
  124 115 102 190 114 188  40 123   0 122 125  28 113 178  38 126 103  20  46  84   8 189  99  44   9 127  29  58   5 191 128  13 117 129 118  83 186   3   4  59 187   6 181  55  45  77 179  88 192  23  19  54  18 116 120 197 119  98 101  25 195  24  17 134
   36 148 147  72 136 142 127 135  54 134  52 132  35 169 146 150 141  43 151  25 107 157  87 138 162 152 149  78 111  62 126 156 161 155  68  38  65  66 109  50   9 172 163 168 174  41  39 160 153 158 144  15  79  80 173  81  89  11 120  64 133  56 102 139
   38  76 126  91   1  73  83 166 128 178  28  11  52  59  54 190 137 124  35 184  60  55  20 108  13 117  88 123 102 125  40  21  84 113   7  58 197  56  22   6  95  33  89 191 189 122  32 182   4   5  72  17  44 105  27  98  99   8  18 116 187  23  19 110
  129 145 126  22 117  21 197  75   7 128  91 132 131  41  60 194  14 118  84  59  97 123   6   0 104  20 196  33 120  17  76 195  56  19 121  18  44 116 106   4 122  13 182  43 178 166 180 134  15 119 105 179 124  35 191 189  83  98  99  46  32   5  85 192
  106  34  90 112  85  32 145  41 129 104  31 193  61 194  43 101  20  12 192  75 117  62  96 143  27   6 108  47  21  15 132 118  48  13 180  89 183 119  37  19  18 139   7  49  45   5  84  24 111  97 121   4  92  42  33 195  46  29  17 179 130 128 131 197
  106  41 129  85  43  97 145  90  62 104  75  39 112  20 111  59  21  33 132   6 197  49  34 117  14  22  84 196 126   7 194  60 138  96  12 182  44  73 134 119 118  78  32 128  47 192 131 109  46 195  61 193 123 135   2  17  54 107 166  36  18 121 179 142
  106  96  34  26  61 183  31  69  41  47  12 185  97  90 114 129 193 145 104 109  92  48  85 112  20  49  78  43  37   0  30  39 189  71  29 121 180 186  24  42 196 192  63  45 103  75  10 194 101  27 165   9 140  82 182   3   6 130 132  13  18  60  32  64
  106   0 145 114  96  92 109  31 129  49  61 143 104  48 183  47  85  41 185 107 132 146 140  90  26  34  78 133 193 103  20  37  97 135  64 165  39 130  12  24 108   3 139 149  27 118 134  15 192 151  29  71 121 148   9  10 141  94 186 138  69  45 101  32
  106 145   0 143 109 107 140  96 135  90 146  49  92  78 133 138 134 141 129 139 142 151 148 149 183 147  12  26 132 104  41  85  57  64 114  61 150  34 136  37 157 159 152  65  47  39  31  63 156 172  80 162  66  94 171 111 121 130  20 153 127 165  82  43
  106   0  49 143 145 135  12  90 139 107  78 109  64 138  37 140 129 151 146 149 148  92 133 108  26 134  31 141  96 159  57  53 142 150  65  66 172  80 157 173 156 160 127  10  81  85  61 162  16  55 174 163  79 153 161 176   2  39  20 152 171 158 175 114
  106  12 129 114 145  61  31  20   0  96 143  34 107 193 118  29  41 109  47  85  92  90 104  45  99   6  84 185 183  15 133 180 108  32 189 103 192 146 121 101  49  46  37 135 105  69 130  78  97 132 127 119 194 113 140 117  98   5  26  24  18 115 139  48
  106  96  26 114  92 109 107 145 141   0  39  31 140 185  82 149 183 165  61  53  49 142 176   3  78  37 143  10  64  16 148 146 170 108 151  85 133 177 150 129 104 175  90  51  94  65 159 139  47  27 135  80 172 171 138 152  48 173 174  66  57 112 156  93
  106 114 129 103   0 132 145   3  31  15 104  41  47  61  20  96 146 196 133  75 130 185 181 183  45 118 134 193 192  85 188  24 109 131   6   9 107 115  92 105 122 180 101  48  62  19  26  29  18  99 186 121   8  34   5   4 189 112 119 117 113  97  84 124
   39  90 111  85  12 106 109  69 107  55  26 101  37  63   2  57 127  52  41  92  49 100 108  34  96  62  53 128  25  10  78 176 175  65  33  93  64  82 185 112  80 104 159  48 183  66  67  81 172 162 170 143  32  72  79  51 180 194 193 151 168 157 171 174
  106 114 145  49  96 143  61 129  78 140  92  26  90  31 109 107  64 138 135 133 183 185 149   0 141 146 139  47  37  82 151  53 142 148 165 134  85  10  12  41 104 159  16 170 150 176 171  94  48 130 175  80  55 172 173  39  34  65 177 105  20  97 174  70
  114 106  61  31 129 145  45  47  30 103 105  97 104 193   3  27 130 185 180  96 131 189  74 121 194  29 132  13 183 196   5 118 192  18 133  19  75  34  99  71 146  26  85   4 116  48 112  20  17  15 113  70   0  73  42 110   8   6 179  92  41  98 190  24
  106 114  31  96 145 129 103  61   3  47 133 185 121 183 193  30 146  45 104 132  34 109 180  92  26 189  29 125 130 140  24 186 118   0  99  41  20  15 196  85 192 115  75   9 131  71   5  48  18 119 116 134   6 194 124 188 113   8  12  27  74 141 122  19
   16 141 138 149 106 133  49 135 151  64 140 148 162 150 146  55 156  88  26  78  53 159 154 172 152 174 153 171 176 164 173 139 136 160  81 158 175  65  80 169  66  79 142  67  94 157 168  95  82 155 127 161  68  51 163   2 147  12  69  10 134  50 177 170
   12  55  16  73  28  38  69  88  77  11 110  40  95 113  26 125 184 102 196  42 144 101  70  68  52 187 189  29  97  53  82 162 108  59  74 115 126  57  60 124  83  33  45  98 119  37   2 169 174  81   9  20  64  67 138 130 175   8 185 127  94 186  56  54
    0 106  12 135  49 138 143  55  64 146 107 133 142  78 139 129 145 108 149 169  88 144 151 134  37 148 140 109  57 141  68  20 147 114 150 156 161  90 118  96 159 160  11  98  41 172 152  66  53 153  80 163 174  26  65 157  81 154 158  67  79 173  61  16
  106 143  90 146 135  78 148 138 145 132  49 109 139 111 107 151  92 140 149 133 134  55  96  26  12 141 142 127   0 147  41 129  85  37 183  57 136 150  64 162 152 157  34  39 155 164  53  69  65 175 153 160 156 172 174   2  79  66 161  81  80 159 176 171
  106  12  41  96 114 129 101 183 145  34  85 104  61  20 193  47  31  97  69  90  29  55 132   0 107 119 109 133 192 180   6 103 130 113 185  24  45 118  46 189  49  84 196 146  26  78 121  39  18  48   3  99  14 131 117  32 111 115  42  92 108  15  19 105
  106  96 109 114  12  26  49 129 185 183 145  20   0  47  31  78  85  34  41  69  61  90  64  92 193   3  29 108  24  39  71 104  55 186 121  53 180 101 189 112 165 142 130 132 149  82  37 103 133 111 143  46  62 192 146  73  32   6  70 148  42 170 140 119
  106 114   0   3  26  96 185  55  16  77  70  53  12 186  29  82 183 133 130  31  98   8 103  88  47 113 115  68 138 146 145 102 141  64   2  24  71  40 144 148 108 149 109  39  61 142 189 187  92 150  30  95 169 125  25 176  46 132  45 129 193   9 175 139
  113  40  55 115   8 114  70  74  16  99  98  12 190  31  11  45 194 193  38  28   3  24 191 185  13  29   5  77 189  88 102  18 180 192  59 105   4  42 187  33 101 196 188  73   1  46 116  23  83  14 110  61 179 118   6  84 119  44  19  54  20  15   0 130
  110  70  55  40  16  95  31 105  98  77  88  53   1   8  27   3 114 185 113  74  45  61  10  15  13  82 180 196  30 102  11 194 169   2  37  48  91  81  32  26 164  99  94 190 187  67 191 175  97 108 192  24  58 144  79   5 193  28 130 184  51  12 176  42
    1  16  55  77 110  40  88  53  70  95  68  82 137 113  67 169  81  11   3   8   2  79 175 174  12  51  26  37 163 173 164 172  66 156 176  58  54 158  65  38  28 154  94  80  98 185 177 159 162  50 186 160 153 187 170 190 161 149  64 144  57 171 168  36
    1 110  70  91  40 184  95 190  56  98  55  58  83  27 105  45  88  13   8  11  74  10  77 113 180 188  87 187 196 102  31  99   5  16 125 137 122   3  36 191 116  30  53  97 194  15 179  32  28  19 197 169  38 182  67  17  94  50 167 185  35  73  18  61
   11   1  56  36  33  54  28  76  52  38  88 128  22  98 190  83  89  84 191  35  21  12 182 197 195  73  23  59  14  32 110 179   7 194  55   6 184  99 137  91  60 115  40  19 116 192  44  13   5  95  17  15 180  57 118   4 100  46 126  20 113  45  72 119
    1  70 110  95  55  16  40  88  77  82  10  53  98  27  67 105  11 175  31  13 185 184  94  81  51  79 113   8  61 177  15 169 174  50   3  37  45 137 176 164 190  38 171 173  68 172 159  57  91  66  64 154   2  74 158 180  26  80  58 163  65  28 168 170
   55 110  16  77  70  40   1  11  95  88 113  82  12  53  98  73  28  68  10 144  67 190 185  38   8  81 102 169  45  74  79   2  26  37  57  51  13  52 174   3  64  94  97 173 175  50  83 137  27  66  29  54 187  42 154 163  25  99 161 172 164  32 159  58
    1  40  55 113   8  91   3 190  70  77 115  99  98  58 114  38  28  59  11  88  74 178 122 105  15   5  13 102 189  45 191 196  16 110  83 197 103  19  18  31   4 180 192  23 188  24 125 124 194 100 185  84  27  54 195 116  17  61   6  44  33 179 181  32
    1  40  91  77 178 113 184   8  36  11 190  23  83  59 115 187  38  16  55  28 110 122  99  56 195  74  54 181 137  70  88 188 179 100 194  52 102  53   5 116  33  95  25  98 182 124  22  13  30   7  44 125 196  58  86 166   3 197 189 191  17 169   4  18
   95  16 110  53   1  40  82  88  93  70  51  81  77  37  94  79  91  31  67 177  50  10  69 184 175 173 185 176 170  52  80  55 167 171 174  27 172 159 158  66 113 154  65 163  24  48  13  64 164  58 137 153 168 165  92  57 169  26  68 186 166 160   8  63
   16  88 137  55  77 107  68   2 138  57  73  64  11 150 139  28 161  38  53 146  70 169 135 156 160  67  95  50 149 148  82 151 136 174 158 153 172 152 147 164 154 133  66  94 141  79 163 142 157  54   0 159 173 108  12 144  81  80  51 175  65 140  40 127
  110  31  61  27  24   3 193  15 113   1 114 180 185  70  45  13  32  40 192  98 105  10  99   5   8  53  20  19 101 191  47  37  18  16 190 112  29  58  96  55 194  69 189  12   4 186   6  74  42  71  87  48 183  30 179 196  97  77  82  34 103 182 197  23
  106 114  55 185  70   3  61 101  31   0  12 113 193  47  26  29  98  96  77  45 180 183 192   8  48  53  49 197  20 108 111 186  32  64  85 196  74 103  99 194  24 115  46   6  42 105  18  92  82 104 189  13 191  15 102  97   5  71  37 130  78  88 190 187
   55  70   3 113  40  77 185 114  16  31  24   8  61  45 102  53 186 115  99 190  13  12  95 187  58  88  98 180 110  82  15 191 189   1  48 196  71 193   5 105  20 183  74 103  38  26  42  29 101  37  47  25 192  18  28 188 108  11  94   4  10  96  19  27
    1  91  40 137  11  88  70 110 184  95  38  55   8 178  74  59  77 113  28  98 190  16  83  13  56  73  54 115 102  76  45  27 179   3 114  58 197  23  99 194 166  32   2   5  33 196 124 191 105 195  22 128  17   4  44 187  19  97  18  60 180 189   7 122
    1  40  77  16  70 110   8 137  55 113  88   3 190  11  95  38 102  53 178  58  28 188  83  74  91 187 100  82  25  98 115 184 124  23  68 169  54  67   2 186 185 125  13  45 114  99   5 105  94  51 175  56  50 177  81  24 181 122 179 191 164  79 174 176
    1  77  40  55 137  16  38 110  11  36  67  91 178  70  88  54  25  95 102  52  53 169  28 184  72  50  82  83  93 113  81  68  58  56 166 188 190   8  79  51 174 164 175 187 177  35  76  23 158 168 163   2 167 100  66 172 156 173  94 155 176 161 154 162
    1 137  91 110  40  11 184  88  36  56  77  95  70 178  83 190  38  76  54  16   8  23 166  35  55  28  58  67 169 113  52   2  22  98 100  50  59 182 197 187  53 181  74 179 195  68 102  73  27  51  33   3  81  13 174 188  99 191  79 154  17 194  82 158
    1  40 110  38 137  11  16  95  77  88 184  55  70 190  28  91  54  83 124 102 188  36 178  67  56 169  58   8 125 187  52  76  50  98  68 126  35 113  72 122  51  53 115  81 174  79 158  87 163 161  25  23 166 144 156 160 154 164  59 167 173  66 172 175
    1  91 184  40  76 178 110 137  38  35  36  95 190  83  11  77 166  58  56 188  70 102  88 126   8 124 187  28  52  16  54  23  22  55  50  98 122 125 169  67  59  72 167 195 115  13  87 182 113  51  25 191 105 128  74  99 197   7 179 100 116   5  68 181
    1  76  40  91 184 137  38  11  35  77  36  95 178  83 166 110  56  52 190  88  28 126  54  70  22  16  23 124  55  67 102  50 188   8  72  58 187 169  59  25 125  98  13  33 195  87 100 167 128  51 182  93 115 191 122  89 113  68 158  53  21 179  74  86
    1  76  91  38  83  40  11  56  35 184 190  36  22 178  28 137  54  52  33  23 110 126 124 195 128  77  95  21 188  13   8  59  88  98 191 166   7 179 125  89  58 115 122 113 100   5 182  99 116  84 197  74 102  55  60 105 187 123  19  70  72  17  86   4
    1  95 110  91  40 184  35 190  36  11  88  70 137  38  76  77  56  98 126  55  83 124  28  52  16 178   8  67 125 169  50 105 188 187  13 102  58  54  23  51  59  72 122 167  22  87  53 182 128  68 144  81  79  33  89 158 116 163 115 166 174 191 154 168
    1  40 110  91 184 137  77  36  76  83  95 178  11 190  38  35  56  70  16  23  88   8  58  54  52 188  22 113  28 166  98 126 182  67  55  25 187  13 102  74  50 195 124 125 105  59  72 169  53  33 191  51  93 100 179 167 128   5 115  86  89  87  81   7
    1  40 137  77  38 110  91  11 184  76  16 178  95  88  70  83  36 190  28  55   8  58  56 166  54 102  35  67 169 188 124  50  52  72  23  68 187 100 113  51 126  53  98 122  22  59  25 125 167 115  74 105  87 158 174  79  13  81  93 163 195 177  82 160
    1 137  76  38  36  40  91  11  77  35 178 184 126  83  52  56 166  54  28  55  95 110  88  72 190  22  67 169  50  23  16 124  70 102   8  25 188  58  59  33 100  51 187  68   2  93 195 155 158 167 113 174 182 125 160 163  81  79 161 128  87  53 156 168
    1  52  35  76 137  38  36  11  54 184 126  56  40  28  91 166  50  95  67  83 110  72  88  55  77 169  22  16 190 155 178 188 162 161 163  81 158 102  79  68  25 174  73 154  51 153  33 167 160  87  66  69 128 156 187  58 124 125 172 164 173  93  89 168
    1  91  40  76  11 184  83 110  38  56 137 190  36  77  28  88 178  95  23  35  22   8  54  13  55  70  98  33  59 126 113 195  52  58 191 179 128 105 182 197  74   5 166  16 115  89 124  21   7 102  60  99  19  73 116 100  67 125  45  17 188 187   4  84
    1  91  40 137 110  95  77 184  88  38  16  36 178  70  11 190  35  55  58  83  76   8  28  56  67 166  54  98  59 124  52  51 122 169  72  23  50 188  13   2 115  53  74 113 102 187 125 100  68 105  82  22  15 195 126  81 144  79 158 174 197  33   5  93
    1  40 110  83 178  91 184 190   8 137  77  38 188 124  22  11  95  23 125  74  70 105  76  56 113 100  28 195  25  36  35  13   5 126 182 102  98 191 187 115 179  99  87  16  55  88 116  54 144  19  33  89  45  86  67 122 123  30   7  14  59   4  52 128
    1  76  91 137 166  38  40 184  36  35 110  11  83  54  56 178  88  77 126  58  95  52 190  22 188  50  28  16  67 102  23 124  72  70   8 169  87  55 187  51  59 182 167 105  13 195 155 100 158 160  33 164 163 125 122 191  74 154 128  93   7  79 174 168
    1  91  38  76 178  36 190  35 184  56  83  40 166  11 188 126  22  23  58  59 124  77  28  54 125 195 122  95 182 187  55  98 102 115  52   7  72   8 197  33 181  70  99  88 179 123 191  89  13 113   5 137  84 116  19  60 110  87  21  44  17  86  25  74
   22   1 178   7  83 195  21  76 126 123 181  56 117 179  33  23  59 128 101  60  44 197  17 190  86 115  84  19 119   4  62 122 124  46  18 116   5 191  99  91  14   6  28 100 113  75 166 118  38 189 125 194 192 102 196 188 103  13  89 182 131 112 120  36
  178  91  22  59  56   1  21  83  33 197 124 128   7 122 195  76 129 194  11  44 126  60 123  14 117 196 166 115 131  28  17 179  13 116  19 125 190  74  99   4  18  84 144  23 191 118  38 105  35   6 145 120  97   5  75 137 182  98 184 100 132 134 119   8
    1 178  76 126 100 181  23 124  22  83 166   8 102 123  91  38 190 188  25 115  86 195  58 122  59  77 179  28  40  62   7 184  44 137 197  56  21  19   5 187 125 128  17   4 113  99   3 120  36 112  33 103  35  46  11  60  54  18 117  13  74  72 116 191
    1 178  83  91 181 190  23 126 184 188  22  76  38  56  36  59 124 195 102   7  25  35 122 125   8 179  40 115  99 123  86 182 187 100  17  77 166  60 113 197 116  11  98  54  19   5  58  30  28  33  21   4  44 191  18 120  14 189  89  74  46  84  43  75
    1 110 184  91  76  35  40  27  95  87  36  13  83  23  10 190  22  58  70 105 137  56 166 128 182 178  38   8 195  88   5 113  19 167 191 194 180   7  45 179  16  52  74 188  32 112  67   4  31  77  51 100  89  59  99 116  15  50  11  98  30  60  21  17
    1 178  76  91  22  36 126  83 166  56  38  35 190  23 184 195 100 181 137 124  40  11 188  28  77  59  54   7  86 123   8  21  58  33 102 122 179 115 125 197  52  44  72 182  25  60  17  89 113 116 191  19 187   5  74  99   4 128 120  84  18  62  14 117
    1  76 178  36  35 137 126  91  22 166  56 184  38  83  11  40  23 124 190 188  54 181  28  52  77 102 195  58 100  59 128 123   7  21  86 125 187   8  33  72 122 179 110 182  50  60 197  25  67  95 115 169  87  17 167  70  44  88 136  93  89 191 113  13
    1  76 137 178  91  36  40  38 166  77 184  35  83 126  11  56  52  22 110 190  23  54  28  72 188  58  95 102  67  25   8  50 100  88 169  55  70 124  16  93  59 181 187 167 195  51  87  68 177 182 158 168 174 155 163  33  86 113 125   2  81  79 164 160
    1  76 178  36 137  91  38  40  77  83 184  35 166  11  56  22 126 190  54  23  28 100   8 188 102 124  25  58  52 195  72 110 181  86  33  88  59 115  55  67 169  93 187 123  70 125 128   7 113  95  21 182  16 179  50  89  87 167 191  44  68 122 197  51
    1  76  36  91 178 137  38  77  35  40 126 184 166  83  11  56  52 190  58 110  25  28  22  54  23  72   8 169 188 102  95  67  55 124  88 100  50 181  70  16 187  93  59 167 195  68  51  87 125 168 182  33 163  86 158 113 174  53   2  81 155 123  89  79
    1 126  76  91 178  36  38  56  22  54  35  83  11  52 166 137 190 184  28  59 124 188 181  77  23  40 123 102  33 195  58  72 125 182   8  55  25 122  89  21 115 187 169   7  88 179  84  60  67 100  44 113  50  17  99 116   9 128 120 197  86  68 155 191
    1 178 126  76 184  91  36 166  38 188 190  35  83  56  22 102 181  23  77  58 124  59  40 187  52  11 122  28 182 195  54  72  25 125  55 123   8   7 115   9  33  86 179  60  44 191 197  99 169  89  21  87 100 116 167 113  70  17  98 196 137  19  84  50
    1 178 126 181  76  22  91  23  83  36 166  59  56   7 195  35 123 188  86 190  60  44  38 124 100 179 115  21  33 184 102 122  25 182  11  28  77  99  17 197 116  84  43  46  54  89 117 113  75  19  40 187 125   4   8 189  62   5 191  14  52  18 119  58
   43  35 112  22  34  97  27  32  76 106  36  56  39  90 129  91 182   7 166  63  75  41  60  73  49  10  30  69  21 143 194 180 104 121 117  62 165  61 193 145  85 179  14  52  20   6 131  19 192 159  17  23  33 195  87 128 184 196 119 155   4  47  99 147
  106  49  92  90 109   0  78 143 151 149 107 140  64  26 141 148 135  39  96 159 152 145  80  65 157 170 171  37 164 139 172  94  81 153 175 165  66  63 146 111 142 162 176 147 174 156  79 173 160 150 158  57 138 155 154 161 177 163  82 133 168   2 136  10
  106 145   0 109 146  96 135  90 132  41  49 140 129 143  39  78 134 148  92 111 133 142 138 107 139 147 151  12  85  26 104 183 149  34 136   9  37  64  47 157 127 150  43 141  62 152 170 162  65  20  80  57 155 153 103 172  66 156 161 173 121 130 160 176
  106 145 129 132 114 104  41  90 134  39  85   0 121  75 112 146  62 118 120  34 127 101 119 183  20 131 103 117  47  92  60 143 111 138 123  14 107 130  61 193 147 135  46 194  22   6 189  96 109 105 124  42  84 128 133 188  21 182   7 139  12 179  45  43
  106 140 146 147 145 148  92 142 136 109 133 135 107 134 143 138 151 141 132 150 149 139  78 157 152   0 160  49 164 155 156  96  26  39   9 153  90  65 161  64 159 165 170 171  80  66 172 158 174 163 175 154  43 173  94 162  57 183 176  41  79 177 168 127
  114 103  96   3 106 181 104  47 178 129 115  75 188 145 183 113  24  29  71  61 112 101 121 185 100 193  99  86 131  31 132  46  30  18   8 130 122   5 189  74   9 186  19   4  48  17  45  62  85 124 190   0 192  23  41  77 195 120  25 180 146  15  39 116
  109 106 142 148  39 140 111 147 146  93  43 136 149   2 166 135 150 157  80  49 170 138 134 133 152 156  65 151  26 171 172  96 145 164  81 165 141 153 163  66   9 160 173 174 158  92 167 176  78 169 162  63 168 161  79 175  94  64 183 155  50 177  53  82
  181  62  85 112 100  43  86 178 106 104   9  75  41  22  39 103  96 123 195   7 145 132 166 111  44 129 109 183  23 121  46 119 101 131  21 188  47  17  14  76  71 117  48 179  60  19   4  18 122 127 115 197  59 130 193 124   3 134 186  24 194 120  25  83
  103  96 181 123 188 178 100  85  75 104 195  41  22 124 115   9 101  86  39 121 145  74 106 113 119  23  46 132 131 120  17   7 114  24 129  44  99  18 193  21 179 112 117   8   5   3  29  47  14  25   4 116 118 130 189  19 146 125  60  83  91 183  59  84
  106  96 112  39  43 114  26 181 104 165   3   9 183 103 109 185 178  71  85  25  75 100  92  47  93  30 186 145   8 121  48  23   0  41  24  62 177  91   1  77 141  27 193 142 166  61  86  82 170 111 129  31 132 176  29 195 131  74 167 105 175 133 140 189
  106 142  39 136 140 141 148 149  26 146 150 109 138 133 151 147 145 111 157 156  96 134 135  82 152  92 139 160 155 165  65   2 127 177  93 170  80 171 176 172  43 162 174 175  66 153  53 159 163 166 164 158  81 132 107 183 173  79  51  94 161 154 112  67
  106 145 129 104 143 114 132  96  61  34  41  90  92 112 183  43  85  47 193 121 109 140 130 134 131  31 133  75  27  20 146  78 192  39 103 135 165 185 194 180 119  49  71 118  45  32  97 142  24 117  48  29 147   6 139   0 138  26  42  62 105  13 148 107
  106 145 114  61 129 104  27 132  31  47 193 130  96 112 131  85 103 105 140 143 121  45 183  41  75  34 133  13 189  97  92 134  20  32 192  43 118 185 146   3 180   0 165  48  19 107 194  18  30  71   5  29  24  42   4  49  90 119   6  74 139 120 109 116
  106 145 109 129 107 143 104  90 132  92  49   0  31 140  85 146 183  41 114  78  96  48 135 134  61  47  20  34 133 139 165 147  64 185 108 130 103 121 131 118  10  62 148 111 141 151 193 112  39  37  57 142  26  27 138 127  63  94 149  24  32  71  75  12
  106 145 109 129 140 146 132 143 107  49 104   0 133  41  92  96 135  90 134 183  85  78  47  31  61  26 147 121 114 141 139  34 103 131 148 151 142 165  48 130 138  43 149  20  39  37 136 112  64 193 127  75 118 185  63  24 111  10  62  97 157 150  15   9
  106 143 145 140 109  49  90 146 135 107  92  78   0 134 129 133 147 132 151 139 148 104  96 138 149 183 142  41 141  64 136 165 157  39  85 111 152  63  34 170 121 153 159 150 161  37 171 160 164  65  47 114  80 163 172 154 173  61  57  66  26 158  94 175
  106 109  90 143  78  92  49  96 107 135 140 183 145 148 151  26   0 149 142  64 146 157 111  39  65  41 152 175 170  57  34 139 134  37  80  12  66 172 138 147 164  93  63  85 163 171 162  53 133 176 173 159 174   9  81 153 177 141 150  79 168 132 156 104
  106 145 129 132  41  31 104 114  61 143  20  34  47  92 109   0 107 146  96  85 140 103  49 183  97 121  90  48  75 131 193 133 118  27 130 135 134  78 105 147   6 117 185  45 192  42  15 112 189  87  12 180  24 165 120  43  62 119  71  10 139 196   9  18
  106 109  90 148 111 149  49  78 151  92 135  64 175 162 157 143   0 150 176  65  80 140 152 172 171 164 107 127 155  66 170  26 136 141 174  94 146  79 153 173  81 142 168  93 147 156 161 158 160 134 177  39 138  53 139 159 145 163 165 154  72  57  50  68
  106 145  90  49  39 129 132 143 140  43  92 104   0 165 147 134 183 107 148 135 109  78 150 151 139  47  34 121 138  48 112  41 146 142 136 133 170  85 149  31 171 141  61 130 152 167 157 159  75 131  26 114  71  80 160 185 103 177  65 176 164  42 168 175
  