114 130  25  15  10 129 145 137  31   3  20  43  61 132  27 146 197 117 109 143  76 139 121 105  92 120 115 135 107 127  59  34  42 118 136  26  19 147  44  70 134 191 101  99  75  78  47  13  84 131 123 125  32 165 122   6  60 104  85 150 128 124 119  57
  148 161 151 162 154 164 155 149 157  53 158 159 156 175 152 140 173 168   2 153 150  66  67  64  50 172  65 160 174 133 171  82 147 163  79  81  80 106  92 176  54  68  52 169 139 127 136 141 138 170  93  57 142  94  69  10  51  37  78 135  39 109 137 146
   95 165 141  16  94  82  27 110 167 177  35 170  43 171 168  58  93 166  77  51 173 150 163 175 140  80  79 164 176  72 172  26  81  10 158  53  50  71 153  65 174 149 147 160 156 152  70  69  66 106  67 154 186 178 136 157  31 159  64  30  40  92   3  96
   62 112 114  23  31   3  13  25 197  71  70  43  75 180  19   4  76 184  59   8   7  24  20  44  18   5 190  61  98 104 100  86  46  99 115 189  47 178 131  30 130  60 195  27 103 194 192 191 179  83 116  17 119 125  45 187 186 193 182 128 120 124 129  15
   15 197  44  13  76 115  60   8  20 116  19  23  98 192 194  18 119   5 117   7   4  45 189  99 124  46  83 112 191  17   6 195 193  86 190 181 125  25  62 179  61 118 196  59  84 180 114  38  75  12  31  33  14  21 129  24  89  42 120 121  41 130 103  70
   15  76  44 197  13 115  38  60  23  20  62  59   7 117  99  19   5 189  84  18 194 190 116 192  83  98  46 112 124   4   8 119 193  17 114  86  25   6 181  45 195 191 125  75 179  61 118  12  33 129 196 180  21  24  28  31 120  42  56  14 126 121  89   3
   98  15 197   8 181  12  13 196 116  44 115  76  45 124  25  17 119  60  61  73 117  86  70  21  18 194 189  99  23   7 192  20 121   5   4  84  83   0 125  46  19  31  41 193 187 190  30  29 185  38   6  89  59  42  33  56 195 191 118 129  47  36 180 120
   15  44 197  20  76 196  13 115  19 192   8  59 116   5  12  18 117  60 194   6 193  17  99 179   4  98 119 191  46 195  45 189  84  33   7  38 118  62  41  83 190 181  75  23  21 124  56  61  89  28  86 180 125  24  85 129  32  42 112  14 113 130  29 126
   62  31 112 114  13  76  23  70  25  15 197   7 180  71  61  19  44  75  99 194  98   3 192   4  24  86  43 193  20  18  27   5   8 195 115 191 104 100 189  30  47  60 184   6  45 186  59 183 181  38 119 185 117  46  83 179  17 129 190 182 118 116 101 187
  101 197 118 179  32  85 191   6 128 119  20 130 192 117 193   4 194  19 108  44 196  18 116  14  46 125 195  60 114   5  13  31 132  24  45 129 131 180  83  21  41  28  42 182   7  74 120  22 104 188  17 124 145  76 113 122 112  47 102 105 189 115  73  34
  133  89  12  56 123  29 102 144 134 139  11 106  54 179  41 181  36 131 182 138 148  33  73  26  98 146   9   2  17  28  46 147  24 120   8  14  53 145 116 141   3 125  21  59 190  88 188 195 127  16 100  57   4 142 121 192 187  22 162  97  83 124 118 191
  164 168  82 165 177 170 171 163 153 173 154  51 152 175 158  94 160 159  65  80  81 157 174 172  79 156 167  93  66 141 155  67 161 149  72 151 176  50  39 140 150 136 162  53 148  10   2  63  52  37  68 110  16  43  69 147  78  26   1 166  77  95  36  64
   82 165 108 164 168 154  94  77  81 177 173 159 174  63 170  95  80 161  79  65 160 150  66 172 175 176 110 171 156 158 152 163 153  26  72  51 149  67  70   2  68  53 141 157  69  93 137  50  37 140 151  49 162  16  43  64  48 148  52 167  92  10 155 169
  197  15  23  76 115   7  12  84   8  99 125  59  44 190  60  17 124  83 116 195  56   5 194 117  19  98  89  62  25 119  13  46  75  33  18   4  20  45 191 126   6 192 181 114  38 193 189 179  86  21 118  61 182  14 180  28  29 112 129 120 196 113  41 100
  112  62  60  44  13  23  19  75  99  76 189 192  59 115 113  15 129 194 193  18   6  84   7 196   5 116 119  38 195   4 191 197  20 117  42  83  86  17  46  41 114 179 125 126   8  91 124 180  61 101 182  45 190 104 118  24 105  33  85 111  89  98  47  97
    8  15  14  98  45 194 100 197  99  23 124 192  61  13  20   4  18  19 115   5 193 116  17 190   6 181 189 179 125  38   7   3 191 180 118 105 119  83  97 122  46  33  60 131  12 196 195 114 145 132  84 130 187  27  74  32  41 128  31 129  24 117 103  28
   27 112 141  16 165  77  95 166  69  25 178 110  58  35   3  62  82 114 168  93 140  71  72 177 175 164 170  53  23 167  30 184 106  31 171 186  43 176 147  26   2  94 154 158 187 169 153  51 163 136 173  88 127 122 137  79 160 152  10  96 162  40 149 174
   15  13 197 115  44   8  23  99  76   5 114 112 194  20  18  19 117  98  60  45  31  61 116   7 192  59   4 124 125 189  83 193  17 196 195 191 181 119  38 190  75   6  84 179  25  46 180  86 118  62 129  12 101  33 120   3 182  70  24 187  14 130  42 103
   15 197  13  44  76 115  23  60  98  19   7   5 194  20   8 116  18  99 192 117   4  45 119  62 189  17  83 112 193 124  46  59 125 190 195 191   6  84  61 114  86 181  75 179  25 196  38 180 118  12  31  33  21 129  14  89 182  56  24 120   3 113  42 101
  197  15 115  13   8  45 119 116 124  18 194  44   7  98  19 117   5 192  17  60   4  76  99 193 125 181  23  20   6 118  83 196 195 190  84 189  61 191  46 179  21 114  38  75  86  14 129 180  33 112  59 103  12 130  62  56  31 120  89 101 132  41 131 128
   73  12 119  21   8 196  45 124 197  15  98  41  89 116  56  13  86  17 117  33 181 115 101 125 145  61 144  29  25 132  44 108  54  60 118 121 194  18 100  30  76  36  83   0  14   2  42   7 192  46  23  74 107 130  28   4 113  38 185 133  84   5 195 126
   25  70  15  43  44 115   8  95  12  42 185 183  76   0  98  82  20 196  38  13  96 187 121  86  61  36  94  47  31  59  77 109 189 186  60  40  26  71 197 181  87  78  92 117  29   1  99 116  93 177  18  84 111 165  75 192  23  45  24  89  46 193   5  30
   15 196  59  44  76  41 181  75 189  20  91  84 115 193  36  60 197 192 179  38 116 121 117  17   8 195   9  97  12 126  42   6 191 194  19  33  46 190 124  99  43  47  98 129  96  89  18  56   5 188 109   4   7  62 182  86  24  45 123  29  83  23  61 120
   62  76  44 197  13  19  59  20  75 112 114  15 192 193   4  23  18   5   7 194  60   6 195 115 191 189 117 119  99 196 179  46 116  17  24 118 180   8  31 104  45  61  98  83  86  38 190  85   3 129 128 130 181  47 113 100  84  41 125  21  33 182 124 103
  112  25   8  23 197  13  83 115  44 114  60 125 124 187 190  86   4  18  46   5  19 181  20 179 116 184   7 189 194 117 192  42  98  71 178 195 191  62   3 193  76 182  70 119  99 180  15  45  31 120  17 101  14  59  24  38 102 129  47  75   6 113 186 188
  101  62  85 113 112  76  32 104 114  44 108 128  13   6 119 118 192 195  38 111  42 191  24  19 179  28  22   5  46   7  33  54 130 194   4  18  60 193 105 117  21 197 196  59 115  83  41 100  84  20  86  55  56 129  69  99  75  34  31  14  23 107 125 189
  114  62 112   3 130  59 131  20 122 129 197 118 101 128  19 125  31  44 180 132  23   5 179   4 124 178  28  13 102 108  27  32 190 120  46 191 145  18 104 194 166 115 189  83 192  60 123 103 119   6 117 106 113  14  15 193  71  75 105  99  58   8 195  38
   98  12  29  89   8  46 181 190  86  23  36  17  15 115  14 179  33 116  83 123  60   7 197   4 193  19 124 182  56   5  18  21 125  99 195  44 189  25 192 120  11 191 131  24  59  41  45   6  75 117  84  28 194 119 121  20 100 118  34  73 113  42 126   3
  164 177 165 168 170 175 152 171 163 157 167 154 153 174 173  81 161 159 158 160 176  94  79 172  65  66 140  51 151  80  39  93 155  82  10  92  67  52 156  63  50 149 162 150  69   1  49  78  90 148 136  72 166  48  37  87 141  53 110  64  43 109   2 107
   62  38  15 112 114  44  25  76  20  70 197  13  46  59 192 115  99  19 191 189 130 194  86   5 195  18   8  31   3  60   4 117 111  23 119  28   6 118 190 179  42 116 193 180 129  83  61   7  84  71 108  14 101  47  45 124  12 185  32 113 183  43  85  33
   62  20  19  15   5 197 114 189   4  75  23 192  59  46  44 191 179 180  18 116  60   6  13 195 115 190  99 193 125 194 117   7  83 118 130 104   8 182 131 124 112  14  24 129  45  17  61  84 120 113  47 119  98  76 103 132   3 105 196 123 128  86 121 122
   19 197 179  46 116  23  98 125  60 192   4  15  18   5   8 190  17 194 195  44 182 115  14 191 189  83 193  99 181   7   6  20 117  59 124  45 118 131  13 120 119  86  33  24  62  29 180  75 196  89 123  84  12  41  56  76  21   3 130  28 121 112 114 104
   36  82  95   2  81  80  25  26 150 173 156  65 148  79  77 163 168 161  66  52 162 172 167 174 155 147 152 171 149  43   9 157 175 158 151 170 153  68  53  50 160  51  86  12 164  94 186 154 187  98 141  39  88  16  30  35 136 177 176 181   0  67  93 127
   70  82 165  72 177  77  43 168 164  94  25  36  93   1  31  95 171 170 175  51  52  48 167 173  40  81 174 161  80 112  65 159  79 154 172  87  63  38 185  66 176 160  91 153 186 152 150 158 163  67  50 166 184 156 157  26  10  30   2 115  39  76  92 155
  108  12  56  73  44  76 196  98 197  21  46 116  28  41  42  33  86 179 119 192  60  70 111   2  85 118  55  14 117 194   6  20 185  29  13 121 195  18 181 145 130  32   0  83  49   4 191  24  59  89 182 128 101 124 120 189   5  19   8 109 102  34  36  22
   37 146  85  32  57  68   1 137  74 143  49  90  55  10  41  67 144 142 122  48  53  91 159  22 154 109 196  34 145  21   0  73  97 160 100  24 138  51  52 108 157   6 118  78  81 169 130 156 153  28 106 194  89  80  20 135 139  27 158 155 165 173  33   2
   82  10 165  87 177  94  70  43  48  93 141 170 168 167  31  80 185  26  27  37 110  81 106 173 163  78  96 186  64 171  30  79  58 172 184  49 174 176 183  95 164  66 158  65  71  77 149 140  72 175 153 157 143 150 159 154 152   3  50 102  16  63  53  91
   95  82  77 168  81 173  80  64  79 172 150  65 174  66  53 171 175  16  68 156 161 170  94 152 149 158 167 164  50 176  93 148 157 177 141 163  26 153  88 160 162  25 154  72  92 155  67  51 159  70  63 151 169  78 110   2  57  55 165  10 147  69 186   3
  164 165  39  27 177  10 110  93 168 170 167  82 171 175 154 159  37 153  31  69  43 173 152  51 163 140  96  53 158  81  67  65   1 161 157  94 160 155 174  66  80 184  48 172  79   9  58 126 176 112  87  26  72  36 162  50  78 106 151  90 136  91  16 148
  164  37  69 153 155 160 168 156 177 158 161 173  65 163  53 171 170 172  78  68 142  72 154 167 159 162 174 149  79 157 152 175  66  51  67  16  80  93  81  50 141  96 151 176 143 109  94 165  48  55  10  64  26   1   9  36 148 136  49 138  52  82   2  87
   62 114  23 112  75  59 197  15  19  99 115 190  25  38 129   7  20 180   5   8  44 189   3 125  13   4 194 193  18 124  60 195  76  83  46 191 116  84 120 192 117  61  17 131 103  45 104  98  31 179 118 130   6 113 126 119  47 123 181  86 182  43 128  58
   70 185 196  98  42 187 181 124  86  73  48 197 186 116  15  44 102   8  87  30 132  60  56 115  41  13  14 117 183 121 119 182  36  71  47  45 120  29  12 188 189 122 184   1  31  46  40  17 125   0 179  95 192 108 107 145  76  18  61  97  94  83  20  21
   15  59  44  62 197  38  60  76  20 194 129 192  19 189 116  13 179   5  23 117  83 195   6 125  84 119  46 118 124 191 115   4 112  75  18  28 190 193 113   7  99  33 101  17  14 182 180 114 126 120  91 196   8 128  56  98  32 100  45 122  24  86 181  41
  118  28 130 119   6  14  32 117  20 116 197   5 145  56  33 194 179  85 192 101 128  19  18  45 124 191 125   4  84  83  46 131  44  21 196 195 115  41  12 132  74  17 123   8 193  89 122  60 105  99 190  11 189 129  59 180  13  22  29   7 120 114 104 113
   31 112  76  27 114  61  13  23  70 129  91 197  45 124  87  75 125   7 196  56 184   8  43   1 115  60 132  44  86  15  30 119  83  98 101  25 105 117 178 166 103  18  62   5 194  17  99 180 104 195  19  38 122  71 116   4 181  84 165 126 107 185 187 120
   15 197  76  98  44  23  46 194 192  60  19 115 116  12  20  86   7  13 195  99 189   8   5 117 190  59   4  62 191  18  33   6  84 179  38  17 193 181  83  89 124 119  45  14 118 196 125  75 182  61  56  21  25  41 180 112  29  42 100 120  28   3 121  24
   13 112  44  76  15 197 114 129 119 189 115 196 192  38  19  60  18  31  61 117 194  45  20   5  59   6  99  62 116   4 118  70  42   7  86 193  23 101  84   8 130 191  32 124 195  85  75  46 180  83 132  17 179 125 104 103  24 105 113  98  21  41 190 185
   15  20 197  46  19 192  44   6 117 116 189 118 194 179   5 191   4  60  83  18  14 119  99  59  13 195  62 115  84 193 190   7  98  23 125 182  33  28 124  45 180  76 114  17 130   8 196 128  56  21  41 101  38  86 129 131  24 120  73  42  32 132  89 100
   59 179  60  44 182  46 189  19 116 123  15 190  17  83 125 192  98   4 197   5  33 195  56   6 117 191 115 194  23  20 120  18  75 181  84 124 193 188   7 131 118  99 196  73  28  14  62  89  86  24  29  41 119  45  22 113  13  76 121  21 180  11  97   8
  141  73 148 139  82 110 149  81 138 146  53 144 173 140  80 147  26 174 133 150 156  55  68  39   2 157  52  79 161 151 142 172  65 136 154  30 163  66 158 135  64  67  49  94 122  95 162 102  16  77 188  97 169  78  29 152  90 153  96 170  69  51  11 171
  141 157 149  53 148 154 164 140 158 151 163 156 173 153  81 136 160  67 146  80  65 152  51 155 172 174 162  79  66 170 159 161  68 150 139 171 168  69 167  37 135  10 110 176  50 147  39  49  35 175  52 143  93 138 177  82 142  94  78  16  64 169  26 144
  164 158 153 160 156 163 173  81 149 152 154 157  80 151  65 172 141 174 150  79  66 168 155 148 170  67 161  51 162 171 175 159  68  53 176 136  50 167 140 177  64  82 147  94  37  10 169  78 135  93  16  72  52  69   2 139 110 138 146 165  63  49  39  26
  164  81 168 163 177 170 173  80  53 157  37 174  82 158 154  94 172  65  51  93 141 153  10  79 149  66 156 152  67 167 171 140 160 165 159 175 176  63 151 148  50  49 136 150 161 155  78 162  69 110  39  26  64   2  68  52  72 146  48 106 169 135  16  90
  141 177  93  55 164  72 149 165 170 158  81 172  53  80 156 160 174 152  51  68  82 168  79 173  65 153  67 176  63  66 150 175 154  50 163   2 171 159 169  94 157  64 167 136  16 137 162  77 151  26 139 108  49  69 106 140 148 155 135 166 161  10 138  48
  164 177  51 168  81  94   1  82 156 174 155  36  65 173 172 161  80 160  72  68 158  67  53 153 159 171  37 154  66 163 175 170  50  79 152 149  93 157 150 162 176  26 165  63  69 151 167  52  16 141 148  78  49  48  55  77   2  10  64  43  40 136 169  39
  164 154 153 155 152 160 161  51 163 157 156 162 158 170 136 151 141 172  81  65  80 173  52 159 174 175 171  69  66  93  50  79 149 177  67  68  72 148  82 140 150 168 165 176 127 169  53 166  94  64 135  49 167  16 142  63   2  37  77 138  78 147  57  92
   37  36 143 146  52  57 159 154  49  41  78 157 160 161 153 196  12  67  91  68 151 155  10 163  51 137  90   1 158 156  65 164  66  50 152 173 162 138  97  80  81 136  72 172 174 148 149  79  82 127 176 135 150  48  94 168 126 133 171 142 139 144 170  43
   81 177 164 170 168 174 167  80  82 173  79 175 152 172 157  66  65 171 158 163 149 150 176 154 140 141 151 161  94 165 148 153 159 160 156  64  67  63  93  10 162  50   2  92  51  53 155  49 110  52  26  39  69  78  72 147  90 169  48 136  68  95  35  77
   15 197  42   6 189  46 194 192 118 119  41  20  38 193  44 196  84  85 191 179  14 117 116 101  28  19 195  60 129  33 115  22 188 121   5  21  32   4 125  83  24  18 104  13  97  62 190 180 120  73  17  99 128  45 113 122   7 130  29  59  12  89 123 100
   27  31 114  61  23  13  25  45   8 122 112  99 115 184 103   3  40  30  74  91  83   7  38 124  77   5 180 178  18  75 129  62  70 197  17 100 130  98 119 125 105   4 190   1  71  19 189 144 117 131  16  58 194  59 116 110 126 181  60 193  43  15 101 104
   76 197  13  15  44  60   7 119  98  23 116 124 125  19  45  61 196 194 117   5  75 129  18  17 192  83   4  86 189  21 112 181 115 195 114  31 118 180   6 193  20  41  84  62   8 191 132 128  56  59 104  99 103  91 182 126  73  46 100 190 179   0  38  33
   15  98  12  33 197  46 115   8  89  14 116  99 190  23 192  45  19  56  17 194   5  18 124  60  84 179   7  29 189 118   4  59  44 117 195  83  86   6  13 193  21  20  38  11 191 196  28  61 125 181 119 120 131 182   3 100 123  41  73  76 130  75  54 180
  196  61  45  70  31  13  36  74   8  41 197 115  87 185  17  42  29 117 110  21   3  47  18  34 119 191  89 192 121  48  30 114   4  27 101   7   6 132  97 195  19  32 193  56   5  75 116  76 181 194 104 118  40  86 126 103 145  99 130 112  22  20  73  71
   55 142  57 139 146  68  37 109 135 143 111 138 141 148 127  28  69 156 144  78 149 136 157  67 137  96  12 160 169 151 161 134  53 140 153  65  88 155  49  85 163  51  81  90  66 158 154 173 172  64  52 108  59 159  80 162  72  79  89  29 174  16  20 133
  140 148 146 157 149 151 136 154 141 163  81 173 158 152 156 162 153 139  65 160 161  80 150  67 174  79 164 172 133 155 159  66 147  49 110 170 135  53 143  68  51  10 138 144  90  37 171  78  52  39  50 176 106 168  64 167  35 175  82 142 137 169   2  26
  141 164 149  81 158 157 154 173 152 163  80 160 153 174 172 156 151 140 170 150  65  79 148  67  66 159  51 168 161 176 162 171 155 136  53 175 177  64  68 167  50  82  10  49 146  94 147 139  93 165  69 169 135 110  72  78  16   2 138  37  63  52 137  35
  141 164 149  81 157 173 158 154 163  80 152 174 172 151 170 156 153 140 160  65  79 148  67  66 150  53 168 159 162  51 171 161 155 176 175 167 177 136  68  49  50  64  10  82  94 146 147  93  69 110 139 169 165 135  78  72  35   2  37  63  16  26  52 138
  164 141  81 149 158 157 163 173 156 140 152 160 153  80 170 172 154 151 174  65 148  79 150  53  66 167 168  51 175 171 155  67 161 136 177 162 159  68 176  50  82  93 146  64  94 147 165 135  78 169 139 110  69  49  63  10  26  37  35  16  72   2 106 138
  164 170 168  81 173 165 141 177 158  79 154 152 163 174 175  80 153 167 172 171 149  82 160  65 140 157  66 159  10 176 156  94 150 151 110  67  51  93 161  50 148 162  53  64 155  69 136  49  63  26 147  72  78  92  68  16 169   2  35  39 135  48  95  37
   59  12 127 122 144 138 142  55  29  28 139 102  20 146 123  44 141  36 135   9 131  88 108 145 133 137  46 130  68 115  33  40  74 179  17 126  24 113 134  57 136 193 120  32 143  96 118 189   6  85  38  16 181 116 106 148  91  37 119   5 124 190  11  84
   62  19  46  44 195  23 191  60   4  76 128 192   7 116 197 179 104 114   6 118 194  20  75 119 180  59 125   5 117 182 193  18 189  24  83 190 131 129  15  17 130  14 120  13  47 100  99 121 113  85  86 103  84 115  21 123 132  41  28 101  29  56  45  89
   62  19 197 118  20 192   4 194   5 179  44   6 116  46  18  13 191 119 193  60  59 195 114 189 117 180 128  83  23   7 125 104 130  99  24  15 131 101  17 113 190  14  75 129  76  45  85 115 182 112   8  84 124  98 120 100  28  21 196   3  33  41 103  32
  106 141 164 140  58 146 177 165   9 167 148 144 168 170  53  27  10 152 110 154 136 160 163  93 175  16  51 153 150 157 151 158  82 149 147 156 155 171 135  87  26 173  67 174 176  81 172 162  96   1  48  80  77 184  35 159  65  79 142  66 138 133 134 161
   43 186  70  95  71 167 183 187 165  82  93  25 184 185  30  47  26  94 168  35 166 140  92 170 110 182 171 121   9  96 177  75  79 175 173  78 163  65  76 150  86 147 176 174 111 106  10 141  91   0 142  42  81 172 148  80  31  66  63  36 188  50  23 149
   15  59 115  25  20  62  23  44  75  99 190 189 114   8   5 197  60  38  19   3  98  13  46  18  84 112 193 180 124  83   4 194   7  17 181 192 179 117 129 125 191  61  31  96 116 120  43  12 195 187  76 184   6  47  86  45  29  24 123 121 122 103  89  40
  197   8  20  13  15  98  18  45 116   5   4  99  19 114  83 192 117 115  44  46  23   7 191 119  25 181  76  17 180 179  60 190  61 194  29 195   6 189 193  86  14 118  70 112  31  21 130 196   0 124  62  47   3  59  12  24  84 103 185  38  42 125  75 100
   73   0   1  70  36  76 185 108  63  21  56 121 107  22  13 196  90 144  39  30  44  86 183  94 100   2  40  60  42  45 150  29 116  52   8  81 168  82  77  83 119  98  91 167  74 110 174  49  61 145  10  66  51 132  80 161  47 188 122  50 197  95 178  79
   62  43 114  27 165 166  58 112 137  93  75  31   3  72 106 141  70  77 111  91  16  35  59 178 168  51 100 136 171 167 177  95 175 170 164  71  23 104 160 110  82 159  94 153 105  88  50  69 158 129 152 186  10  38 163  67  30 176 173 172  76  65  79 154
  146  49 141 139 140 148 149  81 133 157 151 154 161 174  80 150 173  67  79 172  90 158 152 162 147  66  65  52  64 156 163 138 164 160 170  10   2 108 136 159 153  68 176 155 135 110 144  82  37  53  78 169 107  39  69  50 168  55  26 171 175  48  51  94
  141 149 140 148 157 151 158  81 146 164 173 154 156 163 160 152 153  80 172 174 150  53 136  65  67  79 170 139  66  49 162 159 155  51  64 147  68 161  10 167 176 171  50 168 175 106 135  35  93 169 110  78 177 138  94  69 137  82 133  37 143  72  16 142
  141 140  93 149 167  81 173 170  53 158 148 157  80 164  79 172  65 174 163 106 151  10 156 153 168 152 154  67  66  35 110 136  26 171 160 150  49 177 162 175 146 176 165 159  51  94 139  64  16  82  68 147  50  69 155 161  78 169  72 135 142  63 137   2
  141 146 140 139 136 149 148  53  93 106 142 158  81  55 164 156 173 151 157 135  16  80 150 154 172 170  49 174  67 153 138  26  69 160  10  65  64  79 162 167  68 147 163 152  66 137  51 165  94  35 176 171 159 133 175 177  82  50 110 155 169  72  58 168
  106 141  93  49 137 166 162 149 136 158 151 152  72  35 157  64  65 153 139 167 140 172 148 160 156 173 171 142  79 174 175 170  66  80 168 164 159 155  81 109  67 163 154 169 150  78 176  50  57 177  68 133  53 135 165 138 147  10  90  51  92  69  94 161
   76  15  44  75  62 129 115 112  59  91  60  13 197  38  23 126 189  99  20 194  84 193  19  43  31 196   7 181 116 117 125 184   5 124  25   8  98  18  17 119 192  61   6  41  83 195 191   4 180 190  45  24  86  42 121 182 113  47 114  33 103   1 179  97
   12  36 196 181   1  56  37 115  84  48  41  17  61  74  45  33  76 124  52  31  59 101  99 117  15  91  13  21 185 126   8  97 197  40  44  98 122 116 194 119 121  38 127   6  70 108  18 195   5  87 125  75  42  82  39  60   7 192 189  43  94 188  29  32
   70  25  86 183 186 185 112 187  71   0  95  30  77  42  43  82  98  26 184 167 177 121  23   3   1   8  47 178  92 181  13  76  93 166  40  87  94  31 168 115  60  38  44  61  48 175  73 102 197 171 182  81 170 165 124  29  63   2  79  36  80  15 174  46
   76  62  44  59  19 192  60 197   6 112  75  20 196 195 194 116  41 179 191  56 129 118   5  13  15 189 104   4 125 114  18 193 128  84 119   7  33 117  46  32 115 124  38 132 101  23  85  28  17  14 131  45  83  97 190  91  42 105  99 126 180 130 182  86
   41  24 179  89   6  33  12 192  28  14 193  85  46 116 194  17 191  19  44   4  34 131 118  20 119 196  15 123 117  60  29 195  18 181   5  21 125 182  59 189 115 101   8 197  32 113  97 120 102 190 145 134  84 146 124 143  22  73  45  42  83 126 130   9
  164  82 168 141 177 170 154  81 163 158 173  80 152 153 160 165 175 174 159 149 172 156  53  51  79   2  65 167 110 140 171 136  66 150 157 151  94  63  93  67 176 162 161 155  50 148  26  77  10  16  68  39  69  37  72  64 147  27 169  52  95 135  78  35
   70 108  31 185 165  48 107  13  82  77 177  25 112   2  71 183  63  10 101   8  86  40  27 168  72 114 186  76 119  87 178 130  61 197  92  38  30 196  56  45   3  94  55 115  42 175 176  21   0 170  12  54  74 159 181 164  95 161  49 145 174 187  64  98
   49  81  90  52 157 161 148 149 174 146  79 173 141  80  55  65 172 151 140  66 156 163 170 139 158 154  78  67 162   2 152 150  26 160  64 109 164 176  82 153  93 159  68 171 142 155 175 177  50  72  51  69 147 135  92  73  94 169 138 167 144  37 107  57
   88  16  58 122  25   3  27  53  15  31   9  98  96 137  51  95  87  37   0  62 106 127 136  20  12  99  63   8 184 180 135  91  77 126  10  68  50 168  82 156 143 100 110  64 163 153 141 158 150 169  23  35  94  59  61 154  80 160 114 175 173 190 181 138
   85  21  54  41 101 146 128  22 118  56  32  55 133 179  24  73  28  33  74 130   6  49  69 196  11  97 108 139  34 145 144 192  46  14  29  12 119  90 113 104 123 100 191  57 194 131   4 121 195 107 117 134 116  89  52 138 132  19  18 127  42  37 106 102
   62  58 104 178 128 114 179 102 191 182 123 184  24 166  47  20 180 113  46   4  19  23   7 112 192  71 106 130 193 195 183  22   6  42 101 194  18 188 189  75  97 129 186   5  85 131 117 197  60  13  83  14  48  31   3 118 121 187 103  44  32  86 190  73
  139 162 148 106 136  49 140 151  93 127 149  90 146 157  81  73 158  65  26 141  67 156 133 142  52 173  53  79  39 138 174  35 172 137  66  80 155 160 150 152 154 135 147  68 153  69 167  50 159 169 170 163 175 171 110  64  78  51 161 164   0  54   2 176
  146 106  21  73 133  85 100  54 101  74 128 108  39  27 136 118 137 140 130 144 145  22 139  34 110 107  49  41  90 119 113 194 104  97  58 141  69 131  32 132   2 143 127 135 138  48  10 105 154  45 180  30  14   6 142  33 120 134   7 151  52 182  35 159
   25 114   3 112  70  31  27 165  16  95  77  38  62 108  72  88  71  32  13 137  40   0  20 183  94  61 166  82  23 185 186 178  93 122 168 115 113  10  55  59 107 101  44 177 180  30 171  64  99 100 197 184  48   8  73 187   5  24  96  15 111 170 189  76
   15  98  73 196   0  41  56  44 182  60  97  33  86 116  34  76  36 189  46  20 117 181 124 192  59  12 179  14 197 120 121   6  89  84 132 115 191  43  11 125  21 194 187  19  42  83  18  28  17  29 119 195   5   4  22 190 118 142   7 193  47  45  99  30
  118 119  44   5 194   6  19  20 116 197 117  18   4 130 192  85  46  13  60 179 191 115 193  59 196 195 180 101  83  45   7  21 128  33  17 113  24 125 189  62  41   8  99  23  15  84  14 131  89  75 129 120 145  32  73 132  12  28 100 124  76 104 190 114
   59 197  62  20 115  15  75  99   5  13  44  19 193  18 194 189   4  17  23   8   7 117 116   6 192 114  84  45  38 196  60  61 191 180  46 118 119 190  76 195 124 179 112 129  83  24 125  98 130  31 126 181  12 113   3  33 120 103 122 131  29 101 121  89
   70  25  43  71 183 112 186  31  47 185  86 184 114   3  30  26 167  96  23 187 165  42  75 166  76  87 121 177  61  13  24 104   0  93  62 109  95   8   1  77  15  92  48 115   9 168  44 189   7  20  82  60 182 180 178 102  94  27  29 181  10 197   4 191
   76  44  86 115   9  60 181  20  25 190  46 189  75  12  59  42 124  84 116  15  19  62  43 195 121 197  36 179  17   7 126 191 125 192  47 114 123   6  24   4   5  18 117  38 193 103  23 187  99 102  13  71  29  41  33  89   8 119 131 196  28  83 112 111
   76  62 128 118 119 101  21  44 194  85  28   6 197  19  83 195 192  33 179  60 117   7  13  73  59 125 191 112  84 116   4  54  56   5  22  46  15  38 113  41 193 182 100  18  99   0 129 189 104  32  23  20  11  17 114 108  14 180 124  24 188 130  86  98
   20  15  62  44  19 197 192  46  60  76 191   6   5 194 116 179   4 189  18   7 117 195 118 193  84  14  83 190  99  13  23  59 115  33 119 125  98 128  28 112  17 180 124  86  45 182 114  75  41  38   8  32  89 104  24 129  42  21  85 196 130 120 181 131
   15  86  46  42  60  44 197 116 189  98 190  14 179 192 115  19  20  23 124  83  76 195 181   8  18   7 191   4   5 117  13  38 193  17  59   6  89 182  25 125  75  84  33   0 187 112  62 194  99  29  45 119  47 104 121  41  12 118  56 196 120  28 180 103
   15  89  12  84  28  33  76  36  34  56  20  11 181 190  41  44   6 123  46  14  60 124  98  83 117 126  21   0   7  17 116 127 195 128 194 115 134 118 193 192 191  54  38  86 197 119  99 179  59 189  88   8   5  25  42 132  19  18   4  57  22 125  75  29
  105 188  86 104 182  14 103 178 131   7 190 128 102 124  22  42  34 183 181 123 184  23 132  71 114  83  45 180  25 116  87 125 187  60  30  47  61 110   4 121  19 112 191  17  35 120  98 107  29  89 117 185  46  18  13 186 118 119 179 189  58   5  21   0
   69  26  96 185  37  81 177 110  95  16  42 167 186 170  71  80 163  79 187  63 176 173  92 183 174   0  65 172  30  77 102  86  82   1  35  87  43  66 175 149   2  53  29 168 171  94  58  40  47 111 178  70  25 152 158  24  78  48 150 156 169 165 157  93
    9 166 164 106 147 136 163 141 140 151 150 148  43 167 153 152 160  35 156 149 175 158 171  51 155 168 157  50 162 177  78 134  58  65 172 138 170 135 174 127 173  66 154  93  79  53  80 161  81  94  82 176 159  67 133  69  64  63 143  75 139  36 165 146
  107 183 104  42 102 178 185  86  48  71  14  30  24 121 186  22 128 145 188  47 187 131  49  46 101 132  69 130  21 184 106  70 182 179  29 103 109  90 123   0  41 192 105  85  26 141 100  13  73  92   4 113   7   2  74 140 119 120 189 112 177  35 197  97
   12  59  15  33  56  46 179  28  14 123  99  84 115 190 189 192  20   6  29 195  19 125  11 120  41  98 131 194 116 196 193   5  44 191 197 117 134  36  18   4  17   8  89  83  60 118 124 143  38 133 182 130  97  75  23 102  45 181 139 188  54 142 138  62
  141 164  27 177 165  10 147 140 152  82 154 168 110 166 153 146  72 160 171 163 170  58 167  87 150 136 157  51 173 158 151  48 175 135  80  94 155 159 161 143 172  64 174 149  66 148  35  50 176  79  16  81 156  65 133  67 122 137 105  69  31 134  53 138
   23 100 197  13  62   8  19 131 104  24   4   3  59 179 116  17 118  60  44  18  75 112 119   5 194   7 192 180 115  98 190 193  45 124 128 130 189 129  83   6  46 103 195 181 113  20 145  15 120 191 117 123 125  14 132  38  89  99 114 182  21  61  30  86
   25  15  62  76 112  20  38  44 124 114 115  59  75  31 197  84  23   8  43 125   3  12 129 126 190 180  99  60  98   5 117  19  95  70  83 116  61  13 191 194 187 181 189  56   7   0  28 122 195  17  18 119   4 120 192   6 186  88 166  45  46 184  91  33
   15  99  62  98 194  19  23   7  20 189  38  84 197   5 118 192 193  83   6   4  13  18 100  45 116 190  14  33 191  46 117 180  60 179  59  17 195  61 115  21 128   8 182 125  76 119 112 124 131  89  44 114 104 130  75  24  86  73  32 120  28 129 181  41
  112  62 114  38  23  13  99  76  25 115   8  44 197  75   7  59  61   5  19  18  31 189  60  15   3 190  86 194 192   4 195 193  45  20  84  83 191  17  70  46 180 179 124 117 119 116   6 129 125 100  27  24  98 113  91  33  12 104 181  42  71 105  14 184
   76  15  20  44 197  13 117 192   6  60  19 194 119  84 196 116   5  18 191 118  12  62 115  41  61   4  99  46   7  59 193 189  45 195  33 124  38 129 114 125  32   8 179  56  28  98  83 180  31  21  23  17  14  75 126 101 112 190 130  86 132  85  34  42
   15  76  12  44 115 124  84 197 117 196 181  60 119 116  20  25   8  45  13 194  56   7  41  33  61  17 125  86  36  21   5  99   6  18 126 192 189  83  98 195  89  38  19 193 191  46   4 190  42  28  23  59 118  34  75 121 101 112   0  29 179  31  14  73
   25  86  70   8  15 115  76  42 181 124  98  38  12  13  60  23  61 197 183  44 121 112  45 187   7  36   1   0 190 185  99 116  18 117  84 189  29  95  89 186  46  83  71  33 196  87  17  30 192   4  40  43 125  21   5  19  20 119  92 193  14  31 195  47
   42  25  70  86 183  76 112 185  71  13 187 182  61 186 105   8   1 181  60  31  47 115  23   7 196  92 184  87  43  45 121 192   0 114  90  34 107  24  18 195  63  44 197  41 111  48 117 190  30 191  99 189  14 165  75 193 116 101   4   5 124  19 125  69
   15 114  76  44 197 192 112  20 195  62  84  42 189  60  19   6 193  13 191  99 194 129   5 105  41 115  18  91 116   7 125  75   4 117  14 196  23  46   8  45  61  83 124 119  59 179  86  38  33 180 190 104  17 118 130 101  12  32 181  85   1  24  31  34
   20  15 192 194 180   6  19 118 116 197  14  18 128 191   4   5 117  13  98  46  76 130  41 189 119  34 179 195  99  45   7  44   8 193  85  83 114  62  61  21  60  84 196 182 100 125  24 104 101  17  32  56 132 131  75   0 124 129 190 145  23  47 115  12
   76  15  25  12   8 181   9 125  23  62  20  41 194  99  60  34 197 106  89  44 193 124  98 115  24 117 126 182  96  19 180  84 189 119 116   4  75   7 191 112   6 187 192 109  17 184  13  73 121  33 120 190  18   5   3  31  43 186  26  71  61 183 127 195
   76  15  38  62 181  12  86   7 197  44 117 195 111 112 194  42  41  25   1  84  13  33  99  21 116 196  60 119  20 115 191   6  75 128  59  43 193  19  17 192  36   4 189   5  18  85  56 126 190  22  83 179 101  37  46  45  23 185 184 103 124  98 129 118
   13 105 101  42 112  41 196  99 193  22  24 192 194 114   5 195   7  74   6  45 189  85  18  19  32 104  84  61   4 191  14  31 117  23 119 113  83 115 179 188  21  60  91  17 184  76 116 180 125 129 197  40  48 185   8  62  86 118  44  75 182  33  27 128
  101 194   6 118 125  84 193  19 105 117  13  99 119   5 192  41  22 191  83  18 179 195   4 129   7  32  85 116  20 196  45 189 180  17 128  21 114  60 197  74  14  33 124  24 190  44 115 122  62  28 126  76  46 182 120  75 130 188 113  59  61 112 108 131
   69 164   1  63   2  52  39  51 177 154  37 161  81 155 174  53  40  74 175  67  94 176 170 168 160  82 163 156  80 152 165 172 173 157 153 159  66  79  48 108 158  65 149  77 151 171 162  55 150  68 188 144  54  50 169  22  90 140 127  49  36 105 167 138
  177 167  87   1 184 165 170 112  94 168  48 164  26  77  70  82  25  63 175  10  27 185  93  37  71 176  95 187  81 186  53  80 163 110 171  58  79 174 173  96  43 172 183  61 178  92  16  31  66  65   8  50  69 158 152  51 153  78  39  42  64  40   2 159
   42   1  39  86 185  40  69   0  25  95  70  26 177 183  90 187  15  38  82  52  81  94  37 186 111  73 181  36  80  30  71  63  87  24  79  43  96  98 175 170 168 174 167 171  65 176 173 112  92  66  77  13 172  41  93 189   2  61 161 121 196  48  22  12
   15  98 189  61  23  45   7  99   8  42  13  86   0 116 182 197   5  18  17  83 181 105 104 192  41   4  25  19  14 180  84 188 103 194 187 117 190 115  60 126  46 125 193 121  20 191  21  89 184 124   6  47 195  75  30 119  91 196  29  24 100 112 185 114
  112  23  15  99  13 114  86  19  14   7 189   5 115  18   4   8 190  62 192  61 179  45 197 191 195  83 193  60  46  20 184 180 125 194 116  98 181 182 104  75  17  42 117 103  24 105   6 187  84 124  25  71  31  47 131  44   3 130 118 188 119 178  29 120
   99  15  83 190 112  23 193 115  60 189 125   7  84   5  19  20 179 192   8  13  18 181 114 124 194 191  86 197   4  38  14  46 195  44 116   6  62  33 117  17  45  25  76 182  98  42 119  28 118  24 105 184 180  59 188  22  12  89  61 103   1 104  40 129
   14 105  15  98   8  99 190   7  83  86  42  45 116 189 192   5 191  23  19  18 181 193   4 194  20  46  60 182  84 125  13  89 179   6 195 124  41  17 112 104 184 197  22 117 114 119 180  21  34 115  61  25 118  33 131 128 103 100 187  76  24  12  74   1
   37  87 105   1  69 169  63 155  35 143 177 184 176 164 163  95 153 168  39  51 152 154 170 175  27  80 160 161 114  90  14  92 167  10 107  94 172 156 157 178 174 158 165 173  58  79  68  81  42  50  66 159 147  52 140 171  65  22 151 149  78 150  67 166
   37 164   1  87 177  69 176  63 163  39 170 155 167 152 168  92 165 154  27 105 175 110 153 107  10 160 143  35  51  80 140  90 157  81 174 161 173  94 172 159  79 158 171  66  65 156 151  58 169  48 149  50 150  67  68  53  52 147  78  95  49  64 146   2
   37 164 177  69 176 170 163  81 152 160 153 175 155  80 174 154 157 168 158  79 172 173 140  65 149  63 167 165  66 159 156  10 151 161  51 171  67 150  90  78  49  94  68 169  50  53  92  64 143 162 148 110 146 141 136   1 135 147  48  82  39  26  87  52
   37 164  63  69 177  51 163 176 155 152 153 168 170 175 167  80 172  81 158 174 160 157  79  94  65 156 173  58 140  66 169 149 154 171  10 159  67  90  35 151  68 143  87  39 161  50   1 165  78 110  64 150 105 127  92 166  49  53 162  55 107 147 111  52
  164 177 163 175 153 168 158 176  80 152 156 155 160 172  51 174 170 173  81  65  79 149 171 150  66 167 157  94  50 151 154  67  53 166 162 159 161  68  82  95 169  63 147  69  93  64 141  16 148 165 136  72  37  78 140  10  35  52   2  39  92 135   1  26
  164 177 170 163 168 154 152 176  80 153 175  81 173 174 160 155 172  51  79 158 165 157 161 156 149  65  66 171  37 167 159 150  94 140 151  67  69  10 169  50  39  63  82  68 110 162  92  53 147  64   1 148 141  87 136  52  95  78  16  72  49   2 143  35
  164 177  69 165 163 176 140 170  51 168 154 160 152 153 150  37 175  80 155 149 173 110 156 174  16 158 141 172 147  81 161  94  79 159 171 157 167  65  27  66  67  63   2   1 169  82  68 151  10  50 105  95 136  39  53  77  87 135 148  35 146 133 162  92
  169  35 107 176 139 149 140 147  80 163  69 150 170  90  95 157 172  79 152 174 177  81 143 155 160 156 173  63 158 153  65 151  66 175 154  68 167 161  67  39  49  64  51   2  92 148  37 135 164 146 136  94 171 159 178 141  50 162 111  55 168 165 105  52
   27  10 106 140 110  69 165  58 164 177 167 141 170 146 105  35 168  87 176  16 154 175 163 152  51 160 147  53 149 133 153  37 158 155  67 169 137 173 150  80 178 136 174 157 151  81  79 172 135 159 156 171 143 127  66 107 148  65  68 122  39 184   1  48
  168 177 164 165  94  10 175 176 170 171 167 173  39  80 174 172  79 158  81  51 153 152  66 154 159  69  65  67 161  72  95 163  82 155 160  64  63 149  16  50  93  53 157 156  92  48 150 166  87 110 169  27 151 162 107   2 141  37  68 140 147  52  35  90
   81  80 173 167  79 174 177 170  92 172 163  66  65 157 176 152  90 175 164 168 154 149 161 158   2  49  53 153  64 171  63 156 151 160  37 159  67  69  39 155 150 169  68  94 140  10 148 110  52  78  26  50 162 109  82  51  35 165  95 107 141  87 147  48
   95 165 111 177 166 176 160 175  63 163  37 153 170 169  69 164 156 152  35  92  51 155 171 168  62 172 159  65 158  79  80  25  43 167 173 174  66  27 154 150  58 114   1  50 112  94  16 157 137  81  72  96  68 149 161 135 142 151  67  57  77 143  87 136
  105  15  27  99  61 112  45  14  13   7  84  23  83 125   5 124 114  22 107 103 104 115  87   8  86  40 190 178  18 122 189 100  42  38  74 194 187 131  25 117 180   4 192  19  32 128  11 118 193 101  98 191 184  31 132   1 119 126 116 188 129 134  21   6
   69  95  92  87 176  37 167  35 170 177 169 175 163  79  80  63 168  81 173 164 105 152   1 165 174 155 172 153  94  90  66  42 171  65 156 149  68 111 158 184 157 154  78 160 185 161  96 186 107  64 110 150 143  25 187 183  53 140  51  50 151  71 147  10
  140 164  37  39 163  69 146 155 154 152 157 160 170 177 153 143 110  10 176 167 149 151  35  51 158   1  80  81 168 173 174 156  63  67 175 172 159  53  79 161  66  65  90 136 150 147 169 148   2  68 171  87 165 107 162 135 141 106  27 139  50  52  16 133
  140 170 176 164 163 177 165  81 152 154  80 173 174 149 157 160  79 172 158 168 153  10 150 175 167  69 169 156  66  65 159  63 151 141  37  67 171 110  49 155  51  35 161  94  53  64 146 148  68  50 147  92 107  90 135 162  82 136 139   2  78 137  16  95
  164 140 149 163 170 141  81 154 158 173 152  80 153 157 160 172 174 176 156  79 151 177  65 168 150  66 167 175  67 155  69  51 159  53  10 171 169 148  49  37 165  68 161 162  94  50  64 146 110  35 147 136  63 139 135 106  78  16 143  82 137  90   2  92
  140 164 141 163 160 154 149 152 153 170 177 136 157 158 155 156 146 151  80 176 159  51  81 174 150 173 172  67  37 175  65  79  10 165  66 168  53 148 106 143 135 147 167  68 161 171 162 169  69 139 137  50 110  35  16 133  82   2  64  94  63 138  39  49
  164  81 152 154 163 157  80 173 149 174 158 170 153 172 155 160 156  79 168  65 151 177 176 161  66  67 140 150  51 141 175 167  37 148 159 171  68  69 162  10  49  53  50 169 147  94  64 110 146  63 136  78 165  52  90  82 135  39  72 139   2 138  93  92
  141 164  81 149 152 157 163  80 173 158 174 172 170 156 154  79 153  65 151  53 140  51 160 168 177 150  66  67 155 148 176 167 175 171 161  68 162 159  69 147  50  94  93 136 169  49  64  82  10 110   2 139  78 165  16  37  72 146  63  52 135  35 138  26
  164  81 173  80 170 163 141 174 152 158 149 157 172 168 154 156 167  79  53  65 153 160  51  66 177  67 151 176 175 150 171 155 148 140 161  94  69 162  68 159 110  50  82  10 169  63  93  49 147  64 165 136   2  37  35  52  16  78  39  26 139 146  72 135
  164  81 167 163 173 170  80 152 157 149 158 168 174 172  79  53 156  65 141 153 154 160 151 110  66  51 175 177 150 171 148 176 140 155  67  94 161  93  35 162 159  10  68  69  50 136  82 147  63  64 169  49  39  78 165  26  37   2  92  90  52 139 135  16
  164 168 170  51 152 154 163 157  81 158 173 177 153 174 172  80 141 167 155  65  67 156 160 151 171  79 176  66 149 175  53 110  10 161  94 150 162 140 159  82  50 148  93  37  39  69  52 165 136 147  68  72  63  78  49  64  16  48  90 146 169 135   2  35
  164 154  81 152 158 153 173 160 163 170  80 157 174 172 149 156 168 141  65  79  51 151 177  66 155  67 159 176 175 150 171 161 140  53 167 148 162  68  10  50  94 165 136  64  82  49 169  37  69  93 110  72 147  63  78 135  16   2  52 146  39 139 137  35
   81 164 170 149 173  80 163 157 174 172 152 158  79 141  65 154 156 176 153 140 160  66 167 168 177 151 150  67 175 171 148  51  49 159 161  53 155  94  50  64  10  68  37 162 169  69 165  63 110 147  82  78  93 136   2 146  35 139  90 135  92  52  26  16
  164 141 149  81 157 158 154 163 173 156 152  80 153 160 151 172 140 174  65 170  53 148  79  67  51  66 150 155 168 159 161  68 176 175 162 167 136 171 177 146  50  10  69  37 110 147  64  49  82  94 169 139 135  93  63  78   2 165  16 138  52  72  35  26
  164  81 141 173  80 149 163 152 156 157 170 172 174 158 150 168  65  79  53 154 148 153 160  66 167 177 151  82  51 155 175 171 140 161 176  67  68 159 162 110  94  50 147  64  10 136  93  16  26  37 169  69  78   2  63 165 135 139  35  77  72 146  49  52
  164 163 152  81  80 157 156 154 158 153 149 160 173 170 172 174 141  51 150 155  65 168  79 177  66 151  53 176 175 140 161 167  67 148 171 159  68  50  37  94 162 136  82 147 169  64  63  10  69 110  93 165   2  16 135  78  35  39 139  52 146  49  72 138
  164 170 163 173  81 157 158 174 172 152 154  65  79 153 168  80 149 160  66 156 167 171  67  51  69 151 175 140 176 141 161 177 159 155 162  53 110 148  94 150  50  82  93  68  49 165  39  10  52 169  63 136  64  90  37   2  35 147  78  16  26  72  92 135
  164 140 146 141 154 157 151 136 152 163 160 148 149 158 153  51 170 150 156 168 147 174  81  10 155 177  67 173 106 172 167 176  80  69 161 165 175  65  53  79  49 110 135  66 159 162 171  58 139  37 138 133  93  94  50  35  63  68  78 144   9 169 137  90
  164  81 154 173  80 149 158 141 157 153 174 172 160 163  65 152 170 156  79 159  66  67 151  37  68  53 161 168 176  51 155  49  10 150 177 140 171 175 148 110  64 162 167  50  69  94 169 165 136  82 146   2 139  63  78  93  39 147  72 135  16  52  90 137
  141  93 167  51  81  80 149 172 156 162 158  53 173  65  35 174 164 157  79 170 155 152 163 151 171 153 175 148  66 169 150  68  69  50  94 168  67 176 147 166 177 160   9 154  49 136 110 161 127  16 139  52  26  64 140  72  95 159  82 188 142  78 138   2
   58 102 104 182 123 131 180 188  62  23   3 178  20 190  46  19 114   4  98 179  29  24  47 191 128 106   7  30  83  14 181 189  17  60   5  75 116  71 192 103 184 118  18 121  89   0 113   6 187 195  86 197  15  35 193 125 120 130 100 194 186  96  59 112
   39 106 146 133  73 136 144  91 128 122 138 140   1 127 141 137  51  52  97  22 126 148  85 100  21 139  67 155 134  54 142 151  11 157  74  90 164 145 135 147 159  88 154  41 107   2 110 162 143  53  68 160 104  32 169 129  37 153  49 152 158 149  50  10
  106 128 102 146  85 145 139 118 131 179  41 130  14  46 182  22 104  28  55   0  73  24  56 188   6 134 192 133  21  19 123  58 132  11 191   4 178  29 116 119 195  34 113 100 142 141 101 108 193 138  20  33 117   5 143  83 189  54  59 194  32 180  62  89
  106 146 141 139 133 140  58 136 138   9 148 143 147 142 127 149 134 135 151 144  53  35  55 150 157 102 162 156  93 123  69  51  26 163  49 158  68 160 152 155 131  67 169  78 153  16 137 172  81 164  65 110  57 154 109  80 174  10 173  79 145  66 167 170
  140 141 164 170 163 167  81 165 173 177 157  93 149 153 158  80  10  79 168 152 172 174 154  94 171 136  65 151 148  35 175 160 106  66 156  49  82 176  67 150  51 146 110  53  39 159  78 161 147  69 155 162  50  26  64  72 143  90   9  48  63  37 135 109
  141 139 106 146 148 140  35 149 110 136  49  53 157 147 151  81 158 173 150 163 156  80 172  79  93  65  67 167 174 170 169 152  64  68 160 153  66 162 154 135 138  10 133 142  51 137 171  50  26  16  69  58 176 159 143 164  55  78 155 175 161 168  94 144
  141 140 149 148 157 151  81 146 158  53 163 152 156 173 154 164 160 136  80 153 172 162  67 174  65 150  79 170 106  66  49 155 139 167  51 147 159 161 171 110  68  35 168 176  50 175 135  64 138 169  10 133 177  93  69  78  16  82  52  26  90   2 137  94
  141 149 164  81 140 157 158 173 154 151 163  80 152 153 172 148 170 174 156 160  65  79  67 150  66  53 136  51 162 159 168 155 171 167 176 161 146  49 175  10 177  68  64  50  69  93 139 147  94 110  82 169 165 135  35  78 106  72  16 138  37  26   2  52
  141 149  81 140 173 158 157 163 148 164 154  80 151 170 156  79 172 174 160  65 153 152  53 150  67  66 136 167 159  10 168  51 176 146 110 162  49 171 175  68 139 161  64 147 155  50  93 177  35  82  94  69 169 135 165  78  26 106 137  37  16  63   2 138
  141 149  81 140 157 158 164 173 148  80 170 151 172 163 152 174 156 154 153  65  79 160 150  67  66  53 136 167 146  49 162 176 171 168  51  93 159 175 177 155 139 147  50  64 161  10  68 106  94  69  82 110 169  35 165 135  78  26  16  72 138 137   2  37
  141 106 140 149 146 136 148  69 151 147 139 157  35  93 158 164 152  49 153 163  81 162  53  80 172 167 160 170 156 155 150 173  67  65 174  58 177  51  79 154 143  66  50 176 171 169  64  10 142 166 138 133 135 175  68   9  78  94 110 161 168 159  16  72
  141 149  51  53  35 140 158 157 151 156 163 136 139 148 153 164 172  69 162 173  16  67 147  81 152  80  68  65 160 154  93 174 155 150 110  79 169 170  66  50 171  58 146 167  49 106  64 138 176 159 175 161  55  94  72 127 168 133 135 143 142 177   2 166
  106 178 141 188 102 131 182   3 123  58  16  62  59 179 104 166  24  93 139  30 133 128  35 113 120  26  46  71  11 189 112 100 142 130  14 147  55  77  40 134 138  22  83 195 190  23 103  19 169  88 118  29 187   4  47  28 127  96  75 186 111   9 114 145
   62  15  75  99 112  59  23 114  19 115 194   5  20  91 189   7  18  13   8 192 193   4 180  61   3 197 113 191 195 104   6  17  84  38  45  44 129  27  31 190  60 117 179  83 196  24 116 118 125  76 126 100 130 103 101  58  46 119 124 131  33 122  97  85
   15 197  76  44  13  59 194  60 115  38  98 181  99 196  17 193 192 189   5  23 117  19 125 124  18 116   7 119  45  20   8 112   4   6  84  83 195  61 179 191  33  75  24  62  31 126 118 190   0  21 129  86  12  46 182  41 114 180  73 101   3 113 122 184
   15 197  98  44  20 192  46  12 194   8 116  19  76  13   4  18 193   5   6 191 196 117 195 179 189  60 115   7  23  99 119  45  17 181  24  62  29  41  86  83  59 118  21  33 180  89  61  14 190  84 125 124   0 182  47 130  25  38  73  56 121  42  75  28
  197  76  62 192  19 116  15 195 191  44 193 181  20   4 194  98   6 125 196  41  75  60  18 114  13  24 180   5  31   7  46  23  17  47 119 182 117 179 189 104  45 112  86  99   8 188  71 190 115  42 118  83 129  61 103  14 130 187  85  59  84 113  43 121
  196  59 192   6 194  44 197  20 118  19 189   5 116 179 119  13 117  18 193  46 191  41  98  99 195   4  33 182  15  83  24  76 114  21  60  17  84  45  73  85  32  56 180  14  28 129 101 130 115   7  12 125 181 128   8 124 113  38 188  62  75 126 190 132
  118  41   6  46 192  14 101 179 197 128 104  19 119  85 195 116  44 130 191 196  20   4 117  56 194  62 189  60  42 132  24  28 131 125  18   5 182 193  76 145  22  32  21  33 188  13 113   7 105 124 180  83 120 129  86  59  84  15  17  45  73  34 123 112
  194 192 118 197  15   6  19   5 193  13  18 119   4  14  20  46 179  98 116  73 189 117  45  44  21   8  83 191 125  99  28 196  33  60 113 180 100  85  84   7  41  62 115  17  23  89  24 124 195 130 101  59  32 131 182  38 128 190 104   3 120  11  61 108
   62 197  46 192  19  44  23  20  13   4 180  76 114 116  60 118  24 182 189  15 179 191  18 104  98 119   3 130 112   5  47 194   7 195   6   8  86 128 117  14 193  59 131  71  83 125   0 120 102 121 100 113 183  25 124 129 187 190  45  73  29  70  75 101
  101  19 118   6 119 192  24 179  62   4 194 197 130  85 191  44 116   5 128  13 195  20  18 117  46  59 125 189 193  60 104 114 180 131 113   7  41  14  83  17 196 182  76 129  32  99  21  45  75  23 120 115 190 132  28 112  33 103  47  84 124 145  73 188
   62  59   6 194 118  19 197 101 192  20  44 114 195  76 191 119   5 117  85 179  84  41 116 125  75 128 193   4  15 129  13  99 196 189  18  60 180 113  56  46 182   7  17  83  32  28  33 130  21  23  24 104 126  14  45 190 115  38 124 131 100 188  97  34
   20  41   6  76  15  44  62 197 191  59 192 194 117 116  84  19 179  46 193  60  85 118 196 195   5 189  33  24   4 119 182 101 125 126  14  75 129  18  28  12  32  34  17   7  99 180  83 128  89  56 190  21  42  13 130  97 124 115 181 113 120  73  47  22
   98  13   8 197  76 194  23 119  99 116 114  15   7  62   5 118  18 180  45  19   4  83 100  17 117  25  59  31  20  44  61 192  75 124 129 115  21 190 128 125 193 195 130  60   6 101   3  84 112 191 103  46 181   0 113 189 132 126 131  91  38  27 120 182
  197  62  99 194  38  44 193  15  76 196  13  59   6 119 192  20   5  85 117  84  18 114 195  17  19  12  21 191 115 101  32 113   7 118 129   4  45 112   8 116  33  60  83 189  31  75  46  41 179 181  61 180  23  98 128 190  73  24 125 130  28 126  54  91
  197  15  44  76  98  60 115 196   8  13  20 192 116  18 124  46 117 181  19   7   5 194 119  99  45   4  83 189  59  17  38 193 195 191 179   6  84  23 190  86  33  21  12 118 125  73  56 112  61  62 129 180  75  28 114  42 121  14  25  89  41  29   3 101
   76  44 197  60  15  20  98 115 117 194  13 116 119  19  84   6  59 192  17   7  18 125 196 189 124 181  83 193  99   5 191   4  23 190  46 179  86 195  38  45  73 129  75  33  41 118  21  62  31 180   8  12 182  56  28 120  24  61 112 121  14  25 101  42
   44 115  60 197 119  13 117 124  15 116 194  18 192  59  19  17 125 179  38  23  20   6  83  99   5   8 190  33   4  46  84  76  98  86 196 189  12 112  45 191 118   7  28 193 195  89 181  73  25  21 182  24 101 120  14  61  31  56  75  41 129 180 113  42
  197  13  98   8  15 115  99  23  18  20  45   5 192   7  61  44 117  19   4 194 116  17 193  60  46 189  83 181 180  31 196 191  76  25 190   6 112  84 179 119  86 195 125 124  21  59  62  75  24 114 118  14  38  29  70  12   3  47 121 113  33  42 129 182
   15 197  20  13  44 115  76  19   5  18 196 192 117 194  99  59 193  62 114  38   4  31  45 189   7  60 179   6 116 191  98  61   8  17 119 118  75 180  83 129  46 195 181 190  23  84 124 112 130  32 125  24  86 128 103  21  47  33  70 132 101   3 120 122
   15  98 197 116  60  20 117  44  19 189 181 192  17 182   4  14  46   6   5  13 194  18 125 191 119 196 124  76  23  45  41  83   8 179  99   7  73 193 180 115  59 195 120 190 118  86 121  47  21  29  75 132  61  84  34  30 130  24  89 187  33 131 184 129
   15  98 196 197 124 115  13   8  45 125 181  17 116  44  61  23  86 195  60  56   5  18  19  99  75 119   7  83  59 192  36 114 189   4 190 117 194  70 132 103 129 193 120  31 179  84  12  33 188  76 112  46 191 118   6  21  38  30   3  40  29 180  91 131
  