  40  16  73  77   0  30 102  72  86  70 177 178  71  13 114 187  25  42 112 183  26 113 104  58 110  98  44  31  43  95 185 144  74  83  60  48  24 193 184  47 186 115 131 130  93   3  29 179  59   8  17  14  53  27  18  99  46 124  45 119  38 120  23 141
  140 135 136 141 133  53 146  10 148  37 137 106 107 164 109 138 151  34 101 132 139 130 160 152 168 145 165 144  27  87 149 110  16 159 177  26 134  69   2 142 154 147 157 175 161 153 150 127 156 131 155 163 162 167   9  25 158  96 125  12  57 173 105 174
  137 110  35  91  88  51  39  27 150 160 136 135 144  77 154 107 159 156 147 138 169  67 126 153 163 155 152 158 141 178   2 133  93 161 151 139 173   1 157  37 164  66  65  80 100 174  53 172  16  74  11  50  79 148 171  68 162 149 142  72 127  81 134  95
   22 101  55  56  84  74  83  36  39 111 188  28  33 142  59  15 182  38  91  11 192   0 113   6 179  52 190 193 123 125 115 195  40  90  42 124 184  41  24  46 127  99 129 196 121 114 166 122  17  54 194 126 191   5  32  12  96  47 117 178 189  97  20  69
   41 196  56 121  97 101  15  84   6  12 182  90  22  20 109 123  34 179 111 129 192  33  60 117 195 191 193  47 125 181  46  36  19  42 180 194 189  69  44  21 116  83   0  85 120 188 183  17   7   9  73  89  14   4  75 184  28  29 119  18 118 124   5 132
   41  56 196 121  97 101  12  84   6  90  15  22 182 109  20 123  34 179 111  33 192 129 117 195  36  60 191 193  46 194  47  19 125 181  85 188 180  21  83 116  75  42 120  69 189  89  44  17  28   4   7  14   0 184  29 183 119  73 118   9 132  18   5 127
   41 196 121  56  97   6  15  20  34  12  90 182  84 109 129 101 179 123  60  47 117 192  22  73 193   0 191 195  19 111   9 189  85  33 181  44  42 194  89  46  75 116 180 125  69 183  17  36   7  62   4 119 120  21  18  83   5 188  29 184 103 118 190  14
   41  97  56 196 121  12  20 101  90 109  15  34   6  84  22 182 123 179  33 191 111  21 192 117  60  85 180  19 194 181 129 195 116  36  69   7  46 193 120  89  47  73  45  76  14 118  29  44 125   4  62  83   0  17  61 119  18  54  75  28 183   5  42 189
  101  41 196  22  84  56  97 121 182  90  42  12 125   6 179 123 192 188 184 129  83  20  33  15  47  52 124 193 195 191 109  69  46  21 187 117  28  36 102  60 113  34  55 105  24 194  14 111  17  73 120 185  45 119 183  54 146 118   5 115  19   4 180  85
   86 186  60 189  13  23 180 197  44 181 106  71  70 193 183  98  18  46  42   8 192  48  14   7   3   4 116 117 125  62  19 187   6 108 104  83 185 178 130 112 119 196 131  29  25  31 191  20 124 118  45  34  21  89  69 103  15 195 102 145  99 184 115  95
   16  77  70 165  82 137  93 177  80 170  81  26   2 164 110 154 174  95 150 176 159 173  79  53 171 172 175 158 160 168 163  66 152  50  94  37  65 153 156 149  51  67 141 108 167   3  88 161  68  48  10  64 157  49  27  71  25 169  63 162 148 155 147 178
    1  56 129 127  12  41  22 182 121  62 120  55  20  58  84  33 179  54 116 191  90 195 146  38 123  59 194  97 190  75  19 134   0 133   5 135  28  89   6   7 119  85  36 117 118 111 132 125 145 143 192  99 141  91  44  17 196  35 142  43 138 193  45  76
  129  59 190 195  83   6  56 193 194 117  38  84  19   5  99 179  17 113 121  44  75  18 192  22 191 197 189 116  62  73  33  41   4  60   7  20  85 120 182   1 119 118  74  46 101 123  89  47 103 180 181  12  14 130 196  40 188  42 115  45 104  30  91  23
  196 101 121  41  15 109  97 184  56  84   6 182  12  47 179 123 183  34  90  20  42  24 188 111 185 192 181  22 125 193  60 180  69  46 189 191   0  19 117 103  29 102 186  45 195 113  73  83  33 194  17   4 129  36 187   9  61   5 115  86 124  14 120  18
   56 101  15 121  41  84 196 123 181   6 182 179  97  22 192 193 117  20  83 116 191 195 194 180   7  19 125  17 103 190  89  60 120  45  24 129 189   5  14  75   4  33  21  18 118 119  46  12  47  42  34  29  61 115 188  99  44 124  28  69  36 113  85  62
   56  34 129 196  41 194   6  89  20 109  85 118  84 180  97 105 117  75 195 191 123 101 179 132 119  45  19  31 122 182  60 192 197 103 121  73   4  61 116   9  18 104 145  12  17  44   5  15   7 190 113 124  76 146  47  13 130  90 125  54 193  92 114 181
  178  77  74  38  91 114  25  40   8 115 126 131 124 190  96  98 144  83 113  16  99  39 104  59  27  11 188 142 122  88 197  23 137 187  58  24 103   3   5  13 112 130  35 105  86  70 110  17  42  46 120  28 102 145  18   2  29  95  30  72   4  22  14 189
   41  56 196  12  15  84 101  97 121  90   6 109  20  34 123 182  22  33 129 179 117 192  36 111 195  60 191 125 193  85 181 194  89  69  44   0  21  46  28  19 116 180  76  47 120   9  75 119  83  54  17 118   7 189   4 127  52 132  73 124  14  42  18  78
   41  56 196 101 121  97  15  84  12   6  22  90 182 123 109  20  34 179 111 129  33 192 117  36  60 125 195 191 181  47  69 193  46  19 188 194  83 189  42 120 180 116  21   0  44   7  28  85  75   9  17  89 183   4  14 119 132  29 124  73 118 184  18 103
   41 196  56 121  97 101   6  84  15  22  20  12  90 182 123 179  34 109 129 192  33 117 191 111  60 195  19 193  46  47  21 180 125 194 189  85  36 116  83 181  44  69   7  73  75  17 120   4  89 118  14 119   0  42  29  28  62  18 188   5  45 132 190   9
  196 121  41  97  73  20   6 183  42  60  34 182  47 179 192 189 101 184 191  84  19 193 109  46 180 123 117  12 185  90  18 194 195 188  85   5  45 113  15   4  44 129 125   7  48  14 116 186  69  86  56  13  17  61  89  22  83 102 103 190  33 181  29   9
   56  41  12  97 196  20  15  90  84  34 121 109 111  76  33   6 123 127  62   0  22 101  36  54 117 181  21 182  89 179 129 116  85 191   7 195  19 194  60 143  69  44   1 120 192  75 119  28  78 118 180 125  46 132   9  14  52 193  17   4  73  61  45   5
   56 109  41  34  90  15 143  12 196  97  76  20  92  78 121   0  36  64  89 123 111  84   6 181  62  22 146  21   9 182 133  33 127  57 151 116  49 117 157 101  10 132 134 148  29 179  85 129  54   7  75 119 180  63 163 191 125  68 138 120 183   1  61  19
   41 196  22  97  56 121 101 182  90  15  84 184   6  20 179 123 192 125 109  34  47 188  12  36 180  21 191 195  83  42  46  60 129  33 117 194 111 193   7 183  19 181  69  14  29  45 120 124 116   4  17 189 187 119  85  86 118 132  18  61  24 185   5  52
  101  36  56  15   9 181  41 188  84  22 125 123   0 111  42 196 124  69 189 182 186  33 187  86 103  52 121 183  55 193   6 184  12  28  24  83  47  90  14 166 129 106  46 190 195  60 185  59 179 142  44 117 109 120 127  43 115  17 162 192  11  78 102  38
  184 188 187 186 196 101  97 182  69  99  42  61  86 183 185  23  14  24  45  87 121  98 180 125   7  47 179 192 115  83 181  60  84 193  31  22 124 191   8  96  41  13  71  46 120 103 123 114  21 195  29 194 189  17  73   4  18  30 167  19  20   5  74   6
   16 178 137  77   2  88  53 126  96  25  95 144 106  91 124   8 186 150 147 142 131  40  72  26 110 187 136 138  35   3  74  38  23  71 134 135  93 155  11 114  86  98  27 115 139  59 148  39 125 162 122 160  70 169 156  81 130  80 177 145  82  67 197 168
  111  37  63  48 109 165 177  82 164 176  10  49 167 170  68 168  94  79 163  78 175  64  81 183 172 166 152 173 171  50  67 174  90 159  66 149 158 185  80  51  70  65 157 153 151 196  77  39 101  87 161  93  55  54 154 141  26  34 169   0  92 102  97 160
  121  41 129  97  62 182  20  56   6  12 196   1  84 179  22 123 195  19 191 109 116  90 193 190 194  85 192 117  47   7  60  75  44   5  33  15 120  46 119 180 125 118  73  89  18  17  14  34 111   4 189  83   9 101  45 188  42 132  99 103 105  21  28  76
   56  84 101  41  12   6 123  15  33 196  20  36  22  54 117  97 129  21  28 195  83 192 182 121 194  89 179 118 125 191 193  34  17 124   7 126  75 119  76  59  60 190 116 120 181  46  52  19 127   4  44 189  11  38 134 180  18  69  99   5  90  14  32  85
  142  36 138  39 169  52  56 146 161 148 126  35 101 133 163 150  53 134 149  15 157 155 156 136   2 147 151 162  11 140  67 152  55 153  51 160 127  28  88  90 143  64  65 139 176 172  78 111  68  66 159 168 106 137  93 109 154 164 175 124  79 166  81 173
  111 101  12 196  36 109  84  56  15  41  33  55  34  49  97  37  52 166  28 127   6 142  11  69 123  54  90  78  32  68  57 164   0  22 113 179 122 192 161  64  67 155  88 115  24  51 189  42  39 176  60  21  48 157  63  74  65  91 153 146 151  85 149 172
  111   0  63  55  56  68  12  78 109 127  64  65  90  36 151  79 157 141   1 172 149 163  66 176  49 174 173 158  67  54  57 162 153 171 164 156 152 170  37  51 167  50  80   9 155 175 159 177  81 154 161  52 160  82 196  33  34  41 166  73  94 168 169  92
   56  41 121  22 196  97  12 129  90  20   6  84 182   0  33  34  36 179   1  15 117 195 123  19 194  62 116  85 191  75 120 127  89  44  21   7  59 180 193  47 192 119  17 181  73 101  60  14  43  29 125 118  46  83  54   5   4 190  18 143 111  99 109 132
   97 196  41  69  34  49  20  90  73  78  12 121  37   6 189   9  84  89   0 117  56  21  48 122  63  43  44  60  64  85 109 108 111 162   1  76 143 191  33  47  92 127  94  61 116 181 123  15  65 192 106  57  75  32  36 180 151 193  17  26  19  79  50  62
   39 100 137  97 110 159  49  63 128   2 107  92  76  93 144  10  37  64  48  70 108 154 164  21  32  85 163  50 148 143 152 126  90 158 157  94 160 161 150  68 153  34  80 169 173  81 168 174 139  27 151  79  66 172 171 178  53 177  54  51 146 140 147  65
  126 144  56  54   1  38 135 108  89  20  62  59  76  36  33  72  84 139  12 138  21  44 146 129  73 118 127 134 194 143 116 120 117  97 123  75  63 124 145 125 119 136  28   7 195  58   6  35 148 130  11  17 137 147 133  41 128  22  85  74  55 190 191 197
   91  27 137  88  37   3  77 160 154 165  70 159  16  82  51 108  10 141 156 158 155  67 153  87 100 152  72  59  80 127  38 122 163  54  68 150 174 173 164 170 162 169  66  79 171 168 172 110 176 177  65  50  81  40   2 175 151  94  53  31  32  95  35  57
  129  56  22 121 182  41  97 120 123 196 179 116  36  14  19 195 180   6 193  47  58  83 188 190   7 194 103  84  20 181  90  46 104  75 101 191  35  17  45  29  60   5  42  30  33   4 125  99  18 117 115 132 183  44  43 192  15 124  62  86  21  89 184  34
   10 110 137  35  27  82 150 168 167  53 160 154 173 163 141 159 152  87 158 170 177 156 175  79 174  66  37 172 171  80 153 165  64 151  51 164 149  65  81 157  50  26 176 148 162 147  88  63  67  68 161  70  95 169 136 108 135   2  94  16 140 107  92  78
   56 101  84  36  22  15  28 123  33 134 124  54 129  12 142  11  41   6 146  83 138 127 120  91 179  55 195 115 182 117 133 190  52  39 118  21  75 125  14 121 119 143 132 196  89 194 103  46 111 192 126  34 109  17   7  38 135 193 116 181  20   4  59  90
    9   0  41 121 196  69 109  15 181  90  34 183  97  48  78  49  47  20 111  43  73 186 189  62 182 185  60   6 106  92 117  56 184  64 167  12  94   1  44  71  31 166 187  89  42 125  30  85  19  76  87  26  10 192 116 180 162 179 193  63  75 195  84 123
  186 183 185  69 109  15 187   9  78 106 167  86  42 188 184 101 102  64 112  92  41 166  93  95  24 181 175  47 125 110 168 196 177 189  90 111 103  82  71 176 121  87  49 182 171  48 170  97 162  81 173  65 174 172  56  16  79  66 124 140  14  52  94 123
   86  73 183  29  14  13 186 126  46 180 184  25  98 181  30  42  71  97  60 185  47 189  70  40 196 121 187  74 125 193  21 124  48  20  44 178 112 130 116   0  45  18   4 144  26  15   7   8  34 120 197  17  61 102  83  16  23  19 191  49  99   6 113 115
   41  90 121 182 196  97  22 109  15  47  20 129   6 183 101  56 111   9  34  84  12 184  60 179  73 123 125 193 192 195  42  46 117 191  19 188  43 189  69 180  44  33  85  62  49 116 181   0  14  83  78   7 120  75 194  17 132  36  21   4  55 119 190  89
   41  56 101 196  84  12  15 111  97  90 109   6 121  22  34 123  20  33 179 182  36 192 117 191  69 195  28  85  60  54  21 127 194 129  46 125   0 193  83  19 181 118  89 119  52  44  75   7 120 116   4  76 132  47 188  17 180  42   5 124  55   9 189  18
   41  56 196  97 121  15  84   6 101  20 182 123 129  12  22 193 179 117 109  60 192  69 181 125 195  34  90 191 194  33 189  19  83  46 116 180  47   7  17  44  21  14  42 188 190 120 119 124   4  89  28 184 118  62  85  18  75   9 103   5  76 111  73  36
   15 109 101 196  41  56  34  69  84   6  97 184  20 193 181  12 192 186 123 183 111 185  60 121 189  90  46 182 179 180  42 125 102 112 124 194  33  92 117  86  24  28  78  83  32 191 166  36  89  22  21 195  47  76  48  17   4  49  14  19   9  44   0   7
   16  88  82  77  95  93   2 137 150  80 155 177  53  81 165 174 154 172 106 108 164 156 171 176  65  79 169 168  66  67 170 161 160  68 173 175 152 158 153 142 147 149  50  70 163  57  64 162  51  37 166 159 186  94 148   0 141 157 122 151 138  26  11 136
  137  16  70 177  77  93 165  53  80   2  82  95 150 170 154 174  81 171  26  88   3 160 175 158 156 164 173  66 168  79 172 152 176  65 153  94 159 110 155  50 162  25 163 149 106  51  67 167 108 148 161 141  68 157  64  10 147 151  35  37  72  71 186  27
   16  77 137  70  25  27   3 110   2 177 165  53  95  93 178  88 150 154  82  80 108 160 144 170 164 159  26  40  35  81 100 168 152 156  51 141 174 107 158 175 176 171 173  10  94 153 112  72 172  71 147  79  66 161 163 135   8  50 131  67 136  65 148 155
  137  27 160 159 150 135 144  88   2 154  51 100  35 107 156 152 158  91  37  70 108 141 110 163 147 153  77  16 136 165   3  80 177  63 139 164  50 173  68 174 172  67  66 171 170 151  81 178  72  79  10  95 169  53 161 149  65 176 157 155  82 148 168  57
  137 100  35  27 144 107   1 135  72  62 128 159 110 178 160 147  70 145 150  10  88   2   3  38 154 158 139 133 156  57 136  95 152 153 155 177  93  76 163 151 148  37 134 141 131 104  51  54  77 108  80 174 140  39 138  50  63 143 171 157 173  66  30  85
   88 144  77  27 137  91 178   8  74  11  38 108 100  16 110   2 142 122  40   3  53  37 160  72  99 115 169  35 135  51 134 155  25 131  59  54 136 128 114 150  39 138 154  95   1  67  98 156 159 147 126 190  70  96 130  28  36 139  68 113 145  23 107 153
  127   0  90   1 111  85  55   9  63  12  41 142  36  56 109  68 100 151  59  37  44 181  72  76  52  73  57  43 157 149  26 136 159  78  33 135 156  97 162 116  50  65 158 121 143  66 160 144 153 152  34 155 139  79  69 138  20 163  49  64 129 148 172  38
   91   3 178  40 190  99  98  38  77   8 115  27 144   5 114 130 103 113  75  30  35  62  74  45 120  25 131 105  23  29 197   7  18   4  17 188  58 104  70 122 145 100  83  61 124 179 194  59  19   1 189 116  14  43 110  13  46 195  31 117  47 118 126 112
   12  73  97  85  20  41  56  89  34  55  90 196 121 194 109 193   0   6 123  29  15   1 129  44 116 143 108 191 146 180  49  57  45  21 192  17 118  60 144  32  33  61  63 119  84 127 117 125 126  37  76  19 197 179   5 130 139  42  68 113  74  78  28  18
   30  70   1  73  63 165  26  43 178  40  72  77  94  98  48  80  71  93   3 170  96  27 105  49 100 122  74  81 108 177  16 144  13  25 113 188 141  95 137  39 174 171 176 158  79 107 159  65 154  31  47 160  91  38 173 164  51  37 153 187  50 172  67 155
  101  32 196  15  21  60  83 181 128 188   7  56  84 113  97   6 192  45 117 111  46   4 100 179 189  86 116  20 191  62  41  33 115   5  54  18  14  99  61 121  24  19 118 166  29 119  73  22 194  23 180 103 123 130  28 120  34 195  11 197 112  69  12  85
  121 182  90  22  41  47  56 129 196 183 195   6  46  29  34  20 179  97  15 180 125 193  42  14  60 192  19 109 123 120 101  73 191  43  75   0  85 116 194  84  89  83  33  12  44 184   4   7  17 117  18 124   9  98 119   5  58 190  62  36  86 188  45 189
   41  90 121  97 196 182 109  20  15  22 101   6  34  47  56 183 184  60  84 123  12 129 111 125  73  42  46 192 191 179 180  69 193 117 195   9  85  19 188 189  62  44  21  78 116  14  49  76  86   7  33 132  83 119 194  92 181 120  89 143 124  29   4  17
  101  41 196  56  34  12  84 111 109   6  97  90  20  15 179 192  69  33  22 123 191  85 117 121  36  60  54 113 194  21  32 182  19 195 118  42  28 184  73 193  83  24   0   5  46   4  89  37  52  45 122 119 180   7  18  47 181  17  75 189 125  78  61  49
   41 196  97  22  56  20   6 121  73 129  90  15  34 101 191 179  84 181 182  62 111   7  33  19 117  60  36  85 195 192  21   0  47  44 116 193  83 180  12 194  69 109  75  46   4  32  18   5  59  99 123  17 120  14 118 189 119  45  76 188  43  54  42  29
  137  88 100  27  77   2  70   3  16 150 159 160 128 144 154  68  57 108  51 110 135 163  37 178 107 158  82  72  35 152 156 147  95 153  25 161 177 139 136  38  11  10  80  50  67 165  66 164 155 174  53  39 172  40  32 171 173 148 168 151 169  54  79  93
   16  70  77 165  26 177  25  93  82 170  80  95 137 110  53  81   3   2  94 108 164 176  96  71  27 168 154 174 175 171  48  79 173 178 172  40 159  30 158  66 150 160  51 185  50 187 152 167 156  65 141 186 153  67  88  37  10  63 107 163 149 161 112  72
  137  16  77  70  27 110   2  53 150  88 165  95 160 177 154   3  93 159 178  80 108  25 144 156  51 170  81  35  82 158 164 168 152 174  72 153  26 171 176 173 172  66 135  50 175  79 155 147  37  67 163  94 107 100 141  65 136  10 161 169  40  91 149 139
  137  16  77  70  27   2 110  53 177 165 160 150 154  95  88  93 159   3  80 108  25 178 170  82  51  81 164 156 158 168 152 174  26 144 153 176 171  72 173  35 175 172  50  66  94  79  37  67 163 141 155  65 107 147 135  10 100 161 136  40 149 169  91  68
  137  77  16  27  70   2 150 160  53  88 154 110 159 165 177 108 156 144  80  95   3  51 152  82 164  25 141 158  93 178 135 170  35 153  81 163 168 174 147 136 173 100 176  26 172  79 171  67  66  50  37 107 149 175 148 161 155  65 169  94  10  91  68 139
  137  27  91 165 107  77 160 154  70 159  51  16  95  35   2 135 141 156  80 150 170 158  88 177 152 153 164  72 110  63  81 144 176 171  67  94 178 155 163 108 147 136 173  79   3 174  50 172 168  66  37 169  93  65   1  82 149  38 151 140 161 157 175 100
   11  54  88  38  56  91  59 100  32  28  62  27  33 137 178 134  77   3 104  40 128 197 144 127   0  57 118  75  72 133  15  36 135 112 114 138  74  99  84 115 130 194  83   1  89  23 155   8   5  44 108 145  18 190  19 113  51  35 193   7  22 117  85 160
   16  77  93  39   2  81  53 164 176 177  82  96 161 168 175 185  67 170 110  80 165  51 187 172  95  50 174  26  79 173  66 171 169 167 186  65 154 163  49 137  94 153 149 178 158 152 150 159 160 156 155 126  88 157 184  25  52  37  68  42 166 162  64  74
  186  86 187 101 185  69 183 184 112  24  16  42  93 188  53  15  77  96  71 102  39 166 125 124  95 177  48 109 178 168 181 167 106   2 176  82 189 175 103 111 114  14 182  81 115 164  83  25  52   9  22 165 161 169  11  26  92  46 170  47   8  80 110  78
  110  27 137 141  35 150  30 147 144  95 140  77 136 178  70  10 165  39 154 133  82 114 177 160  53 159  51  26 148  80 145 164 168 131 156 173  74 163 149  91 135 171 152 170  88  81  94 143  16 158 106  93 105 167  98 153 174  50 169  79 172 138  25 157
   90 111  39  52 169  36  35 166  78  43  65  49  51 163   1  63 157  93 162 143 171  22 151  64  66 167 158  79 172 155 176  67 109 153  41  50 149 152 173 159  15  55 175  92 174   0  69 156 127 182 140  72 170 161 107  56 160  80  76 136 147  81  87 142
   56 101  12 142 134  15 127  84 123  36 133 146 125 138  41 124  54  33  28 106   9   0 132 121 179 109 120 196 141  89 111  55  91 182   6 140 103 117  75 135  24  34 115 181 148 136  52  59 129 195 119  29 151  22 102 139  17 147  11 149 143 116 192 188
  196  41  97 109  34  90  56 121  20  15   6 182  12 192  85  22 180  47  49   0  84 183 179 101 111  60 191 129 195 193 194  36  19 181 123  92 184  33  78  48 117  73  46  75  29  21  76  42  44  89 185   9 116  69   4   7  45  18 125 189  17  61   5  83
   90 183 109  49 167 111  73 185  48 121  92  43  78  71  47   9 186 184  26 196  97  30  94  41 182 177   0  70  63 165  93 170 166  34  82  86  42  69 187  10  64 171 175  81  80  79 112 173  98  50  65  60 176 143  31 174  85 172 181  66 168  20 149 188
   35  39  91 169 142  77   2  51 176  67 160  52 156 155 136 150 164 163 138 153 168 154 161  81 152  50 159  93 147 178 149 172  16 141  88 157  53 158  95 162  65 171 177  79 151  66 170 174 173 175 167  80 126 140 107  55  11  82  36 146 166 137 110 135
   70  16  77 165 177  93 137   3 108  48  95  94  80   2 170  26  25 110  81  82  27  71  53 178 176 168  40 174 164 175 171 186 154  30  72 173  79 159 158 172  66 185  10  37  96 112 160  13  88  50  65 150 152  31  51 153 156  67 167 155  49  63  98 187
  137  16  77  70   2 110  53 177 165  27  93 154 150 160  80  95 159  88 164 170  82 108  81  51 156 168 158   3 152 174 176 153  25 175 171  26 178 173 172  66  79  50 163  94  67  37 155  35  65 161 141 147 144  10  72 149 107 148 135 136 169  68 162 157
  137  16  77   2  53 110  70  27  93 160  88 177 150 154 108 165  95 178 159 164  51  80 156  81 152 170 158 168 153 176  82  25 155 174 147  35 175 144  67 161 171 163 172  72   3 173  50  66 141  79 135 169 136  39  65  26 107  37  94 149 148 139 162  10
  137  16  77   2  53 110  88 150  70 160  93 154  27 177 178 159 108  95  25 164 156 144  80  51   3  82 165  81 152 168  35 158 153 155  72 170 174 147 176 161  67 175 135  26 172 163  66 136 171 173  50 141  79 169  65 148 139 162  37 149  91  39  40  94
   16  77 137   2  53  93  95 177 150  25 176  81  80 165 160  82  70 168  26 170 164 178 156 154  88 169  51 175 174  67 159 152 172 158 141 155  50 171  79 153 110  66 173 161  65 108 136 149 147  39  96 163  94 142  35 162  72 148 157 167 135  40 144 139
   56  41  12  97 196  84  15 101 123  22 121 129  20   6 109 182 179  33  28  90 192  36 194 125 195  34 191 117  21 116 193  60 120  54  89  19  83 118 124  46 180   7 111 181  62 119  14 132  17  44  85  45  76   4 190  75  55 146 134 127   5  18 143  29
   56  41  97 196  20 121   6 129  34  12  84  85 194 179 123  15 191 192 117 193 109  19 116  22 195 182  60  44  33  90 180  89  62  73  75   7 118 101   0  21 119  17   5  18   4  46  47 181 120  76  45  83 189  28 190  54  14 125  36  29  59 132  42  61
  111   0  90  41  43 196   9 121  63  49  78  36 127  34  22   1  69 182  97  56 167  47 109  73  15  62  12 166 183 181  65  33 162  30  84 188   6  20  26  94  79  52 171 149 163  64  66  75 170 101 173 172 151  87 174  59 157 158 117 143  50 176  67 179
   15 101  41  69  97 111  56 196  84 109 181  22 121 123 182 188  12   6 125  21  20  90 117 193 189  33  76  14  60  83 191   7 192  86  28 124 116  46 179 127  47 120  24 129  52  62 103   9 166  42 195 184  39  36  17 190 119  44 132 194 180 133  19 126
   70  82  16 110 137  37  77 177  48 165 164   3 186 168   2  80  10  81 108  64  93  25 174  53 170 175 161 154  26 172  88  94 173 150  50 159  66  79  68 171 176 163  95 158 152 185  27  65 187 160  67 153 128 149 167  57 156  92 106  49  71 183  13  63
   38 144  91  99  54  74 130   5 190  59  58 115  33 135  40 145   1  22  72 179 119  18 118 194 126 131  84 120 129 105 100 195  75 178  62  27 104 113  55  83  85  45 191 124  73   4   3  12 142  19  17   7  46  63  28 117 108  29 127   8 192 197  44 193
   97 196  41  56 121  20  90  73   6  22  84  34 182  21  12  85  36 191 194 129 195  33 192 117 179  60 180 116  19  44   7  89  75 123 193  47  17  49  15 101  54 118  76   1 189 181  18 120 184   5  45   4 188  59  46  29  61  83  14 119 125  99  62  69
  137  70  93  37 165 108 170 177  80  10  94 174 159 154 171 158 173  82  79 175  66  16   3 160  65 168 172  77  81  95 110  48 152  50  53   2 153 176 163  27 150 164  88 156  68  63  64  51  26 167 128 100 155  92  67 157  25 162 107 149  49  57 151 161
  142 146  90 109 140 143 148  41 135 126  34 147 138  12  85 133  57  56 134  92 139 149 161 157 150 136  29 151 123  78  64  55 141 144  49 100 145 196 152 129 119 132 159 169   2 154  22 121  76 163  82  36  68 156  39 106  58 153  53 104  65  52  89 102
   70   3  16 165  48  77  27  82 137 186 177  53 110  93  94  26  37 185  13  71  95  80 170  81 178  30 122  31 175  40 168 108  25  10  96 164 171 106 174   2 128 176 114 154 187  79 173 100  74   8  50 112  98 172 167  66 159 158  88  51  65 102  67  61
  137  35 160 159 154  88 150  51   2 110 156 153 158  16 155  72 163  80 152  53 174 161 171 164 172  66  95  67  93 168  81 176  50 173 175 177  65 170 169  79 147 162  82  77  68 148 165 157 151  64 149 135  57  37  39  10 107 108 139  27 136 138  94  70
  137  16  77   2  95  93  88 165  53  70 177 150 154 160  80 164 159  81 152 170 156 110 176 107  51  25 153 158 161  27 155 174 147 168 175  35 178  82 163 171 172 173  66  79 135   3 108  37  65 148  67 141  50 136  26 149 157 144 169 139  72  94  68 162
   16 107 137 110 177  27 112 178 165  70 114  93 131  77 104 184  53  48 105  95   2 164 102 185 168  25  71  39 176  86  10 183 167 128 170  81 187 150 126 175  40  13 161  80  31 186   3 147  72 140 171  82  35  94 159 145 152 174  51  26 148 166  92  96
  176  16 177  93 169  53 168  81 175  67  96 155  52 167 166 170  91  26 162 164 187 142   2 172  51  77  65 174  69 171  82 153 160  80 165 156  79  66  50 173 186 152 102  94 154  39 112 110 158 101  95 136 161 150 149 140  55 159  88 163 185 157 141  35
  183  34   9  90  78 109 106  49 167   0  41 166  92  64  43  94 184  48 196  47  15  73 186 171 140  20 102  10  76  65 185 170 173  71  79  82  80  57 176 174  63 111 162 108 149  66 182 121 172 165  97 175  95  69 157  30  81  60 177 122  26 187 181  37
   41 196  97 101  56  84   6  15  22  33 123 192 121 193  21  12 109 129  69  34  60 125  20  42 182 194 179  90 117  14 191 120  28 116  54 181  46 111  83  32   7  44  45  17 195 180 124 118   4  85  86 189  18  89 104  19 119  24  73 103  36 132  61 105
   56  41  84 101  22 196 121   6  15 123 129  12  97 179  33  20 182 192 117 195  36  28 120  83 194 191  34 193  46  19 125 116  90 109  60 119  14  21  75  17 124   7 118 180  89   4  54 190 111 132 181  44  18   5 188 103  45  29 189   0  47  85 127 115
   22  56 111  90  36  41  39   1  63 127   0  97  33 196  52 182  84 121 143 101 100 169  21  54  15  49  59 146   6  35  76  34  12  20 138 163  55  75 151 195 142 109 134  62 123  51 157   7 117  78  67  28 179 191 166 140 153  58  43 192  85  91 133 136
   56  15 121 196  12  84  41 179  36 123   0   1 101   6  75 195 181  89 120  97  20 117  29 182  17 116  62  22  19 194 127  47 190  33   7 192  54 191 129   5 103  83 189 193  45 119   4  59 180  60  34  14  46  18 125  99  87  91  28 188 111   9 113  21
   86 186  42 183 184 124 188 185 187  60  14 101 189  46 121 125  24 102  96 112 123 193 182 196  83  71 192  98 103  41  47  84 115 109  15  13  23  25   6 179 180 197  29 120 181  45  97 113  18   4 104  69  17   8 195 114  19 191  48 119 190   7  73 116
  101  15 109  41  56 111  22 123  84 196  12   6  33 121  97  69  90 181  28 192 193  46 179 182  20  85  34  21  24 117 195  14 129 127  83 125  36  60 191  55  42 119 124 103 194 115 180  19 120   7 116  54 118  76  44  32  86 132  29   4 146 189  17  11
  109  41 111  15 196  56 121 101   9  97  90 183  76 181  69  84  12  78 182  92  34   6 123  20 186  47 125  62 185   0 192  64 179  42 188  86 195  60 106  24 166 103  19 191  89 117  22  46 132 116  75 180 167 143  33  85 189  36  14  58 120 193 102   7
  109  34  41  90  97 196  15  56 101 111 183  20   6 121  92  48  85  78  84 105  49 132 123  32  69 192  42  76  10 117  22 179  24  61 143   0 180  21  45  19 103  47  87 191 181  12  64  58 104 129 182  60 185  31  86  14 118 102 128 119   7 107  46 112
  100  93  53 165  82  77  70  94   2 112 107  96   3 111  95  62 166 170  80 109 137 169 175 128  27  35  57  16 147  10  25 160  88  76 163  23 174  51 150 152 177 154 158 171 172  68 173  79 108   8 159 156  66  50 178  67  65 148 186  92 153  81 176 157
  111  70 177  10 165  49 175 170  92  37  64  63 109 176  48  68  80  94 174  82 173 158 171  50 163 172  79  66 167 159 164  58  65 107 152  78  81  51 154 168 153 166  93 160 151 100 157  76  57 156  67   2 137 149  87 161 128  72  35  26  95 155   3  31
  127  56 135 134 142 138 136 133 147  36  35 141  54 143 107 151  28 139  12  38  55 145  88 150 148   1 163 144  91  11 157 156 146  52 111  51 160  84 123 169  57  87  68 149 140 161 132 155 120  33  39 152  58  67  63 129 158  64  62 159 118 153 162 124
   70 165  95 170  94  80  93 177  82 186  16  26  77 171  48  71  30 174  81 175 178   2 166  50 167 176 172  49 173  79 158  65  66   3  63 106 185 168 163 162  67 155 154 153 159 160  51  64 156 152 164 100 183  96 150 149  10  25 108 169  43 187 137 111
   37 137 108  88 154  91 160 159  68 164  57 110  54   3  53 153  51 156  27 168  67  16 158 155 152   2 161 150 163  50  82  66 172 176  77 173  64 122 142 174  32  81 169  79  10  65 141 151 165 175  80 162 171 149 133 138 157  72 135 170 139 177 144  94
  178 100  77  35  70  40  91   1 112  30  62  27  93  39  43  51   3  95  88 165 177   2  98 160  14  38 137 104  63  22  31  74 110  23 154 136 108 159  87 144 114 170   0 163 158 107 150 153 128   7  59 152 156  86  67  75 171  25 155  99 164 135  80  16
   86  39 183 101 188  42 187  22  14 196  47 114 124 115 125 186 103 184 111 185 104 182 177  93  73 178  24  71  77  90 132  29  46 102  41  30 109 167 112 120   0  40 113 121 179  60  97 123 105  16 164  69  48  45 189 176 146 181  84  34  25  61 140  83
   36  56 111  15  41 101  22  90 121  12 182 142  84   0   9 127  33  28  52  55 166 123 109   6 181 125 188  83 196 129 195 134  14 124 138  46  24 126 119  69 179  54  47  59 193 120  11 192  91 117  34  44  89  17 189  60  78  42  43 183 190   1 184  20
  101 109  12 102  41  84 125 111 123 121  24 196 182   6  69 124 192  15 146  42 179 132  28  46  47  55 191  58  90 193 185  34   9 183  54  56 195 115 105 103  20 117 187  92  60 129 120 194 184 190  17  96   4  19  33 113  45 119  14   5 118 186  89 166
   56  41  84 121 101 196   6  22 123  20  15  97  12 182 129 179  33 192 195  34 117 109 191  90 194  75  19 193  46  83 116   7  36 118 125  60 180  28 120  21  89 119  62   4 111 190  17  85  47   5  18  76  14  44  54 181 132  45 124 189 103  99  29 188
   41  56  97 121 196 101  90  15  20   6  84 182  12 123  22 109  34 129 117 192 179  60 195  33 191 193  21 181 180 116  69  46 125  19  47  85 194   7 111  83  44  89 189  36 120  42  17 118  76   4 184 119  75  73 183  18   9  29  28  62  14   5  45 188
   41  56 196 121  97  12  20  34  15   6  84 109 101 182 123 129 179  90 117 195  89 191 192  19  60 194 180  33  75 193 181 125  22   0  85 116   7  47  76   9  44  17  36  46  62  69 118   4 111 120 119 189  21  18   5  73 132  83  45  29  28 127  54  61
   41 109  56 121 196  97  90  20  12   6  34 111  15  84 101 129 182  85 123 179  22 191  33 192  19 195 117  76  60  69 194  75   0  47 193 180  62 116  89  44   7  36 181   5   9  46  21 118   4  54  18 127 120  73 125  78 119  17  55  45  28   1 183  42
   41 109 121  97  90  56  69  12 196  15  34 101  20  84 182 111   6   9 123  76  62  78  92 181 129 195 117 183  22   1  60 191 179  89  47  85  36  19 116   7 193 125  33 127 180 192 184 194  75  46  21  73  64  44 143 119  52  87 120  42 189 118 188  63
   56  41 109  15  97  20 121  12  84   6 196  76 123  34 101 129  90  89 182 192 191 195 180  85 179 194  19 193 117 116 118  62  60  92  28  69  33 125 181  21  22  36   7 119  75  44  46  83 143  17 111   4   9  58  18 124  54   5 190 120  32 132  78  45
   41 109  97  76  90  15 196  20 121  56  69 182   6 111  34 101  62  84  60 129  12 166 192  21  85  92  22 195  52 184 123 191  32  44 180  78 193  89 117 189  19  28  33  49   7 194  83 181  46 118  36 128  64 143 179 116 125   9 119  11 183 126  57   4
  109  12 101  41 142 123  28  56  84  15  55 129 134 121   6 124  33  20 133  57 146 119 126 125  90 111  76  54  34  85 117 132 118 127 193 141 179 138  11 166  52  36  89 145 102 140 192 139  60  46  83 195 191  32 135 196 194  44  24 182  78 120 106   9
   41 109  97 196  56  20 121  15   6  34  12  76  84 123 129 182  90 193 191 192  19  62  60  89 179 195 101 180  85 194   0 117  33   7 116  75  44 118 111  46 125  21  22   4 119  54  28 143  18  92  17 189 132   9 120 183 181  14   5  45  69  47  61  58
   41 121  20  56 196 123  97  84  12   6 129 109  15 101 179 191 195  19 116 118 194 192 193 180 117 182  60  89 125  34   7  76 119  17  21  62  85   4  46  18 181  75 120  45   5 124  83  44 132  33 190  22  28  61 189  47  29 145  99 128 197 103 130 146
  121  41  97  15 109  20 129  56 196   6 123 193 116 192  84 180 194  12 182 101 181  60  19 195 118 191 117  85  89 179  76  17  83  75 189   9   4 190  62  18   7 125  46 184  44   5  34  45 119  47  21  90 103 197  61  28 120 132 124  92 145  32  22 183
  121 196  20 109  89  19 180  76  75 116 182 195  41  60  58 194 192  31  62 129  47  97   6 191 181 179  34  61 183  45  18 193  98   4  92   7   9   5  17  23 186 102  46 112 189 185 197  43  15  13  87   3  85  44 123 125 103 190   8 145 118 184  71  29
  100  62  58  76  56   1  75  35  91 129  59 195  27  85 128  19 118  54  38 145 143 194  89  32  20 116   7  36 134  33   6   5 197 191 190  28  57  21 127 180  22  18  84   3   4 192  83  99  23  44  87   8 119  31 107  45 130  43 179 117  17  15  97 123
   41 109  12 196  20  97  34  85 111   6 121  76  90 191 101  84  60  69  73  15  62  19  33 117  56 179  14  21 123 116 192 195 194 119  46  44   7  89 181 182  54 118 193  18 180   4 100   5  45 128  61  42  22  47  17  24  32   9  99  92 143  75 183  86
   56 109  15 121  41  85   6  34  20 196  97 192 101  19  84 195 180  22  89 179 129 191 182  62 123 194  76 193 111  33  75  60  58   7  90   5  46  18 116  12   4 117 118  45  44  83 119 190  21  29  61  47  17  55  28 104 183 125 112 120  42 105 181 197
  101  41 121 109  15  56  84 123  12   6 111  22 182 195  33 196  62 125  20  46  90  36  76 179 124 117 191  19  28 129 192   9  89 193 116  83  34  75   7 120 127  85 190  69  60 119 181  97 118 194  14 180  24 134   4 132  44 103  21  17 188   5  18  54
   41  56  15 101 123 109 121  12  84   6 196  20  46  76 111 195  60 116 117  33  85  89  97 179  62 192 191  44 124 193  28 182 119  19 120  75 118  34 129  22  29 181   7 125  21 132   9  83  90 194   4 180  18   5 134  86 190 189  58  17  14  54  24  36
  109  76 121  41 101  20  15 123  85   6  62  34 191 195  84  19 180 196  89  58  60 116 118   7  46 117  97  12  75 192  56 119  92 129  18   5 182 194   4 193  44 128   9 179 181 125 197  45  90 190  21 132 120  47 111  83  33  17  23 183  29  61 124  28
    1 144 142 134 139  55 133 135  58 145 146  76 127 136  59 100  57 138 106 141 140  85  62  96  28 148   9  72  12 147 143   3 151  75 118  53  54 156 109 195 129 130 160 137 128 119 190  88 150  11 157  44 162 111 169 149  89  92 155 154  36 131 126 107
   76  62 100  58  85 118 128 116 195 191 129  75 145  19 109  20  41 123   7 194 119 190   5   6  44  12 121  84  18   1 134  89 117 144  21  54  59   4 180 120 130 146  15  33  28 143  56 133  46 192  99 132 197  23 101 193  97 104  45  17   8 107  83 127
  144 100 145   1  58  76  62   3 128  27 134   8 118  75  89 190 130 197 195  19  54 116 131  85  99  23  25 135 191  59 119  18 139 194   5 143  38   7 133  44   4 129  17 180 137 120  31  20  72  57 146 107 127 117 115 123  28  35  84  45 126  10  92  61
  100   1 137 128 139  58 144 135  76 145  27  62 107 143  35 136 147 134 138  63 160  25  57 127 108 126  88  72   3 150 159  38 133 142 163 131 151 141 148 146 156 118  54 154  51 130  85  55 152 169 158  10 140   2 157  59 153  11  39  92  28  70 110 197
  100 144 137  58 135   3  76  27 141  25 143  35 136 145  92 147 148  63 139 150   1 159  57 142 160 156 154  70 151 152 163   8 128  88  43 134 107 158 157 149  53  87 173 133  82 153  80  66  72  68   2 138  79  26  50 161  10  37  95  91 127  65 172  75
    1 144 100 145  76  62  58 135 134 128 139  85 133 146 143 107  75  59 136 118   3  35  27 130 142 129 190  57 116 119 131 127 195 141  55  25  89  44 191  19   5  72 147  54  38 138  28  63  92   8 194 132  20 126   7 137 140  99  18 148   9 151  43 197
  100   1 144  62 145  76   3 134 143  58 139  27 135 137 128  59 133  75 127 118 130  57   8 142 136  25  38  89  88 146  85 138 131 190 119 141 116  23 147  99  19 126 195 197  35  91 191   5  54   7  18  44 148 160  28  20  12 194 107   4  96  72 180 156
  100 137  25 128 144   3 139  76 145  70  96 142 135 136 134   2 107  58  27  77  88 131   1  53   8 130  57 150 106  72  62 108 138 160 147 133  23 148 197  85 146 156  16 178 119 126 127  82 143  55  38 159 118 152  11  92 154  37 141  93 155 124  28  80
  165  70  53 137 170  80 177  27  16  94   2  82 141 110  92 159 154 175  93 160  77 176 152  81  96 174 171 150 158 107  26 173 156 172 168  51 164  79 163  95  10   3 149  66 136  35 140  67 153 100  50 148  65  63 147 157  48 169 139  58  64 161  25 151
  126 106 145  76 135 147  72  35 134 139 133 144 148   1 141 140   9 138 142 136 128  92  57 137 162 146  25  58 143 150 107 156  62 151 155 160  95  43 153 154 149  64 157  59 161 129  44  27 152  80 131 158 169  65  38  53  66  52 132 171 174  50 125 173
  128  62 100  85   1  76  58  19 118  13  27  20 191  31   7 195 197  18  32   5 180  75  21  44 104  23 119   6  97 130 107 194  73  70 129   4  38  60 145 116  99 105 117   3  61 190 192  46  83  48 121  59  30  45  43  54  17  89  98 193  14  34 131  47
   56 127  84  76 123 134  54  58 101 120 118   1  28 129  41  20 195  75 116  33 117   6 190 133 145 142 144  12  59  89 119 191 146 121   7 143 126  21  19 194  15 138  36 125 132  62   5  55  83  22  17 182  99   4 124 139  18  85 179 135  44 192 180  46
  121  41 109  76  20 196   6 129 195  19  62 191  85 116 123  75 101  97  46 192  15 182  60  44 118 180  84  12 117  18  58   4   7 181 193 179  89 120   5 132 194 111 119   9  56  34 190 145 197  47  21 189  17  29  33 128 104 125 100  45 130  59  90  83
   76  58  62 100 134  75 144 145 128  59   1 118  85 133 127 119 195 130 116 139 129   3 142  19 197  89  44 190 132 135   5 191  54  28 146  20 117 143 106  57   4   7 123 131   6 136  43  27  18  84  35 126 121 120 107 109  23 194   9  15  96 138  46  99
  100 128  58  25 107  70   3 145  27  76  92 144  62   8 137 131  85 112   1 139  77  13 130  23 109  96  10  57 165 108 104  53  31 143 135  35 118  63  72  48 178   2  55  71 110 197  98 190  94 134 102   5 141 146  19  18 159 119 105 133 136 154  95 160
   27 137 100 144   3  25  70 110 128 107  77  58 108  35   8   1  53  88 145 160  72 154 159 135 139  10 178 150  76   2 165 131  16 156 126  37 147 136  94  51 158  80 152  93  96  23  95 163 148 153 170  13 169  74  82  62 173 197 155  31 174 141 133 175
  137  27  77   3  70  16 110  88 144  25  53   2 150 100 160 108 154 165 135 159 178  95 107  35 156 139  51 147  72 145 128 136  80 141 152 158  93 177  82  91   8 170 153 131 155 174 164 163  81  10  67  37 173 168 169  94 175 171  66 148 172  26  79  50
  137 144  25  27 100   3  58  77 128 110 107  70 135 145 131 139  53  16   2   8 108  88 126 160  35 150 159 178 154  72 147 136 141 146 156  37 148 130 152 163 133 134 143  96 161  51  74 165 158  10 138 153 164  38 142  80  82  76  95  40  13 169  23 177
  137  70  27   3 108 160 100 159 154  77 144 165  16  53 150   2 110  80 156  88 158  37  72 152 177 170  51  10 135 153  93 107  94 174  25 164  82 163 173  81  66 139  79 175 171 141 172  50 155  95   1  26  63 168 136  65  67 176 151 147  68 149 128 148
  137  77  70  16  27 110 160   2   3 154  53 150 108 144  88 159  93 165 177  80  25 156  82 100 158  51  95 164 152  37 170  72  81 153 178 174 168 163 173 135  66 172  50 107  26 175  79 155 171  35  67 141 147  10  94 176 136  65 161 139 169 149  68  40
  137  70  77  27  16 160 110 150 159 154   3   2 144  88 165  35  93 177 156  53  80  95 158  51 100 152 170 108 153 135 164  72 174 163  81 178  82 173  25 171 136 107 141  66 172  79 155 147 168  10  67  37  50 175  65 176  94  26  91 148 149 161  68 151
  137  77  16 160  70 154 159 177  53 150   2  93  27 165 156 164  51  80  88 158 110 152 170 153 108  81 141 174 176 144  72  82 163 168 173  67 172 155  66  79 175 171  95  37  50  35   3 135  65  94 136 161  10 149  26  25 169 107 151 157 147  63  68 162
  137 144  27  77 110  72  70 160 150   3 135 108  16  88 154 100 159   2 156  53 178 136  51  35  93 158  80 147 152 153 164  37 155  25  95 141  91 177 174 148   1  10  40 165 139 163  67 170 173  81 168 107  66 145  82 151  68 172 162  79  50 171  26  65
  137  27  77 144  70  16 110   2   3 160 150  53  25 159 154  88  35  72 108 135 177 156 100 165 178  95  80 152  51 158  93 141 107 164 153 136 170 147  81 139 168 174  82  26 163 173 155  66 172  10 148 171  50  37  79 176  91  67 175  94 161  65  40 149
  137  27  70  16 110 160  77 159   3 154  88 108   2 100 150 165  53 107  37  80 158 156  51 144 177 152 170  93 153  72  10 163 174 135  82  95 164  25 173  35  81  94 171  66  50 172  79 175 139 155 168  67 147 128  65 141 176 136 178 161  68 151 169 149
  137  16  77  70  27   2 110 160 154 150  88 159 165  53 177   3 108  80  95  93 156 144  51  82 158 152 170 164  25  81 153 178 174  35 100 168 163 173  37 171 135 176 172 141  66  79  50  72  26 175 107  67 147  94  10 155  65 136 161 149 169 139 148  68
  137  70  16  77  27 165 160 110 159 154 150 177   3  53   2 156  80 158  51 170  88 152 141  35 144  81  82 153 164  93  26 174 173 163 168 171  79  10 176  37 172  66  95  67 135 136  65 175  50 108  72  94  91 149  25 155  63 100 147 151 169 178 162 157
  137 144  27  70  77 100   3 160 159  88  35 150 135 154  72  16   2 110 156  53  25 178 165 177 158 108 152  51 136 153 163  80 141  91  95 139  37 107  93 170 147 164   1 174  40 155  82  10 173  81  66  67  50 172  68  79  26  38 171 148 168  63 128 151
   70 137  27 110 165  77  16 177   3  10  53 154 170 108  80  82 160 159  94  93  25 168 150  95 107 164 158  51 141 175 174  81 152 173 156   2 171 176  79  35  50 172  26  66  37 153  88 163  67  63  72  65 100 178 144  68  48 167 149 147  31 161 151 155
  137  27 110 144  16  77  70  53   3 108  88  25 150 160   2 154 178  95 135 159  35 100 165  93 156  10  72 147 136 177  80 145 107  51 152 158 168   8 141 164 153 131 139 155 170 148  26  40 174  81  82 173  94 171  37 128  66  67  50 172 169 175 163 161
  137  70  27  16  77   2 110   3 165 160 108 177 154 159 150  25  53  80  93 178 144  88 100 170 164  82 158  95 156  37  35  81 152  51  10 168 174  26 153 107  94  50 171 175 173 176 163  66 172  72  79 155  67 135 128 147  65  40 141 136 161 139 149  63
  137  77  16  88  27 150  70 160   2 110  93 154   3 144 159 156  53  35 165  95  82  51 177 178 152 158  80 136 100 147 153 108 163  25  91 164  37 135 170 174 155  67 141 107  81 169 172 173  66 168 171  79 175 176  65  50 161  72 149 151 139 148  40  26
   16  93  77   2 177 137 165  82  53  80 170 150  81 176  95 164 154 160  70 175 174 171 159 152 158  51 172  79 156 168 163 173  67  88  66 153  65  50 149  26  94 161 155 169 110  35 157 141 147  68  39 167 148 151 136 162 166 178  64  37  49 140 107  10
   16  86  25  93  77 177  70 183  71  95   2 112 148 178  53 137  26  96 150 100 107  39  82 186  80 170 140 165 147 104  30 167 131 175 185 143 149 174  42  40  81  73 144 176 171 161  92  14   3  79 135 126 163 164 139 173 152 184 109  66 172  65 136 158
   16 137  70  77   2 177 165  93  53  95  82 110  80 170 168 178  81 164 159 176  88 108 154 175 174 171  94 160 150   3 158  50  27 172  25 152 173  48  26  79 153  51  66  37 156 163  10  67  65 161  68 167 155 112 169 107  39  71 186 149  40 100  72 148
   16 137  77 110  70   2 150  53  95  82  88  93 177 165  27  25 160 154  80  81 178 164   3  26 156 144 159 168 108 141 170 174  51 158 147 152 173 172 176 175  50 153  67 171 136  66  79 161 163 149 148  65  40 155 135  94 169  37  35  68 139 162 107 157
  137  77 108 160  27  16 154   2 144 135 107 110 164 150 159  51 156  88  53 147 141 152 177 153 158  80 161  37 155 165  81 136  72  70 163 174  35  50 168  93 170  67 176  95 139 172  66 178 173  79  25 171  91 175 151 148 149 157  82  65  63  39 169  68
  137  16  77  70   2 110  93  53 177 165  88 150  27  95 154 160  82  80 164 159 170  81  51 168 178 108 176 174 158 156 175 152 171 153   3  25 173 172  67  66  79  26  50 163  94  37 155 161  65  35 169  10 147 149  40 107  39 141  68  72 136 144 148 162
  137  16  77  70 177   2 165  93  53  95  80 110  82 150 170  81 154 159 160  26  25  27 164 168 176 174 158 178 175   3 171 152  51 156  94  88 173  79 172 108 153  66  50 163  65  67  37 149 161  10 141 107  35 155  72 167  40 147 169 148  68  71  39 144
  137  16  77  70  27   2 110  53 177 165  93 150  95 154 160  88 159  80   3  25 178 108  82 170 164  51  81 156 158 168 152 174 176 153  26 171  35 175 144 173 172  66  50  79  94 163  72  67 155 107  37 141 147  65 161 135  10 136 100 169 149  40 148 139
  137  16  77  70   2 110  53 177 165  93  27 154 150 160  80 159  95 170 164  81  82  88 168  51 156 158 108 176 174 152 171 153 175 173   3 172  26  94  79  66  25  50 178 163  67  37  35  65 155 161 141  10  72 107 149 147 169 144 136 135  68 162 157 148
  137  16  77  70  27   2 110  88  53 150 160 154 177 165  93  95 178 159   3  25 108  80  51  82 156 164 144 170  81 158 152 168  35 174 153 176  26 171 163 173  67 147 175 172  66 155  37  50  79  72 135 141 107 136 161  94  65 100 169  91  40  10 149 139
  137  16  77  70 110  27   2  88  53 165  93 177 150  95 160 154 178   3  82 159  51 108  80 164 170  81 156  25 168 158 174 152  67  37 153 176 175 171 173 172  66 163  79  50 144  26  40  91  35 155 161  94 100  65  72 107 147  10 141  68 169 136 149 135
  137  77  16  70 110  27  88   2   3  53 178 150 165 108  95  25 177  93  82 160 154  51 164  80 159 156 144 168  81 170  40 158 174  91 152  37  26 147 153  67 176 141 171 175 173 172  66 163 107  79  50 135 136 155  35 161 100 169  65  94  68  72   8  10
   77  16 137 178  88   2  70  95 110  93 150  53  27  82 177 165  25   3 160  51  80 154  40  91 147 156 164  81 108 159 168 170  26  67  39 174 176 158 136 152 171   8 153 169 172 175 155 163 173  50  35  66 114 144 161  79 141  65  68 100 112 135 149  71
   56 101  15  41  22 123 196  97 146  84 109  12 182 181 143 179 133 134 125 132  14  21   6 120  33  24 129 121  34 192  28 124  36  45  54  20 138 117 116  90 180 103   7   0  29  76  89 194 193  35  61 111  83 191  39   4 127  17 118 195  19 115  60 131
   41 196  12 121 101  56  84  15  97   6 123 182  90 125  20  34 109  22 129 179  47  33 117  60  42  73 193 191 192 195  69   9  46 194 119  36 124  29 116  17 181  85  14 120  89 189  44  21 188  19  83 111 180 146 183  28 184   4  45   7 118 132 103  18
  196  97  41  56 121 101   6  84  90  20  12  34  22  15 182 123  73 192  21 109 129 179  60  33 191 117 111 193  47  36  85 194 195 180  46  42 189 116  19  45  44  83 125   7 184  29  69  54  17   4 181 120 118  14  89 113  49   0  18   5  75  32  61 188
   56  84  41 101  12  22  97  15 196  90  20 109 123   6 121  33  60  21  28 125 192  34  83 124 182  46  42 179 191 180 117 193  76  89   0  86  85 111   7 118 119  29 195  11 184  55  44 183  14  73 116  62 126  32  19  36  45 120 189 194  69   4  18  52
  196 121  97  20  41 184 129 180 193  47   6 101 192  15 182 123  60  42  34 194 191 181 109  56  29 102 179 189  22  46  17  45  19 117  61   4  85 116 114  84  21 125  83  24 103  13 183 119   7 195 185  18  90  44 118   5  89 104 124  86  14 188  75 112
   69  86  16 186  39  93 184   2 178 188 187 189 137  53 108  48 166 183 124  14 175 177  24  96 185 111 181  26  81  71  49  77 176  25 128  11 101 168  50 112  13 122  80 126  42  21  73  46 110  40 174 113  37 164  65 161 193 155  66 167  60 172  52  82
  101 187 112 196 102 122  86  61  42  13 183 184  60 124  48 103 186  45 114  97 189 185 193 123 105 115 129 125 179  24 131  84  16 192  15 113 132 188 104 108  71  73 128 106   6  32   4 109 181 126  20 178   7  83 194  47 117  18 180  46  41  17  21  34
   16  93  77 185 165 176 187  82 177 186  53  81   2 110 112 170  95 168 167 184 164  96  94 175  48  80 178 171 174  67  39  79 169 172 166 102  51  71  26 173  50  49  70  65 114  66 161 137 183 154  86  37 152 153  64 158  88  42 150 163 113  24 155  52
   16 186 184 187  53 110 185  77  86   8 108 124 112  74  98 178  13  48  96 102 122  25  69 125  42 114  93   2 126 168 101 113 189 188  95  15  11  83  40 115 183  70 193 164  24  45  82 131  14  23 180  71  88  94 165 197  32  81  39 103 176  17  61  60
  187 186 185 184  42 101  24 102 124  86 112 125 103 114 193 123 110  13 188 189  15   8  83 181 183 113 192 131  16 122  96  45  60  17 115 180  14  84  46  61 179 121  71 182 196 105  74  47   4 126 117   6  98 106 104  25 194  69  29  21  23 190 116  18
   15 109 101  56  69 184 123  28 124 181 112  86 102  12 193 183  84  41  52  92  83  11 125  34  22 187  24  53  42  55  21 186  14  39  20 180 182  46  64 129  90 114 117 103 119   6  60  32  97 134 179  78  33 168 188 189   9 132   7  76 126 185 192 146
   41 182  56  90 121 196  97 109  22 129  15   6 101  34  84  20 184  47 123 193 192 179 183 125  42  60 117  69 181  12 195 180 111   9 188  46 189 194  19 191  24  83 103 102  33  78   0  14 132  75  17  44 116  36   4  52 166 120  85 185  28  49   7  89
   41  56 196  97 121  12 101  84  15 109   6  20  34 123 182  22 179 129  90 193 192  33 191  60 117  46 194 180 195  21 116  19 125  89  85  28  83 119  14   7 120  47   4  44  42  17  69 181 118  29  45  18 189 111 132  75 124  54   5  73  36  76 183   0
   41 196 121  56  15  97  12   6  20 101  34  84  90 182 109 179   0  60  22 123 192 181  47 117 111  33 129 191 189  19  69  73 193 195 125   9  36 180  42  46  89  44 183 116 194  17  83 184  75  85 188   4   7 120  21  29  18  14 119  62  78   5  45  28
   41 196  56  97  84  12 101   6  15 121  22  90 182 123  20  34 109 179  33 129 125  60 193 117 192  42  47  73 111  44  69 188 195  36 181   9 191 189  46  85 194  28   0  17  19  83 116 119 183  21 124  89 180  55  14 120 113 103   4  75  29 118   7 184
   41 196  56 121  97  15  84 109  34  12   6 182  20 101 123  90 179  60  33  22 192 193 125 183  47 117 181  89 195 191 194   9 180 129  42 184   0 189  19 111 188  36  46  73  44  17  69  75 116   7 124 120   4  78  85  83  18  45 103 119  21  14  28   5
  196  41  97  56 121  12  90   6  84 182  34 101  15  20  22 179 129 109 192  47 123  42 193 111  73  33  36  60   0 181 117 194 188 189  69 184 191 195  75  78 180  49  89  19 183  85  17 113  21  61   9 185 125  45  44  46 116  29   4   7 103  54 120  83
   56  41 196  97 121  12  15  84   6  20  22 101 182  34 123 129  90 179  33 117  36  21 192 181 195 191  60 116 194  19 125 109 193 180   7  89  17 120  75  47  85  46  83  44  29 119 118 189   4  14   0  45  73  18  62  28 132  69 111  54   5  59  76  42
   90 184 183 121  41   0  42  34  73   9  15 182 109  47 125  49 196  60  86  97  56  20 189 185   6 101 186 123 188  84  46 102  52  78 166  22 111  12 192  69 124  83  48 193 113  44 117 129 187  96 119  85 179 181  55  92  24  89 132  71  33 195  21 194
  121  41 196  90  97 101  42  73  15  12 182   0  47  22 109   6 183 125 111 188  60  69  20  56 123  84 179  46 184  34 192 193 189  86  14 117 191  29 181  33  83 120  21 129   9 119 185 116  85  44 187  24 195  17   7 180  19  49   4 124 186  18 194   5
  