  10   1  39 110 167  49 106  90 162 173 148  94  81  97 149  78 159 170  79  48 171 168  50  64 158 151  80  66  65 157 174 141 153 172 154 175  67  52 146  26 107 150 165 160 155 142 135 137 156  35 152   9 163  92 147 140  82 161  27 176  41  31 164  95
  125 130 144 131 120  98 145  29 122 133 146 124 132 121 116 115   8 134  43 103  17   3 142  46  47 187 140  26 141  44   9  59 102 135 123  13  96 190  30 117 182 127  24 189  12  25 143  75 188 119  18  77 126  71   4  89 138  40 139   5 197  19   1  15
    0   3   1  26  40  96 130  31  74  24 142 101  71  93  47  29 121  69  48  30 180  85 192 100 113 185   8  16 183  46  18  98 141 189  34  77 193   5  53 184 115  15 136  44  89 116   4 119  17 102 181   9 112 146 165 125 182 103 120 127  19 144 194 186
   62 105 166 111  32 104 129  42 112  97  61  56  22  76  86   0  83  70 192   1  84  28 178  45  39  58  27  19  38  75  60 193 123 197  13   7 191 195  64 179   6  87 106 118 132 163 117   4  11 196  49 100 131 165 180  10  48  18  14 109 120  20 121  44
   56 129 166 105  62  38  20  75  83  84 179  19 190 195  76  43 178  28  58 104  60   6  46   4 123 192 191 197  99  45 196  32 117   7 124  18 112 188 114  44  14  13  98  70   5  97  42 102 116 106 193  33  11 131  61 126 181 189  17 184  22 118  47  86
   62 129 166 105  56  19  20  75  83  84  32 179  58  38 195  45  99   6 190 191 192 104  76   4 178 196 117  18   7  61   5  97  60 193  13  46 112 123  28 114  22  44 180 197  43 184 116  42 188  14  17  33  47  24 115  70 189 102 118 121  98 194 181 131
  129 166  20  56  38 105  84  75  76 196  28 190  97 123 179  19 117   6 124  60  83  44  59 191  62  32  45   4 126 106  18 122 197 195 102  33 118  99   5  41 193  12  43 125   7 131 114   9  17 192 189  13 116 104  11  46  98 194  61 178  14 112 132 184
   43 129 166 178 105  56  75 188 190 121  83  98  47 104  46 195 123  19  35 179  70 106 124 102  38  62 120 186 131  60  99 187  14 116  20 117   4   7 103  44  18  71 132  13  58  76  84 184  45  86 192  59 196  42 112 189 183   5 134 114 191 130 115  28
   38  62 105  12 129  84 123  28  32  56  83  14 104 130  45  58  42  46  20 131  11 118 145 117 143   6  18  33 124 132   4  13  61  54  19  29 190 128 178 197 115   7 134  86 114 146  21 192 191 138 120 135 195  55 116  44 179   5 100  60  76  75 121 139
  144  39  54  97  11  21 128  73  41  33  12 138  38 133  74  72   2 188  14  88 107 119  28 197 120  22 124  85 134 113  56 118 132  60  59 145  52 127  84 150  76 179  17  89 139  55 194 189 137 116 196 146  44  36  42 148 162 142 151  46  57  90 155 135
   27 110  69 107   3   2  10  31  16 108 168  15  72  30  35  48 127  63 175  95  55  82 165  23  87  40 111 171  51  25  39  79 170 113  77 112  88 169  67 176  91 101 137  53 173  92 160  66 141  65 150  96 174 167  74 185 172  61  37  94 164 154  81 177
   12  73   9 109 125 122 142  37 143  20 123 126  44 115 136 121  29 117  34 102   0  24  47  26 129  93 119 196 124 193  28  89 186  25 141   6  57  78  96  84  63 135 130  53 108  18  46  62  45 140 181 116  85  68 101  17  75  60 184 189 146 106 190  41
   73 122  12  57  37  85 109  41  32  97  20  88  28 143 137 135 138 136 123 119 142   0  44   1 145   9   6  16  52 117 118  38 196 139  68 108 125  33 133  84 193  87 155  48 132  78  21 161 164 126  49  55 141 106 146 127 128  89 154  11 162 147  74  64
   62  58  56 105 178  38  83 195 179  23 112  19 190  99  75  70 166  84  32  22  76 114 197 104  43   7  35 188  20 192 191  61   8  11  46  28   5 129   4  13  27 111  45  86  18  25 181   6  14 186 193  51 100  60  54 115 180 187 189  33 183  42  91  55
   38 166 129  56  20 126  64  28  76  62 186 179  83  84  75  50 196 184  11 102   9 178 124 112   6 190  58  91 188  94  60 123  19  46 187  70  32  78  12  97 106 195 162  44 117  99   7 109   4 125  49 189 183 155 105  13  18  33  51  57 114 177  88 197
   62  58 166  76 178  55  56  32  38 105  97  84  39 129  51  27  45  37  61 111  13  12 195 100  25  28 112  70  31  94  88  19 193 165 108  48  10  20 164  82  57  67  85  83 154   5  11   1  64 196  77 106 117  18  22  75 159  44  23 191  99   6 177 190
   85  41  15 101  93 192  97  24  42  48  22  32  34   6 108   1  31 107 191 119  61 185  10 104 143 193  69  21  14 109 127  74  90  87 112 111 110  89   5 180  49 100 182   0  62  37 128  33 196  45 126  84  46  86  18 189  12 184 125   8 142 188 195  17
  129 166 105  20  56 179  75  19 104 196  62  83  97  60 195  84 106 123  44   6  46  28  43  42 117 192 191  38  45   4 190  18  13  41  58 197 131 102 116  76 124 188   5 178  32 184  14  99   7 193 121 120  47  98  70 114 186 132  61 118  17   9 112  86
  129  62  56 166 105  38  20  75  84  83 179  19 190 195  58  28 104 178   6  32  76  46 192 191   4  99  43  45  60 117  18 123 196   7 197  97 114   5  13 112  44 188  14 124 193  61  33 116  70  42  22  11 189 102 118 106 115 131  17  98 180  23 126 181
  129 166  56  38  62  20 105 179  76  84  75  83  19 190 195  28  60 123 196 104 178   7  58 117  43 124   6 191   4  99  45  46 192 197  32  18  44 114 112 116 188   5  98  97 102  33  42  11  13 193 181  14  70 184 118  61 189  17 115 131  59  22  12  23
   97 105  56 166  84  38  76  32  20 129  28 196  11  54  41  39  64 155   6 197 106  62  50  94  12 179  33 191  55  83  75 190  49  27  52  51  19 122 114 195  14  43 123 124  45 138 126  60 162 118  59  87 117 128 112  78  57   4 104  13 188  44  61 147
  102  20 125  98  47  75 129   9 122 190 117  19 196  18 123  44 121  99 189  46 124 131   4  43 116  45  59   6   5  17 184 130 179 186 103  60 126 193 106 120 192  13 105 191 132  71  83 187 118 115  84  29 195 180  24  14 188 194 166  38   8  89 145  34
   98  47  75 102  43 129 190 184  99 186  19  59  71 178  20 121  46 116 181   9  60 179 117  44   4  18 124 103  25  83 115 166   5 187   7 195  29 188  17 120 131 130 123 125 189  45  13 192 183 180 191 196 193 182  86  23 194  40 126   6  34   8  24 104
   56 178 105  62 129 166  83  43 104  38 188  70  22  58  75  14  84  35  19 195  76 190 179 112  42   7  46  45 123  13  86 192  11  28  32 114  98   4  20  39  99  61  18 131 117 120 187 197  47  51 115 116 106  60  97 132   6 191  94 124  23   5 130 111
   20  56 188 105  62 187 104  42 112 166  70  43  14  38 186 114  75 179  15  71  98  64  19  83 184 102 190 106  58 197   6 192 191  46  94  76   4  27   7 185 196  61 183 195  97  86  87  32 189  18  41 181  47   8  45  60 193 129  13  49  99  23  95 167
   54 144  11  32 137 108  21 127  38 128  74  73  14  39 107   1 101 110  88  85 146   2  33  55  12 130 113  22  28 138   0  49 119  77 105 100 161 104 118  40 123  37 115  51  42 132  86 164  13  83 139 136  46 134 135 189 133  84 188 178 159  36  45 131
   22 107   2  16  39 110   1  86  40 104  42 112  74 188 108 178  77 113  14 111  11 127  30  21  10  27 169 185  32  48 175  72 105  71 137  91  83 106 164  90   0 101 100 176 168  49  85  70 170 144  67  54 128 150  23 171  79 182 152 155  88 161 172 103
  165  35  48  27  31  62  10 111  94 108  51  32  37  58  63 177 170  67  82 176  55  92  43 167 175 159 154 178  70 164  53 168 163   1 153  87 171  69  50 160 112 158 152  65 100  79 166  93  81 110 173 172  49 174  66  77  80 169  61   2  76  95 105  22
   12  20  73 143 122 129 126 109  84 123 117 125 124  34  89  37  76 196   6  28 135  44 115 118  29  62  38 121   0 128 119 145   9  75  41  45 136  33 142  18  57 190  60  36 116 193  17  46  59  56  21   4  87 194 189 130  78 132   5  47 191 102   7  85
  129 105 104 131 106 124 123 114 179 188 130  83  14  19  42 132 103  46  45   4  18   6 120  38  20  13  75 196  86 102   1 195  60 191 197 192 117 121  47   7 112 145  32 166 189  41 116  17   5 190 178  99 125  44  71  56 186  98 115 184 118 126  97  28
  188  22 178  70  42 104  86  71 186 195  14  43  83 183  58 192  40 105  48   1  46  19 179  98 187 112 106 181  62  75  35 185  47  13  24  99 102  56   4 193 184  23  18  30  31 116 165 103 121  94 191 113 120   7  60 197 129  97 182 166 190   5   6 131
   35  62  43 178  23 105 112  27  22  76 104 195 111  75  56  70  31  19 188 166   7  58  61 197  99  86  25 114 165  32  10 129 192 179  83 181 183  95  15  48 184   5  94  30  13  91  71 180 191 167   4 190 100 185  84 193  97  20  42  18  46  47 101 182
   20  62  75 102  27  31  87  76 166  63   9  61  78 193 112  15  92 165  19  94 109  57  95  25  58 129 117 126 190 143 184  43   5 186  34  99  84 114 185  37  45  32  47  23   6 181 183 196  18  70 191 192  48  64 167  59 177  56 180  12   4  71 189  38
   20 129   9 125 122 117 123 124  12  47  44 196 102 121  73  45 190  60  75  18 193 115   6 184 126 116  46 131   4  84   0 130 132  29  19  98 189 120  17 186 166 118 143   5 145 103 191  13 179  38  28  24  34  59 109  61  83 192   8 187  71  25  41  99
  102 131 132 125 124 103   9 197 106 145 130 120  20 190 119  43 188  98 123 105 118 104 114 133   3  59 189 134  14  75 182  44  18  47 181  46   4 191 196 179 117  60  17   5 195  19 116  71 194  41 126   6 129 147   7 144 193  99 187  42 115 192  45  86
  140  26 167 148 146  93 149 141  81 177  43  35 165  69 170 133 168 157  80 107 174 176 175  53 150 151  79 144 136 152  65 164 110  30 173  90 160 147  66 158  49 171  94  92 172 106 156  48 135  95 153 163  10  63 154 159  82   1 162  72 139   2 134 142
    9 121 145 146  73  98 132 130 123 144  47 131 133 140 142 124  29 125 120  44  30 103 102  26 122  17 119 116 106 182  60 134 136  40  34 181 127   1  59 184  71 129 117 126 135 196 115  46  48  74  86  18  14  41 192  89  42 138 148 195   4  75  24  85
    9  69   1  48  16   0  31  26  87   3 141  10  96  92 185 165  27 168  37  85  15 102 113 164 110  73  74  53  63 136 175  71 125  72 119 176 167  25  57 183  34 154 108  40 126  90 170 107 109  94  30  79 162 193  24 184  82  78 122 177 101 112 186  80
   12  73  26 142  37  52   9 109 122   0  93 166  38 129  24  78  68 143  20 125  36  49  96  63  29 196 184  50  64 136  53  44 162 161 121  88  67 187  51 141  80 173  28  57 123  94 165 186 158  82  66 159  84  65  39 117 172   6  47 170  81 154 153   8
    3  40   1 127  16  63 108  53  77  26  31  69  30  25  99  98  47 115 185   2 130  71  24  96  29 113 101 144 102  55 183  37 136  59 165 100 178 177  13  48   5  58  95  93  15 103  27 187 125 122 189 186  88  74 184  68  82 182 176  92 194  73 167  18
  166  62 188  83 184  42 179 186  56  22 129  86 192 187  46 178  19  35 104  60 112  47  58  71 185  24 181   7  75 111  99   6 195 193 190 191  14   4 196  20  61 121  45 116 183  18  84  29 117 123  97  32  70  40  98 189 180 115   5  94  13  38  43  33
   20   9 126 125 102  98  59 196 145 124 197 122  75 131 129  38 105 106 118  84 190 117  41 194  12  44   6  18  17   4  27 132 191   5  19 179  15  60  97  76  43 189  45 123  28  89 147  57  56  99 114 130   8  13 116 138 166  55 195 193  87  33  73  14
   38 179  56 197  58   8  23  83  99  20  45 190  14 114 105 195 112  19 188   7 104 192  18  98   5  61  27 191   4  11  97  46  84 181  22 189  75  62   6  32  42  33  13 196  70 115 124  17  60 118 116 178  28 193 129 113  21 194 123 187 102 117 180 182
  188 178  22 105  30  35  40 104 107 110  70  43  14 144  39  71 103  86 150 182  98 134 187 195  74 120 131   1  91  77  42 114   2  23 112  58 169 132 130 100 127 106 128  83  13 146 113  27 133   8  81 170  95 167 177 145 147 183  47 121 186 175 163   7
   20  38  62  28 129 105  84  76 123 166  56 124 143 190  75 114   6  12 179  19  32 196 118 117  83  60  45 104  44 191 106   4  11 126 192   8  46 122  18  33 125 193  61  97  57 128   5 195 131   7 115 116  14 197 109 147  99  41  64 189 102  13 132  58
   62 166  56 129 105  58  19 179 195  20  75  83  32  38 104  84  43 112 197  28 192 191 178  99  46 190   4   6  18  70   7  76  45   5 117  60  13  42  86  44  61 102 184 123 114 180  27 186 196  22  97 183 193 188  23 116  33 118 111 131 181  24 106  31
   38  56 129 124  84  83  20 123 105  28  62 190 179  75 166  14  12  46 126  11   6  45   7  19 114 117 196 104  58   4  60  33  32 195  18  76 178  99 128 115 131 188 189 191  54 197 116  98 118 143 125  17 192   5 120  13  44  97 102  42  41 106  61   8
  188 105  22  56  43 178  35 104  42  58 195 197  83  70 179  86  97 166  39  14  54  11  91 112  38   7 187  98 114  23  19  75 186  32 169  99 129 110   1 182 183  49  84  46 163  94 191  64 190 111  13 192  50  30  27  60 155 150  71 120   4  51 196  61
   23  62 178  25  22 113  27   3  99 197 112  86 195 181   7  35  58   5  61 188   8  19 179  83  43  30  56  13 105 114 190   4  31  40 193  75 180  15 191 101 189  18  70 104 182 192 194  46  32  84  55 116  14 110 115  45 111 118 185  77 183  42  96 100
  110   3  16  69 168  87  30  72  53  74   2   1  27  26 144 107  15 141 182  10 175  48  91  31 164  82 113  40   0 133  81 162  79  77 171 154 151 176 149 170 136  34 156 174  96 160 152 173  66  65  63  80 167 150 155   8   9 148  90 165  25  89 119 183
   16  69   2 110 127  26 141  53 136 107 144  93  30  77 149   1  81 146  82  96  79 175 168  63 151 174 148 164  80  37 170 140  65   3 173  66   0  10  74 176 137  72 154  90 158 172 152 157 160 165 156 159 171 167  48  40 133  73 142 153  52  67 150 163
   69  16  53  26  93 141   2 110  48 127  31  63  92 165 107  96  30   3   0  37  40 136 167 140 175 177  10 185 146  90 149  77 144 176 170 168  34  79   1  81   9 183 174 148 101  87  82  65 164 109  25  66  71  80  47 173 151  24 157 171  35 158 172 152
   26  69 141  53   9 136 127  16 140 144 133 146  93  63 142  34 148 149   2 135  96 125 121  48  37  90  95   0  47  81  73 122 151 167  29 143  30 165  78  92  79  65 109 182 174 184 177  24  40  80  66 170  31 103  49   3  52 132 157 162 173 176 168 147
   16 107   0  69 127   2   1 110  26 141 136  48 137  37 140  30  10  73 146  90  39 108 144 149 165  93 176 101  79 175 164 170 111  82 151  96  74  40  49  63  85  81 145 174 148 168 152  77  87  80 173  66 167 135 171 133  92 132 185  31 160  65   3 147
  121   9  47  26 102  29 125 140 122  34 184  73 186 146 117 130 132  48  71  96 109 123 120 142  44  89 129  98  24 103 145 133  30  75 196  25 183 131  69   0 185 116 136  59  17 193 141 144  93 115  18 119 106 181  46  60 124 180 189  20   4  45 101  31
    0  73  85  24  34  37  12 101  69  31 119   1  48 193   9  16  17 100 191  41  96  21   6  45  74 122   5  15 192 115  29  32  18 180 113 194 109 117  89  44 125  61  20 121   4  26  76 181  84 126  60 196 185  47  97 142  33 189  87  19 123  13  40 184
  121 129  73  47 122  98 130  59  29  75 117 196 181  44 116 131  17 115 123  34 102 120  60  45  30 124  18 132  43  20  19 103 145 180   9   4 125 194   5  13  89  46 190  99 195 146 197   7 184 118 192 189  71 182  23  25 193 186 144   6   8 119 191  84
   37  16 136  73  87 141  12  57 135 107   0 122   9  69  88 109 147 133 137 119 127 145 142 138  78 125 148 143  63 151  52 108  64  68 126  20 162 139  89 161 149 168  85  34  55   3  10 118  66 132 144 154 156  53 164  41 160 110  79  59 155  15 140  72
   49  48   0  37 109 165  87 140  10 107  85 164  90  32 159 177  92   1  34  94 160 152 146 153 143  24  53 167  69 154 176  31 157 163  27  81  97 168  43 151 158  78 155  63  41 171  35 137 170  54  57  74 133  50   9 173  52  65  26  66 135  79 106 174
  166 129 196 105 106  20  44  75 184 193  97  60 192  19  76   6   9  62 123 122 121 117  24  45  28  84 179  47 104  83 190 109   4 191 102  13  98  94 116 195  41 143  18  70 124  42  61 114   5 178  32  46  38  17 125 186  56 180 131  48  71   8  31  58
   56  38  28  20 129 166 179  62  76  84 105  83 190  75  11  19 195 124 123  60   6  46  33 196 197  97 192  44 191   4  32 188 104 116   7 117  59  99  18 118  12 114 181  58  14   8   5  45  41 115 112  43  22  98 126 178 189 193 120  64  23 128  17  57
   62 105  27  58 112  56  32  76 166 195  19 129 178  75 179  22 104   7  61  99 197  83  23   5 191  20  13  45  38 111  31  84   4  43  18 192 190 180  70 114 118 194   6  86  54 128 117  35 188 184  11  60  28  15  48  97  42  46 100 193  33 113 115 131
  166  64 129  43  63  56  87 150 135  78  52 163 122  25 157  51  12  35  62  37 161 136 178  73 159  39 156 173  88 153 148 158  36 160  66   0 139  50  65 174 172  80  81 168  67 162 176  84 167 170  82 149  79  68 138 147 124 109 177 171 152 140 154 151
    1  30  40 110  69  26 144   2 121  74 182 188  35  16 103  48   3 113 127  47  29   0  22  86  96 146  77 120  71  73 133 136 178  93  98 107  34  31 119 185  17  95  14  24 183 181 189  21 116  91  43 100  39  53 122 141 184  81  59 187 130 132  90  36
  110 107   2 127  69  16 144 136  73 137  37 168   3 108  53 151 141  74  72  54  52  36  55 164  77  88  39 146 149  10  63  30  79 175 148  66 154  82  90 174 156 173 160  81  65 152 161 135   1 113 159 119 142  85 150  68  21  87 101 158 157  80  96 171
   16  69 127 110   2 144 141 136 107  26 146  30  53   0   3 149 133  74 148  96 140   1  73  93  77  90 151  40  63 168 175  81  79 135 137  37  72 142 174 164  10  48  80  66 150 170 173  65 176  82 119 157 160 101 152 156 145 108 154 167 182  92 172 158
   16  69 110 127   2 144 107 141 136  26 146  53   3  30   0   1 149 148 133 140  93  96  37  77  74 151  90 168  73 137 175  79  81  63  72 135  40  10 164 174 142  66 108  65  80  48 173  82 170 176 150 101 160 157 152 119  92 156 154 172 158 139 167  87
   16  69  26 141 127   2   1 136  96   3  73  53   0  30  40 144  93 110  48  77 146   9 185 107  37  74 149  63  34 140  31  90 101 119  71 108 148 142 165  25 175  81  24 133  29 176 167  79  92 168 170 113 182  85  82 174  47 151 183  80  66 135 122  65
   69  16   0  37 141 136  26 127  73  53   2 110 135 140 133 146 107 148 149 144   1  90  87  52  63 164 151 137 109 142  34  12  79 168  48  10  93 174  85  66  81 101  78 175 154 161  65  96  74 176 122 157   9 152 159 160 173 153  80 119 158 139  92  57
   69  35  39 182  34  30  97  90  22 188  15   0  63  96  73 184 110  48  26 103 193   2  40 101 185 127  41  43 120 121  86 119  95  21  47   7  60   9  29 113  23 180  74  61  16 189 111  98 181  17 196  52  59 132 116 117  42 194 191  99   1  24 167  25
   22 110 178  77  86  58  54  35 104  42 188  11  70  56  23 105  30  36  83  39 100 113   2  21 195  14  40 107  62  32 181 112  74 197   7   8  29  82 169  25  61  27 111 179 108 187 163 192 120  46 101  55  51  13 114  38  45  84 115  99 150 183  67 128
  188  35  22  56 178  11  54  14  86  39  43 104  58  42  83 112  70  38 105  23 197 169 187 195  62   7  36 111  91 179  46  64  21  30 163  98   2  50  76  51  33  82 150 110  77  32 114 182  67  99 100 190  25 183   8 171 128 192 170  84 120 172 173 108
    0  96  73 127  29  12 122  26 119 125 142  47 141  34 136  37  16  30  85  24 121  93   2   9 132 196   8 101 115  53 130 144 181 133 193  77  31  25 107  87 185 189 103 145  14 146 118 182  17 116  69  41 143  20 117  74  71  48  63  59  89   6 187 113
    9 186  41   1  20  42  57 196 181 109  78  28 102 183  56  46 179  44 187 125 166   6  60  89  12 162 106  64  34 192 191 124  71 197 126  43  49  19 193  70  75 188  94   8  98  84 142 190  97 112  86 195  33 167 116  83  87 155  26  14 169  47   4  18
   19  62 192 193  20  75 129  99  83  24  18 191   5  45  46   4  47 179   6  13  31 195 184  61  58 117 102 190 104  44 112 180  84  60   7  86  32  98  48 178  71  17 105 116  42 183   1 189 196  14 186 115 121 114 194  15 166  23  22 188 123 103 181 130
  166 105  43  70 178 129 106  56  94  97 104 177  95  64 196  58  49 195 114  35  50  98  51  75  38  48 186 165  42  19  83 197 184 131 188  13  82 179  91 150 155  81 147  39 187 163  71 170 176  47 169 102 153 162  80 158  55  67 171 172 164 190 159 192
  133 122 105 125 147  38   8 124 123 144 118 135 138 190 134 107 132 145  28  98 131 120 140 102  57 143 141 136  44  70 146 150 121  76  45  89  59 139  68 142  73 117 114 103  11 189 100  25  95 116 130  33  18   4 137  84   3  20 148 119 108 194 129  17
    0   1 101  42  86  40  24  58 130  29  31  45  85  61  48  32 100  62 185 104 110  77  27 192 115  14 165  74  37  18 119  47 193  71 183 180 108  87 113  83  46 112   3  26  22  13 123   5  93 146   4  34  96  21  70 181  25 191   7   6   8  19  12 103
  110 107  16   2  72 144  69 168 141 151 127 150 137 148  90 149  79  10 175 136 133 162  81 147   3 171 164  66 173 156 174  65  82 160  39  30 152  80 172 135 157 138 154 158  53  74 155  52 159 170 153 169  87 176  55  64 146 139  88 163  67  26  63 140
   69  16 110   2 127 107 144 141  30  26 136   3 146   1  53  74  40 149 133   0  96 168 148 140  77  93 175 151  72  81  90  10  79 137  48 174 150 164 135 170  63  82  80  66 173 101  65 176 167 160 119 182 142  73  37 157 152 156  92 171 113 154 172 158
   16 110   2  69 144 127 107  26 141 136  30  53  77 146   3   0   1 149  93 168 137 148  81  74 140  96 175  79 151  82  40 133  37  10 174 108  72 164  66 173  36 142  90  65  80 150 170  63 152  73 160 154 135 156 157 176 172 158 159 161  39 169 171 113
   16 144 110  69   2  30 127  26 107   3   1 146  74  40 141  96   0 136  77 113  48  73 119  53 101 133 182  93 149  90 148 140  10 142  85 168 185  34  81  29 145  71 175  86  72 103  31 151  79 130  15  82 167 170 132 137 164 108  21  87 174 183  80  42
  110 107   1   2  16  10  27   3 144  82  77 127 137 108  69  74 141  30  48  87 146  31  85  22 100 151 168 101 119 113  37 136  79  72 175  26  15  39 149 154 164 152 159  61  21  81  53 150 174  32  66  80   0  67  55 145  96 161  40 173  65 171  90  23
  129 166  83  75  62  20  56  38  58 190  46  19 123  84  99   6 192 117  47  98 179  60   4 178  18  44 116  76 196  45 195   7 121  12 115  33 191 124   5  14  28  17  43  59  29  13 181 122 184 189 193 188 104 105 102  24 126 180 187  42 100  73 112  32
  129  20 196 122 121 117  75  84  44   9  59 123  47 166  43   6  19 125  60 102  12  18  97 132  13 131 124 190  56   4  45  46 116 126  17 189  73  99  98 115 193 130  41 186   5 105 179 120 191 118  83 178  34  29 184  48 181  76 194 180 106 192 195  28
   20   9 102  75 125  15  76 193 196  87 190 126  38  98  57  19 179   6 191   8  59 117 114   4   5 166  89  44  62  27  18  84  61 129 189 118  28  45 192 184  78  60 122 143  99  12 112 194  31  32  64 124 106  17 109  47 105 123 180 181  41 197  95  88
   38  56  62 124 190  46 179  83 115   7 123  58  23  14 188 195  99   8 104 181  11  20  84 112 129  28  33  75   4 128  19  45  18 116 189  86 187 197   5 114 178  60 118  42 192 126 120 191 117   6  22  98 125 102  76  54  25  17 105  21  12  13 194 103
   30 188  23 178  71 182  43  48 187  25  95  31 197 103 185  13  40 181  35 195  70 183 114  86   3  14 104 102  96  47 184 112 194 186  22 113  15 105  42   5  59  98 192  97  27   1  72  99  10  74 190   7 119 130  19   9  46 116   8   4  18 179 100 132
   37  16 137  69  93  73 109  53 127 108 143 101 136 141 142 140   0 135  26 146 107  12  48  31   1  57 139 164  85  10  34  24  68  63   2  39 161 177  77 165 149 175 176 159  92  78 122 153  88  66  82 148 154 158 174   9  90  79  65 157  67 152 151 119
  132 124 123 131 125 133 129 145 130  20  12   9 135 119  41 146 117 105 118 122 138  73 126 134  28 102 144 196  14  44 120  84 106  42   6 103 121  18 104  38  45 147  46 142 189  60 114  17 115 190   4 191  97  47  98 140 143 116 139  33 128  85 197 179
    9 133   3 144  16  69  26 182 136  63 168 148 162  53  34 110 141 125 149  72  95 135  59  98  78  87 150 102 151 107  89 147   0 127  90 156  81  96  79  15 122  57  74  30  73  68  65  66 173   2  80 160 171  41 124 174   1 187 155 175  43 126  25 169
   48 165  35 106 121  94 166  49  92  93  43 111 140   1 105  31  70  47  26 167  15  71 184  10 104  42  24 109 183 129 192 193 146  97 132 185  82 112 101 170 141 177  90  62  34  19  98 180  75 178  58 142 103 176  81  30  61  86 186  13 131  40  29 188
  110   2  69  16 107 144 127  39  72 150 151 168 148 149 133 136  81  90  30 173  63  79 162 156  36 141  65 175 174  66 160 171 172 135 152  80  82 157  54 163  52 158 170  26  53  95 169 164 139  73 138 154 182 159  74 153  35 137 147 161 140 113  50 146
   30  26  16  96 110  93  53 185   2  71 186 167  81  69  77 170 127 149  40 141  80 175  79   3  70 187  25  39  82 168 174 173 148 144 176   1 182 181  63   0 172  66  65 165 150 171  74  95 140 169 183  73  90 188 107  86  48 146  36 136  47  35 158 177
    2 110  16 107  30  69  82  77  39  74  22   3  10  40  72 168 144   1 108  81 175 127  27  79  55 150 174  35  67 113 169  48 149  26 170  80 151 164 173  66  65 137 171 101  96  53 178 152 176 156 111 172 158 154 159  54 163 160  51 141  91 136  11 157
  110  35  39 107   2  36  82 150 137  10  93  81 159  30 144 149 163 173 140  67 174  65 158 151  79 157 152 170  66  51 171 146 160  80 148  77 172 156 175  22  53 153 127  90  49 164 168 154  94 167 161 165  50 139  63 176  37 136  56 169 135  27 177  43
   32   1  22 105  11  14  27  74  54 108  97  55 107  38 137 110 188 104  87  83 111  61  84  39  88  56 164  28  49  42  51 112 101 155 178 114  45 113   0  21 197  33 191 189  99 161  10   6 118  48  40  77  91   5  37  86  15 131 128  85  13 154  41  18
   20  27  19 129 105 196  75 197  62 195  99  31  97 166  43 179   5  84 191 102   6  56 106  59  18 193   4 192  32  55 126  38 118 190  48  28 131 125  44  45 117   9   3  13 194  87  83  61  76 112  41  15  17  60 114  58 180  23 116  98 104  94   7 145
   42  86  14  46 120 121  83 188  29 104 116 187 123  45  58  13  56  70  18  47 195 124 196 178 192  98 131   4 103 179 181 183 130 115  17  22  60 105 117 113  19 132 191   7 190   1  71 189 186  84 125 102   6  41  99  97   5  24  75 193  73 197 129  44
  166 129  42  43 178  83  47 121  62 104 184  75  19  86  60  46  48 196  56 112  71 105 192 186 195 111 193 117  58  70 191   6   4 106  24 190  44 102 179 185  20  84  99  76 123 188  18  45 187 181  97 116 165 183  13 103   7   9 120  94  14  22   5  49
  166 165 106  94  87  95 177  31  64  78 184  51  92 167  62  50  10 109 176   9  70 129  27 143 170  80 171 112  49  20  43 141 140 147 186 158 172 175  67 168  57 153  53 159  68 122 173 174  66  38  79 154  65 169 160 164  82 183 155 111  47   1  26 152
   20  75 129 179  19  60 192   6 193  84  44 117 191  62  15   4  13   5 166  18 196 190  32   7  99  46  83 184  76 112 195  45  59 194  24 188  17 189 116 105  41 197 180  61  34  47 115 104 123  33 181 126  56 122  23  97  28  42   0  38 121  89  12 101
   56  54  11 197  22 188 105  32  14  38  97  84 104 114  36  83  39  28  64 195 179  33  62  46  21  42  35 169  86  41 178 124   7  43   6 192 196 150 128 155 191 138  91  12  50  49 134   4  55  58 110 190 163  23  13  19 137 107 162 161 118 129  51 131
   58  56  35  62 188  43 195  22 179 104 178  75  83 105  19 129  99   7  46 192 191  23  76 190  86 166 184 114  98   4 197  97  84 186  13 180  70   6  20  14 116   5  42  60  45  61  18 196  38  91 187 100  47 194  24  17  32 111  71 193 183  41 128 117
   62  56  38  58  20  19 195 179 190  75  83  99  76  84 192 191   7   5  23 114  28   4 197  32 126  18  98   6 129  45 105  46   8 112 178  11 193  33  27 194 102  61  13 117 188  22  14 166 104 180 116 181 118  91 115  17  89  43  60  70 189  44 124 123
   62  58 114 166  19 195  35  99 111 179  27  31  23  20  75  38 188 178  92  56  76 186  15 129 191  24 183  22 105 180  32 190  61   5  83 192 104 102  94  43  54 184  70  13   7  84 177  10 197   6   4  91  95 194 112 126  46  48 128  18  71  45  25 193
   36  58  35  54  57 169  52  88  76  91  89  38  56  37  64  11  72  12 159  68 162  51 163 168  62 156 110 173  65 172  66  81 158  16  32 109 160  53  50 152 195  55  67 153  78  79 155 154  92   0 174 194 142  87 137 197   3  63 175 157 108 176  80  33
   15  91 126  89  72  35   3 110  36  75  31  53   9  69  27  87 194  43  34  30  23 195  92 180 183 125 168  10 184  19  76  25  98  95 197  54  62  99  17  58 121 190 191   7   5 102 100 182  96  59 122 127  84 143 118 181  40 186 114 128 192   4 167  18
   12   0  73  36  69  96  29 136  25  46 121  63  34   2 115  62 181  44  59 101  86  89 142  77  33  60  84 126 119 111 113  28 127  23 100 189 109 117  93 116  85  76 122 183  88  52  21 108  11 120  68  54  75   7  55  20  99  16  18 190  83  40  26   5
   64 107 162 168  78 151  88  50 171 150  79 137  66 173 156  65  95 172  16  72 149  57 148 174  52 175 147 158  68 169 160  81  80 157  63 152  36 110 155  87  90 163 161  67  82   2 159 153 141 136 138  54 167  49 154 170  15  39 135  92  10 176  51 164
   48  31 104  27 130  40  85 103  22  24  69  74 146 131   3  47 180  86 192  61  19  30 193  34   5  75 195 101  90  43  18  62 191 113 144 165  35 100  42 182 132  23 110   7 121  45  99 119   1  71  32   4  14  13 117 118  96 183  17 145  58  10  29   6
    0  69  15  73  34 182  20 184  12  63  16 122  61 196 194  29 180 121  89 189   9 110  87 136 181  25 101  92 185 117 193   7 109  60  96  47  59  78  75   8 116  26 179  37 124  21 119  17  36  23 120  45  90 129 103  39  30  24  95  41   4   6  88 113
   62  56  39  61  58  22  25  27  32  42  23 179 112  11   8  20  35 192 105 188  84  82  64  12   7  38  83 178  45  97 190  99 104 101 193  33  19  21  14 195  63   5 191  76 187  70  28  87 180  37  88   0  51  43   6  55 111  46 100 163  18   4  54  10
   75  19 192 193 129  45 117 191   6 179  56  62  20  18  84 123   4  83 104  34 190  61 121  46 195  47   7  42  99 180 196  17   5  89  60  97  29 181 116  98  24 102  58  14  22  43 105  15  32  86 189  13 131  44  41 125 115  33 197 126 120 188   8 184
   56  32  62  54 105  84  22  76 104 195 129  19 179 166  58 192 111  83 112 178 191  28  33  11   7 114  75  61   6  99  45   4  13 197   5  35  38  97  27  20   1  46 117  18 193 180 101 123  86 128 115  15  24  31 190  42 188  60  91 194  21  23  43  70
  129  62  83  28  20 123  46  56 105 190  38 179  84  19 104  60 124 114 166 178  75 192   4  14  44  76   6 117 195  45   7 191  18 115 116 189  13  99   5  12  98  86  33 120 188 193  32 118 121 128 102 131 126  11  42 196 187 106  17 125  29  58  47   8
  129 105  38  20  56  75 106 179 124  62  19  84 123 166 196 131 190  28 104 197  83 114  45 195   6  43   4  46  14  97 117  18  60 118  13 132 126 178 116 134  99 188 191  58   7 192  44   5  61 120 122  98  32 102 189  76 125 130 145   8 143 115 112  17
  129 166  20 105  56 179  38  84 190  19  28  75  83  60  44  59 196 195 124 178   6 197 117  99 123   4  13  46  97 191  18 188  43  62  76  45   5 116 122 192 189 114  33  17 126 131 102  32 184   7 125  14  98 193 106  11 104 194 115   9 118 112 120  12
   20 166 129  62  75  38 126   9  84  28  19  56 125 190  44 124 143  12 196 102 179 106   6 114 123  76 117  59  43 122   4 191 105  18 195  83  60  46  57 192   5 197 109  45 193  99  32 131  58  13  98 189 186  17 116 118  78  89  47  64 180  33 134  95
   20 126  56 129  28  84  38  62 197 124  75 105 122 114  19 179 190  12 118 123  76   6  44 117  11   8   4  59 143  88 125  32  33  83  18  46  60   7  13 196  45 128 195 192 191 116 134   5  57  99 145 131  89 194 189 115  17  98 106 147  43  23 138  14
   38  28  56 129  62 179  20  84  46  83 124  11 123  19 190 195 114  33   6  44  60 197  75   4  12 128   7 105 126 192 116 118 117  18  99 191 115 104  14  32  54 134 189   5 131  59  76 178  45 125  17  13 194 166  22 188 120 130  58 196   8  21 145 180
  105  43  56 188 134 114  35 106 166  91 197 147 131 150 104 133  38  95 132 138 129  49 178  11 169  72  64 124  50  14 139 195  28 179  83  22  97  70 155  54  46  51 135 145 140  19  75 162 163 160  58 156 137 190 146 121  98 187  94  32 103  84 159 120
   62  97  56 106  43 166 129 111  35  32 196  78  94  10  64 109  51  49  20  84  19  75  57 105  95 137  67  82 143  36  41  50 159   6  31  28 139  48 165 153 155  65 158 197 162 179  91 192 163 171  15 193 169 147 172 152 195  61  76  44 157  66  12 134
  129  20 124  56  28  44  46 125  84 126 179 121 131  38  12 114 134  19 123   6  60 145  75 132  83 196 117 197 195 105 190  59 116 166   9 122   4  41 133 106  18 191 138  97 192  17  13  43 118  33  98 104 139 130 128 142 120 189 102 194   5  99 143 115
   12  28  56  84 124 123  46  38  20  33  11 129 126 115  44 128 179  62 122  83 117  89 116 190  54 142 143   6  29  60 118 197  36 120  21 195 192  41 134   8 125 121  19 138   4  18   7 191  17  58  76 119  45  75 100 135  88   5  14 105  99 189 114 194
   56  36  62  84  76  28  35  54  11  33  12  75 123 104  46 197 128 129  38 100  43   7 105  21 195 143  20  44  83 116 117  41 118  89   6  97  58  32 138  19  22  29 124 121 126 134  60   4  39 190 120 179 192  14 135 178 191 115  23  34 180  18 114 139
   52  44 142  28  12 138 133 122 135   1  57 139   9  59  68 134  73  33 155 137  38  84  11 162  54  88 123 144  89 166  85  39  72  60 124  37  76 136  55  41  97  51 146  56 159 190  20 154 117 156 161  21 148 145 153 151 160  17 125 119 118 143 194 128
  142 141  95   9  16  26 143   1 133   0 136  91  68  59 148  93  53 149 139 135  98  57  44 162  15  92 140 138 122  36 134  72 147 125 145  88 137 156 127  50 169  65 151  78  52 126  80 158  49 172 160 177 157  79  81  66 153 159 166 109 150 155 144  37
   20 143 126  89  12  59  38  84  91  57 122 125 129  28  95  56  62 109  75 166  36  15 190  68 134  19  88   9  54  78  44 179  76 124 123 135   6  43 117  33 139 138 147 189  99  35 196 133 102 111 118 194  72  51   5  60  46 121 191   4 162  11 193 195
  166  35  43  56  76  95  64  78  62  91 109  20  94  57  50  51  92  75 111  84  49  72 171 105 169 155  97 163 162  58   9  28  38 153  65  68  19 177 172 129  32 158 184 167  67 179 173  52 143 195  66 159   6 197  15 168 186  79 156 157  10 174 152 126
  166  62  76  56  20  38  28  91  58  75 179  19  32 192 129 195 111  84  83  57   6  35 126  44 197 191 190 114  95 112 109  43  60  46  33  11   4  99  64  15   7  89  88 193 102 143  59 105  78 184  98  50  36 194   5   9 106 186  18  54  51  12  24 169
   62  56  76 195  35  75  19 179 129  28  38  20  83  84  58 197 105 190 192  91  43 114 166   7  46 191 126  23 104  44   4  60  99  32   6 128  33 178  11 143 124 100   5  54 180  98 194  18 116 123  22 117  89   8  13  59 118  45  17 188  95 193  57 115
   28  56  38  95 114 126  62  91 166  20  11 105 179 169  57 197  64 124 143 195  72  88 129  76  19  84 134  75 188  50 190  46  83  43  15  35 147 128  44  54 192 106 138  58  68  51   6 162  33 139  32  78  36 125   8 142 155 104 150  60 123   4  59 109
  143  57 139 126 142 109 135 141 147 138  72 134 137 145  91  78  95  15 133  92  28  20  88  62 151   9  76 106 128 148  68  10  64 136 140  12 146 162 159 155  36  50 129  44 157 114 125 160 153 169 166 149  38 158 150 156  51  75 163  32 152  52  41  59
  143 109 142  57 126   9  28 139 166 134 135  36  91  44  95 124 125  89  76  20 133  78 138  92 141  68 147 129 121 123  12  38  88 145  62 128 184 140 122 169 162 148  64  72  60  52 157 155  50 114 106 137  35 136   6  15 151 180 102  19 158  59 153  75
  142 141   9 143  72 109  16 135 133 139 136 140  57 134  53  95 137 138 126  92 148 147 127  78 106 145 151 149  69 146  36  15 162 125  68 155 157 169  26  91  93  10 160 156  88  65 168  52 158  66 177  79 153 174 150 172 152 175 122 144 173 159 184  89
  142 126   9 143   1 145  44  91 125  15  89 141 184 134  57  72 180 139 146 128 109 133  36 121  95  24  16  59 194  53  28  31 136 192   3  17 137 144  20 135 100   6 116  19  69 124  60 122  29   8 131 130  46  92 127  34  74 138  96  40 114 119 195 191
  141  95 177 165  92   9 140  16  72 136 137  57 142 109  53  93  10 147 106 143  31 133  26 149 127 139 175 176 171  69 135  94 151  79 168 174 158  65 153 167 160  68  80 157  66 166 172 162  78  48  67 173 148 159 170  91 152 154 164  51 184  50 138  88
  142 143 109 141  57 135   9 136 126  12 139  68  52 133 138 137 134  92 127 147  53  88 148  78  16  72 122 151  37 145  28  95 140  36 125  89 146 162 149 128 157 156  44 169  91 158 155 159 153  66  69  65  93 160  76  51   0  59 161 172 106 152 174  79
    9 109 143 142 141  57  95 135 136 126  16  78  88 125 147 139  68 133  53  92 138  91 134 148  72 162  52  12  93  59 127  15 151 149 145 140  36  28  89 122 157 124 156  44 169 137  65 177 166 172 160 153 155  66 158 102  79  50 106  37 174  64  20 173
   72 142  36 141  57 169 148   9 162 109  53  92 151  16  95  91 143 139 134  15 135 149 147   1  89 138 133 156 150 155  68 157  78 144  65  79 168  66 172  81 110  52 140 137 146 158 175 173  35 152 160 174 125 136  80  26  64 126 163 153  90 171  50 127
  110  72 142 141  36 139 137  10 159 151 148  95 149 143 135  57 169 144  53 140  79 158 157  65 138 163 156 146  49 147 152  66 107  67  16 173 160 174 150  81  51 154 172  64 153 162  15  50 133 161  92  80 171 168 175  68  37  78  88 134  93   2 155 136
   57  37 137  88 109 143 142   0  51  68  64 159 135  36 108 136 141  16  87 154  52  10 160  12 161  78  67 153 169  28 158 152  32 155 147  50 139 164  66 151 157 156 172  38 174  79 173  65  49  55  80 163  53 106  92 171 162 145 176 138  72 149 100  85
  133 139 135  72  57 147 142 138 141 140 137 148 162 151 150 134 109 149 143  78 156   9  64 155  68  95 160 157 169 136  16  50 153 168 158  66 159  65  88 152 172  53 161 106 174  36  79 173  92 175  80 154 145 171  37 146 163 176  67  52  81 126 164  28
    9 106 109 143  24 131 126   1 121 130 142 129 104 145 184  31 102  47 125  75 146  41 123 186   6  19 114  44  20 180  48 192 183 140 191  46 103  71 117  18  92 196   4  85  62  58 193 132   5  13  45  17 124 195 166 177  93  60 165  61 100 115  29 179
   28 143  57 126  56  20  91  12  95  89  84  62  38 109  76   9  36  68  88 124  35  78 179 169 114 134 125  44  54  11 195  75  19  72  33  64   6 190 138  15 155 162  50 135  51 142 147 197 129 166  46 139 191  52 128  32 192  43  59  98  41 194   8  83
   91 126  15 143  57  28  20  72  59  88  44 128 142 114 145 109  62 134  95   6  89  76  38  54 125 194 138 179  19  32  84 197  12   9 124  75 180 139 122   1 192  33 166 133 191 118 135  11  41 129 155  36 147 169  68  60   4 195  17  97   8   5 111  78
   72 142 141 137 169  57 151 139 159 143  51  53  91 158  68 135 160 153 127 157  95  65 156 149  36  67 138  50  66 147 172 150 152 162 154  93  79 148 174 155 163 136 109 173 171  10  35 134 140  80  92  52 175  81  88  78 133  37  16  64 176 177 110 146
  142 144 127 141 133  16 146  72 136 135 139 145 134 138 137 107 148 140 110  57   1 151 143  53 147 149  69 119   9 169  74   3 126  26 128 162   2 109 122  52  36 150  85  68  96 125  88 160 156 130 155  37  93 157  41 132 152 154 100  66  10 159  12  90
   16 110 127 141  69 136 144  72 107   2 142  53   1 146  26 149   3 133 137 151 148  10 140  36  93 135 168 139 175  79 150  81 174  66  65 156 160 173 157 152  80  15 162  92 147  96 145  74 172 138 158 169  30 159 171  90 164 154  37   0 176 134  77  88
  142  16 144 146 141 127  53 140 136  26  93 133 148  69   2 110 139  72 135 149  36 109  96   9 143 134 137 151 145   3  77  29 138  81 157  57 174 169  65  79 175 150  92  66 156 121 147  68  90 173  89  80 158  30 162 160  40 152  37 172 168   1 125  95
   16  69 127 141 144 136 110 146 133 107 135  53 142   1  26 148  37   3  72 145   2 140 149   9 139 151  96 137   0 143  74  90  57  92  93 119  15 138 109  10 125  85  36 168  79  34 175  89 134  68  52 160 157  66  81  63 147  65 174 156 101 126 122 150
   69  16 127 141 136 110 107 144   2   3  96   0  26  53 146  72  63  37 137   1  74 149  10  30  90 142 151  93 148 135 119  92  85 168 133 175  40  79 101  15  73 140  34   9  52  31  81  77  66  48 174 108 164  87 145 160 176  65 173  80 154 167 139 157
   69  16 141 127 136 107   0 110  26  53   2  93  37  63   1 149  79 175  92 168 151 144   3 148  90  96  10  81 135 174  72  66 176 133  65 137  80 164 170 140 173 167 146 171 160  52 154 157 172 152 158  77  74 156  95 165  48 159   9 142  82 153  87  68
   69  16 141 110  37 127   0  53 136   2 107  26   1   3  63  93  96  10 151  79 149 137  92 175 168 144  90  77  66  72 154  81 174  65 164 165 135  87 159 176 148 108  74  80  57 146 173 152 160 170  48 158 171 153  68 157  52  31 172  82  85 156 142 167
   69  16 127  73  96 136   0   2  37  63 141  26  25  77 144  53   9   3 101  74  12  34  52 108  85 119  93 110  88 122  30  29 113 142  40   1 135 185  39  68  89 146 107 149  90 148  79  15  24 115 184 125 151  31  21  59 126 182  92  57  66 175 194 176
   16  69 127 141 136 144  26   2 146 110  53 142 107   1   0  37  93 140 133 148 149  96 135  77 137 151  73   3 175  74  90  79 164  81 174 168  30 139  40 108  66 176  92 119 145  52 157  10  65 101  80   9  63 154 152 160 173  72 161 156  85 170  48 158
   69  16 141 127 136 110 144  26  53 107   2 148 133  72 149   3 146 140 151 142 135 168   1  93  96 175   9  79  92  81  90   0 174  30  66  63  65  80 173 137 150 157 156 167 160  37 162  10 176 170 139 164 152 172 171  52 158 147  36  95 154  74  87 145
   16  69 127 141   2 136 110  26 107 144  53   0 149  93   3 146 148  96 151   1 175  37 168  79 140  72 133  30  63  81  90  10 142 174 137  77 176  74  66 164  65  80  92 135 170 173  40  48 160  82 157 167 152 156 171 154 172 158  73 108 165  52 150 159
   69  16 141  53 127 136  26   3 107  37 110   0  93  92  63   1  10   2 175 149 165 140  96  31 108 168  79   9  87 137 151 176 148 164  48 167 174  77 144  66  80 170 154  65 135 142  72 146  90  82 177  81  57 160 171 173 109 152  95 133  68 172 157 147
   69  16 141 127  26  53 136  93   0  92   9   1   2  96 142 107 149   3 175 140 148 110  37  79 144  72 146 176  63 133 151 135  40  90  95 167 168 109 174 165  81  10  66 177  65  15 170 185  80  77 137  48 157  52 173 164 172 160 171 158 152  31  68 156
   16  69 127 136 141  37 110  53   2   0 137  26 107  63  96 144 142 135  52  88   3 149 151   1  72 108  68  93 154 146 168  36  79  73  66  74  57 148 164 174  80  65 162 173  10  12 175 119  81 161 159 156 160 133  90  85 158  87 152 176 153 172 169  77
   16 127   2 136 144 141  69 110  73 146  26 107 142 133 148  37 149  96  36  77   0 135  39 151  53  74 137  30  93  81  79 174  52 140  66 139  63 173 161 159  65  88 156 157  80 150 138 154  72 175 158 160  90 164 119 152 162 172  82 168   1 153  68 170
   69  16 127 107 141 136 110 144   1  26 146 140   2   0 133  53   3  90 149  72  93 148 135 151  92 137  10  37 168 175  74  63 164  79  30  48  81 142 167  40 176 174 160  66 157  15  65  96  80 139 152 170  52 173  87   9 154 156 158 145 171  85 150 159
   69  16   0   3 110   1 127  96  15 101  85  74  34  40 113   2  26  37  25  63 107  53 119 144  31  24 141  90  10  89  92 136  77 182  21 185 194  27  30  23 100  48 137  29 180 193  73  61 108  93  12  72  57   8   5  88 168  39  87 175  79 184 128   9
  110  35   2  69 111  36  91 169 107 168  22  95  79 163  82 175  10   3  77  81 171 170  53 173  65  39  67  66 172  51  16  54  15 174 167 152  30  72  92  80  27 156  87 158  23 159  63 160  88 108 150 151  90 154 176 137  40 153 157  64 112  11  50 165
   35  91  36   2  95  82  15 182 169  64  79  52 188 110   8  65  68 173 167  39  66  56  67 172  50  81 163 174  51 171  11  97  78  88  80  16  53  23 156  93 158  54 162 150  76  26 170  63  94 175  89 168 107 149 185  98  22 187  90 181 108  21  57 157
  110   2 107  39  30  81 150  35  16 144  72  82 168  79 149 175 151 173  80 169 170 174  65  69 141 156  66 163 171 172 160 148 127 152 158  26 157  77  53  67 159 176 154  10  95 162 164 137  90  36 153 136 167  93  63 140  74  96  50   3  51 146 133 161
    2  30 127  69  16 110  96  40 144  77 107  26   3  74 101 113   1  48  93 108 182  53 185 141 146 119  25  85 136  39  90   0  73  22  29  23  63  82  31 100  86  81  71  72  21  79 103 149 175  35 170  10 111 168 130 165 137  34  15 151 188 133 174  27
   69 127   0 136   2  16 144 107 146  37  73  63  93 141 140  30  26 135 110 133  53  77 148  74 149  40 142 164  96  52 101 151 145  90 137  81  34  48  85 165 176  29 130  92  87 139 160 157 174  79 121 170 152 175   1 154  39  66 161  65 138 159  36 153
  110  69   2  16  30 107 127 144   3  26  77  40  53   1 168  96  93 175 141  81  74  79 149   0 136  63  90  72 170  82 174  10 151 173  80 167  35  65  66 113  36  39 176 185 164 148 182 150 146 171 172 152  48 156 169 137 160 158 163 108 101  25 157  92
  110   2  16  69 107 127  30  53 141 144  26   3  82 136 168  77 175  93 149  79  10  81 151 174 170 148  63  65  90 173  66 137  80  96   1  72 150 146 167 164 171 176 152 172  39 156 158 160 140  37 108 157  74 154  40 159  67  48 165 163  35  36 169 153
   16  69 110 127   2 144 107 141 136  26  30  53 146   3   0 149  96  93 148  77 140 133 151  74 168  81   1  79 175  63  90 137  37  73  40 174  72 142  10 135  66  82  80  65 164 173 170 150  36 176 157 160 152 156 167  48 108 172  92 158 119 154 101 171
  110  69   2  16 107 127 144 141  26  53 136  30   1 149 168 146  81  93 175   3  79  90 151 148 140  72 174  10 164  82  77  80 170  65  48 137  66 173 133  74 176   0  40 152 150  63 160 171 157 156 154 172 167  96  37 158 159 135 165  92 108  36 153  67
   16  69 110 127   2 144  30 107 141  26   3 136 146  53  96   0   1  74  40  77 149  73  93 148 133  90 140 168  63  72 175  10 151  81 137  79  48 101 119 182  37 113 142 174  34  85 185 164 135  82 170  66  92 173  80  31  65 176 108 145 167 150  36  15
   69  16 110   2 127  30 107   0 144  96  63 136  26  40   3  77  74 141  53  90  93 113 101  73  25 182 185 175  79  39 149 168  81  36  15   1  10 137 170 148 151  37  34 173  82 174 146  72  66 167  65  29  92  35 108 176  80 150 172  85 119 171  23 140
   69 110  16   2  30 127 107  63   3  96   0  77  26  93  53  40 185  90 113  25 101 168 175 182  74  10 167  79 170  34 136  81 144  31   1  37  48 141 165  92 108  82  35 176 174  85 173  73  87  39 183  27  66  72  65 164  23  71 149  36 171  80 151 177
    2  25  16 110  77  30 127   3  69 108  96  63 107  35  23  82  53  26  40 113 168 185 175 182 169  79 188  93  39 170  95 167  81 187 111  36 173  65  66 174  22  86  88 172  80  55  67   8 171  54  71 101 144 163 149 176 112  15 156  70 150  90   0 152
  178  58  35  83  99  40  29  86  46  70  77  56 190 188 129 187  62  25  47  98 115 121  30  75 186  13  19 112 195  43   7 183  71 116 166 184  38  18  45  14 181 179  22 192 185   4  42  23   5 100 189  24  93 117 120  60 104  17 113  84 180 193  36   8
   56 129 166  20  84  62 105 179  38  83  76  75 124 112  19  28 117 123   7  60 190 115  46 178  45 197   4 104 195   6  18 196  13  44  32  33 192 191 114 120  42  99   5 116  58  61 181 193  11  86  43 118 189 131  12 102  14  70  23 126  98  17 188 121
   43 105 129 166 104  75 106  56 178 188  97 195  19  62  83 179 197  70 196  27 114 131  47  20  22  48 191 112   4  13 190  99  42 192 184  98 103  84  61  45  76  35   7  14  94  18  31 102  71  60   6  32 117  58 132   5  46  86 183 121 186 181  23 180
   56 188 124 129  43  84  11 197 178  98 105  83  42  60 179  33  12 120  38  39  14 123  97  46  28 195 132 190 138 134 166 116  59  22  73  44 131 104  76  54  75 187  86 117 133 126  17   7 150  41  21 196 144   4 121  20 142 192  19   6 162  35 122 181
   43 188  56 105 129 178 104 166 195 112 120  75 179  22 197 124 131  42  97 103  83  46 196   7 182 190 114  19  70  35 132  13 116  60 121   4 187  47  99  84  59  14 181  98  58  30 184 117 115  71 123  45  38 186  18  86  23   6  20 128 192 130 189   5
  188  22  54  11  56  23  35  86  36  21  14 178  83 195 179  30   7 182 181  39 197 110  46  33  42 128  98  99 113 190  25 187 169 104  89  38   8  84 120  43   2 189  91 144 194  58 116 105 124 100  76 191  72  60 107  17  40 119  28  52 192  96  88   4
   22 188  56 104  14 178 195  86  83  42  54  23 179 105  99 197  21   7  11  35  46 113  97 191 192  58 128  43  33 190 182  62  19  30  98  39  70   5 114  32 100   4 107 101  40 181  74 112  84 103  45  18  13 110 120  61 111 116  75  17  76 189 194   6
   22  42 188  56 110  39  86  35  11  14 105 178 104  30  43  54 112  27 113  58  97 197  70  83  32  23   2  82  21 179 195 187   7  74 181 169  64 107  49  36  61 168  87  55  33  99  77 101  84  81 192 163 170  46 182  94  38   8 173 111  62 191  25  40
   39  22 188  11  56  54  14 178  21  42   2 110  30  86  97 105 197 104  36 113  35  74  83  23 120 144  33   7  73 128 107 179 169  84 187 195  77  46 150  32  43 182  38  91  41 189 112 116 181  88   8  13  40 119 100  82  60 127  51  98 132 103  52  64
   22  39 178 188  30  86  43 104  35  58 110  70 105   2  54  56  42  14  11 112  82 197  23 183  49  27  83 111 169  77 170 163  71  97  81  51  21 187  40 150 113 165 195 186   7  13  67  48 173  80  46 171  55  36  74 164 100 120 107  94 152 144 159  50
   22 188  56  58  42  86 178  83  35  14  43 179 104 195  46  97 129   7  36  23 116  99 105  60  30  21  11 186 196  41  54  98  39  19 187 120 197  29 113 100 121 181  38  33  84   4  75  17  45 182  13 192  18  74   6 189  40 191   8  62  70 115 180  91
   56 129 105  83  84  22 104  97  62 123 179  19  14 195   6  46  42  75  38   7  45 117  32 191 178 121 166  60  58 190 188   4 192  20  28  18 196 116  99  33 131 124  41  86 197 120  61  13  76  11  17 115  21 193   5 132  44 118 189 128 114  24 180  43
  129  84  83  56 123  46  62 105 104 121 179  19 117  20  45   6 195  28 191  38 124  60   4 190   7  12 115  18  58 116  99  75  29 120  32 131 118 192  14   5  22 114  33  86  13 178 196  21  44  17  61 128  42  41 132  97  24 130 180 189 193 103 197 166
  166 129 105  38  56  20  84  62  76  75  28 179  32  19  97  83 196 124  60 190 123 104   6 117  45 191   4 112 195  11   7  44 197 114 118  18  33 178   5  59 192  99  13  61 122 106 126  43  46  27 193 116 131 128  98  17  14 189  41  12 194 188  54 115
   56 129  20 105 166  84  62  75  38  76 179  83  19 190 104  32  28 117 191  60   6 195 196 197  45   4   7 114 112  43 123 192  18  58  46  99 124  42 193  61   5  13 178 102  33  44  98 118 116 115  12  97  70 189  11 181 131  14  23 106  86  17 180   8
   20  62 129  56 179  75 196  19  84 191   6 117 195  83   4 190 104  60 192  18  46  42  45   7 193  76 123   5  99 197 105  61  38 102 181 116  97 124  13  44  58 112  41  14  32  86  17 189  98  47 114 180 118  43 131 125  28  23 120 184  33 188 115 166
  105  43 102 166 129  56  75  70  20 190  19  45  98 123 114  47  84  58  76  61 117  94 131 112 193 104   4 179  38  13  83  42 191  18  32 187 196  99 195 121 192 197 178  27   6  87   7 184 132 186 106  62   5  97 189 165 125 143  71 124 177  60 180  49
  129 166  38  56 105  75  20 124 123  84  98  43  60 179 117 190  83  76 104  19  62  46 102 178  45  44 196   4  28  18 131 195   7 120  58  99 115  47 192   6 121  70 116  59  42 112 191   5 189  33 106  13 130  12 118 114 181 132 193  14  17 103 122 197
   56 129  75 105  43 106 195 197  38  76 196  19  20  84 166  97 179  83  59 181   6  58 102 123  28 131  60   4 191  62 192 190  18  98  14 104  33 117  44  45 124 126  27  41   7   5  99  32  11  17 118  42 112 116   9   8  89 193  23 178 194  70  22 145
   58  20  75  62 190 195 129 102  56  19 130  46  84  45  18 123 105 124   5  83   4  38  25 131 117 116  12 197 118  13 191 104 179 181 115   6 192  76  28  70  17  99  44 125   8  29  60  43   7 126  23  89 114 120  14 194  98  42 178 193 128  33 189  47
  