  52 108  74 104  44  43  11  10 184  25  70  18   4  15  19 105  14  84  13  55  60 119   6   5  68  24  48  32  17   8  56  42  82  71  69  38   3  16  21   9 156  12  20  72  59  29  28  33   2  83  57  61  67   7  47  62  46  23  54  34  27  40  31  53
   95  78 134 189  65 133 132 136 150 190  80 175 178 176 139 161  79 149 146 163 177 191  77 188 194 173  94 160 115 169 159 187 145 162 147  63 148 140  64 174 144 126 158  98 122 135 164 172  81 192 111  36 125  76 137 121 186 165 196 114 182   1 123 180
  183 100 181 182 167 168 196 104  73 102 107  82  66  25 101 171 185 131 195 135 186 155  27 137 133 138 126 169  75 132  81 141  86  90 114  83 142  98   9  96 122 130 118  85  41  32 140 197 125 121  74 110 123  47 112  62 193   2 159  57 161  42 128  72
  183 182 181 168  66 104 196 107 185 100 137 167  73 135 186 133 102 138 131  25 132 171 130  82 122 142  81 101 141  96  90  83 195  27 114 159 134 161 126 193 110  76 140  85 160 197   9  75  98 144 169 111  79  86  30 172 146 121 162 175 176 158 118 149
  183 185 182 168 100 181  73  66 196 104 171  25 138 107 167 142 102 131 195  82 186  75 137  96  27 141 133 101 130 135 157   9 122  83 193 110 132 114  34  90 128 155  62  85  30  46  29 124 197  32  81 169 126  42  22  41  64  21  47 159  74   2 140  60
  168 183 182 181 185 100  73  66 104 196  25 107 171 167 138 131 102 195 142  82  75  27 141 137 186  96 135 133 101 132  83   9 130 122 114 155 157  34 110 193  62  29  30  90  81  32 169  85  46  42 197  74 128 126  86  47   2 124  64  60  41  17 159  72
  168 183 182 181 185 100  73  66 196 171 104 107  25 138 167 142 195  82 102 131 186  75  27 137 141 135 133  96 132 101   9  83 130 114 122 193 110 157 155  90  34  85  62 169  30 128  29  32 126  81  42  46  74 197 124  86  47   2  76  60 159  41  64 140
  183 102 182 196 195 132 181 167 168  66 133 135 131 107 104 114 100 169  81  98 125 141 137  73 186 197 138 101 159 194  90 140 161  96  82 122 158  77 165 134 176 144  80 155 128 111 146 178  79 149 162 187 160 106  64 172 173 185  25 177 126  94 188  86
   66 104 185 102 100 135  25 183  90 171  98 131 138 107 196 186  21  96  81  38 137  76 181 110  82  36  27 175 128  73  30 132 161 158 140 168 133 182 111 159  97 195  35 160 172 126  83 144 155 176  62 163 143 167 123  77 142  79  75 146 162 187 149 173
  183 182 104  66 181  73 101 168 107  82 132 131 100  81  85 102 196 114 137 195 171 135 185  83  25 197  90  27 133 138  96  75 122 167  30  98 111  54 130  62 141 165  17 193  29 186  86   2  31  47 184  32 159 170  43  84  21  26 161  38 134 110  34   9
   25 185  73  96  85  75  27  23 171  34  60  31 168  62  66   9 137 131 155  32 138  29  54   2  56 107 182  28  33  22  10 142  57  41  38  20  30  74  64 100  17  19  42  82  70   5 104  48   8  43   6  15  51  47  61   4  14 130   7   3  46 186 124  18
   82 181  73 171  75   9 168  83  24  41 185  27  66  46 104  34  17 100  38 141  32   2  29 107  42  85 183  74  25   6  39  10  19  68  48   5  15   4 102  28   8  14  47  56  70 170  45  98  18  71  84  20   3  90  72 186 196  53  59 130 155 157 138  61
  181 183  82  98 196 137  81 107 182 118 167 102 193  73  66 121 122 130 168  84 195 175  41  90 126 170 100  83  67 104 171  85 132 101  25  59 135 134 133 111  27 123 131  47  72  86   9 155 161 169  17  46  96  88 186 180 141  42   2  32  10  68  31 197
  185 100 181 171  66 168 182  73  25 183 138 196 195 104 107 142  75 141 186 167 133 137 131  27  82 132 193 102 157 110 135 126  90   9 130  62 124 122  83  34  85  96  64  46 155  32 101  76 128  74  21  29  60 118 116  42  36  81 123 159 114 121  10 172
  168 183 182 185 100 181  73  66 196 104  25 171 107 167 138 142 131  82 195 102 137  75  96 186  27 141 133 135 101  83 130 132 122   9 114 193 157  90 110  34 155  85  62  81  30 126  32  29  46 169 197  42  74 124 128  47  41   2  64  60 159  76  86  17
  168 185 183 182 100 181  73  66 196 104 171  25 107 138 167 142 131 195 102  82 186  75  27 141 137 133 135  96 132 101  83 130   9 122 110 114 157 193 155  62  90  34  29  81 128  30 169  32 126  85 124 197  42  46  74  64  47  86  76   2  21 159  60  41
  171 168  66 181 182 100 185 142 183  75 102  25 196 155 186 138 112 167 157   9  10  73  41  46 101 141  27 116 107 193  85  22 135 140  96  82  30  86  21 111  38 179 123 126  76 104  60 159 195 137  74  32  34  89 172  92 110 175 160 144  90  47 133 130
  168 181 183 182  25 185 171  73 107  82 196 167  66 100 104  75 131 137 102  27 142 138  85  96 101  83 122 186 193   9 126  34  74  81 135  41 155 133  32 157  46 114 141 110 132  42  10  62 195  72   2  86  29  47 130  57  28  31  17  90  60  30  56 169
  168 183 185 181  73 182 100  66 104 196  25 171 107 167  82 138 131  75 142 102 195  27 186 137  96 133 141   9  83 101 135 132 130 122 157  34 114  62  32  85  29 169 110 193  42 155  46  74  90  30  81 126  47  41  86 124   2 128  17  60 197  72  64  51
  168 185 182 183 181 100  66  73 196 104 107 171  25 138 195 131 142 167 102  82 137  75 186 133  96 141 135  27 132 101  83 122 110   9 130 114  62 157 193 128  30  81  90  34  29 155 124 126 169  32 197  46  64  76  42  74  85 159  21  36  22 140   2 106
   73 185  25 104  66 168 182 100 107  75 131  27 171 183 181  82 167  96  29  34 102  85 138 196   9 142 141 137  32 122  83  46  62  42 195  30 193 101  17  74  47 157   2  31  21  57 132 130 110  43  51  86  20  70  56 133  60   7  19  64  28   5 124  81
   66  81 104  85  29  44  73  86  30  82  27  84 156  10  38 185  43 131 168   8   2  83 137  26  24   7  52  31 103  62 102 171  36 132 141  74 170  96  99  77  32  17  65  28 143   3  51  39  11  57  72 183  13  15   5   6   4 111  14  19 122  53  98 182
   81 156 183 194 137  85 126 135  98 111 104 132  65 141 122  95 195 130 197  82  79 181 134 180 196 178 118 161 102 114  84 176 125  90 189 160 170 140 168 190  77 187  80 159  66 136 127  97 162 101  94 158 173 146  86 150 133 182 100 188 175 177 191 149
   23  66  82 185  10  83  81  25 126 171   9  73  50 104  46  27  24  22  32 137 124 105  29 170  34  17  41 107  67 127 184  56 142  30  85  51  76  43  45 193  75   8   5 122 131  21 111  33  20  19   6  15   4  57  14  47   2  42  44  11  84  28  36  18
  168 182  73 171 100 167 114 169  82 183 185 138 196   0  75 155 181 132  25  27 128   9 107 195  85 157 131 112 141  74 102  66 133 126 104 142 120 186 110 116  64   7 143 125  83 130  21  32 135  42 197  57 122  71  34 193  47  62  52  10 101 124  69  46
   75 107 168  66  73 185  25 131 181 167 182 100  62  46 102 171  82  27 101 138 196 183   9  29  23  30  38  74  31 128  41 137  72  32  34  96 110 195  42  17   2 104 135  28 142  81  51  98  26  85 157  47  33  20  44  68  70   6  45  19  48  24   7   5
  183 181 182  66 168 102  85 165 138 196 167 155 111 104  73 133 132 141 135 186 197 151 195  98 121  27 169 140  82 100  90 131 130 159  75  30  86  81 114  39 107 171 172  96 134  38  54 144 161  10   9 101 137 185  76  72  77 123 112 147 122  43 179  79
  183 196 137  90  98  66 135 104 107 195 131  96 186  25 102  81 134 132 182 175 181 140 168 133 161 159 100 138 167 185  64 122 176 101 158 149 160 163 121 146  80 144 173  79 126 127 188 187 177 178 190 162 155 116 191 174  94  97 111  76 130  95  77 148
  183 100 196  66  73 185 104 182 168 181 167 131 102  25 138 107 137 195  96 130 132 135 122 133 186  27 101  82  90  64  81  75 169 114 197 128 141  98  83 126 155  86 142  29 171 134 140 159 110  62  32   9 193 161  30  85  31  34 106  76  36 121 144   2
  183 182 181 135  66 141 168 100 102 195 104 132 186  73  90 107 133 185 167 138 196 131  98 142 140 137  81 159  82 155 161  25 111  96 114 144 169  76 128 160 134 110 158 172 123 122 176 162  27 197  79 146 175  77 187 101  80 149 173  64 178 188 190  94
  195 185 137 128  23 138 155  66 179  90 183 116 157  98  73 193 120 107 140 196 103 102 133 186  64 144 131 190  76 181  36 159 175 147  25 174 182 161 160 158  75 146 132 141 188 110 163 148 134 149 100 173 172 122 135  88 162 187 124 106  89  50 167 145
   73 183  41 167  82 181  85  75 168 100 196  25  66   9 155 102  90  98  84  27 182 107 104 193 185  47  81 171  46  31   2  10  17  32 137 126  86  34  74  83  59 186  72 170  43 131 142  23 141   6  42  29 101  19  28  45   5   4  14  15 127  68  96  24
   66 183 168 104  73 181 131 167 196 107  25  82 186 185 132 137 138 100 135 182 133 126  27 102 141  81  98 169  64  83 195 122  90 130  75 140   9 155 171 134  32  96 111  76 142  41  86 121 159   2  84  31 161  85  34 110 144  74 101 118 193  29 175 127
  168 183 181  73 104 182 185 107 100  66  25 167 131  82 196 102  27 137 171 101 138 195  96 132 141 135  83 133  75  81  86 186 122   9  34  32  85 197  46  29 130  30 169  62   2 126 155  64  17  72  42 193  74 110  67  90  47  31 157 142  60  41  43  57
  183 100 168  66  73 185 138 181 196 195 131 182 104 137 107  25 157 167  75 133 132 135 126 102 171 186 122  82  64  81  27 193 101  90  96 197 128 130  36 140 141 159 103  76 161 124 142 110 134 116  85 179 172 144 120 169 160 155  83 112 106  62 174 147
   93  36  92  91 178 143 109 158  97  80  65  94 154  79   0  35 129 150  77 194 187 176 100 162 136 148 156 173 177 145 149 174  95 170  30 161  76 188 147 197 110  85 191 172 192 160 146 116 164 135  81 159 101  39 139 103 102  52 112  40 163 111  21 190
  156  91 129 119  12  84  81 114  11  53  40  38  98  95  92 115  43   1  65  16 184  52 104 165  30  23 170  44 111 123  54  87  58  80 154  67  72  68 151  77 136  39 113  55 194  59 108  21   8   7  63  47  82 117  13  61   3 189   4  31 180  18  37   2
   98 183  85 104  43  72  31  68  66  73  25  81  30  45 130  41  82  17  83   2  54  16 151  12  96  47  27  44  84  28 121  10  39  61  32  59  34  14  23  24   5  48   4  88 137  71   8  67   3 184  19  15 122   6   9  53  13  18  33  40  56  55  11  46
   66 168 196 195 185 137 182 102 183  73 171  25 138 181 131 101 100 142 157 197  75  46 104 167 107 130 122 179  51 124 186  99 141  96  29 194  22  60  41 114   9 133  34  31  47  81 193  74  36  42 110   0  83  30  21 159  32 166 154 116 140  54  26 103
  168 132 182 185 169  66  36 138 133  82  50 181 131 135  73 128 110  83 171 107 141  27 114 186 183  76 101 197  63  62   9   7  29  79 134 142 102 104 143 172  77  26  30  65  22 159 130  64  75  35 120  86 144 112 196  80 161 125  21 103  38 149 139  72
   66 104 171  98  96  10  27  25  24 183  85  30  82  86  72 130 103  11  31 100  54  17 102 101  81 156  32  75  73 121   2  43  83  34 181 118 196  68   8  38 168 107  90 137 155 167   9  28  84 131  41  88 184 170 186  29 135  57  13  59   5  19  14  47
  182 181 183 168 167 196 101 138  66 100 133 132 169 135 131 186 107 185 102 141 114 137  82  73 140 111 193 159 142 128 134 171  25 161 175 144 130  81  98 197 160 126  86  76  90  27 104 172  96 162 146 149  75 110  79 176 155 174 188 190 187 173   9 158
  100 181 183 168 182 185 142  73 195 138 196 102  96 141 167 101 171 107 104 130  25 135 186 197 157  82 193 110 128 133 131 116  66  75 122  30  27   9 114  42  90  85  62 194  29 159 172 155 137 143 132 161  81  98  76 140  83 179  34 158 160 124  68  57
  168 100 183 196 104 181 171  73 182  75 167  85  25  82  66 195 102 107  27 185 142 138   9  96 141 114 130 101 186  83  30 157 135  47 131  90  74  68  34 133  17  41 197  42  72  28 143  29  32  31   2 132  46 137  48 155  86  62 122 118  19 121 126 169
   50 104 132 169 156 118  65  86 183 135 111 186 130 123 141  79 133 134  76  21 144 102  78  89  63 178  98  77 175 160 139 161  80  95 106 181 115 163 162 172 159  67 146 108 190 107 189 158 180 176  35 101 182 191  94 110 188 145   9  83 177 121 165  66
   82 171 168  73 181  10  66   9  83 114  46  75 193  41 126  17  27 155 170  84  23   2  32  29 182  57  81 169  45  26  38  25  42 141 107  47  28  86   6  85   4 100  74   7  19 183  58  16  31  34 167  15   5  14  18  61  59  48  56 185  33  60   3  88
   73 104  25 168  82 185 171 181  66  83 100  24  34 118 183  29  75  27  32   9  17   2 130  42 107  56  68  70  71  28 122   6  19 131   8 157  10   5 124  74  57  60  14  15  46  43  47  50   4  85  23  20  61  48  18 141 142   3  69  13  33  30  72  55
  181 100 183  73 168 196 182 167  82 185  25 142 102 114 107  66 195 171 131  75 101 138  83 141  96  85 130 137  27 133 135 104 155 193  62 186 169 179  42  29 132  90 126   9  81 197  47 122  41  34   2  46  74 110  32  30  98  84  43  72  17  57  60 170
  168 183 181 182 100 196 138 185  73  66 195 186 131 135 107 133  25  82 102 167 132 137 171 193  96 104 128 126  90 142 140 169 114  81 141  27 130  64 155 159 161  98  76 157  75 144 116 122 101 175  83   9 134 160  86 123 146 125 106  74 172 176 197 162
  132 104 182 114 135 107  21 141  77 195 168  66  62 131  36  81 133   0 110 102 128 142 169 156 125 194 185 120  65  97  30 144  79  43  80 172  73  86 183 178  74 158 161 167  76  94 119 138  96 181  52 106  64  82 140   7 159 186 176 162  38 134 143  25
  104 156  96  81  63 114  21  12 119  43 129  68  30   0 134 168  52 132  98  82 125  74 184 107 131  65  23  38 135 111  66  54   8  83  55  25  91 183  80  77  16 126  67  57  84  11  44  22 165   2  79  10  62  31 140  17  24  27   3  47  95 122   4  28
  183  81 104 167 114  98 134  82 168 132 122 169 126 111 182 137 125 181  96 135 107 131 196  66 156 140 193 161  83 133  73 186 101 159  80  95 130 176  79 121 100  64  65  84  43 146 160  67  77 190  63 194 162 144 163 189  25  78 155 127 188 149  94  72
  100 195 181 168 185 182 102 142 128 171 196 183 135 138 114 186 141 101 116  73 197 133 132  25 166 137 179 107 158 193 194 130 131  96 110 125 167 172 160 161 104 159 144  97 106 155 140 162 173 187 174 143 146 188 176  90  62 123  60 149 124  86  75 169
  196 186 133 137 138 195 135 183 132 104 134  66 181  36 101 127  76 126 107  25  64 161 122  90  79 159  65  50 130 160 100 131 149 185 146 172 173 102 162 163 147 176 188 187 158 175 110 144 174  77  78 145 177 171 182 124 148 142  94  96 190 106  80  97
   25  41  75  82 181 155  10 167  73  46 196 182 126  74 118  66 100  83  85 183  59  34 168 169  17  67  57  32  27  47 107  28  68  42   9  55 171  48 193 105  71   6  14  31   4   5  19  70  13 137 104  15  45 170  61  72  86  44  18  20   2  69  56  60
   73 185 181 100 142   9 183  25 168  75 182  66  27  82 141 171 128 155 130 196  60 138  90 186  41  34 169 107 167  46  51  32 157  83  42 195  21  43  85 131 104  47 133  39   2  17  23 193  29  10  74 135  56  19 102 179  71 123   5  22   6  84  67  98
  183 181 182 100 168 104  73  66 107  25 196 195 131 185 138 132 167 137  96 133 135 102 122 186  27  82 101 169  81 141 130 155 197 106  90  64  75  98 126 134 171 142 140 157 121  30 159  83 161 179 123  32 110  76  62 118  34 193  36  86  85 144   9 128
  181 183  73 168 171   9 100 155 182 185  90  85  82  41 167  66  25  27 193 123 142  75  46 138 128 107  60 186  74 196  34  10 141  47  42  57  23 135  43 157  17   2  38  98 130  84 195 170  32 102 112  22  19 175 140 169 179  29  72   6   5 166  15  81
  114 182 196 183 168 195  96 186 171 185 138 142 104 133  66 100 134 130 135  21  22 101 159  90 137 193 107 131 141 140 181  81 161 112 106 178  79 144 158 149 188 132  77 116 177 162 160 157 172 176 139  94 190 174 187 146 165 155 173  76  83 163 147 124
  171 157 100 168  75 182  73 124 185  25 195 181 155   9  60 106 166  27 167 107  96 128 183 138  46  34 131  74 105 179  32 142  66 196  70  68  56  57  42  62  33 120  22 104  51  72   7 193 101  30  41 116  55 169  71   2  19 184  17  28  20  61  47  82
  168 195 182 183 100 104 196 167  73 181  66 169  25 131 107  82 102 155 137 186 141 142  96 126 185 114 132 133  75  27  74 138 122  81 171 157  83 101 193  86  72 135  32  64   9  41 134 125 116  60 130  31  51 166 106  68  98 140 197 152   2  47  42  17
  181 168 183 182  73 196  66 100  82  75 167 107  25 131 185 137 138 126 195 171 104 169 186 133  90  27 132 135 142 102 179  85 193   9 141  83 155  81  74 128 130 101 114  32  86  41 122  64 127 121  34  72  51  62  46  96   2  98 140  84 111 157 159  60
  102 137 131 167 132  66  73 195 183 107 122 196  86 169  25  64 168 104 100 197  98  96  81  27 182 135 133 121 138 181 101 185 194   0  62  31  90 128 126 106 134 143 140 179  72 156  82 155 158  88  30 159  69  32  80 123 161  74  85 120  43  29 176  26
  189 156 136 134  95  79 176  80 163 140 161  94 175  98 173  77 191 149 190 177 150 146 187 148  90 147  63 139 162 188 145 159 192 158 178  81  65 111 135 174 160 127 183 129 194 196 144 164  97  76 172 137 125 126  93  78  36 113 121 115 112  91 133 132
  104  81 126 111 156 127 134  65 122 125  95  82 135  80  66  79 132  83  77 137  64 136  63 140 176  98 161 178  94 162  76 167 159 146 183 139  43 177 191 145 160  36 107 163 187 131 149  97 169   1  84 141 158 133 144 189 173  96 194 114 188  30  21  67
  115 194 154  77 158  94 136  79  80 176 149 189 163  91 178 150 173 187 161 129 146 139 192 177 156 160 145 134 188 162 174 148  97 191 140 159 172 183 164 147 190 196  96  90 175 135  98 123  78 143 197 195 144  95 137 127  65  93  36 121 113 125  76  63
   98  81  95 151 111 175 183 122 137  90 140 156 134 129  78 126 165  65  84 170  85 189  91  92  67  63 117  23  66 190  80 121 136 176 180 163  79 104 161  31  82  64 150  40  41 127 192 164 191 177 193 146 178 159 174  94  12 173 147  16 148  59  53  77
  183 168 181 114 135 141  66 196 127  85 182 142 180  82 100  73 111 104 186 137 170 132 133 197 101 167 159 189 134  83  81 107 171  76 161 151 194 140  63 138  79 160 130 185 121 162 172  22 144  90 173 131  30 146 187  77 188 191 102 149  94 176  98  41
  181 168 182 100 114 183 169  82 128 167  73 142 196 141 193 186 102 185 179 171 126 138 155 107 135 195 157 197 133 194 125  66 137 159 131   9  25   1  83 130 160 101 161 180 166 140  75 122  86 116 132 162 112  81 144 146 174 172  27 175 187 173  74  67
  183 196 181 168 100 182 193 186 135 126 167  90 195 137 107  73 102 125 127 171 101 104  66 133  82 142 141 169 114  25 138  81 159 161 140 185 132 131 155  98 144 134 160 162 111  41 146 172 176 149 112  76  86 173 116 187 174 175  79 163 190 188 158 128
  183 168 196 181 104 182 167 169 107  66 102  73 100 195 131 132  82 135 133 137  25 126 101 186 138 114  81  98 197 125 134 141 155 130  90 185  96  27 159 140  83  86 161 193 122  75 171 128   9 123  74  64 144 121 111  41 194 142 162 146 160  67 175  79
  183 196 168 181 100  73 182 167 185  66 104 186 107  25 131 138  82 142 135 193 169 126 133 114 171 101 137  75 195 132  27  90 102 127 141  96  83 125 130   9  81  41 155 159 128  86  85 140 197  74 134 161  62  22 144  32  64 110  98 122  76  34 116 172
  186 138  90 181 171 168  66 135 100 140 182  98 183 185  23 123 127 107  76  22 142 128 144 159 131 161 175 113 193 163 172  38 116 176  82 173 148 191 160 134 149 162  41 177  81 174 187 188 146 151 155  97 137 196  64  94 112 190 114 145 158 111  21 133
  132 104 107 168 133 138 102 185 186 135 131 101 137 181 110  25  86 100 196  62 195  75 171 182  27  73 167 128 183 124  66  82 126 106 169 118  90  83 122  64 144  76 134  65 127  32 125 172  34 161 160  36 159 130 158  79 142  50 121  29 149  97   9 166
  183 137  66  73 181 169 167 131 104  86 100 182 102 122 107 130 134 195 132 133 101 128 126  25  82 121  67  98 138 186 118  90 185 123 180  99  72 159 196 161  81 197  83 162 168 135  88  84 175  27 140 193 144 190  64 146 179 176 147  80 163 187 136 111
   73  25  64 185 104 169 131 100  27 122  66  86 102 138 128 132  32  34 141 130 137  29  67  62  82 105  43 120 168  51 183   0 133 195 167  21 182 107  99  72  75  20 179  50 143  39  42  56 125 142 124  69  71  47   8   9  31 110 197 108 193  59 181  88
  156 154   0 143 119  93  63  91  36 103  37  65  64 122  96 120 129  40  95  80  49  94  50 137 192 150 136 189  77  79  97  99   1 178 158  35 108  44  81 134  78 149  66 139  85 145 176 174 177 187  52 147 148 162 188 163 173 191 197 146 151 194 109 159
  156  91 119 129  93 108  52 113  65  63  37  95  92 192 189  78 136  80  40  97  11 115 154 111 178  98  87  77 109  49  21 150  79  38  94  53 163 153 176  35  12  54 103  44  16 191  88 117 120 177 148  10   0 164 158 145 194 118 184  81 134 139 149 173
    1 119  87  53  74 156  91  40 109  30  21  50   7  36  93  58 129  44  11  96 114 111  39  37 154  51 184  65  63 120  12   8  55  35  10 143   0  81 141 104  22 171  66  43 112 165  77 124 189  52  49  18  82  13  99  20 105 193  46  67   4 125  83   3
   91  93 156  37  40 119 129 108   1  92 154  53 113  11 109  95  12  21 192 117 143  52  87  16  65  44 115 184  54 189  78 170  49  80  35 136  39  61  38  58 150  97  63  55 164 153  94  89   0  45  31 151 111  96 178  18 120  48   4  20  30  24  13  88
   91 156  93 129  95  37  40  65 192 108   1 115 136  80 189 150  53  92 111 109 119 154 117  11  77  97  94 175 191  35  79 178 176 113 163 151 164 148 170  63 145 177 139 143  84  98 187 158 173  12 147  87 190 146 188 162  58  39 149  81 174  76  44 161
  126 127 175  98 189 125 111 113 140  81 163  78 176 137  90 190 161 129 183 136  79  95 191 134 146 192 193 147  77 160 173 148 135 187 177  65  76 159  80 162 188 145 139 164 149 150 174  97 158  94 144 186 178 196 172 194 121  63   1 130  84 180 156 114
  183 182 168 100  96 167 104  98 155 181 123 196 114 135 171 138 137 101  66 140 107 130 132 121 195 159 141 161  81 158 151 102 134  90 180  78 185 175 172  54 133 176 186  79  73  76 160 112  30  22  82 162 149 106 194 188 131 178 170  41 146 144 187  27
  101 183 100 182  96 168 171 137 181 104 102  81 135 195 114 196  98 167 185  66 112 158 132 138 194 107  73 197 156 193 155 140 131 111 161 159  82  90 141  85 123 160 176 116  25  30  76  79 134  94 149 172  38 162 129 178 143 170 125 188  62 187 144 146
  183 100 181 195 114 155 196 168 182 123 171 101 180 167 102 152 170 194 104  87 166 151  90 197 138  92  41  47 107  73  54  96  23 118 169  85 121  68  84 116 184  60 165 135  74  98  75  58   9 106  27 141 140 137  86 175 157  55  38  52  12  82 142  89
  103 128 185 138  64 142 130 186  90 102 157 124 171  34  22 110 181 164 179  38 175 168  76  35 143  49  50  25 122 115 105 135   9  96 150  24 193 192 133 116 141 163 174 149 146 196 147 159 178 139 188 182 191 123 173  36 161  23  66   0 148 172 187 177
  137 169 179 127  75 131 128 100 107 186  23  89  90 118 140 126  78 138  64  41  51  73 168 133 157 185  84 135 164  50 124   9 151 175 106 155  27 167 166  25 181  92 159 190 144 193  80 132  97 125  67 120   7  26 116  47  66  86 122  45  22 163 174  32
   86 167  72  54  41  85 118   9  24 101 152 121  39  59  46  27  73  60 102  61 169  44  75  47  16  11  17 182  32  10 117  42  48  26 155  34  70  19 180  14   6  15  71   5  28  88   4  13   2   3  69 153 123  18  67  29 170  68  56 171  58  51  25 181
  104 107 168 171  22  98   9  92 186 183 138 100 155  23 182 101  66 135  41 140  10 116 157  89 112  54  75 143  38 181 170  27 151  68  32  30 123  11  76 159  73  47  81 111  16  24  17 129 184 144  82   2  33  26 169 134  79 161  34 131  57 195 102 178
  141 171 123 142 155 100  58 181 152 180  91 104 118 156 157  96   9 154  10  59  38 109 153 114  68  92  52 167  67  57  43 117  42  44 184  25  74 143 116 120 195 125  46  84 105 168 119 110 172 151   7  60  49  53  17  56 170  87 182  55 183  18  85  54
  179  37  40  92  53  91 109 115  35 154  62 143  93 170  12 108 113  38  24 184 120  55  65 142 124  39  23  49  56  51  42  61  59  29 130   0   3 110 164 166 114  33   1  84  20   8 192 102  28  15   7  75   6  14   5  52  57  18  96  30  11  19  90  58
  120   1 143 171 157 114  87  49  53 119 154 166 109 112 195 142   0  58 100 155   7 123   9 113 179  35  40 128 194 117 152  68  38  60  56 141  55 115 185 110  70  85  91  21  52 116 138  42 106  72  20  57  46  44 197  24  89 181 124 153  48  39 108  93
  120 143 179   1 157 108  49 119 124 142  62  53 128 115  40  44  35 109 110 185 106 154 123 155 105 138  50 195 113 171   7  51  72  39  24 166  56 121 133  60  89 172 152  42 182  87  99 112  70 116 122 130 153  21  88   8   0 147  20  46  75 197 193 165
  119 120  21 115 143  91   1 109 108  49  38 128  36  35  65 154 103  93 113   7  30  66  62  77  22 192  99 179 124 171 142  40 193 185   8  80 112  92  24  94 147  53  96 165 172  50 139 106 158  37 110 177  79 148 174  51 145 129 149 150 176 163  95 188
   93 156  91 129 119  37  95 108  40 154 109  65 115   1 192  80  92 189 113 136   0 150  78  53  94  77 178  97  11 164 117 143  63  49 148  35  79 111 176 177 158 145  52  87 191 120 194 163 139  36 173 187  16 149 147  21 112  44 153 103 188 125 174  12
  156  91  53  58   1  93 129 117 119  40 127  10  44 113 109  65  87 111 170  84  24  16  39  52  55  11  12  35  95 189 192 154  43 112 125  85  37  57 143 114  77   4  49 108  92  38  78  18 115 184  21  96  63  41  48  15  13  30   5  14  59  67 130  99
  169  64  75  66 126  82 137 132   1  51 131 133  86 107  46  83  31  37 193 112  11   9 182  32   7  81  67  62  25  20  95 111 130 128  27 167 186  29 125  34  73   8  28  45 109 179  80 114  48  74 121  90 105 135  23 141  72  53  17  69  84   3  14  87
  108 156 119  11  12   1  40  52  37  53  16 154  21  91  49   0  38  65  88 120  69  61  81 104  20  43  31  64 143  44   7  59   8  18 129 122  62  13  70  14   4  55  67  10  54  15  71   5   3  23   6  96  46  87  35  74  56  84  19  33 184  72  45  80
   93 117 170  58  91 113  89   1 142 127  92 129  53  40 164  41  16 180  39 111  85 192 151 175  35  95 155  10 141  87  61  34 156  90  59  48   4  42  56  22 153 163 184  44  57 121 148  30   5  47  15  11   6 189  33   3 191 160  18  24  14 119  19  55
  104  98 126 137  81  82 132  66 183 135 181 134  84 111 168 196 107 141 169 133 156 131 114 100  95  83 195 182  67 194 122  86 161  73 167  65  79 101 118  90 176 186 102 125 159 175 140 127 162  25 189 160  76  80 130 136 180 146 178 191 190 177  31 170
   75  92 170  16 117  38  29  26  46  54  20 105  61  89  40  45  59   7  88 109   6  18   3  17  56 155  14  15  13   5  48  33  19  71 179  12  53   0   4 184  34  69  28 120   2  31  23  42  57  84  11  49  52  43  51  70  60 152  85  58  32  47   8 185
   95 103 137 118 150 178 190  93 186 133  90 175 189 112 134 191  65 121  79 130 147 176 141 148 126 163 145  80 173 188 177 159  41 187 139 174 146 192 144 161 149 117 127 162 136  76 125  94  98 158 160 196  86 116  97  66 129  88  64 132  78 140 169  77
  115 153  89 101 154 118 103  78 152 180 195 164  93 121 150 112 196 194 157 189 145 116 134  26 137 166  99 197 174 173 162 136 188 129 178 187 148   0 158 149  94 143 190 192 163 151 146 147 191 159 102 175  88 160 172 139  79 177 182 161 128 138 169 176
  182 128 157 168 166 138 185 194 110  75 102  73  26 100 197 142 120   0  38  74   7 181 103  89 179 167  25 107 195 114  86 101  64 141  52 124 122  29 169 131  62  21  57  20 171 196 125 116 112 113  51  10 133 132 135  42  56  60  54  92 144  35  82  53
   66  98  81 129  92  23  21 137 111 183 170  95 184 134  80  91 175  16 195  63 163 178 161  79 114  90  77 190 165 104 140 136  84 107  41 193 151 127 176 177  22 159 191  94 186 162  12  65 147 145 144  11  76  36 148 146  45 187 149 173  47 192 139 188
  157   9  24 120  51  22  44 124  50 104   8  27  46  25  66 105  73 185  75  32  39  23  56 128  82  83  99  53  34  68  45   7  42  72  29   3  88   2 119  17  38 131 142  19  70  55  89  74  21   6  43  71  64 168  28  18 169   5  15  30  20   4  14 106
   98 195 169 137 196 126 183  81 167 121 134  90  63  84 118 132 127 194 140 181 101 107 133 175  95 135 111 131 125 136 161 178 197 176 163 190 165 102  80 159 173 123 156 155 151  66  25 150 146 180 191 177 104 149 162  41 187 130  44 160 139 116 189 148
  196 137 140 135 183 194  90 173 159 133 127 190 126 125 146 149 161 189 197 134 163 178 148 175  80 167 150 176 187 160 186 174 177 191 188  97 158 121 139 144 164  94 162  79 145 147 136 101 195 179  98 102 116 138  77  95 132 131 169 192 165 113  63 172
   98  38  21  64 113 132 104   8 120  66 169  82 155 181 128  24 135 168 111 133 167  74 107  62  73 172  83 106  49 134 131  84  72  81  53  25 156  68   1 100  10 141  87  78  52 171  75  32 186  43 108  76  77  65   2 138  96  70 142 161  29  35  51  31
  114 100   0 101 182 168 184   7  30 154 107  81 142  68 104  96 170 171  12  92  85   1  57  26  59 131  47  82  43 197 194  51  11  73  40 125  74  31 165  42  25  17  62  75  44 129 116  29  60  54  33   3  56  55  48  52  71   2  70  19 143 152  15  61
  119 143 156 122 115  91  80 120 154  65 132   0  97  30  94 197  63 136  77 129 158  92 106 134 131 182  79 194 178 107  81 102  64 176 149 137  36  95 128 161  62 187 174 139 192 145 177  52  96 150 110 160 146 162 108 135 188 147 159 163 144 173 140 123
  129  37  93  24  44  40  11  45  91  12 117 170 156  85  68  54  58  39 154 184 112   1  16  10  53 165 119  41  59  48  55  61  88   4  30  92  17  57  15  87  18  23   3  28  14 171 193  26   5   6  19  47  81  33  56  13   0  31 109 143  20 113  42  70
  108  37  24  50  11  99 117  10 130   8 103 124  93  21  39  53 118 105  13  51  66  72  83 119  44  52  34  32  67  60  45  95  65  43  14  17  88 122  68   4 126  56  40  15  18  49 156   5   9   6  19  48  20  55  28  30  74 111  70  58  16  78  29  64
   36  37  50  66 108  62 137 109  99  24 124 120  51  46  49 131 128 185  11  65  29  35  64  81  88 107   8 110  39  86 143  76 122  30 119   7  32  44  82  34  80  20 104   1  77  83 105 132 102  27  93 178  97 192 115 150  22  79  72  59  67  42 136  25
   60  11  40  88  24 105  29  51  61  45  34  54 108  99  69   3  59  32  15 184  19  70  37 119  14   4   5  33  48   6  17  13  39  44  56   2  18  16  20   8  71  47  42   7  26 124  28  68  41  46  72   9  55  12  31  52  75  67  25  27 170  50  86 118
  153 117  87  58 108  84  89  59  40  90  78  64 118 123  16  54 112  95 155 120  41  93  48 152 156 115  38 170  69  53   1 169  55  85  52  20   0 125 141  88  75  61 166 109  13   3 105  65  14 180   6   4  15  37 189  11  19  86  47  71   5  67  83   8
  108 175  93  92 113  91 115 164 154 109 150 163  97 192 158 177 129 148  98 178 190 195 173 176 136 149  80 187 188 118 146 145 116  78 191 160 139 147  94  79 174 161 162  36  90 189 144 103 110  77  96 128  37 172   0  95  35 159 152 156 194  49 123  76
  168 171 104 185  73 100 124  27   9  83  24 181  58 142 114  29  50  42  60  30  62 130 182 157  56  82  34  70 167  10  17  74  32  75  47 195 141  66 118 106  68  19  39  22   7  85 132 166  72   5  71  15   8   6 131  55  51   2 122   4  28  14  46  57
  185 142 124 128 138 157  75 120 110  21  36  49  62 100  22  25 179 143 171  73  51  89  35  74 116  64 105 102  34 109 168 186  66  29  50  42 103 131 182  30 195   7 141  76  27 196   0  38 155  60 172 166 112 107 133 181 144  20  56  46   8  57 174  28
  195  66 193 123 155 179 126 171 116  63 137 113 183  81 106 168 140 120 157  90 186 100 112 131 129  96 138  78 159 161 148 132 147 190 134 162  98 163 189 144 188 176  21 125 173 174  25 196 133 136 172 187  23  87 104 192 114   1 165 160  68 146 191 149
   81 169 132 137 114 182  98 134 104 183 195 156  95 125   0 122  82 194 131  64 115  84  80 154  77 101 136 178 196  86  79  66 168 107 135 176  96  99 161  65  83  38 167 106 123  31  54 133 193 159 139 140 100  94 162 158 177  43 102 188  11 144 149   8
  105  58  23 155 117  88 184  50  87  24   9  54 119 109  37  89  45  92  46  11  16  33  60  18  38   4  28  12 170   6  67  70   3  15  52  17  14  19   5  56  61  39  20 108 129  63  71  44   2 116 157  48 151  32  55  13 123  47  10  42  91   8  72  34
  127 134 135 126 125 140 189 176  98 161 146 190 173 160 149 178 163 191 159 136 194  80  79 187 162 177 188 183 148 145 137  94 175 158 139 174 150 147  95 144 196  77  78 172 111 113 164 192 186  76 115  63  97 133 193  81 132  65  90 180 195 121 101 181
   87 197 179 168  63 194 116 118 189 127 101   0 169 137 196 130 180 153  44  50 142  26 195 167 151 124 143  74 138  68  99 120 152 173 174 117 154  41 134  75 157 164 149 139 162 131 192 159 145 148 188  51 186   1 150  60 187 100 114 133 146 165  47 163
  132 104  50  64 195 126 131 122 133 141 169 168  25 120 137 197 135 125  66 106 134  73  36 138 110 124  82 128 167 100 107  76  81 186 102  77  97  96  62   0 156  63 185  27 143  65  79  74 182 130 161  99  21 136 183 108 119  49 194 162 181 140 158 144
   37 109 153  93  11  54 154  91  40 119 184 117 170  58  67  12 129  45  16 156  92 105  23  31  13  99  96  44  61 108  55  26  59  20  18   4 103  46  14  15  89  88  87   3   6  48   5 151  33 193  68  17   0  41  56  95  57  24  51  43  19  30  21  10
   37  23  45  66 137 103  51  31  74 105 170  46  92  12  54  69  81  52   0  41  28  75  50  93  57 184  61   4  67  33  18 131  13  55  17  32  25  47  11  14  70  24  15   6 153  29   3  88  20 104 107   5 119  71  48  64  26 165  34   2  63  19  78  56
   80  65  95  94  79 178 136  50 158 191  36 189 177 139 162 150 176  66 149   0 133 145 175 146 167 173 187 125 159 147  77 148 111  64 160 161 156  86 163  97 174 154 141 188 190  35 164 196 169 179 109 144 135 132 192 134 140 102 137 172 104 126  90  76
   84 119  40 170 108  88  52 156  44 184 114  23 120  58  91  38  92  16 123 115 129  11  12  53  59 109 180  43 117  24   0 152  55 132  86  83  17 155  98  37  49  87   8   3 118  54  67  18  70  14  69 105   7  50  15  72  71   4  42   6 136  19  60 175
  109  58  50 119 108  49  37  24 106 155 120 171 117  40  45 114  23  10 105   9 193 115 129  51  53 154 112  59  55   7  60 179 124  56 184  78  99 123  67  39 151  47  12 143  70  68 100  11  15  18   4  30  38  19  14  71   1   5 152  91  72  57   3  46
  127 125 141  35 111  77  36  90  65  76  93 135  79  21 158 172 178  95 114  97 176  94 177 148 191  80 162 159 145 149 126 144 187 142 190 139 147 161 173 174 160 186 110 146 188 133 189 163   1 150 192 140  84 112 136 128 175 116  81 193 102 109 134 164
   98  81 156 137 126 183 134  95  84 169 167 111 121 140 127 175  90 122 129 125  63  80 132 196 176  82 135 161  41 136 189 193 163  64 118  67 104 194  79 159 151 190 131  88 191  86 150 146  66 178  65  78  31 149 107 177 160 173 130 123 165  16 187 162
  156  98  95 140 194 134 151 136 123 129  80 189  90 115 183 175 125 176 111 163  63  81 150 113 178 191 161 192 165 190  79 121 127 177 139  94 173 146 135 159 187  77 145 149  87  84 158 162 148  97 196 160 126 102 164 188 174 104  96 147  91 144 169 180
  156  98 194  95 189 115 136  80 134 178  91  63 150  79 154  77  94 129 176  65  97 191 158 177 139 111 149 145 192 163 187 173 161  93 175 146 162 121 188 190 148   0 132 160 125 140 102 174 197 135 159 151 123  81 147 164  92 119  96  87 153 118 144 180
  156 189 113 129  95  98 111 136 192   1  93 127  91  87 175 176  80 150 140 163 191  63 194 115 190 148  97 123 126 177 173  94  65 108  79 147 187  77 178 160 145 121  53  90 139 158 164 146 134 149 188 162 161  84 174  76 172 144 180  78 159 112 151 117
  129  91  93 115 156 192  95  80 136 119  92 109 150  37 178 154  97 164 189  94 113 108 163 148   1 145 177 191  65 158  78  79 176  63  77 139 187 173 149 190 146  36 188 174  40 147 162 153 160 175 161  87 134 194 143 127 159 144  98 111 140 165  11 172
  156 189  93  78 136 192  65  95 150  79 129 194  63  80 115  91 176 191 164 139 163  94  77 145 178 147 190 175 148 187 125 162 177 188 173 111 146 160 149 134 158 121 172 174   1 161 119  97  50  35 108 154 159 112 118 126 117  76 113 144 143 109 140  37
  126  98 121 127 113  81  84 169 140 156 108 151 175  41 167 137 155 134  86  64  95 115  23 129  67  72 111 165 128 125  63 131 123  12 193  82  45  31 135  43 183 122 136 189 176  27  16  80  69 104  39 190  90 163   8 191 196   2 161  11  32  78  88  10
  156 197 102 115   0  86  54 154  37  88 152  11 108 194  72 180 101  67 183  26 169 121  12  52  91 123 153 167 182  69  84 132  43 119  59 105  40 129 195  95  87 104 107  31  80  96  13 181 122  30 166 136 151  39 150  20 178 120 134 170 118  98  53  71
  156  37 129 119  93  91 108  40  95 117  11 154   1 189 109 115 192  92 136  63  44  65  87  53  12  52  80 170  16 113  58  88 150  78 111 153 164   0 178  10  79  99  97 165  67  94  77 139 163 191 194  84 184 177 145  24  54  81  55 176 112 148  50  45
  156  95  65 136  93  63 189  80 129 192  78 127 150  79 111  77  91 175  84 163  98 134 139 191 190 176  97  81 178  94 177 145 164 148   1 115 173 113 187 147  37 146 125 126 149 188 117 162 140 161 119 174 108  90 160  40 158 144 159 121  44  76  92 180
   40 119   0  22 124  58  55  21  53  54  56  68  16  51 184  93  24 157  45  61  48  57   3  20  29  12   4  19  15  30  13   6  34   1   5  18 143  14  85   7  69  17  70   8   2  96  28  71  33 120 104  47 117  75  74  42 153 112 103 122 171  59  52  87
  119   0 120 143 132 141 110 194  21  65  77  97 106  63 182  50   7 125 156  35 197 114  80  36 133 144 142 195 152  52 178  79  49 122 169  62 154   1 115  94  64 139  30 172 107 189  76 135 158  53  57 160 104  26 174  38 124 188 116 131  87 105  91 149
  129 119 117 108  11  53 128   9  58  38  52  91 109  35 115  93  98  10  49  23  44 116 156  37   1  43  88  12 184  16  21 142  92 175 154 130 170  95  55 155 105 120   4 164   7  39  13  18  89  68 151  15 192  59  14  57  24  56  54   5 141   6 123  19
   37 156 108  91 119  93 129  40 115  92  95 154  63 136 192  65  88 109 189   0 120  80  52 150 143  11 117  53  78  50  97  87  12 103 178 153 164 105 175  44  94 113  67  79  49  54 123 170 145 191  99 139 148 163 177  77  84  38 176  16 151  69 190  23
   93 156 119  91  37  40 108 129   1  92 109  95  65  53 189 115 117 192  11 154 136  78  80  63  52 113  87  44 150 120  58  35  97 143  49 111 170  16  77 178  94   0  12  50  79 153  36 112 139 164  88 148 145 191 177  21  10  39  38 184 176 158 163   8
  119  93 156  91  37 129 108  40 115   1 109  92  95  53 154 117 192  65 189  11  78  87  80 136 113  52  63   0 143  58 150  97  16  12 153  44 164  49  35 120 170  94  77 178  50  88  79  36 139 145 184 148 191 177 163 194 105 158 176 111 112  24  99  59
  156 119  93 129  37  91 108  40 115  95  65 189  63 136 154  78   1 192  80 109  92  50   0  53 150 120  11 117  52  77  87 113  79 178  49  94  97 143  44 139  88  12  16  58 145  35 194 191 163 176 153 177  99 164 134 158 148 111 147 190 187  36 165 188
  119  93  40  91 108 156  37 109 129   1 115 117 154  92  53  58  65 192  95  78  11  49   0 143 120  16  87  52 153  35  44 189  39  12  50 136 113  24 150 184  63 164  80 170  99  88 103  55  97   7  77  45  59  94  38  89  36 178  13  21  61 105 139  54
  156 119 108  37  93 129  91  40 115 117 109 154  95 113   1  53 192  65 136  87  92 189  11  78  58 153  44  16  52 150  80  88  63  12  99 164   0  49 170 120  35  24  77 143  97 178  84  94 145 139 163  79 191 194  38  39 177  55 148 176  54 111 103   8
   91 119  93 129 156 115  40 108  92  37 117   1  95 192 154 109  53  58 189 113 136  87  78 170  65  80 164 150  98  77  11 151 163  79  16  63  94 139 111 175 145  12 191 177  97 148 153 178 184 143  52 127 176  44 180 190 165  24  55  35 187  10 147 188
   24  37 117  58   8  45  83  68  40  17  55  82  23  10  41  48 108   4  53  14  16  15   6  19  59  44  56   3  52  18  11   5  42  72  70  88  84  99  32  13  28  67  39  20  51 170  71   9  60   2 184  43  61 105  69  74 109  34  46  38  29  47 153 124
  157 117 124  58 105 171  60  37 153 152  55   9 118  41  24  46 170 179  33 109 155  68 121  89  48 123 108  56  40  45  59  51  72  17 166  70 115  99  75  34 184  13  19  61 193 106  71  92  32   6  78   4  57  14   1  15  87 116   5  53  88  18  28 112
  171 169  75 101   9 168 114 182  60   0  68  82 112  73  58  26   7  72  61  51  70  42  56  17  71   1  54  28 153  59  74  32  48 167   2  10  57  41  19  20  87   4  55   6  33  34 166  13  11 117  15 107  53  14   5  45 142   3 124  18  47  24 118 100
  117  45   1  58  11  51  87 112  37  16  59  17 184  60  48  41  22 170  10  26  93   9  68  56  53 114  13   4   8   3  19   7  15   6  14  55 169  40  18  12  23  75   5  54  61  42  30  72  47 105  24  34   2  20  33  28  32  70  44 165  71 171  31  67
  153  24  46  60   9 106  41 157  72  51 124 169  88 184 105  17  50  68  70  61 117 120  22 109  89  48  37  34  55 119  45 123  75 152  71  32 107  19 115  16  25  11  42 179  13   6 166  14  54   4  58  56  33   2  15  18   5 180 118 171  99  83  59  49
  142 171 138 103  93  22 186  90  92 172 164 192 148 127 174  94  75 144 149 113 173 158 110 112 188 159 163 185 187 177 160 147  76 191  97 150 145 162 143  41  89 140 146 139 179 189 157  79  91 190 178 116 176  80  77 161 135  36 182 196  78  85 180  95
  195 137 132  66 182 133 179  50 162 120 136 178 147 181 161 174 150 187 197 188 134 145 176 159 191 146 158 173 131  94 149  36 148 177 144  79  77 190 139 163  97 160  76 138  80  64 107  95  63  26 140 141 135 169 128 186 189 175  92  98 172   1 100 192
  108 119 156  37  93  40 115 109   0 129 120  95  49  65 154 113  50  91   1  78  53  99 192  11  52  35 136 143  80 189  77  12  97  44  21  24 117   8  16  88 103 150  64  94  36  87  79  63 153  45 178   7 139  38 145  54 164  89 177 148 191  23  69 163
  156  37 119  93 129  91  40 108 115 117  11 109 154  92  53  58  95  87   1  12  16  65  52  88 192 189 136  44  63   0 170 143  78 150 184  54 113  80  24  99  39  55 153  45  49  50  23 164 194 165  59  10  13 178  18   4 103  69 151  97 152  67   3 105
  119  93 108  37  91  40 156 115 129   1 109  53 154 117 192  95  92  78  49 120 113 143 189  65  87 153 136   0  11  35  52  16 150  80  44 164  12  97 103  58  63  99  88  94  50  77  89 178  38  21 145 148 139  36 112  54  24 163  39  55 191 177  79  45
  156  93 119  37  91 129 108  40 115  92   1 189  95 113 192  87 117 154 136  53  78  63 109  65  11  80 150  58  52 164 153  97 170  12 143 178  16 194  94  77 163  49  88 120 145 148 191  79 139 177   0  35 176 175  50 184 158  24 190  44 173 151 187 147
  156 119  93  40  91  37 108 129  53   1 117  92  95  44  11  65  52 109 154  16 189  58  12  63 115 192  87 143   0 170  49 113  78  10 136  24  80  35 184 120 150  54  97  77  88  50   8  55  59   7  38  21  39 178  94 153  18  79 103  45   4  13 164  48
   93 119 156  91 129 108 109 115  37  40   1  65 192  78  95 113 189 154  92 143  53  80  35 136  49 164 150 117  97  50  58  77  94  87  63   0  79 120 178 139 145 148 163  36 153 177 191 158  52  11 147 176 111 187 188 173 174 149 190 172 146 112 162  12
  119  93  40 109  91  53  58 108   1  49  37  92 117 184 120   7  24  52  44  11 154  39 170 156  21  38  16  59  12  35  10  18  20  48   0  30 129  13  56  61 115  87   4 103  15 105  54   3  50  26  28  45   5   6  14   8 143  70  29  55  19  33  62 124
  175 121  90 156 129  98  78 123  95 108  50 164 192 113 126  63 163  84 111  93 115 117 189 118  88 136 191 150 127 190 134  37  24  79  76 147 176 173 180 146  65 145 139 148 109 188 161 177 151 160 187  35  23 105 149 174 162 170  64 186 135 172  80  94
  169  98 132 134  86 181 126 135 111 195 101  95 102 156 121 186 189 190  84 178 183 136 161 125  80 191 176 133 116 140 194 150  81 168 144 177 182 180 159 173 115 162 165 163 187 146 145 139 188 175 149  79 160 123 107 148 147 137  90 118  82 174 131 196
  127 101 178 125 194  95  80 137 186 111 116 134  22 159 144 190  79 139 145 191 162 177 189 135 115 150 158 160 136 146 173 187 174  94 169 161 164 188 176 149 163  97  98 148 140 126 114 183 192 147 197  77 132 133   0  76 172  87 112 165 193  65 107 180
  155  54 195  69  60 118 157  16  25  75 105  88 169 108  26 104 121  33  32 153  34 152  70  73  68 124 166  11  31 106  71  89 101  37  17  51   0  20  23  27  61  19  13   2  48  99  50  14  72   4  10  42  56   6  15   3  18  86  46   5  55 197  57  64
   41 169  98 155  23  16  67  11  86 117  84 151  45  68 118 123 104  17  60 170  88  43  69 121  59  54 167  32   9   2  72  55  12 184 107  44  31  58 101 129  24 105  27   4  47  71  73  14  19   6 180  15 156 116  74  18   3   5  48 153  70  13 126  10
  185 171 124  49 157 143 128 138  50 110  62 120 142  24  22   9 130 106  35 179  27  75 155 168 186  73  34 133  36  42  60   8  56  39 108  29   1   7  53 195 181  51 100  21  70  72  66  38  83  30 119 132 102 122  89  28  32 141  20 115  46  19 109 182
  120 157 128 124  49  38  50 119 185 143 195  51   0 138 105   7 100  99  60 103 171  64  21  62  73   8  25  29 106  22  52  30 132 130  36  35 131  56  89  54  42  26  68  27  70 108  34   9 110 168  44  32  71 152  20  74 142  19  72   3 182  28 116  57
  119 108  37  93  40  91 120   0 156 154 143 109  92 129 115  53  52  49  11  87  50  54 105 152 184 153   7   1  12  35  88  58  55  38 192  97  16  69  63  65 116  61  36 124  33  20   8  13 117  44 106  18  70   3  57  24 136  21  26  48  56   4 113 189
  119  93  40  91  37 156 108 129 109  92 117  53 115 154   1  11  95  58  16  65  44 192  12 170  52  78 184  87 113 136   0 189  80  88  63 143  24 153 150  39  49 120  35  45  59 164  55  99  61  54 178  97  13  18  50   7  38   3   4   8  77  67  94 165
   37 119 156 108  40  93  91 129  53 109 117 154  44 115   1  11 120  92  52  88 153  87  12   0  95  63  16  99 192  24 189  50  26  49  58 113 105  65 103 170  39 136  54  13  78 143   7   8  69  45  18  59  10 150   3  67  20   4  35 152  80  55  14  61
  119  40  44  93  24  58  37  16  91  49   0 117  50  52  53 109 108   8  11  12  39 156 120  55   1  63  29  22  45  18  23  87   3  36 184  99 154   4  59   6  48  35   7  15 153  88  61  56  20 170  14 143   5  46  70  10  65  13  21  19  62  26  92  42
  119  93 108  37 156  40  91 129 109 115   1  53  78 192  95  65 189 117 113 154 136  92 120  87  52  49  63 153  50 150 143  97  11  35  80  44   0  77 164  16  88  94  24 178  58  79  99 145 148  36 163 103 191  12 139 177  10 170 112 176 147   8 158 175
  156  93 119 108 129  37  40  91 109 117  53  95 115   1  65  11 154 192  92  78 113  52 189  58  16  44  49  24 136  88  12  35 150 170  80  87  50  10  63 153 143 164  97  99  77   0  39 111 120 112  38 184  94  59 178  79   8  55 103  45 163 191 148 139
  156 129  93  91  95  98  92 119  37  40  84 117 108 115 170  11  12  80  65 189  87  52  16 192 154  53 136 165 184 150 111 113  81 180  10 178 194  58 127  88  63 109  55 125  97  79   1 175  77  78  31  59  94  89 191 163 177 123  38 176 148 118  90 164
  118 121 156 153 108 115 123  72 130 134  98 180 152  24  65  88  95 122 101  16  59 150 164 154  93  86 175 151  84  78 178 195  50  90 163  68 186 129 136  49 176  63 103  79 190  91 139 117  11 106  94  77 170  80 146 188  52  10  85 161 177 149  99 145
  115 114 189 113 190 125 186 194 139 136 172  80  87 144 180 101 145 158  95 174  79 177 192  65 187 188 191  94 129 160 147 165 164  35 162 146 176 161 134 151 163 143   1 173 148  58  77 150 159 178 119 149 133  97 135  78 197  22 179 123  89 169 142 112
  117  58 119  89 157  87  53 115 153  16   9 152  60  68  54  40 118  55 128 180  99 123  52 166  88  33  19  24   0  48 120 171 124   4  56  44  42  41  13 184  49 129  15   6   3  14  18  57   5  38  39  22 170  17  93 142 108   1 105 103  61  59  71 109
   63 189 103  87 136 115 116 121 190 194 153 179 180 197 192 174 188 145 134 151 144 139 191 150 118 148 146 187  97 162  95 173 117  64 147  89  94 137 164 149 177 178 159  99  37 125  93 165  80  79 169  78 160 163 176 172 127 113 140  35 161 132 166  26
   92 117  95  93 129 189 136 115  63 180 192 190 121 178 150 164 170  80  65 139 156 119 191 127 163  16  84 145 111 177  94 148  87 147 173 187 188 174 134  91 144  79 176  97 160  90 118 149 146 165 162   1 175 123  58 172 194  77 161 158  78  35 169 125
  183 185 196 181 100 138  66 168  90 182 133 142 195 114 186 135 171 132 141 167 110 172 102 131 159 140 137 144  21 161 158 160 128 130 149  98  76 190 174  35 188 147 146 187 173 148 176 163  79 162  73  94  62 175 179 103 155  77  25  36 107 106 177  96
    0 131 137 107  86 132 182 102 195 104  81 197  64 168 143 167 122  62 120  25 154 135 116 185  36 101  96  66  73 100  97 110  27  80 196   7 183 194 133 140 181 169  51  30 138 158 141  90 161  43 128 159 178 136 156  31  29  79  94  52  84 162 166 149
  156  95  65 108  93  91 115  80 136 178  79  37 150 111  98 129 175  97 134  77  94 189 192 119  78  92 139 191  63 145 177 176  88  11 163  36 170 164  50 187 146 149 190 161 162 158 173  76  52 148 188  84  40 109 147 160 174 143 121  64 154  81 132 159
  119  93  37 156  91 108  40 129 109  92 117 115  53   1  11 154  95 192  44  52  65  58  87  16 189  12 120  49 136  63 170  88  78   0 143 113  24  50 150  80  35 153 184  39  97  54  99 164  38 105   7  10  59  77  45 103   8 178  13  55  94  18  36  26
  119 108 156  37  93  40  91 129  53 109 117 115   1  11  52  92  87  44 120  95 192  16 154  58  49 113  12  88  65  63  78  50 189  24  35 136 143 105 153  39  38   0   8  99  54  80  45  10 170 150   7 184  18  13  97 103  55  69  23  20  89  59   4   3
   93 156  37 117  91  40 119  58 129 108  53  16 170  95 153  11 109 192  65  92   1  87  78  24  10 189  63  44  39  52 115 164  88 184 113  55  89 136 180 150 112  57  99 103 127  54   4  49  45 154  18  59  35  12  13 111  33  14 194  15 105  48   8   3
  156  37  93 119  40  91 108  53 129 117 115  95  87  65 189   1 109  92 192  11  58 136  63 150 170  12  16  50  44  78  39  35  52 113 154  80  24  84  77 153 164  97  88 178 111 191  10 139  67  49  94 148   8 163  79  99 145 180 175 194 177 143  38 176
  156 119  93  91 129  40 108  37  95 109 117  53  92 115  65   1 154 192 189  78  63  58  52  11 113  16 136  80  44 150  35  49 143  12  24  97  77   0  87 170  88  79  94 153 178 111  10 164 120  54  39 184 139 112 103 145  50  38 163  21 191 177  99 148
  119 156 108  37  91  40  93 129 115 109  53   1  92  65 120  49  11  50 154 143  52  63  24  12 136  58  95 117 189  87  35  88   8 192  44  16  78 113 184  80 170   7  39 105  62  77   0  10  36 106  38  21 150  30  45  99 112  59  97  13  55  94  18  20
  156 108  84 126  65 129  81  37  82  38  67  10  24   8  53  58 123  83  86  43  95 125  98 115  72  23 111  50  11 113  88  40  55 119 117 132  99  52 136  17  12 134  59 193  45 127  87 121  13 184  68  28  16  79   0  14  31  63   4 109  80  32   7 104
   93 117 127  95 164 153 192  92 113  89  58 151 180 103 150  40 129 115 170 189  37 145  41 148 116 191 136 163 190 177  26  91 178 139 173  94 174 165  16 187 175 188 162  90 194 149 146 147 193  80  98 111  78 125  99  39 176 118 158 159  54  79  87  44
  178 150  95 115  93 136 191 148 173 194 145 192 189 163 190 177  92 146 176 164 187 149  94 188  97 139 174 161 175  80 116 160 102 134 162 158 147 159  79 179 144  98  77 186 153 135 195 113  65 140 133 180  63 172 103  76  78 132  91 111 137  64 196 118
   92  93 103 153 197  89 164 101 157 109 118 120  97 178  63   0 150 192  26 158 148 174  94 170 195 154 145  78 173 160 188 138 110 163 179 187 129 196 149  91 113 189 194 191 146 190 147 115 136 143  75 177 128 144 162 139 116  35 119 121 100 102  49 152
   93  92 129  95 164 192 150  80 136  90 103  91  94 190 113 174 148 145 191 163 151 177 178 158 187 117 139 147 176 189 188 162 115 173 116 170 127 146  97 175  79 149  78 160 111 159 161  37  65 144  63  98 140 112 134 125  76 172  35  85  77 179 180 118
  