  81 131  66  63 165 134  84 132 123  22 126 107   1 181 122  65  95  37  23 104 121 178 182 193 140 156 189 106 171  21 144  77 133 151 183 166  32  57  10  46  90 176  86  64  76  80 150  36 190 161 139  67 137 118 136 119 149 168 188 135  31  16 191  99
  114 113 171 135 102 186  90 178  93 112 189 123 160 195 121 137 158 140 155 148 165 173 188  77 177 150 164 170 146 100 149 172 187 191  92 145 176 144 161 159 147 136  94  38 190 174 101 116 181  97 162 128 163 138 192 139 133 156 182  23  79 168 107 183
  125 112 128 100  90 141 140  79  66  94  97  76  77 186  80 119  63   8 135 139 127 145  89 114 134 189 126  81 144 191 163 161 162 173 177 160 149 192 143 187 169 168  64 150 174 188 123  86  99 147 159 146  84 158 172  93 175 176 104 148 151 110  30 178
  125 112 128  76  79  66 140 186  63 141  97  80  77  94  64 100 135 139 134 145 144 162 189 191  22 173  36 127 110 149 163 133 147 177 187  35 158   8 161 174  90 192 160 159 188 175 146 119  99  81 172 148 150  89 126 114 176 104 178 138 168 190 143 169
  125 112  76  97  80  79  66  64 140 128 186  94  63  77 110 141 135 127 139 144 134 145  35  36  22 133 149 162 100 191 174 138 173 147 177 187 163 192 158   8  89 160 189 161 146 126 188 159 172 143 148 168  99 190  90 176 197 114 175 150 178 119  81 131
  125 112  76  97  79  80 140  66 186  94 141  77 128  64 135  63 139 110 134 144 145 127 149 162 191 173 174 189 100 177 163 187  36 192 160 147 161 158 138  35 146  22 143 172 159 188 133 126   8 148  89  90 119 168 190 114 150 176 175 197  93  81 178  99
  125 112  76  79  97  66  80 140 186 128  94  64 141  63  77 135 134 110 139 144 145 127  36 100 149 162 191  22 173   8 174 189 133 177 163 192  35 187 147 160 158 161 146 159 188 138 143 172 148 126  89 175 190 114 150 168 176  81  99 119  90 178  93 197
  125  64 112 168 135  65   8 110  97 169  72  25  66  86 132  89 133 141  35 127  75  80 143  79 114 134 131 172 126 186 197 104  84  77  87  90  36  85 100  83  59  94  63  76 119 144 108  52 140 160 156  24 189  42  88  51 113 167 178 138  81 139 185 145
  125 110 141  89  90 135   1  65 112 119  97  35 127 197 133 143  25 172   8  85 126 185  64 138  80 100 144  76  62 140 179  77  81  87 186  66 189  75 194  79 122 108 131 195  63  94 132  84 139 113 114  86 134 160 190  72 101  59 174  52  22 187 102 162
  112 169 125  64 114  84 128 141  89 122 168  83  82  35 104  79 116 100  88  72 134 186  66 133  99 171   8 119 196  80 143  77  25 140  76  23  86  94 127  97  36 145  22 191 139  38  75 131 175 161 173 162 135  51 158 177 149  63 197  87 129 146  21 110
  125  89 110  35   8 112  22  66  76  64 127 119  63  75 141 185  99  97  36  79  21  24  80  77  42 113  83 135  50  93  94 140  23  62  38 128 197  87 138  51  25  53 144 109 192  34 145 172 139 133 163   2   9  52  90 186   7 173 191 100 174 143 177 148
  112  22 157 140  35 100  76 138 125  36  64 168 151  97  79  94 110  66  80 119 139 145 162 192 128 144 175 174  99 134 191 173 187 149  63  77  89 147  23 159 163  90 123 135 177 146 190 188 143 164 172 161  38 189 141 158 197 148   8 160 171 186 176  93
  125  35  22   8 110 128  64  90 112  76  63  80  84 100  66 127  79  75  65  97 185 133  36 135 119 114 138  99 140 109  21 144  25 113 186 108  42  83  72  62 104  94  89  87  38  86  82 169  77  51 171  52  53 126   9  32 139 145 131 172  23 132  58   7
  125  66   8 112  64 119  76 141 110  97  22  25  79  99  80 168 186 127 100 140  63 135 104 128  35  94  89 126  77 144  38  75  51  83  30  81  42 138 131  82 139 143  93  36  87 145  23  21  90 114 134 192  37 185 174  86 149 133 173 160 191  72 162 177
  125 112  76  79  80  97  66 141 140 186 128  64  94  77  63 135 110 134 139 144 145 127 100 149 162 191 173 174  36 189 163 177  35 138 192 187 160 147  22   8 133 161 143 158 172 146 188 159 168  89 126 148 119 175 190  90 150 176  81  99 197  93 178 114
  125 112  76  79  66  97  80 140 186 141  64 128  94  77  63 134 135 110 139 144 145 127 162 149 191  36  22 100 173 174 189 133 177 163   8 187 192  35 147 160 161 138 158 143 146 159  89 172 188 168 126 148 119  99 190  81 175 150 176  90 114 197 178  93
  125 112  90 119 128  97  76 127  79  80  30  98  94  66  63  22  77 140 141 185 192 139 163  36 145  99  93  35 189 147 100   8 158 187 160  89 173 175 174 144 191 162 186 148 123 149 177 135  64 172 150 159 110 118 161  42 143 176 188 142 146  87  21  25
  125 128  76 112 140 186  79  97  80  94 135 100 144  77  63 110 145 139 162 160 192 149 163 173 191 187 134 174  36 147 177 141 172 158 188 189 161  35 146 159 148 127  90 190  66 138 176  64 133 175 150 126 143  93 178   8  81 164 197  95  65  89  22 136
  125 112  76  66  97  79  64  80 141 186 110 140 128  94  77  63 135 134 139   8  22 144 127 145  36  35 138 133 162 189 149 143 100 191 174 173 163 172 160 177 119 192  89 187 168 147 161 158 146 188 159  99 126 148 190 176 150 175  81 178  90  25  93 197
  125 112  76  97  79  80  66 140  94 186 141 128  64  63  77 134 135 110 139 127 145 144  36 149 162 191 173 174 177 163 189 100 192 187 133 160 147 143 158  35  89 161 146 188   8 138  22 172 159 148 168 150 190 126 176 197 175 119  81 114  93  90  99 178
  125 112  97 186  79  76  80 114 141 140  66  94 135  64  77 144 139 127 110 145 134 149 191 173 160 177 189 168 174 187 162 128 161 126 146 172 158 159 143 163 188  35 133   8 147 148  63 192 138 190  22  36  89 150 176  95  65 175 100 178 104 111  90  93
  179 152 122 196 197 134 194 181 167 116  98 180 151 183 182 150 101 157 195  81 161 135 168 193  91   1 121 166 189  30 136 172 139 153  59   0 173 104  96  80 176 187 149 186 190 162 119  97 146 188 174 163 148 177 160 143 145 125 144 133 100  94 159 191
   90 112   1 125  35  36  79  77 135  97 129 143  98 160  80 140 128 172  94 189 187 173 110 139  21 148 186 146  76 158  65 177 145 179 159 150 149 163 144 162 164 190 161 188 176 191 192  85  78 141 142 174 147 113 178 133 197 175 181  23  95 138  63 185
  110  63 156  76  65  80 127  90  93 135 134 194  79 144  81  97 172  36  91 186 163  94 190 140 174 160 119 192 125 148 180 108 173 145 149 187  86 139 162 133 147 188 189 159 177  77 175 146 138 161   0 191   8  35  98 111  30 176  21 158 150 164 104 153
  112 151  26  93  23  86   8  72  24 117  81 114 171 141  41 169  38  53 179  59  89  45  77 156 134 189 168  87  10  99 180 186  83 140  79  16  57  66  31  11 193 125 119  95  88  82  91  84 194  42  85 170 191 139 150   2  32 145  21 118 178 143  90 129
  125 112 126 100 114 127 140  90  94 135 102 113 186  89 194 128 149 174 173 144 160  80 187 197 145  97 148 188 177  79  86 189 139 158 163 141 191 147 168 190 161 162 134  77 196 159  93 146 192 150  76 176  66 172 119 164  63  81 178 157 108 110 175  75
    8 125 100 171 128 112  63  72  38  66 110 185  86 119  27 114  89  25  82  53 169  90 135 113  32  23   7  42  99  34 126 137  62  51   1  37  35 131 168 186  29  24 140  16  64  56  79   4  98 184  22  12  75  19 102  81  58 104  69  76  97  68  15  83
  125 112 140 128 135 186  94  79  77  97  80  89 189 141 139 160 191 145 173 114 187 149  76 177 172 158  35 162 110 134  90 146 148 163 190 144 188 174 161 147 150   1 176 164  36 159 178 192 127  63  81 143  66 133 100  95 175 136 113  93 197 102  64 126
  125 112  97 128 141 135  66  79 100  94  76  77 186 140  80 143 110  89 139 172 144  90 168 171 189 114 145 133 160 173 174 138 149 127 187 162 191 177 119 158 161 147 197 146 134 159  36 163 188 148 192  63 150 126  35   8  75 190  22  65  86 176 178  93
  125 112  66 141 100 114 140 135 186 128  97  86  79   8  77  76  35  94  80  90 110 143  89 126  63 144 139 168  81  65 131 133  25 169 160 145 173 189 171 138  87 191  75  22 134 119  64 149 177  36 172 174  23 159   1 122 146 158 161 178 162 187 194 127
   89 197 156  77 189 123 186 119 116  98  30 127 125 144 139 172  94  66 112 100 163 111  50 162 187  90  76  86   8 136 145 177  79 161  97 188 159 192 168 135 191 173 148 190 146 160 196  63 174 138 194 147 149  22  80 134 126 154 195 128  93 150 152 141
  125 112 140  90  94 186  80  97  79 135  76 139 145 149 144 162 173 191 163 187 177 174 189  77 100 160 192 128 158 161 188 147 148 159 146 150 190 176 175 172 141  98 134  63 178  66  93 114 127 164  95 194 126 197 123 143 102 111  89 113  81 110  36 151
  125 112 100 141 140  94 135 186  79  76 128  77  97  90  80 139 144 145 126 172 162 160 173 114 189 187 149 174 191 177 163  66 158 147 143 188 161 159 127 148 146 192 134 110  89 150  35 190 176 197 168 119 178  63  36  65 138  93 175 194 164 133 171  81
  125 112  79  80  97 186  94 140  76 139  77  90 141 145 144 135 187 173 149 189 134 162 172 191 127 114 174 177 160 163 159 146 161 192 158 147 110 148 188  35 190 133 150 175 197 176  63 138 143  36 164  22 128  66  64 119 126 178 136  65 194  89 100  95
  125 112 141  97 114  79  80  89  94 186 127  90  76 135 139 143 140  77 110 100 128 172 144 145 173 191 162 189 160 174 187 126 119 149 192 163 197 177 161 159 146 148 134 147 188 150 158 138  64 190 168  93  35 176  66  65   8 164 133 196 111 194 175 136
  120 183  85  98  65 156  21 119 117 101  78  59  91  90 181 180  57   1 104  26  53   0  64 155  24  97 122 121 134 132 143  77 106  79  58 141  72 110 179 142 107 172  80 111  36  73 135  22  67  95  52  42  48 112 133 195  43  49  38  81  10  16   9  39
    0   1 101  85  65 179 181  21  73 183 167  98  35  96 153  59  64  57 142 110 135  95  16 132  39  97  24  49  44 122 133  78  26 155 103 143  36 156  91 130 107 172 195 118 111  80 121  62 141 185  72  77 134  61   7 116  58 136  81  52  11 150 178 189
  125  35 110 141  89 100 127 157  76 185   1  87   8 114 112  36 138 135  97  22  63 186 119  93  79 126 109  77  25  21 172 144 128  80  94 171  38  64 102 116 163  75 145 148 187 140 158 192 139  99 173 149  52 162 188 113 174 154 147 190 189 146 191 177
  186 110  76 125  97 133  63 135 127  79 134 144 126  36  80  94 140  86  77 189 138 139 145 174 100 136 112  93 172 160 149 187 173 190  64 146 148 197 158  66  65 188 147 161 131 191 177 159 141 163 162 156 192 132 119 111 168  22 178 176 108 150 113 104
  168 169 157 100 119  88  83 180  82  60  74   8  72  38 104 106  86 105  31  25  89  43  24  32  26  55  56  69  41  51  34  70  48  54   2 108 184  84  75  27  42  30   3  20  87  71  68   4  58  14  67  59   5  37  19  15  28  45  47 124  29  99  33  61
  125  35 109  64 128  21 141 100  26  76 175  38  63  79 110  22 140 127  66 112  87  99  80  36  23   1  97 186  89 145 162  94 163 191 164 138 173 139 189   8 187  78 172 160 192 114 148 146 149 177 158 147  81 134  25  90 130 159 188 135 190 176  77 174
  128 125 112 100 171 143 140  90  94 192  76 129 162  80  79 160 163  63 149 145 172 173 189 148 188 187 177 158 147 110 186 197 191 135 174  36 144  97 139 161 146 150 159 164  35 176 114  93 113  77 109 190 175 141  66 138 134 157 178  78  89 127  95 119
  125  66 112 134  80 140  79  64 186  77  94  97  63  76 139  81 135 145  89 122 191 189 144 177 149 128 162 173 163  22 147  95 133 161  90 159 174 187 190 146 160 188  35 158 178 176 126 141  36 192 150 148 169 138 137 114   8 196 131 104 175 168 127 111
  125  99  64 141 112  22   8  83  23 109 100  25  35 119  84  58  51  75 110  72  86 114  45  27  38 128  32 171  42   2  66  82 126  76 105  37  60  41 104  87  47  79 185  89   4 127  52  19 106   7   5  33  14  31 117  56  48 140  46  15   3  62  77  59
   58  25 106  45  72   9  51  88 184  22  30  83  54 104  33  28  20   3  67  56  60  70  55  19  21  34  71   5  14   4  15   2  18  32  47 185   6  42  75  48  68  29 119  82  35  52  17  24  31  49  13  73  41  69 128 109  46 108 169  27 105   8  12  64
  157 125 112 197 100 143 192 123 128 175 163 140 151  94 174 162 149 147 150 154  80 145 139 187 177 173 161 134 148 188 159 164  93  76 129 191 176 146 158 190 144 172  79 160  63 194 152 171 189  90 119  77 136 180 178  99  98 186 126 127 138  91 109  37
  125  66 186  99  63 126  22  81 112  80 140  25 100  76  79   8  94 134  64 189 119 139 104  35 144  77 145  97 162 149 174 138 177 191 192  95 157 113 147 187 175 141 168 128 135 173 161 146 159  30 122 163  90 160  84 188 158  89 150 131 176  21 190 148
  128 100 125  89  63 112 127 197  90  76   8  99 110  97 138  35  94  66 157  80 140  75  93 109  79 168 185 192  77 196 143 145 186 139 163 119  36  22 162 144 174 113 147 149 158 177 191 187 126 135 172 173  86 146 188  84 160  64 141 148 161 114 171 133
  125 112  76  80 186  79 140  94  63 128  97  77 139 135  66 144 145 149 173 177 110 134 191 163 174 160 162 187 158 147 189 192 148 141 188 159 161 172  36 146  90 100 138 133 190 176 175 150 127  35  93 126 178  64 164  81  22 143  95   8 136 114  65 111
   64 141 122   0 143 103  97 134 142 125  77  79 116  65  80  95  66  36 133 110 135 111 189 112 150  76 172 132  94 186 127  24 139 149 160 138 161 197  98  63 177 173 178 136 146 145 158 194  85 191 144 168 174 148 188 162 176  93 163 159  91  81 187 190
  179  24  83  73   0  26  65   7  82  87   8  62 110  23  44 132 169  27  75  21 141  35   2  11  72  57  29 103  59  86 168 181  20 185 167 101  32  25 133  74  88  31 142  60 131 106 124  38 183  64 105 122 171   5 182   3   9  34 166  19  69 194  15   6
  100 157 141 128 109 143  89 168 112 110 125  75 119   8  87  99  35  25 171 185 126 127 179 197 105   1  72 114  60  90 138  82  63 102 108 140  84  36   9 192  93 154 162  42  46  76 169  83 180 123 135 172 196 175 122  24  51 186  94 145  66 167 174 144
  112 125  64  97  35  36  79  80  76 110  66 140  94  22  77 133 141 113  78 135  90  63 175 158 145 186  93 139 173 143 128  95   8 111 159 178  65 191 192 144 160 148 149 142 177 172 163 187 138 189 146 162 134 174 147 127 164 161 188 176 150 190  50 171
  141  64 110 125 112  66 126 114 132 131  75 168  25 119 135   8 127  86  72  65  89 122  97 133 169 143  83 134  79  76 186  80  59  38  62  24 171 144  85 137 105   1  51  77  27  69 189  78 107 142  34  94  42  53  63   7  36  31  20  87  81  37 139  88
  186  94 163 149 162 158 145 175 134 177 140  79 147 191 139 187  80 174 148 173 188 125 192  77 146 161 189 160 159 164 176 150 190  93 112 144  76 178  97 136 180  36  95  63 135 194 115 172 151 141 193 196  90 128 127 197 138 111 114 154 102 126 137 133
  125 112 100  99  66   8  81 128 126  89  63  76  64 137 140 104  80  94 131  79 127  22  77 114 134  97 168  93  36  90  35 145 186 119 122  82 149 135 158 139  51 191  86 177 110 171 178 174  38 144  83 147  75 163 162  23 188 141 133 173 161 192 187  25
  125 112 141  79  66  97  80  64  76  77  94 140 134 186 127  89 139 128 135   8 110  63 145 143 144 149 191 168 126 173 133 162 174 114 100 163 177 187 158 161 160 189  36  99  81 192 197 146 147 119  22 159  35 138 172 188 148 150 190  86  87 176 196  93
  112 125  76 143 110 197  80  64  79 138  94  97 100 140  90  66  35 139 135 149 145 172 127 144 141 186 174 173 162 134  77  63 187 192 163 133 191 160 177  36 158 188 109 168 146 128 161 148 147 159 189 119 157 164 190 176 150  93 136  89   8 151 175 171
   64  66  99  81 134  63 125 137   8  36 169  79 130  80 140 112  77  76  94 133 122  97  24 151 189 127  95  22 197  98 145 103 131  89 128 163 191 178 186 139 116 149 162 177 158 136 111 175 193 173 141 147 188 187  35  51  86 146 176  87  83 190 161 148
  125  76  97 110 112  80  94 128 197 141  79  90 192 138 163  36 143 100 127 140 172 145 174 175 139 162 187 144 173 147 191 149 146  77  89 148 177 109 164 158 159 186 160 135 161 188 113  35  63 157  22  93 176  91 190 123  64 185 114  98  75 150 136  87
  125 112  63 140 128  80 134  66  94 100 127 137 186 126 149  76 197 196  79 163 192 145 177  93 141 162 147 191 174 173 158  81 139  77  99 189 102 187 188  89 148 160 146 135 161 122 150 144 110  97 164 190  36 159 180 176  64 178 114 138 143 175  95 133
  125 128  66 112 186  76  79  97 100  63 140  94  77  80   8 135 141  64 134 158 139 144 145 149 110 191 126 177 173 162 160  93  36 163 174 188  99 189 161 147  81  89 137 187 192 150 148 143 171 138 146 178 133 159 176 127  95 172 175 190 168 131  90  30
  167   1 180 181 114 112 179 134 172 133 156 101 186 141 135 197 102 189 183 150 160 190 136  65 139 187 140 164 168  79 162 191  77 149 146 173 158 177 145  80 176 159 194 161  94 174 188  97  84  90 147 125 196 128 148 175 169 163 178 109  87  26 144 104
  181  59  84  58  52  85   1   9 109  72 166 183 156 171 195 101  39  90 185  89 120  73  48  57 179   7  61  35   6 152  19  65  70  14  17  15 117   4  71 123  98  62   5 155  34   2   3 182  47 184  42  68 110  18  27  16  26  32  43  24  13  38  33  56
  112 183 126 165 128 114 143  90 100 125 150 177 140 149 181  94 113 158 188 101  95 191 173 148 151 164 178 160 193 174 176 161 147 196 145  80 187 179 163 146 162  93 192 190 171 159 139   1  77  79 137  81 144 134  85 194 135 122 172 186 175 129 189 111
   85   1 181   7  53  58 155 120  59  57 166  39  72 123  26  62 171  61 117 185  48 179  52  49 110   0 118  24   5  71  70 170  91  14 141   6  46  13  15  47  98 109  19  65  92  18 112   4  40  43  42  89  73  20  69  27   9  60  75  44 183  11   2   3
    1  85 101  30  90 179 100 135 156 119 110 143  98  81 185  59  52 181 157  92  65 102  73  89 195 113  16  97  62 170 153  25 126 108  91 168  93  84 194 105 172  34  72  40 141 180   0  68 160 144 140  42  80 104  21  48 123   8 174 154 112 190 165  94
   99 157  83 168  37 131  82  22  66  51 100  64 137 112   8 171 119 125 124 151 104 122  81  27  38 106  76 141 134  75 128 123  32   2  86  46 140  41  23  24  84  67  74 133  89  79 126 109  42 180 105 138  72  60  36  34  80  29  63  94 143 196  77 114
   99 100 128 125 137 131  66 126 157 124  86  22  51 168 193  63  76  37  64 140  83 133 109   8 138  81  75 106  36  94 112 134  87  27  74 114 174 147 162 145 186 151 191 104 139 169  62  80 149 192 177  41 144 132 158  82 127 185 188 130  79 141 163 171
  125 112 128 140 186  94  79  76 171  77  80 100  66  97 139 145 191 114 135 162 149 177 173 189 158 192 150 188 144 160 161 187 178 174 147 163 126  63 141 134 148 159 146 176  81  93  90 151 190 172  95  99   8 175  89 143 168 164 137  22 110 127  64 111
  125 112 140  79  94 186  80 141 134  97  77 139 145 158 149 135  76 173 162 191 174 177 187 188 163 160 189 144 114 147 143  66 161 128 148 159 146 178 100 192 150 126 133 172 110  63 176 190  36 138 168 175 164  93 197  64  90 127  95  81 137  89 136 194
  125 112 128 100 140  94  80  79 186 145 191 177  76  77 114 149  93 139 173 163 162 192 158 187  63 147  89 174  97 148 188 161 150 141 160  66 134 135 146  99 171 164 189 178 159 144 172 176 110 127 190 175  36 196 126 151  90  95  35  81 197  22   8 111
  114 186 100 128 126  76 180 141 134 123 140 112  66 147 162 133 191 196  77 177  94 144 168 189 139 145 163 149 158 182 187  63 188 174 157 146 159 136  86 173 137 131 160  22  79 190 161 148 176 172 178 125 135 192  89 102  81  99 104 138 175  80 121 197
  125 169 128 175  89  90 194  25 112  88 100 186  45  84  66  86  26  99 108 189 156 140 102 123  23 191  80 164 173  98  35 151  79 139 177 162  94 145 163  22 192 148   8 150 187 114  93 158 159  87 160 147 149  38 146  77  95  63  75 178 176 113  97 130
   99 125   8  25  75  45  89  82  23  38  51  32 112 100  87  22  83   2  34  12  72   9  42 169  37   4  46  47  41  20  35  31   3  84  59 171  33   5  19  15  14 105  16  66   6  52 119  86  11 184  18  56  29  64   7  48  60  21 114  27  58 104  10 109
  169  25  88  86  84 104  45 168 131 106 179  66  87 167  41 125  12  32  26  72   8  75  31  30  82 186 194  11  59  37  99 128  16  58  81  51  53   2 112  22 122 114   3  42 132  69 100  47  38 108 102 140  48  89 107 119  28  29   4  70   5 105  14  19
  195   0 179  96 167  73 166 101 153  85  59  52 181 120 152   1  57 155  39  72 121 183  49 107 142 105  65 156  61  44  43 132   9  58  24  68  53   7  40  13  48   6 196 110  20 108  98  70 197 117   5  71   3  21  62  17  14  26  15  55  12  19  18 154
  181 101  73  96   1   0 152 153 195 155 179  85 183  57 167 120  44  39  98  40 170  59  21 166  65  10  26  61 156  16 182  52 129 117 107  49 121 193 142  91   7  58   9  17  20  43 116   6   3  71  35  55  13 185  72  92  18  12  28  33  23   5  15 154
   91 183   0  96  44 103 166  85 193 117  24 153 181 142  92 110 143 165 129  40 101  98 151  21 115 197  57 152  93 111 196 116  49  55  53 130 171 127  61  54  39  64 157 124 179  58 120 170  43 154  87  62  78 150  83  36  72 172  95  48 138 164  74 112
  181 101 195  73 183 166 179 120  96 182 155 107   0 153  85 121  57 170  44  40 165 152 132  65  61  39 167  49  62  21   1  59 156 193  71 106   9  10 115   7  52  16  92  55 117 130  17  58  13 108  20  70  67  84 142 105   6 196  11  50 116  48  28  12
  181 120  96 179  73 101 195 155 183   1 166  49  62  57  40  21 170  85 152 153   9  39  61  65 185  58 182  55  52 107   0 121  98  92  59  67  71 156  44  90 109 106   7 117  43 123  50  13  17  84   3  53   6  48  10 115  60 167  14  70  28  18  15   5
    1  90 123  98 185 109 128 100 110  58   8  35 125  89   9 119 156  67  62 181  21 171  63  34 135  42 184  22  52  33 170  30  16  23   3 117  92  17  38  15  14   5  53  47  49  48   6  43  13   4  19 113  73  18  65  56  71  40   2 172 129  46  76  68
   99 100  22 157  35  75 185   8 106 109  64  84 125  32 123  38  89  83   9  25 128  23  87  52  51 166   7  45  62  86 133   2  27 131  66  29 112 124 171  60  70  41 168  56 119  39  34 110  28  46 105  48   3 137 138  33  82  19  67  42  21   6  50   5
  112 125 100 171 123  66 186 168  64 169 128   8 114  38 140  99 126 133 141 189 191 139  89  35  94  76  77 150 178 162  79 177 173  25 144 145 118 104 158 159 135 161  97 160 137 146 187 131 172 188 147  81 149  22 151 116 148 194 196 138  32 174 176  87
   99 185 109  51  52  42  60  70   8  84  49   2  39  83 124  22  68  75   9 100  46  19  71  62  15  47  14   3  64   5  17   6   4  69  34  48   7  29  18 128  32  67  33  27  28 184  13  56  82  41  55  72 106 171  61  30 123  24 130 119  20  54  10 120
   64  66 169 119  97  80 168 197  25  81  89 125 141  85  79 122 134 140  94 194 131 104  98 113  67 132  95 175 143  76  84 135 106 189  65 138 144 151 149 186 139  42 121  59 174 145 147  75 173 136 161 163 112 192 176 159 162 127 133 111 191   0 177 110
  169  10 171  86 128 168  82 114  41  83  84 185 104 109 123   7  50  27  11  52  22 156  88  32  66 132 100   9  28 131 102 107  42  30   8  72   2  25  29  51  31  35 125  37  46  62 186  38  17  19  60  75  73 184 189 135 133  71  20 106 141  14 178   4
  169  86 179 151  41  25  90  45  88  75  84  87 107 101  65 194 131 132  66  32  11  10 106 125 178  26 108  80 126  79 133  59 183 155 167 112  22 140  72  31  51 153 122  97  38 102  99  81 189  47 128 134  85  53 139 115  28  82  16   2   0 135  95 175
   90 112 114 175 169 143 123 125 180 121 141 140  86 139 194 164 159 162 151 173 109 189 156 191  94 172 167 176 145 160 174 187  79 150 126 163 177 146 148 147 181 149 192 179 161 186 158 144 128 188 178  80  97 190 104  35 111  84  66 101 154  77 152 135
   84  58 155 120  88  25  45  86  12  55 125  32  10 105  41  82 142  51 169  59  28 112  20  17  72 126  16  47  67  22  18  87  99  30  13   3  37   6  14   4   5  15  90  33  19  57  46   7  56  42  31  53  38  54  48 113  60   9 117  68  75 193  27  71
  119  98  39 121 107  24  78  64  67 120  96  68 104  42  52  54 142 197  55  49  91 156  72  57   0  30  65  51 106  50 167   1  71  43   3  61 127  70  11  33   9   5  19  18  15  74   4  59  48  58  14   6  17  53  21  69  13 117  56 141 129 116  73 153
   49 124  64  96  43  24  33  21  34  56  74  68  61  13 118   8  20   0 157  55  53  50  69  62  28 185  54  70   3 116  48 110  52   7  18  14   6  15   5  26   9 103  57   4  19  85  29  47  71 105 106  58  60  25   2 119  17  39  42  75  32  23  12 138
   74 124  24  43  96 157  68  61  34  56  69  33  70  13  29  20  55   3  54  18  28 105  25  14   6  71  15   5 185   7   4  75  19  52   2  48  49  67  47  51  12  60  42  27  62  72  32  88  53  39 119  17  26   9  50   8 106 107 184   0  31  40  73  57
   96  49   0  21  64  24  50 124 110 185  62 103 106 107   7  91  83 132 157 120  20  33  29  74 168  25  70  34  53  36  43 138  13  56  54  30  61  69  12 142  55   8  18   5   3  44   9 153  52   6 133  15  28  19  97  14 108  26  75   4  57  51  22  42
   96 120 155  73   0  85 195  57 153   1 152 166  61  49  40  39 101 170  21 181   9  58  52 117  44  55 183 107  67  13  71 156  20  59   6  18   3  17   7  16  33  98 179 185   5  53  14  15  43  70 105  68  56  19  62  28   4  10  48 121 129  12  92  78
   96  98  21  90 185 110  92  35 129  58 123   1 181  62  49 109  85  91 170 120 113  67   9  57 117  40 127 138  78 183 128  39   0 156  55  76 193  23 155  93  13 172  73  43 195  56  36 100  53   3  65 118  68  17 171 165   6  97 135  52  15  34 164 143
   83  86  74  24  75  88   8  29  51  62  69  33  28  56  42  72  20  30  40  70 124  53  61   2 105  55  18  37   4  13  34  27  32   3  14   5  12  47   6  15 131  19  31  57  25  67  82 157 168  45  38   7  48  99  17 106 166  11 120  66  21  41  71  54
   73 132 179 195 107 181 166 167   1   0 120 108 101 121  49 182  62  50 105  65 155  96 183   7  44  74  61  85 106  57 153 168  59 152  52  40  20 170  71  70 133 124  54   9  21  29  28  17 185  13  72  56  39 122  55 156  26  43 157  34   6  10   3 131
  179 193  90 165 181 151 183  81  36 164  35  63  22 178 180  92 115 182 140 109 110 138   0 185   1 176  91 147 195 101 190 136 192  40 159 162 187 148 188 177 146 158 100 174 135 189 175 163 123 161 145 129 172 128 144  76 113 173  62 191 122 139 149  93
  100 125 128 171 143 112  90 109  35 141 129 123 119  99  93 126  76 192  94   8  77 162  36 164 163  79 172  89  82 145 177 175 139  30 191  97 127 114 173 138 187 158 140 149 150 174 188 159 148 147 161 160 146  63  87 144 104  80  66  58 110 189 186 117
   88  75  25   7 107  41  70  74  61 184  29  86  16 102  52  69  34  47 124  12  18  40  20  42   4  28   6 105  19  89  14  45  15  33  51   5  13  53   2  68  73 137 167  71  11   3 166  31 108  72  32  56  27   9  54  67  17 169  48  99  60 130 103  59
  151 170  23  84 155  45  59  11 169 123 181  10  47  67  38  41 179 156  61  92 109 107  88  26  17  46 121  53 104  71   1  32  31  39  86 184  12 167 182  30  90 194  72  16  68 130 183 106 154  37  14 118  48   6  73 180 152 101 171   5  98  13   2  15
  155 121 114  86 123  45 111  90 129 195 182  66  50  22 152 128 120  88 169  10 115 189 178  84 175 147 159  23 139 107 177 196 192 176  95 186 148 137 191 144 162  30  41  46 140 150 160  37 173 163  38 188 165  32 187 145 126 116 161 154  77  94 193 146
   30 143 135  76 141 144  97 172 186 189 160 138 129 174  94 125  80 121  36 159  93  77 110  79 188 173 148 139 168 192 149 150 161  50 102 147 177  91 187 146 162 128 140 126 191 145 163 194 119 190 164 158 176  37 133 178 175  66 142  90 132 152 100  65
   89  75 105   7  62  86 166  53 179  60  26   2  61  13  46  59  23  70   8  45 168 171  34 157  83  19  48  73 126   9  14  25  20   5  41  69  15  18  28  17   6   4 124  27 185  56 109  32  71  43  31  47  74 117 131  24 118  51  29  40  72  38  52  57
  157  75 138 142 168  89  64  99 175 125 115 141 124 127 110  66  76  25  36   8 105  22 197  80 194  35  97 143 174 133 186 109 144 154  94 139 130  62 192  79 167 149  50 164 147 131 173 146  87 191 103 145 163 162 114 104 177 188  93 148 136  88 108 187
  112  90 181 151 125 183 123 109 180 194  98 164 126  85 150 173 148  95 177 158  92 149 191 178  94 196 139 160 187 111 114 101 143 163 188 176 145 189 152 161 154 174  89 140 179 146 141 162 135  80  93  79  77 159 156 172  65 190 175 147 192  81  59 129
  112  98  93  92 181 135 114  90 170 125 111 173 129 148 140   1 113 150 160 178  94  80 194 177 154 164  89 187 196 191 149 163 158 139 179 190 145 171 188 186 161  79 189 100 146 172  95 159 192 176  91  85 174 101  77 183  65  23  86 147  16 162 110 102
  119 141 123  22  83 121  27 171 124 157  64  76  30   9 156   8 125 168 105  52  38 186 142  99  82 110 138  65  33  67  84 122 104  17  77 108  32 118  25  97  58  34  60  87 172  78  43 117   2   0 152  66  16 134 144 135  19  79 116  37 139  48 131   5
  186  79 111  95  78  77 134 189  64 140  36  94 160  80 145 150 149 191 177 112  76 158  97 146 188 163 176 139 162  98 161 173 175 187 159 128 192 190  63 172 143 148 116 178 141  21 130 135  35 125 147 164 136 144 174 151 129 103 133 169  93 114 110 122
  167 121 134 169 132 122 183 189  95 136   1   0 186 181  65 107 101 111  98 116 141 133 155 135 194 150 142  77  64 179  97 190 176  79  80 156 161 153 139 152 197 160 182 146 143  81 159 131  85 168 196 149 191 172 151 177 165 173 188 187 144 162 140 178
   96  49  73 105  62  58   7 113  20  13 181 108  21  23  35  40 130 170  61   9  53 185 179  43  39   1  67  54  55  71 110  25 155  45  57  85   6  17  18  14 195   0 109  33  56  15   5   3  34  68  74  11  19  38  12   4  89  29  52  69  28 153  70 124
   98  80  97 101  79 102  95   1 169 134 144  65 175   0 125  21  87 190 135 140  94 160 141 142 191 162 149 159 146 163 187 176 139  77 113 147 145 194 173 177 174 172 158 189 186 143  35 188 197 161 133 132  76 148  64 151 110 192 136 115 108 111 164  36
  107 108 106 166 156 169 120  53 104 167 121  73 132 168  71  41  70  59  50  54  88 153 105  61 180  58   9  20  45  43  25  34  69  48  56 184  13  55  74  60 117  67  26  28  14  18   6   7  83   4 155  57  19  52  15 119   5  64  84  51  17   3  33  72
  169 167 197 109 113  72  11  96  53  83   7  41   0 114  84  88  67  24  86 133  43  73  58  49 101 181  35  71  40 154  87 166  20 107  39 116 120 132 195 155   3  57  10  12  62  61  26  18 142 153  65  13  70  82  14 103  60 106  52  15   5  19  17 182
   73 170  10  46   9  17  61  60 117  39  13  51  71  34 124  33 184   6  54  55  19  20  41  14  18  15  47  82  56  32   4  70  67   5  48  59  44   3 105   2  37 107  16  45  74  31  52  38 171  30  11  29  28  23   7 155  27 154  57  69  68  42 153 157
   90 164 113 155 130 193 176 188 187 158 163 162 190 160 146 165 115 147 148 189 177 149 129 174 192 172 128 191 181 159 197 145  94 161 173 112 139 150 136  77 140 178   1 175  95  98 102 183  36 179 134 144 143 126 153 138  79 195  97  49 186 135  80 101
   64  99  66 125   8  76 103  22 122  63 137 124  25 110  51 138  36  30 142 119  27  35  80  21 141 143  24  75  55 127 193 157  56  97  87  74  34  79  33  37  42  81 130  31  32  60 175  83 118  69 185 131  54  62   2  29   3 140  94  12 186 134 192 126
   86 168  91  74 127 197 110  93 102 134 180  30  89 196 126 157 166 194  24 122  63  97 125 143   8  36  76 107  72 100  65 144  77 128  80  88 174 115 135 165  50 132  94 172 149  75 188 133 138 106 131  79 160 192 161  66  27 177 119 163  87  69 193 139
   25 154  75  10  52 141  60 124 142 109  99  64  24  26  50 153 157   8  96  89  39 118   7  85  43  49 105  87   9  28 112  41 119  27  83  46  51  13  32  20  59  19  48  15   5  70 103   2   6  14  61  45   4  69  33 185  47 126  18  29  62  17  44 127
  167 180 179 116 152 181 197 157 122  91 109 153 136 130 164 134 133 107 193 150 121   0 183 194 143 101 154 137 148 172 151 195 189 196 149 173 177 182 176 175 158  44 162  78  92 174 147 163 146 187 188 178  96 161 141 145 190 191 166 103  24 124  36 159
  166  84 123 106 152 107 122 124 101 130  44  88 157  41  40 196 182 155 102  60 137  70  52 195  55 114  74 180 165 168  99  57 169  27  69 121  71 167  12  86 183 115  89  32  96  73  48  59  75 118  67  87  56  82 184  61 104  29 171  42  16   7  38 154
  100 114  90  93 171 126  16 112 129 125 128  92  89   1  98 123 184 170  38  45 165  85  23 152  47  40  46  57 196  30 183  31  10  44  26  48  32  59  86 117 101  61 102  12   6  58  17  66 118  13   4  99  27  75   8  15 105  14  84   5  18 155 111  19
  164  80  76  36 149 163 138 158 192 102 142 174 190 176 110 136 115  94 172 188 160 175 147 187 146 134 177  63 178 139  79 148 162 150 173 127 135 145 191 161 140  91 159 144  98 197  97  95 111  77 113  93 130  78 116 186 189 129  49 125  35 133  65 196
  141  88  87  85  25  75  24  26  30  86 103  31  72  16 105  27   0 152   8  59  58  69  21 118  29 185  57 143 125  34  60  12  47  20   4  18   5 169  42  48  33   2  56  15  14 127   3   6  89 167  19   1  61  43 179 142  13  32  66   7 114  73 102  28
  155  98 115 183 181  90 128 156 180 169 196 108 165 197 102 130 172 162 121 164 111 166 163 153  77 134 176 191 190 147 187  89 188 160  79 182  95 161  80 177 146 145 123 192 139 101  65 159  97 195 189 149  58 154  50 109   0 135 193 158  94 150 174 144
   52  58 117   9  57 166  16  73  59  41  83  48  67 184  47  60  84  19 156  15  14   5  43   3   4  17 153   6  18  39  68  71   2 154  13  72  70 170  61  69  40  55  96  33 109  34  12  24  42  87  21  28  46  53  82 152 181  89  20  56  44 118 120 119
   73 120  83  72  11  60  29  24  61  47   2  55 179 106  10 170  51  41  70  17  13  67  39  71   5  15  14   6   3  48  82  19  18   7  44  68  52   4  59 166  20  16  28  21  12  96  57  74  42 101  32  33  99 107  53  69   9  49 184  31  56  37  46  62
  120 167 107  10  96 124 142  44  88 103   1  61 130  73  52  49   7  16  29 122 137 185 155 152  27  70  46  71  74  39  51  28  20  17  33  40  57   6 101  12 104  59  50  60  19   5  32  13  55  18  83  15  14  72 184   4  69  65   9   3  86  56  68  78
   50  49  96 124  36  22  21 142  99  64 185  35  76  44 120 110  24  91 138   0 175 108  93 106 157 130 115  63 103 193 133  83   8  97  29  77  79 154 153 119 192 127  30  52  51  78 144 147 195  60 105 162 134 172  33 174 186  62   9  39 145 139  56 163
  125  66 128  76  95  64 103  97 137 111   8  23  93  80  38  63 186 104  36  21  79 129  77 135 142 113  94  35 112  65  31 140  98  82 122  30 171  81  78  22 178 150  27 127  89 177 139 192 158 141  90 160 144 161 191  16 114 145 149 143 169  50 110 163
   90 181 100 123 109   1 114 112 152 171 183 179 128 156 182 125  84 180  92  85 170 164 113 126  89 154 102 194 101  58 172 155 195 135 160 148 173 187  59 129  10 140 150 196 158 191 141  26  98 162 177 188 174 153 149 159 189 145 167  65 190 175 163 147
  181 101 183 112 182 171  65  85 123 114 170   1  92  90 178 179 109 194 135  59  26 151  53  16 113 154  11 164  73 158 167  84 195 180 173 150 126  23 153 156 172   7  35 140 160 148  10 191  95 159 187 125 190 139 121 176 188 177  41 152 111 161  98 146
  181 101 179  73 183   1 195 167  85 107  57 182  59  26 106 155 123  58  84 166 120  10  71  61   7 170 117  41  53 152  17  48  60 121  65  39  11  70  12  62  16 132  52   2  46  13 169  72   5  14   3   6   9  20  15  19  31  32  18 171  28 153  29   4
  181 155  85  90 123 170   1 152 183  57 171 156 101 129  73 182 195  58  16  10  65 120  84  59  40  39  92 109   9 121  23  61 118  17 185 117  52 153  62 114  98  71 166  13   6   7 165 184  44  38  18  14  48  19  15   5  35   4  28  53  26  33  46  96
  181 195  73 155 183   1 170  85 167 101 120 107 153  59  39 166 179  61 182  26  53   7  57  65 132 152 121  44  71  96  40  10  98  52   0 156  13  92  72  48  16  20  49  17  70  41   6 117  11 116  14  58  18 142  15 106   5  55 169  28  19   3  43  45
   73 170 120 117  61  96  57  10  71  17  49  39  13  60   7 155  55  67 153  20 181  44  70   6  40  18  16  33  46  92  15  26  14  58   5  28  19  52  48   9 107  54   3  59 152   4  47   0  56 124  68  29   1 118  53  85 130 166  34 101  31  45 106 184
   90  92  93 114 194 113 102 100 129  85 152 181 148 160 135 164 183 170 158 173 125 112  91 188 174 140 101 150 149 187 192 165  94   1 177  65 195 163 179 128 147 159 144 176 172 190 146 153 161 191 156 145 155 175 162  30 143 123 126 182 178 186 139  97
  167 179 107 101  88  73 169 155  59  39  85  10  61 120  72 152  74  84  57 166 122  86  71   1  20  28 121  52  41 102 180  51 153 105  55 195  16 106   3  25   9  31  17  32  70  12  48   6  58  40  87  29  45 183  18   2  14 132   5  54   4  37  15  19
   73 155  57 120 170  96  61 181  39  44  40 166   1  58  55  71  85 152 117  13  17  10  49   9 153 195  52   7  20  18   6 156 107  59  14  16  15  28   3   5  19  70  53  33  48  56  67   4  74 101  68   0  29  60 124  62  34  43  54 105  12 183  46  11
    1 156 153 152 155 195 181  98 170 120  73  96 117 129  58  57 119  52  78 108  85  39  49  68  90   9  40 121  91  67 154  21  13  71  17  55  43  59 183  10  61 123  33  92 185  16   6   3 118  18 166  15 109  44  14 105  53  48  54  34 184   5   4  19
  122 137 165 132  64 166 107 167 131 196 126 114 121 168  95 101 134 105   0 186 193 140 103 197  81 133  78 102 135 113 136  66 183 195  88 190 143 178  16  54 144 106 111 161 150 176  63  31 146 124  80 142 182 149 179 188  40   1 129 160 189 191 145  96
   85 168 166  74 157 122 132  72  75 167 179  59 108  64 169 107  73  62  55  44  52 143  56  60  20  69 120  70 185  40   7  25  34 197  49  48 106  96  13 124  88  28  29  71   3  27 119  57 152 195  18  83  61   4  43   5  15  14  53   6  12  19  33 103
   95 175 190  80 134 116 189 186 150 139 146 136 177 159 149 162 191 187 176 145 148 163  79 173 164 161 188 111  94 160 140 174 192 144  77 147  98  63 158 178  76  78 194  36 172  97  21 183 135 133 195  65  35   0   1 115 101 128 121 181 122 182 138  22
   73 152 155  96 167  85 195 153 101  57  61 107 120  52  59  39 166 179  10  58 170  71   1  55  13  17  20  40 181   9   6   3  70  18   0  14  48  28  15   5  33  19  43  56   4  74  53 156  67 105   7  68  16 117  60  12  72  54  49  29  44 121  34  47
  155  73  96 120  61 153  57 170  44 152 107  39  40 117  55  85  71   9 181  10 166  13  49  17  20   0  58 195  18  67   6   1  70  16  33   7 167   3  14  15 101  54   5  19  52  59  56  28  74   4  53 121 105  48 183  60 124  29  46  68  12 156  34  43
  155  73 120  96  57 170  61 152 181  39 153  44 107  40 166  55  71  85 117  13   9  17 195  10  20  58   1  49  18   6  67   0  70   7  33  16   3  14  28  15   5 167  59 101  19  74  56  52  29 183  48   4  53  54  12 121 105  68 156  34  43  11  60  46
  155 152  96  73 153  57 195 170 120  61 107  39 181  44  85 166 121   1  55  71  13  52  10  49 167   9  17   0 117 101  40  58 156  67  59  33  18   6  68  20   3  70  16  14  15  28   5  48  19  56 183   4 105  12  54  29  34  43   7  60 124 118  74 129
   96  73 120 155  57  61 107 153   0  49  55 170  71  13  39 166  70  85  67 117  20 195  54  58  17  40  44  18  33   9  56   3   6  14  28 152  15   5  68  19   7  48  29  74 106 124  43  12   4 167  53  34  60  21 105  52  24  59  69 121  10  47  16 181
   96 155 120  73  57 152 170 153 181 195  85  61   0 107  39  40 117 166  44 101 121 183   1  55  71  92  49  58   9  17  13 179  67  10 165  21  20  18  33   6  59 167 129   3  16  28  70  54  14  91  15  12 156   5  56  52  19   7  48  68   4  74  53  43
   96 155  73  49 120  57 195 152 124 153  44   1  61  55   9  40 107  58 170 166  71  67  39 121 117  33  17  13  21  52 165  56 181  70   0 101 156 185   3  54  18   6  62  20  28  29  15  14 129 183  60   5  74  19  34  43  78  48 106 105  16  68 130  50
  157 152  96 124 153  74  55 117 184  43 170  30  67  24 166  60  61  33  39   3  56  68  99  40  10 154  57 100  88  92 105  13  54   6  18  46 165  28  71  14  73  15  34  17 116  70  19  29   4   9   5 118 156  32 129  48  20  83  91  42  51 180 193  52
   96 165 124 107 157 115 137  86  63 116 195 131 185 197 142 167  49  76 122 186  74 106 138 120 152 129 166  88 193 133  30 168 192 155  22 136 153 154 121  99  12 175  62 147 127  50 102  51 144  67 174   0  54  83 163 134 190 128  40 161 149  37 196  27
  109 166 155  86 124  44 130  74 165 116 171  87  88 128 157 169 100 193 115 129 114  99  75 154 167  41 152  82 117  49 103 168  83 195 179  60  55 197 184  46 107 151  11  27  54   7  45  61 102  40  38  20  31 183  29 170 121 196  39  18  50  58  10  24
  130 114 115 167 102 154 109 169 197 113 143 164  86 101  87  88 142 128 175  80  96 155 193 111  36  74 194 181 146 163 145  44 149  35 188 138 177 187 191 136 192 180 190 183  11 160 173 147 186 107 165  94 172  49 174 176 148 162 158 159 161  79 178 133
  127 197 153 180 108 102  89   0 154 141 164 152  93 163  96 109  98  90 136 116 148 125 111 172 192 175 174 162 143  97 193 147 110 123 187  63 146 190 158 149 176 188 173 145 115  43 113 118  25 194  80 160  68  85 142  94 196 134 161 191 177 189 138  95
  125 151 112 133 135 189 111 178 136  95  77 109  79  80 169  22 164 181  78 140  35 126 132 139 123 173   0 191 148 177 187  94 158 176 160 145  64 115  65 159  76 114 149 146  97  83 116 161 172 190 131  91 147  66 113 134  84 188 163 162  63 144 182 174
   88  25  86  45  99  31  41  51  75  12  32  87  33  47 169 119  10  69  29  66  16  38   2 104 114 184  28  20 167  18  30  46   4 105   3  57  13  14   5  22   6  15  55  70  19  56 107 131  42  17  54  26  68 103  24  48  61  34  27   8  72  21 102  60
  155  96 120 153   0 195  73 181 170  85 152 121  57 107   1  49  61  39 101 166 183 167 117 179  58  71 156  13  54  91  59  92  55  40  20  50  17   7  18   9  68  52 105   6  33  70  67  53  43  26  44  14 118  78  15   5  12  28 142 129  48  19   3   4
  155  96  73 120 153 181 152  85 170  57 195  61  39 101  40 179   0   1 107 167 166  55  44 183 117  49  58 121  71  13  10  67  17  20  59   9 156   6   3  18  54  74  92  52  33   7  53  70  14  15  28   5  68 129  56  16  19  43 105  21  48   4  12  60
  155  96  73  57 120 107   0  85  61 152 153 166 195 170   1  39 181  40  59 167  71  13  55   9  49  58  20  44  17  67 101  33  52  70  18 179   6   7  12 121 117  28  14  48   3  15   5  56  53  19  43  34   4  16  54  68  74 183  62  69  47  29 105 106
   73  96 155 152 181 170 120 153  57 195  61 166   1  39 107  85  40 101 117 121   0  71  44  49 167 179   9  13  58  17  52  55 183  67  10  59  92  20   6  70  18   7  33   3  14  15  28   5 182  19  56  48  43 156  16  54  46  53  68 105   4 129  60 124
   73  96 155  57  61  39 120 152 170 153  44   9  40  55 195  13  71  17 166  49 107  33  67  52 181 105  28  20   6  18 117  58  74 124   3  56  70  68   1  15  14   5  85  19  29  34   0   7  54  48   4 121  10  59  16  12 101 167  60  43 185  21  62  69
   96  73 155  57   0 153 120 152  61 195 170  39 107 166  55 117  44  58   9  71  49  13  17  33  67   1  20  40 181   6  18   3  54  56  85  70  52 105  14 167  15  59   5  28  24  19  68 121  16  29  21  48  12  43  34  74   4 179 124  10 101   7  30 156
   96  44 155  57 120 103 124  73  55 107  61  49 117  67  74  13  20 130   0  71  21  33  54  39  29  88   3  56  18   6  70  28  17  15  12   5  14  24 152  19   7  68  31   9 153  58 166  34   4  48 105 116  69 170  60  16  40 121  50  59  43  47 167  10
   39 152  92  98 170 153 109 181 184  67 117  91  43  45  23  47 154 129  26  61 123  33  58  57  90 195   3   9 156 155 115   1  17  87  68  71   6  46  14  30  52  38  18  55  84  13 194  28  15   0  12  96 180   5  48   4  59  54  10  19  24  40   2  42
  169 155 167 121  86 102 128 114 137 171 152 123 168 175  88 181 133 182 186 109 107 180 100 194  11  10 129  84  82 131 130  41  37 154  46 132 189 158 160 177 147 162 178 124 151 116 191 149 159 192 113 164 176 136 146   1 134 112 173 187 188 179 120 150
  114 169 126 112 151 113  41  90 125 165  45  86 171  16 140 137  10 178 179  81 183  84 130  88  11 194 193  53 170   1 189 150 164  95 128 148 181 167 109 191 158 173 177  37  66 100  85 175 186  31 111 155 160 104 123 159 145 182  92 149 187 176 188  94
  167 194 195 152 179  86 114 154 102 113 182 169 155 101 180 164  41 166 151 126 181 123 137 112 107 121 168  88  26 109  84 153 178 165 116 183 115  45  90 170 130  87 150 189 148 140 160  92  75 173 193 175 171 129 158  25 196  40 191 174  37 187 100 190
  114 171 169 128 112 123 100  86 102 168 182  84 126 101 125  41 109 130 154 151 178  89  87 196 191 158  88 145  82  94 177 162 175 180  99 165 188  11 173  16 150 147 139 140 187 149 161 163 160 186  10 146 176 143  90 159 148 174  95  77 164 181 184  27
   64   8 124  66 157  24  50  22  75  25 110  83  51  99 138 133 131  62  38 103  34  69   0 106  23   7 132  33  76  56 168  49  20  53  74 119  13 185  29  63  43  32  70  30  96  42   2  86  54 116  28  88  37  55  89  12 127   3  35   5  18  14  27 105
  116 141  97  64 197 194 168  79 134   0 127 186 133  80  65 136 125 111 144 190  76  98 172  96 139 142 189  94 160 152 195 174 119  26  77 138 149 135 146  88 173  87  89 159 187 118 163 169 110 145 191 161 154  25 192 162 148 175 153 102 177 176  85 150
  155  57 120 195 107  73 152   0 121 167  96 117  85 101  59  26  58  10 153  44 183   1 181  61 179 166 142  55  49  88 156  20  71  16  17 170 103  78  12 132  13  48 106   7  40  52  31 116 169  18   6 105  33  54  14  70   5  39  60  65  15  28   3  19
   96  73 155 120  57  61 153 170 107 152  55 166  39  85  40  71 195  67  49  44  13 117  17 181  20  70   9  58  18   6   3 101  54  33   0  10  56  14  15   1  52   5 167  28  19 121  59  68  16   7  48  53  74   4  12 183  60  29 105 106  43  34 124 156
  155  96 120 152  73  57 153 195 107 170  61  39 121 166  85  55 181 167   9   0  52  49  71  44  67   1  13  40 117  58 101  59  17 156  33  20  68  18   6 179   3  74  28  70  14  15 105   5  56  43  19  10  12  48   4 183   7  29  54  47  34 124  60  46
    0  91  49  96  78 117 153 179 143 111 138 164 130  73 120 110 121 165 195 116 101  64 124  50 172 181 132 142  21 108  95 193  40  36  65 183  35 136 175  44 107  74 103   9 122 113 190 150 115 192  55 129 166  92 170 174  76 159 176  93 167 188 105  57
  155  73 170  96 120 152   1 153  57 181  61 195  85  49 156  40 107 166  39  13  92 117  44 121  71   9  58  55  17  52  10  67 129 183  53   0   6  20  91  18  33  70  54  14  59  56 101  28  16  15  50   5   3  34   7  68  19 118  48 185  43 167  98   4
   96 155  73 120 170  57 152 153  61  39 181 195  85   0   1 117  55  58  40  67   9  71  13  49  17 107  44  33  52   6 166  18 101  92  59 156   3  20  14  15  68   5  21  56 121  28  16  70  91  19  54  48 129  10 183   4  12  98 105  43  34 179  53  29
   96 152 155 153 129  85 181  98 170   1 195  73 183 101 120  44  16   0  92  57  61  40  21  91  39  58  67  55  59 185 117  52  68  13  90 118 156  71  78   6 130  54  18  43   3  34  33   5  15 105   9  48 154  49  14  17  47 166 109  19   4  10 182 193
  152  88 170  26  16  85  59  86  10  57  61  11  31 105 184  92  68  73  46  69  47  41  13  45  71 118  34  43  74   4  18 117   6  14  15  48  70  54   5   3  17  25  32  67  72  19  28  40  56 169  55  20 102  60  53 153  24 107  29 100  33  42  84  39
  124  61   7  46  70  29 107  74  60  71  20  13  73  33  28  51  18  34  17  19  88  75  14  32   6  15  69   5  24  56  83   2 184  39   9  10  41  99  47   4  27  31   3  67  44  38  48 170  11  12  25 157  42 105  45  55  52  68 106  86  23 137 103  62
  152  41 155  84 183 107 153  92 165 151  61 117 120 121 130 181  71 170  86  12  96  40 157  60 167  67  59  47  16 123 166  88 115 154 137  70 106  26  17  43  57  10  55  31 101 182 156  48  13  53  69 184  11  46  85 169 114  74  68  38 180  45  44  14
  152 167  96 157 107 154  84 101 155  86 153 166  67 120  52  61 121 115 123  12 180  71 195 109 100 182 106  10  40  60  74 170 179  41  47  92 181 184  39  88 102  17  70 114 124 196 183  55  37  46  43 165   9  68 129 156  73  44  29   6  69  14  18  48
  155 107 181 167  86 120 183  92 165 153 121 106  44 115 151 182  12 114 170 123 101  88 152  10  67  41 137  46 169 194  37  71  11  45 131  59  40  84  61 156  57  17  74  38  96 130 113  47  70  16  31 154  39 102  30   7 109  65  20 175 179  33  13  73
  125  97  22 186  76 112  35  79  77  64  80  36 140 139  94 138   8 133 135 110 144 172 134  99 128 189 145  66 187  63 141 162 197 158 161 191 149 173 146 177 159 163 160 147 174 104 192  25 188 119 190 176  21  83 148 136 178 127  23 100 150 175  50  65
  179 143 197 112 196  85  86  91 180  72 167 181 155 101 172  97  59 102 129 120 128 152 142  65  26 160   0 125 114 141  36  79 135 166  90  88 133 183  30  80  77 195 156  50 150  10  94  89 164 127 111 173 139 148 187 177  93 186 169 121  98 146 168 134
  195  73   1  85  59 152 170  61 155  57 107 153 167 105 179  58 166  10  71 101   7  53  13  17  26 181  39  52  48 182  70  20 120   6  18  14  15  40  55  28  19   5   0   4   3  68  56  16  72 118  33  54 117  34  12  45  46  69  96 121 142  60  11  29
  155  96  73 120  57  61 107 170 152 153  39 195  49  44  40 166 181  55  71 117  13  85   0   9  67  17  20  58 121 167  70  52  18   7   6   1  10  33  74 124   3  28 101  14  15   5  59  56  19  68  54  48  43  12 105 183  29   4 156  16  60  53  34 179
   96 155  57  73 152 153  61 120 170 107  39  55 195  71  13  58  85   9 166  17 117  20  33  44   0  52  67  18   6  40   3  70  59  14  15  28   5  49  56 181  12  10  19 167  48  68  43   7   4 156 101  74  29  54  34  16 121   1  53 105  60  47  69 124
  181 165 170 155 183 195  92  98 101 129  57  96 152  85 182 120  73 153  40 117 123 107 121 156  58  90  65  44  91  17 115  39  16  61 151 118 166 154  53 116 113 194  78  67  10  55   0  71   9 171  13  95  54   1  84  38   6 190 111 179  18  11  62 142
  155  73 120  96  57 152 153  61 170 107  55 195  71  58 181   1  39  10  49  17  13  67  52   9  40  85  33 117   3  59   6  18  44  20 166  70 156  28  14  15   5  56 101  19 167  48  16  12 121   4   7  29  68  43  60   0 106  53  34  46  69  47 184  54
   96  73 155 120  57 170 152  61 195 153  39   1   9   0 166  85  49 117 181  55  44  58 107  71  13  40  67  17  52  33  18   6  20   3  56  70 105 121  14  15  68   5  28  19  10  16 124  21  34  48 101  54  59   7   4  12 183  29  43 156 129  74  60 185
   73  96  61 120  55  57 105 153 124 107 155  49   0  71  33  13 152  54   9  70  39  56  68 166  18  52  20   3   6  28  67  74  17  58  15  14   5  34  19  44  48  29 117  43   4  60 195   7   1  59  12  24  40  50  47  69 170 184 185  46 106  16  42  10
   96  67  58  55  13  10   3 109  11  57  61  20  43  18   5  14  15  73 170   6  71  33 152  17  47  16  85   4  12  21  19   9  42  60 117  53  28  40  56  48 184  39   7  29  34  38 185 118  74  68   2  72  69 153  52  70  54 155 130  84  46  92  87  24
  165 155 101 183 151 156 181 154  98 113 153  90 194  92 164 111 170 130 195 178 121 115 189 190 150 159 176  96 140 177 148  95 187 182 191 163  10 192 162 173 188 123 145 147 193 175 129 158 146 161 136 139 174 149 152  94 160 180  11 116 179  38  81  39
  181  92 178 164 101 102 175 158 195 160 163 176 188 113  90 165 149 148 146 140 183 190 147 187 173 177 170 159  96 174 162 161 145  94 192 136 150 182 130  98 154 191 139  78 134 138 186  95  36 179 121 194 172  80 189 180 135 144 155  63 111 156 151  93
  121 181 183 155 165 180 123 182 101 152 194 167 114 175 154 151  90 130 158 178 162 115 147 176 102 128 195 159 177 150 191 164 163 169 187 196 188 192 140 153 149 146 173 136 148 160 174 197  86 161 145 139 186 113 190 189 179  94 137 129 133 111 172 143
   10 114  88 137  86  41 130 107  23  38 155 120  61  12 113 169  45 104  11  39  67  32   7  31 106  28  16  20  53  29  47  84  71 103  17 101 184  55  51  57  37  18  46 170  13  70   6 131   3   5  14  40  99  15 124 167  73  19   4  33 105   2  56  60
  