 143 139 135 146 142  12 148 138 144  57 140 136 147 137 151  37 133  36 134  68 150 156 149 160   2 157 163  55  90  53 159  51  63 152 153  65 141  54  89 127 158 126  66 155 154 111  52  80 161  78  67 162 174 107 172 173  72  88  79 145  50  92 100 169
   30  43  49 184  26 167 110 188   2  47 106 165  61 187  71  98  97 170  48 196  75 185  82  70  81  36 178 183  94 121 186 171 107 177  50  80  95 173  93  31   0 163  96  51  79  63  10 103 189  27 113  91 174  65  35  29 141 149 172  42  74  78  66 158
  143  10 139  97 107 146 134 133 145 196 127 110 135 137  32 129 144  41 138 148 132  49  61  12  27 147 101   0  74  31  22  36 140  91 141  85 161  67 151 149  94 131  48 159 122 114 130   6 126  16 150  33 128  19 105  59  30  88  90  64  21  34  45 106
  187  86  42  25 185  71 102 183  77  30 184  58  48 186  70  26  47  96 178  73 167 112 188  16  40 177  98   3  23 181 103 165  99 190  93  35  14 170 182   9  83   8 104  46  24 197 189  81  87  82  60 176   0  95 113 110 168  69  74 166  13  17   7 164
   25   1  77  96 108  86 112  54  58 190  63 187   9  69  93  26  35  53 184  89 183   3 178 167  55  99 177  62  29 164 182 102  47   8 195  40  83  46  81 123  37   2  82  73  36  38 169 168  51  42  23 176 170  84 193 163 188  68 174 175 185 180 113  98
   96   1  25  77  93  26  58  63 108  69 112   9  53  54 187 184 177  86 167 164 183  81  35 170 176   3  82  37  16  55   2 163 168 190  80 174 169 175  51 178  47  29 185  79 165 154  40  68 173 156 152 172  65  66  62 160 158  71  89 186 102 182  73 153
   25   1  96  77  63  69  53  93 112 177  26 167   9  54 184  81 164 168  35  51 170  82 187 176 175 183 174  80 169 163  68 108  79  92 173 154  65  58  37 172  66 158 165  52 162 171 178 156 185 153  87 160 182   2 159 152 190   3  86 157  89 186 155  55
    1 108  54  25  77  96  55  89  58   9 190  69  53  63 142 123  36  93  62  99 136  29 195  86 112  26   3  84  38   8  46  83 169  37  35 125 164 111  28 124 117  68 193 187 144 163  11 178  40 155 156  51 160   2 146  74 101  56 162 116  17  81  44  73
   25  86  73  96 184 102  58  77 190 108 112  42 187 183   1 178  99  83  63   3  47  35  93  23  30 197  46  62   9  26  69 167 185  71 181  98   8 193  40  29   7  60  48  37  14 177  16  53  34  24 113  89 195  36  44 189  17 186  38 103 188  45 180  55
  132 106  25 124  86 123 130 147 134 144 140 103 119 146 133 100 128 150 135 145 167 107  52  23  27  77 183  60 112 102 142  57 136 141   1 138  39  34  85  38 178 137   7 131 139 118  89 105 177  10  45  42 168 122  35 104  92   0 115 148 120 101 160  28
  166 105 128  97  32  72  24  13  85  70 111 104  94  38  48 122 100  62 118  20  28  22 192   6 191  31  19  14  49 179 129  39  41  10  74  21  27 185 116  42 119  59 109  18 107  44 178 117 189 113  40   5  83 196 194 145  33   4 101 114 188  57  15  95
   49 110  36   1  91  37 163 158 164   2 196 149 153  50  67  78 159 127 173  81  65 170 160 154  53  66  79 174  51 165  68 176 111 151  55 156 152 172 157 171 169 175 148  32  16  80  69 109  26 161  64 143  82  41  43 146  94 141  93  10 126 139  48 155
   51  67  52 159 169 154  63 158 174 173  39  68  65 153   1  50  66 160  80  81 156 164 172  49  37 163  79 171 176 175 170 157   2 149 168  64 161  94  69 155 151 152  53  90 162  82  93 165  78 177 110  88 142 150  10  54 137  95 148  57 127 167  55  36
   86  25  96 108 112  77  58 187 190  42 102  46   1  54  38 184  62  83  16 111 178   9  24  55   8  93 183   3  40  73 197  47  44  26 113 177  99 195 181 193 123  71  89 185 189 182 164  84  60  23 186  29 124 142  28  72  14 116 188 169 167 117 192 103
    1  86 108  96  54 195 112  46 184  99 190  89  29  83  62 193   3  42  44  47 187  77 178   8  17  74  73 197  24  40  58  60   7 189 116 182 120 102 117 113 123  18 180   4 121   5 181 179 191 115 192  45  25  23 103  91  14  36  98 125  84 183  19 194
   77  53 108  54  35   2   1  58  81  69 169  51  98  26  93  91  82  36  55  96 190 164 156  63  68  80  72   9 163  40 174 175  25 178 168 170 167 177 155 162  79 173 152 160 172 176 154 153  37  66  65 187 158 157 149  67  99  30 171 136  11 141  70  52
   70 107  48  13 110  31 114 166  16  27 185  30  10 165  71  94  61  97 197 129  32  42 128  95   3  73 196 186  40 132 103 104 105  15   2  23 181 102 113 188 115  82  50  98   0  59 187  86  64  49 192 171 106 112 178 111  45 161  47  19  60  14 184 137
    1  25  58  77 108  96  54   9  86  63  35  89 190  53  69  26 112 187  29   3 167 183  99  93 184  36 102 164  47  55 177 136 123   8 195 178 125  46 182  34  81 163  37  62 168   2  83 124  51  82 121 169 142 160 146 174 176 180  87 170 144  84  40  17
   25   1  77  96 108  86 112  54 187  58  63  26  93   9 190 184  35 183  53  69  89 167   3 178  29 177  99  47  62 102 164 182  55  81  46 195   8  83  40  36  42  73 169 168 170  51   2 176  82 123 163  37 188  16 174 142  23  80 193 185 175  71  38  68
   25   1  96  77   9  58  53 108  63  69 112  54  89  26  35 190  86  93 187 183   3 184  29 167 177 102  47 178  99 164 195  81  62 123   8 182  37  34 168 163  55  36  82 170  46 169 176 180 193  51 175 174 136  40 181  98 186  83  24  92  87 185 125  68
   25  77  96   1  93  54  69 112  53  52 177  63  51  38 169 108  26   9  68 168 164  81 187 162 178  72  82 176  80 174 175 190 170 154 184 167 155 156   2  79 173  39  65 172  66  16 158  55 160 163  95 153 171  67 142  40 165 152  50  88  86  11 159 183
    1  55  54  69 108  63  37  53 164  68  51 169 160  36 159 154 111  88 112 127  96 163  93 153  81 156  38 158 174 176 101  77 155  67  65 175 162 168  52  66 136 152 177  89 157 172 142  82 149  80  78  74  32  79 151  91  11  58  26 173  12  62   9   2
    1 143 146 109  89  34   9  62  58  63  54 140 121  43  69  36 136  29 195 142  87 117  41  90 125 108  55  35 130 144  37 133 127  92 135 126 191 123 196 180  53  96 193 148 145 112 101 116  76 164   6 163  17  85 131 138  47 120  25 139 183  75 100  21
  108  25  86 190   1  89   3  77  96  62   8  58  99  83  46  73  29 195 123  54 112  84 102 197 193 124  44   9  55  38  17  28 181  36 187  42  23  60 117  40 178 116 125 115  18 191   7 113  45 101  33  14  47 180  24 120  11  35   5   4 184 144  53  37
  112 183  25  86 184 187 185  96  47  77  48  42 102 167  71   1 178   3 186 177 190  26 103  62  24 188  30  63  58  23  70 182  29  73 180 165   8  35  93 197 104  31  46  61 113  13  45 108  43 193   7 121 195  99 181  87  40  98  74  82  89  34 123 170
   28 119 144 128 124 132  57  46 197 123  89  73  11 118  36  33  44 108  86  21  20  34  85  60  42 102  38  84  83 107  14 101 126  29 117 135 134 142 146 190   6  12 115 120 145 116  62 139 179 138  56 194  41   7 130  25  72 100 131  32   8 191  17   4
  128 107  73  60  13  86  42  14  23  20 102 105 104  44 129 132 197  45 119 179  85   7  27  61  97  70  57 181  18  83 115 194   4  25 185 100 103 118  30 189 122 190  33 114  15   8  19 166 120  21  17   3  95  48 106   5 131 124 192  46 191 130  10 180
  111  58  62  69  24  55  72  93 104 166  70  48 178  94  49 112  32  42  38  40  83 105 169 184 108  96 192  86  35  63  46 191  99  14  91 189 190  26  13 176 177  47 187 197 117 165  28  16  98 100  37 193  71 185 188  81 175  20 116  97 109  44 142   6
   93  49  81 110 170  53  51 173 174  65 163 158  67 176  79  26  96  66  68  80 172 165  50 164 175 159 171  37 169  63  82   2 153   1 149 154  78  69 184 156 160  94 157 167  77 168  91  36 177  64 152  16 162  90 151  92 127  54 155  10 185  39 161  30
    1 108  89  54  25  55  63 112 190  37  36 123  34  84 193  62  56  29 117  73  69 101   3 195  86  99 180  83  45 136  88  28  58  11 144 102  20  77  96  46  33   7  35  44   5  60  53   9  17 124 142 191   8  38 197  23   4  18  32 118 146  57  12 164
   44 132  60 120 190  14 123  86  89  17 117 131   8  46  19 129 195 116  83 179 197 181  18 125 124   4 191 115  84 130 145 192   6 102 193  28 189  99   7  45  62   3  20   5 121 146  33 119  73 118  23  42 108  29  58 144 180 103 101  59 104 194 196  56
   86 178  58  62  42 184 190 183 104  25  47 187  46  83 188  24  14  96  40  99 112  48  98 197 189  71  70 103 105 185  23 116 191 195  13  22   7  60  18  44  17 192 117   5 179 186 102   4  19 194 100  30   9  77  35 120 182  93  74 181 123  73  97 180
   93  96  26  49  81  94 165  63 184 170 177  69  82  53 176  51  80  91 175  16 174 185 164  48  67  79  50 171 169 173 172 158  66  65  77 112 167 188  40  68 168 187  39 159  37 163  71  55 154 111 153 186  78  24  70  95 110  74  64 149   2 156 152 166
    1  63  68  37  53  36  69 164 163  81   2 154 159  93  96  65 160 169 158 174  51 156  54 153  66 157  52 173   9  55  49 149 176  80  79  90 172 168 162 170  92 152  26 142 175  67 155  78  82 151 108  77 148 171  50 177 109 136  34  89 167 161  64 127
    1  69  52  63  53  55  38  68 142  25  54  12  39  72   9  51  96 123  89 108  37  28 127  57  90 146 135 155 136 164 162 154 160 156  11 159 169  67 100 138 168 101 144  93 157 153  84  77  88 143 140 163 122 133 190 158 174  65 151 112 149 175  66  34
  125  28 126 101 124  33  12  84 127  91  11  56  36  88  55   8  99 133 144 190  69  74  59 122 123 138 108 135  83  89  17 115   1   5  38  40 146 143 117 179  22  19   6  53 189 130 195 137 155  54 191  45  57 134 119  15  18 139  34 118 105 113 162 116
   53  69 133  37 127  67 148 137  91 138  36 155  57 140 146 154  55 159 151 164 156 160 143 149  68 153 157 135 162 136  82 158  56 168  52  65 163  12 161  51 150  10  66 152 175 174 173 139  88 172 141  64 134  79  92 169 147  81  80 122 171  39  54   0
   94  10  48 165  39  49 166  67  27  50 171  69  95 177  63  64  70 176 185 170  31 175 168 107  79  81  82  80  97  51 173 172 174 110  66  32 159 164  72 158  78  90  65  52  87 154  92  93 153 167 161 184  91 114 169  68 152  16  53 186  55  71 112 105
  110 187  30   0 184  26  96  77  16  81 188 170 167  71   2  43  49 165 173 185  36  50  47  91  82  80 163 181 169  79 171  93  65 174 114 176 164 172 186 196  98   3  66 158 183 156  58 149 177 175  64 160 154 141 121  54 153 168 182 152  78 157  70 178
  143 146 145 126 134 133 135  41 139 196 144 132 119  34 138  21  36 127 137 148  85 128 131 106   0  90  32 140 130 147 118  12   6  97 142 109 121  29  22  49  20  57  89 107  33 136  87 120  91 191 117 104 192  37  75 151 179 193  78 116  73 180 150  19
   86  58  47 183  42 181 184  73  48 187  71 102 104 197  43  46 121  29   3  98  30 185 103  17 195  96  62   7 188 186  61  14   9 191  45  34 189  18 190 120 192   4 196  60  70  26 193  25  24  44  35  97 112 116  75  36  19 180 182 167  89 125  23  13
    1  63  53  69  51  96  54 112  52  77  68  25 168 177 164  72 154 108 160 142 159  55 169  37  92  82  81 174 162 156 175  38   9 153 158  91 176 167  39  66  65 172 163  67  80 173 157 149  87 152  93  79 155 171 170 136 100  35 141  26 165  88  89 151
   86  89 123  60  46  44  62 132 190 124 116 102   1 120 117 119  20  73   7  42 131  83 195  14  34 197 191 108 193  17 130  84 121   4  28  25  29 125  18 145 181   8 179 180 118   6  45  19  23 192 146  41  47 103  76 112  21 183 104 115  99 194   5 144
  144 124 133  28 138 123  89  84 136   1 135 125 108  11  56 190 146 134 132 147 122  12 139 127 131  33   8  25 120 150  88  83 117 119 101  15 142 126 130 137 148  52  29  36  59  60  54 143 145 140 118 115  72  44  55 129  17 155 162  57   9  14 116  38
   77  96  25   1  53  63  69  26  68 164  93  81   9 187   2  82  55  51  92   3 177 108  89 170  54 174  29 167 168 176 112 173 175  37 163 184  65 154  80 162 156  16  36  66  79  58 172 155 160 158 169 153 157 183 159  52 186  35 152   8  88  73 165 171
  108   1  25  86  58  96  62 190  54 112  77  55  63  73  46  89  99  83 123  93 195 178 184   9 183 111  69 193  38  26  29  84 187  35  24  44  40 117 142  14  42 102  47 197   3 116 182  60 191 164 113  28  37 189  53  17 136 177   8  11 120   7   5 180
    1  25  77 108  54  96  53  89  63  36   3 112  26   2   9  35  93  51  69  68 164  37  55 169 168  81 156 190 163 167 162 155 160  88  82  29 177 154 174  16  86 176 187 170  65  80 175 136  52 173 159 153  66  79 152 142 172   8 158 184 157 183 178  56
   25  86 190 108  77   1   3 112  83 102 178   8 187 123  89  23 124  96  35  60  46  42   9  44  99  14 183  54  84  58 197  29 103  62  40 120 195 116  26 144  73  17  38  47 142 181 182  45  28   7 117 167 189 188 177  72  11   5  18 136 179 193   4  55
   86 104 183  62  42  14 128  48  20  97 132  46  90  43 188  24  13 186 100  47 185 145  71 184 197  72  85  44   9  70  60  96 119  41 116  49  25 166 130 120 191 103  73  19  21 142 179 117 189 111   6  18   4  22 192  32  39 112 106  83 131 178   7 129
  137  39  95 122 166  72 135 128  67 133 147  52 138  94 141  27  64  10 162  50 171 150  92  88 161 107 151 173  57 159 143 149 106  68 172  65 148 154  79  51  66 134 153 158 155 139 142 156  80 114 169  15 127 129  90 168   0  38  91 165  12 170 175 145
  128 137 107 134 126 145 138 119 133 139 135 129 122  59  15 166  97 147 106  39 127 132  12  57  95  27 118 143  32  28  85  41  72  67 161  94  50  10  33  76 196  22 148 114 141 130  11  21 150  13   0  88  91  64  70  49 110 151 144 131   6 179  52 124
   94  49 107  67 137  10  50 106  97 165  39 166 171 161 139  91 149  64 133 143 138 158 127 159 134 135 151 173  32 141  79 148  90  27  65  48 153  66  78 172 154  70  80 128 170 126  16  82 110  57 175 111  12  81 162 196 174  85 157 156 155 152 176 150
  110 137  67  10 127  94  49  65 159 126  50  90  57 138 154 158 149 151 173  68 148 135  66  27 161  52 143   0 171  36 153 157 162 172  12  64 139  78 133  79  91  80  92  51 156 174 163 155 160 168  53  39 175 107 141 150 134 122  97 152 164 169  37  81
  107  10  94 128 110  49  27  32  48  97 137 165  31  50  67  85 171  39  64 159  90  37  78  57 176  70 161   0  80  87 173 170  66 150  65 122 172  79 158  82 151 174 152 185 166 140  61 135 168  81  30 153  16 157 177 149 175 154 114  13 101 148 100 127
   49 149 164 159 163 160   1 151 143 158 153  67 154 152 156  50 148 137 140 110 133 135 157 150 136 139 174 175  51 127  66 146 171  65 176 138 172 134 169  80  91  79 170  10 173 141 155  81  54  68  64 147 161 168  53   2 177 162   0  37 165  39  78 109
   49  94 165  50 110  10 107 171 170  43  78  64  67 159  79  48 158  82 173 163  81 149  80 174 172  66 153 176  65  39  97 177 151 166  90 175 164 167 152   0  51  70 154 160 157 161 196  32 148 137  16  26 156  27 150 168  31  87   2 143 111 140  30 141
  133   1 136 138 146 143 135 127 140 134 139 148 142  54 149 163 151 156 160 147 169 150 144 162 137  51 153  53 158 157  67 155 164 154  55 126  69  36  68 159 152 141  91  65  39  52  66   2 174   9  56 175 172 108 161 173  81  80  79  35  12  50 168  93
   67  94  49  68  51  50  52  69 173  65 171 159 154 158  79 153  66 172 176 174  39  81  80  64 175 161 170 169 164 137 155 165 168 160  10 156 162  78  63  72 149  53  92  37  57 152 157  90 163  82 151  88  95 177  93   2 127  55 141  38 111 166 110  16
   69 110 167  87  35 164 168   1 147  27  39  43  63  92 175 177  10 176 163 171 170 151  64 183  78 150 136  51 140 152  79 154 174 169  56 172 158 160  66  65  81 153  31  50 157  67 165 149 173 106  80 156 159 162  58 143 148 108  61  49  82  90 112  48
   77   1  53  26   9  25 167 187  81  82  93  96 170   2 164 177 163 168 173  92 174  80 176  63 186  16  36  65 175 162 184  79 156  69 172  66   0 149  35 154   3 158 157 110 165 152  29  30 160 136 148 171  71 153  58  68 155 169 183  37 181 150  51 159
   25   1  77 108  89  96  54 190  86   3   9  29  55 125 123 124  84  38  62  58   8  63  73  53  99  69  36 112  68  28 195  46  83  35 187  11  88 193 164 182  34  52  26 115  56 136  23  12 155  44 169 180 183 142  51 113  93  33 101 162 178   2  37 117
  108  25   1  55 190  54  38  86  96 111  63  62 112 142  77  83  46 178 123  84  58  28  93  44  73  69  14  72  40  11 193  24 117 169   9 189 136  51  99 164  89 197 102 116 113  16   2 195  26  52 177 104  42  33 100  37 191  60 187   5 105  68  81  88
    1  25  77 187 108  53  26  69 168 112 182 167 188 169  35  63  54   9 184 162 178  40   3  93  99 190 177  96 170  91  81  95  30  51  82 175  87   8 176 186 183 164  80 174  16  68 156 155  79  88 173 185 171 154   2  65 163 172  43  66  98 158 160  23
  135 128 137 107 133   0 138  57 142  67 111 143  12 134  94 139 148 147  39  90  50 150 119 127  15  64 151 161  72 149  49  16 166 140  85  68 159  65 158  97 126 122  66  78  52 156 172  88  80  28 155  79 169 162 173 157 154 145 153 141 171  41  11 160
  128 137 166 134 138 122  59 145 133 139 129 107  15  72  39  32 147 106  97 119  28  95 135 132 118 127 105  27  11  10  67  13 143  38  57  91  33 126  12  50 111  94 161 141 114  76  88  85  22 131  41  64  52  70 150 179  44   6 130 196  21  19 151 155
  128 107 137 134 133 139 138  10 135 145  57 147 106  27  97 143 129 122 119  94  67  39 166 161 127  32 126  12  85 148  15 132 141 150  50  59 118   0  72  64 151  95  49  41  52  90 149  88  91 159 146 144 171 140 105  28  31  33 196 110 130  22 155 131
  128 107 137 134 133 139 145  10 138  97 135  57 129  27 143 106 147 119 122 166  32  85  94  39  67 126 127 132  59  15 161  12 118  41 141  49  50  72 148 150  64  95 151 105  90  91 196   0  22  31  28 146  33 130  13 149 144 171  52 159 110 140 109 114
  107 128  10  97 137 134 143  49 106 145 139 133  94 135  32 166  41  85 109 138 126  27 129  90 127  67 196 147  57  50 119 148 110  31  78 132  15  64  91 161 140  48 146  43  70 151  39 141 149 171 165  22 118  87 122 150  76  12   0  59 159 158 104  92
   49 107  94  10 137  67  50 110 148  90 171 173  39 161  78  65 165 149 135 151  79  66 158  97 159 170 172  80 157 153  92  64 154 126 150 174  43  27 128  81 163 152  57  52  48 176 156 139 134 141 140 147 175 162 160  82   0 168 143 138 127 133 106  95
   43 143  97  10  61  87 133  91 110  27  31 121  41 140  48 145 196 130 128  49 135  75 165 104  90  85  92 146  34 141 139 106 167 183  94 186  71 107 105  15   0  78 109  32  30 129 180 103  47 131 114   9 122 132  45 119 147 181 177  74  70 127 149  19
   86  42  14  60  44  46 197 190 102  83 104 124  25  73 178 128 120   7  23  62 179 189 181 129 103 132  13 123  17 116 187  47  18 188 183 191   4  99  28  19 105 115  71 192  84 166 117  20 119 131  98  58  76  24  33  21 195  35 145   5  38 186 194  30
   86  42  60 190 197 102  44  14  23  83  46  25 124   7 123 178   8 120 116  73 103 187  17  62 112 181 179 104 189  18  99   4  13  47 132 195 115  89  84 191   3  45 117  19 183   5 192 193 131  20 194  58 188  28 119 129 184 130  71 105 180 128  24  29
  110  49  10 107  50 141   0 165  78 137  64 159 171 151 158 133  67 148 149 173  94  92  91  65 135 106  79 172  66  90 157 140 170 163 147 150 153 143 152  80 139  81 161 174 160 109 126 134 175 176 154  43 146 127  82 138  27  48  57 164 156  87  95 168
    3 112   8 115  99 101  77  23 190 180 125 113  45  38  89 124  28  25  62  84 108  73  74  86  60 122 193  96  19 114  31 123  11  88  18  33 182  44  83 184  40   1   7 195 187 179  61  17   4   5 191 185 181  13 102  24 197   6  20 183  34 192  29 178
   58  96  47  86 184 183  42 102   1  43  46 109 104  62 121  29 196  49  73  71  48 112  24  26  41   9 167 193 185 143 187  34  14 181  35 191  63  37  93  97  20  87 189 195  78  98  36 192 146 103  21 186 117 180 197  30 188   6   4   3 132 165 116  61
   25   1  77   9  53 108  35  63  69  54  93 167  26 168  96 177 187  58 162 190  86 164  89 169  81  52  92 112  82 136 156  55 163   3 174 175 155  68 176 170   2 154  80 183  51 152 160  65 178 102 142   8  66 172 157  79  72 173 182 158 124 153  37 150
   69  68  25  53  52  55  38 162  77   1 155 164 154 169  67  88  63  39  28  92  57  65 168 175 153 156 174  51  11  66 158 176 172 160 161  81  37 163 157 173  80 108 159  79 127  72 152  93  12  54  96 149  82 170 177 151   9  64 171  50 101 137 126 136
  107 106 132  97  73 128  10  16   0  48 147 146 134 143 144  36 145  27 110 161  32 129 102 135 139 196  49 150  37  58 148 137 140  30 104  41  85  61  14 130 151  31  42 181  87  64 152 133 165  78 141  50  47 131  57  20  94  70 103 157  21  45 192 105
  137  72 122 166  39 128  52  95  38  57  27  67 138  11  28  94 133  88  10  15  59 105 119 135 147 118  50 141 162 107 139 100 134  91 150 155  12 171 161  68  51 127 114 129 106  85 168 154 169 145  33 159 172  64  13 142  76  66  65 156  80 153 151 173
  128 107 137 134 145 133 139 166 138  97 129 147 135  10 106  27 119 143  39  57 122  94 132 126  85  15  32  12 161  59  67 127 105 118  95 141  72  50 150  41 148  22  28  64   0 151  33 196  13 131  70 114 144 130 140  31  90  49 179 146  88  11 171  21
  128 107 137  10 145  27 129 166 134  97 122 119  57 139 132 133 106  32  94  15 138 135 147 105  39  85  31  13 143 118  95  59 126 161 114  12  70  72  20  67  41  22  48 131   0  50 196 130 179  64  28  33   6 104 150  88 110  21 141  76  19 101  90 148
  128 107 145 129 137  97 119 134 132 133 139  27  10 122 147 143 135  32  57  85 138 118 166 105  15 126  39  41  13  22 106  12  59  33 131  20  28  21 179 130   6 196 114 104  31 161   0  95  14  94  19  61  76 127  72  60 101 150 144  11 115 192  64  90
  128 107 166  13 129  97 132  27 145  85  70  10 105 104  42 119 179  48  32  31  60  14 118 137  22  20  73  76  44 192  57  59  33  21 115  39  19 197  15  94 122 114   6  23  71  95 131  28 134 185  41 130 106   7  18 102 196   4  72   0 191  24 100  61
   58  36   1  96   9  35  89 108  25  54  29  62  77  63  69  86  53  55  37  47 125 195 183 184   3  93  34 187  26  46 190  73 163  99 181 167 110 164 169 121  81 193 180 197 102  87   2  84   8  56  98  17  43  78 176 136 109 191  83 117 170 113 174 160
    1  93  54  53   9 163 164 169 142  96 160  26  81  51  63  68 174 156 158 108 154 149  37  80 162  69 159   2 177  65 176 175 153 168  66 157  36 170 136  77 167  79 172  52 173 152 155  82 151  50  67  49 171 140 127  55 148  91  35 150  78  87  25 146
   63  69 164  53  92  81  68 177  51 176 112  96 174  37 159 170 165 154 168 175  49  80 173  79  65 158 171  93  66 172  82 153   1 163  67  26  78  77  64  90 167 160 152  52 169  94  55  50 156 157 184 162 185 149  25 155 109  10 151  54  39   2  72 161
  108  89   1  62  86 123 146  44  46 124  84 120 190  56 195  28 144 117  29  60 125 116  33 132 197  17  54  73  34 131 193 191  99  36 130  14  83 145 143  45  19   6   4   7 180 118 101  18  58   8  20 179 119 192  55   5 115  41 121 113  21   3  25 136
  132 128 104 145 120 118  14  62 105 197 116 117 130 119 190 191  97  13 103  21  86 131  19  46  20 100  22  18  44   4   7  60  83 192 123   6  87 189  17 179   5 194  15 129 134  84  28  23  58  99  41  98  85 180 121  75 122  47 146  45  72  32  31  24
   94  49  50   2 165  67  16  82 170 171 161 173  80  48  81 110 158 164  70  79 166 176 154 172  66 174 107 153  65  64  91 175  93  37  39 149 159  51 152 196 141 156 163 169  52  97 162  68  10 160 151  53 127 185  30 155 157  32 188  95 168  69 177  78
   53  63  68  69  52   1  37 164 154  51 160  54 156 108 168 169 174 155  55  77 163 159  93 153  65 157 176  81 158 162  66 152 175 172  80  67 173 149  79 142 151  88  57  25 177  82 161 170  96 136  36 150 171  50 127  72  64  78   2  92 148   9 141  38
  137  52  57 135  72  68 127 138  39  67  90 159  92  12  51  88 162  69 133 154 160 155 151 142 156 169  53 122 153 158  65 143 148  38  66 149  63  28 157 139 168  85 172 150  50  37 109 174 144 152  78  10 173  79 171 100 163 161 175 140  80  11 147  55
   58 187   9  25 186  71   0 183 167  82 184 185 181  26  48 177 102  30  70  47 188  93  53  96  77  43   3 165 170  81  98  63 110  94  92 109  87  35  80 164  42  86 176 175 103 121 168  69   8 171 174  79  16 125 173 172  36  66  73  50 112  65 178 152
  137  72  39 127 135  57 139  52 128 138 107 133 150  10  67 155  38  27  85  88 151  28 141 119 147 144 100  11 159 162 160 129  90 156 118  12  51 161 122 153  65 140 154 157 145  50 149 158 148  33 134  66  68 171 152 172 169 175 168 106 101  80 136  79
  128 129 145 133 132 137 107 134 119 135 139 130  59 131 118  20 179  97  85 144 105 143 138 147   0 122   6  32 104 106 146  13  28  57  33  12  44  72 127  19  27 101 114  41  24  10  21   4 191  22 115  14  18 192  60 196  15   7 120 126 117 166  39  31
  128  39 137 107 166  72  95 145 119 134 129 135  70 147  42 126  94 100 104 188  57  28  16  14  76 106 138 139  71 144 179  85 178  22 132  50   0 150  86 161  38  97 122  59  52 186  44  13  11  43  33  60  10  27  30 141 118 130  21  73  67  12  88 105
  124  28 128  11  33  38  59  44 126 134 138  83 125  84 137  72  14  88 190 144  12 115 122 129 197 145  60 119 133 120 179 123 135  54 118  46  17  52 147 189   7 139   8  86 127 166 132 178  21  15  76  57 155 181 130 116  18  23 131   6 194  56   5  99
   25 102 185   3  77 187  53 167 112  16 168  26 183  42 186  30  96  82  95 177  63  86  73 165  87   8  27  48  81  23  10 170  71  70 184  80 176   0 173  34 171  35 154 164  92  94  37  88 150 174  57 175 152  79 161 172 108  65  52 155  64  66 114   1
    1  54 108  38  72  25  52 125  68  55 162  51 169   9  77  28 190  63  88  69 154  11  62  96 138 142 160 136  35  39 155  53 156 112 141 164 153 168 123  89  84  92 177 124  82 158 122 159 133 152 174 151 163 175  66 147 135 172 137 149  81  65 157 127
   77   1 108  11  54  25  28  38 136  88 124 144  36 190  89 178  35 155   8  52  55 123 169  86  84  33  83  39 127 142  99 160  68 156 115 150  53 164 125  72 162  16  51 138  96 135 152 154  37  73  44 161 157 101 153 147   3 151  58  40  29 163 195   2
    9  96  58  25   1  86  26 183  77  35 187  47  36  29 167  93  53 184  89 181   3 190  43  63 108  34  54 121 195  73  69  98  81 188  46 163 177  30 164  87  62 102   2 170  17 125 197 182  71 186 185  37  42 112  48  99 178  80 168  40 176   8 136 103
   69  63  55  53  96 184  26 112  34  25   1  29  24  77   3 183  81 164  99  37   9 180 187  58  92 113 185 108  40  89  31 193 176  35  74 177  73 167  93  48 101 168 186  47  71 170 165  16  90 182  30 175 190  62 174  51  68  82 195   8  65  79  80 191
    1  96  62  58  43  47 184 183  87 180 112  24  97  48  86   9  49 181  26  93  35 196 195  46  63  71  29 167 104 182  98 109 191  36 185 100 121  34  32  41  20 192  61  75 193   3 116  30  99   4 117  31  54   7 197  78  18  70 189  19 165 186  17  42
   86 190  25 124  23  14  60 108  46 178 123  42  83  44   8 197  62  38 187 120  77 102 103  99  84 116  28   3 182 112  73   7 189 183  47  96 188  13 115  18  45 105  17 132 195  11 117   5   4   1  89  54 131 179  19 125 104 119 194 193  40 113  33 181
   86  58 190  46   1 108  44 120  14  83 102 195 197  60 123  47  89  25  62  17 189 116  42  99 117   7   3 103 112  29 130  54 181  23   4  18   8 132 124 104 178 193   5 187 125 131 191  19  73  45 182  98  84  40 121 144 192 183 179 115  77  96 180 113
  108  62   1  86  89 190 112  46  58 193  44 117  54  20 123 195 191  84 116 180 102  55  99 192   4  83  25  60 120  19   6  28  18  47 197 182   7 125   3  24  14  29   5  56   8  76 183 121  42  34  17 189  45  96 131  73 118 111 124 194  13  35 113 179
   58  62  86 112   1  47 183 102 193  96  24 182 190  46 187  76 108 189  25 184 195  42 191 116   3  71   9 120  44 113  98 192 104 186 123 117  89   8 121  20   4 125  14  19 181  18   5 180  99  75  23  93  83  60  13 185   6   7 197  29 194 111 196  41
   86  13  20  44  42  60 179  83  46 128  76 105 192 102  70 190 182 114  19 117 120 116  14   7  84 166   4  28 129  23 191 104  18  56   6 189 131 115  98 178  95 118 193  59 187  47   5 186 180 121 132  24  99  21  75 195  35  62 123  71 111  33  38  11
   32 105  13  72  27  91 129  11  40  28  38  74 122  55 118 166  97  70 114  59  31 192 108   6  24 113  19 128 100  85  94  88  20 104  54  10  18  48 194   5  61 115  44 189  14   8 191   4  83 196  99 111  33 179 193 117 131 145 178  21 133 112  95  84
   49 111  97  16  93  94 188  48  96 184  70 165  26 185  71  24 170  30  40 166  50 113  81 196   0 186  47 187  80  39 176  67  78  82  79 171  64 173 107  42 110   2  74 104 172 174 175 158  22  31  65  66 177 167  13  32 183  90  51 149  10  43  37 163
   92  10  94  63  69  57  27 168  95  52 137  68 177 165  53  88  72 185 122 171  67 112  38 175  64 173  90 176  79 154  51  82 174  65 159 172  25  31  81  39 170  66 186  80  78 162 100 164  34 155 166 153 141 114 158 183  87 152  85  77  50  48 161 167
  145 143 133 134 139 146  28 132 138 129  32 118 127 111 135  33 147 117 144 131  41  55 105  22   6  59 128  91  84  97 130  11 126 108 192  21  56  44  14  72 136  62 120  19 104 107 179 191  12  85 142 101  15 119  54 140 106 137 123 125 189 116  20 196
  110  94 171  82 170 173  10 165  81  79  50  92   0  80  64  49 172  67  65 168  66 174 149  26 158  39 176 177 175  95  48 167 186 159  16  30 185 154 163  70 156 137 153 161  71 152 157  78 150 151 164 162 141 148  27  93  68  53  87  51 160  43 188 107
   96  25  77  58 187  86 190 184 102  40 188  42  71   3 183  99 185 178  47  26  73  16 112 186  24 113  23   8  46   9  83 189 103 197  62 181 114  70  30 167  98  48  14  38  44  60   0 177 191  17  74  29   5  18  20   4 115  95   7  36 194 193 182  93
    1  86  58 183  47 112 167  25  96  43 187  26  35   3 102 184  77   9 121 181  71 103  87 136  29  42   0  73 146  30 110 140  62  46  54  48 132 186  89  34 125 164 185 195  61 108  82 182 130 163 177   7  45   8 170  36  17 197 120 124 104 106 196  16
   86  42  46  83  58 190  14  44 189  60 112 187  47 116 178  62 197 120 195  40   1  25 193 104 102 117  73  17 188 123 124 103  18  99   5   7 191 192  38   4 111 179 108 182  84 184  23  24  13  98  19  71 181 194   8  29  89  96 125  54 183   6 113  21
    1 108  86  58  96 112  77   3  29  73 195  47  42  54 190 184  46  89  99  40 193  26  62  25 102  74 187  17  83  45 113 197 183 123   8  55 181  24  18  44 116  60 180 117 182  37   5 178  98   4 191 189 120  36  93 121   9 104  63 192  14   7 103  23
    1  25  77  54 108  96  63  53  69   9  89  35  58  93 190  26 112  55 164 167  86 187  51 169 168   3 177  29  81  68 136  36  99 156 162 163  82 174 160  52 175 183 176 123   8 102 178 184 125 155  37  62 182  84 154 142 170  65  80  38 157  66 152 195
    1  96  25  77   9 108  63  54  93  69  53  26 112  58 187 184 190  29  89  86  55 167 177  81 164   3 182 183 142  51   2  40 195  37  82 168  35 169 163  47 176 170 174  68 175 178  99 123  80 162   8  46 156 102  16 136 188  83  36  79 160  65  74 154
    1  63  69  96  53  93  77  54  25  26 108 112 164  51  81  55  58 163 177 174 170 167  68   9 176 175 169  37  82 168  79  80 173 158  65 154 156  92  66   2 187 172 160  35 153 152 184 162 157 165 159  89  52 171 149 183  78 142 182  67 155  49 136  16
    1  96 112  77  54 108  63  58 187  25  93  26 184  53  86 178  69 167  74  51 183 177  47   3 190 164 102 185  81 182  89  29  40  62 123  99 176 195  87   8  24  71 169  55 180 142 170 174 193 175 168  46  38  35   0   9  37 113 165 103  42  83  82  23
    1 108  89  29  58  54  86  56 195 146  62 123 120 190  25  84  46 117  77 193  96 121 180  98  47  36   3  45  63 116 136  17  55  35   8  99 144 182 197  75 125  34 131   7 102   4  44  83   5 112   9  18 124  60   2 191  37 183  61  23 115 142 132 101
   25  89 190   1 123  54 108   9  29  35  84  99  86  96  36 195  23   3 193   8  56 102 124  77  63 182  53  46  34  83  62 117 180 112   7  17 116  60 142  44 144 187  58  26  28   5  12  69  38 197  11 125  20  45 115  33 120  93  88   4  75 179 136 101
   86 187  47  77  96  42  58 178  35  25  46  30  26  71 188 121 183  29 181 190  98  40 103   9 120  43 102  93  83 125 197   1 184 167 195 189 182  17  24 186  99  70  23   8  54 124   3 116 112   7 115  14 104 123 113  75  16  62  89  73  81 185 144 146
    1 108 146  54 142  89  55 136 144 140  56 133 138 127 123 139  96  29  37  36 134  62 148 160  53  58  77 195 135 143 163 124 156   2  63  68 164 117   9 126 101  12  93  28 149   3 157 155 169  51 154 130  84 151 147 141 162  46 111 125 159 153  25  69
    1 132 120 108 146  89  86 123  46 131  29 134 195 130  56 117 124 121 144  44 197 116 190 145  17  84  60 181  83 125  62 101   4 118   7 193  36  54  45 115 139  18 133 180   5  75  19  21 119 129  99  47 138   3 191  59 102   6   8  58 103  33  73 179
   86  47  58  29 121 120 132  89  35  46 197 195   7  17 103  43   1 144 146  30 123 183  62 140 116 134  75 130 178 181  54 131 136 117  60  96  42 187  36   9  73  93  56 102  26  34 142  25  45  98 167 180 104 190 124  87 182  83  44   4 184 145 125  23
    1 138 134 133 146 160 142 136 148 139 169 140 108 150 149 137 135  51 147 156 155 127 151 163  54  37 158 154 157   2 164 174 106  49 153 152 159 162  50 161  66  81 173  52 176  65 172  63  79  68  93  67 175  80  53  36 141 170 168 111  55 171  78  69
  110  49  91  10 165  87  93  81  94  53 170 149  63  26  67  48 173 174  70 176 146 175  79  50  82 106 158 163  78 159 164  69  65 167 140 172  64  37  43  66  92 171 127  51   2  74 157 148  80  31  27  30 168 185 133  90 160  61 153 156 114 154  97 151
  108  55  54   1  38 112  69 111  28  58  32  11  62  88  63  84 113  56 193  89  68  77 164 101 169 117   8   2  74  51  33 190  83  40  99  37 194 125 118   6   5   3 127 195  85 154  46 123 155  24  96  25 192  76 124  53 182 191  21  72 180 115  93  44
  187 112  25  77 182 190   8 184  58   3  99  86  96 108 195  23  40  54 188 178  89  98  71 193 186  83 102 183  26 125  69  47  42 185  46   9  84 123 189 121   5  24  29  63  74 116 181 180  60   1  93  18  38 177  17 115 194  53 192 114 113   4  55  44
   86 108  42   1  58  89 112  46  29 187 195 193  47 102  96 190  73 123  83  60  40 116  54  99 113 182 117  77  74 197  44 189   8  45  18 121  17 120 184 178  24   4  62  14   5 180  98  25  23  84 192 104   7 191 183  13   3 115  19  56  55 105  61 179
  108   1 112  86  58  89 195 193  62  46 120 190  54   8   3  29  77 102 123  47 189  83  99  96 113  42 117 197 121 116  44  45  40  60   4 182 187   5 180  18 131  13  23  17  84 105 178   7  24  55 115  19  56 192  74  98 104 191  75  61  14 103  25 111
  108 112  54 190   1  86  56  77  55 178  89  40 187  83 182 195   8  25  84  99  98  23 193  58 197  11 105  13   3   5 120 123 113 189 117  62  91  44 116  46  60  42  63 102  17  45 115  18   7  53 180  19   4  29  74 192 111  69  28  70  76 194 191  47
  139 127 134 133  91 141   2 106 146 138 140  51  56 110 114 136 149  55 107 147 131 148  82 111  67  59  15 105 165   1 150  93  16 143  63  40 142  49  94 163 132 156  30 160 159 174 173  61  74 145 158  70  10 129 151  75  50 170 157  81  13  88 172 161
   56 134 139 121 146  91 127  75 131 120 133 106 145  61 110 101  58 195  29 125  55 114 129  98 193 132  89  36 130  19 143 196   5 117  13 105  45  59 138  76 118   4 108 115 192 113  17 180 140 182   2  18 126  74  15 116 144   6  47  84  41 148   7  21
  127 139 133 138 134  56 107  32 143  12 145 118  55 146 101  91 148  59  15 128 135 147  67 110 137 129  88  27 122  49 141  10  11 111 149  61  51   2 132 131 114 106  37 151 105 161  57 150  33 159 144 126 196 136  64 140  97 119 160  28  41 108 156  13
  134 114  91  15 139  56  13 106 132 105 129 110  70 101 133  61  59 131 138  10 121 196 182  30 145  27  75 107 120 115  31  19 179 122  12  98 127  40  94  22 192 118 128 141  67 130  74  97 193  45 104  29 119  11 148   5  95 137   4   6  49  33 166  32
  111 196 107 128  32  49  70 166 101 106 126  41  97  61  94  13  85 129 119  42 109  48 134 110  22 104 113  31 145 105  21 139  74  16  33 118   6  71 161  14  12 133  40  15 127  27 165 138   0 192 132  90 131  73   5 186  30 130  55 164  59 189 141  76
  139  49 143 127 134 107 110  10  91 146 133  56 138  55  67 148 149 141 111  37  27  61  51  32 145  94 159   2 137 101 151 129  90  78  12 196 106 157 135  64 140 158 163 161  59 173  31 114 160  41  63 165 153  79  50  65 109 156  66  88 174  75 172 118
  127 133  91  55 106  49 110 141  67 114 139   2 101 134  10 138 111 149 165  51 146  74  37  64  27  94  82 107  56 159  59  61  53 148  32  16  88 164  70  50 173 175 196  81 158 174 113 122 129  79 176 160 172 161 137  40  65 156  31 154 151  66  15 153
  139 134 107 129 133 128  56 118  59 105 101  55 145  28 131  13 138 127  11 122 132  10  88  32  57  33  15 111 114  27 179  20 166 143 130  85  19 106 146  12 141   5 119 115  91 192 137  74  44 108  61   6   4  40  45  60  31  84 120  38  18  76 117  72
  106 134  70 141 107 139 166 128 133  94  13  95  27 138  10 161 105 147 137 114  16  59 145  15 129   2  64  82  57  11 165  88  91  67 132  50  30 150 148 122 196 131 118 110  76  61  12 119 173 149  97  60  23  42  33  48  14 171  32 172 102 185 186   3
   37  64  10  94  63  67  88  57 173  51  49 159  53 161  82  65  81 174  66 172  55  79  68 107 171  78  50  92   2 165 158 176 170 154  80 153 175 110 157 152 160 156  95 163  16  36 149 141 164 155  90 151  27  69 168 169  12 137 148  32 109  93 127 162
   69  63  55  27  51  67  88  91  94  95 112  53  68  38  10 175 114  37 166  52 176 122 165 171 168 174  79  72  11  54  57 164 159 127  50 172 154  66  82  81 173  39  65  64  92  32  74 158 169 170 105 177 108 155  49 162  31 111  80  90 156 153  77 101
   56  36 110 143  37   1 101  91  55 108  10 139  89 133  32 196 148  61  87 146  34 134  63  64  49 159 127  27  53 163  78 157 160 193 107 138 141 151  88 136 140 161 149  69 152 164 147  51 131   2  41 180 121 129 109  45 126 153  74  33  98  31 145 125
  108   1  55 112  77  56  89  54   8 193   3  58 105  84  63  40 182  69  88  99  74 113 195 180 187  61  45 190 115 101  11  29  53  51  13 111 114   5  83  38  37 120  23  91 123 117  26 178  18  96  98   4   2 131  19 127  62 164 189  93  46 194 102 125
   61  56 105  63  27 114 107  13 112  55  31  91 131  75  10 182 118 110  45  76  70 108 180  49 143 106 113  94 193 129 196 101 121   5 111 141 127 146 165 102 120 145  19 133   4  74  32  51  58 139 166  92   1 192  89  20 104   8 132  87   6  82  18 185
  134  91 139  59 138 133 127  15  55  13  11 145  56 105 131 111 114 118  88 107 129 141  28 166  12  33 101 106 126  27 146 128  32 122 132  40 115 137  67  95  94 120  74 147 192  70 196 113  19   5 193 108 179 119  10  16 189   2  38 125   8 161 130  51
  133 139 107 134  56 137 138 129 143  27  10 145 128 127 122 101  57 118  12  91  59 105 147  32  88  15 135 132 131 114  28 146  11 126  33 141  67 148 119  13  61 106  20 161  55  31   6  19 150 166 130  84  76 115  94 179 151 144  41  64 110 140 196  97
  107 128 134 133 139 145 129 137 138  27  10 106 132 147 143 105  59  97  91 122 166 127  32  15 141 135 118  13 131 119  94 146  57 114  85 130 148  67 196  31  12  70  61 150 161 126  49  95 140  41 144  50 110 101  75  33  64 104  56  22 151  19 179  88
  134 145 129 128 133 139 132  59 107 138 118 131 119  33 130 127  32 143 146  28  15 101  56  12  13 126 137 120 105 122 106   6 196  19  41 147 144 179 192 135 115  44  21  97  20  11  85 124   4   5 114 117  18  14  60  75 111  22  84 125 189  91  57 191
  133 139 134 107 138 137 143 145 128 127 135 106  10 147  27 146  67  32 148 129 122  57  91  12 126 132 141  15  97 118  49  59  94 119 140  85 149 101  41 131 151 161 144 150  90 130 105 196  56 110 159  50 166  64 114  88  22  33  39  31 136 157 142 153
  107 128 137  97  10 139 134 133 145  27  32  94 122 143 138  49 106 129 166  67 127  15  57 135 119  85 132 118  41 147 196  31 110 105  12  39 161  64  22 114 126  59  13  50  91 141 101  61 148  90  70 131 151 146  95   6 149  48 150  21 171  33 159  78
  107  10 128 137  94  97  49  67  27 134 106 166 139 133 110  50 143 145  90 138  39 135 122  95  64  57  32  91  31 161 148 171  15 147  70 129 196 127 126 165 149  85  48  41 173 151  78 150 141  92 119 159  22  65  79 172  66 158 114  12 105   0  61 140
  128 107  97  94  10  49 106 137 166 134  67  27 139 110 145  50  39 143 196  32  90  41  91 126 133  95 138  22 122  70  64  31 161  15  48  85 135 171 127 147  57 129 165 119 148  78 149 141   0 173 151 114  66  13 172  65  12  59 159  79 132 150 105 158
   49 137  94  67  10 107  50  90  97 139 110 128 134  78 148 149  64 173 161 135  65 171 158 143  66 159   0  79 138 172 106 151 153  57 133 127  68 157  80  12  39 174  36  92  41 170 165 156 126 154 150  81 147  32 163 175 160 196  52  95  51 169 162 176
  107 128 137 134 139 133  10 138 143 135 145  97  94 147  67 106 127  49  27 161 148 129  57  32  50 126 166 141 110  64  15 150 122  12 151 149  59  91 132  39 140  41  85 196 119 146 159  90 171  78 118 173 158 157  65 153  66  95 172 105  88  31   0  22
  107 137 133  10 128 139 134 138  27 143 127 145  57  67 135  94 106  32 122  97 129 147  49 141  91 166  12 161 148  85 118  64  15 119 151  50  39 105 149 146  59  31 159  90 126 150  88 101 132  41 110 171 140  78 114 153 196 109 158  72 131 154  65 155
  128 107 137 134 133 139 145 138  10  97 106 143 135 166 126  57 147  94  27 122 129  67 127 119  32  15  49  85 148 161 132  12  39  41  59  50 141 118 196  90 150  91  64 151  95 149  31 110  22 140 105 146 171 130  78 131  33 109 159  72   0  70 101  13
  107 137 128  10  94  67  49  97 166  27 133 106 139  32  57 122 127 138  50 143  64  39 134 161  91 135  85  95 145 141  90 171 148 149 165 129 159 151  78 126  12  41 110  31 173 196 158 109  66  59 172 147  65  70  79 119 153 114 150  72 118  88  15  68
  107 128  49  97  10  94 134 139 137 106 143 133  67 145 110  27 138  32  90  41 196 127 129 135 148 126  50 166  64 161  57  85  12  91  15  31 149  70  78 122 147 119 165  61 151  22 171 141  48 109  95  59 159 173 140 118 132  65 150  39  92  13  66 114
  137 107  10 139 128 134 143 138  67  49  97  94 133  57  32 145 135 127  50 161 126  27  64 148  12 166  15 147  90 122  91  39 151 106  41 149  78  59  85 141 110 171 129 119  68 159  95 118 158  88 150 173 153  66  65  79  72 172 196  52 111 157  22  31
  134 128 107 133 139 137 138 145 147 106 135 126 132 119 143 148 127  97  15 129  10  57  41 146 150 161 122   0 141 140 196  12  59  67  50 110 151  49  32 144  27 118  39 131 130 149  21  22  91  85 166  64  94  56  33  90 101  36 142  76 121  95  75 157
  107 137 128  10 139 133  27 138 134 143  67 127  97 145 135  94 147  32 122  39  57 106  49 166 161  91  15  50 129 148 150  64 141 151 149  85  59  12  88 105 171 159 118 110  95 126  31  90 140 119 155  41  22  66 158 153 157 172 173  65  72 196  79  52
  107 128  97  10  49 145 143  32  94  41  90  27  85 110  48 137 106 132  31 129 139 104 134 196  22 166 109 119  78  70  21  64 105  20  39  13  61  76 118  57 147 135   0  43  50  15  67  87   6 100 133 161  92 126 165 122 171  34 138 130 148 151  19 131
   42  70 186 128  71 188 185 166  13  86  60  23 104  14 187 184  97  95 181  48 189 102 179 183  30 197  98  31  47   7 105 103  20  83 178  94  24  19 192 191  18  73  44   4  61 116  40 114 129  17 194  46 182  76  27  22   5  25   8  45   6  99  43 196
  186 188 125 187  71 124  30  92  77   3 121  16  70 181 185  47 183  43 114 182 126  40  96 141  26  25   9  86  42 122 137   8 134  29 103  95  23 119 115   0 110 130 135 184 144 166 113  98  99  68  94  12 178 162 173 148 138 190  58  82  46 189 167  73
  128  28 145 137 166 129 119  14 134 107  33 124  11  57 105 126  72 147 179  60 118  44 122 144 132  38  83 131 135 138  22 139  39  15  59 120  97  12  84 133  13 123 104 116 100  19  85 130  95  20  23  27   6  88 178 197 115 190 191  52  21   7  18   5
  128 107 145  97 132 134 119 129 139  41 126  85  22 143 118  21 137 104 135 133  15 130  32 131 146 179  14 147  20   6 122 105 120  10 138 144  19  13 100 196  12 106 192  59  33   0  27  39 191 166  57  28 116  60  44   4  18 197 117  70   7  75  31  72
   91 134 128 107 145  97 137 133 126 196 139  10  59 127 106 129  27  43 147 110 143   0  41 138 122  75  15  94  31 119  32 135 132 131  67 114 140 166  50 148 141  49 146  30  22  36  70 181 130  12 144  76  85 118  19 179  39  61   6 192  21 121 150  95
  128 107 129 145 166  97 137 132 134 119  27 105 106  10 122  13  15 118 133 104 147 179  14 139 131  70  85  31 143  59  57  22 135 130  60  95  39 126  94  20  19  32 138  41 114   6  28  33 196  61  21 192  76  72  48  44   0  12 189 120   4 191 103  18
  128 137 107 134 145 139 166 138 133 129 135 119 147 122 126 106 132  97  10  57  39  59  27 143  94  72  15  12  28 118 161  85  95 105 141  33  32  67 150 130  13  41 127  50 131 148  22   0 144  70  76  11  52 179 151  88 104  31  21  14 146 196 114   6
  128 107 137 134 145 133 139  10 129  97 138 135  27 143 166 119 106 147 122  57  32 126 132  94  85  39  15  59 127 118  67 161  12 141  41 105 148  50 150  72  95  49 196  31  13  22  64  91 151 131  33   0 130 146  28  70 114  90  76 144  21   6 110 140
  128 107 137 134 145 133 139 119 129 138 166 135 126  97  10 122 147  27  57 106 132 143  15  59  85 118  39  12  94 105  32  41  28  33  72 130  95 161 144 127  22 131  76 179 150 148  67  13 141  31 196  91   0 146  21   6  50 114  70  19  20  11 151  88
  128 107 137 145 134 133  97 129 139  10 166 138 143  27 106 132 135 147  32 119 122  57  85  15  94 118  59 126  39  41 105 127 161  31 196 141  13  67  12 131 130  72  49  22 148  50 150  95  64 146  70  28  33  76   6 151   0  21 109  20 114 104  90  91
  128 107  97 145 129  10 132 134 137  27  85 166 106  32 119  31 105  41 104  13 139 122  94  70 196 118 133  48 143  15  22 130  19   6 131  20 147  49  21  61 135 179  59   0  14  43 114 100 138 192 110 126  76  57  39  75 191 109   4 103 120  18  90  87
  107 128  97  10 129 145 166  94 137 106  70  49 134  48  27  85 132 139 104  31 105  13  32 143  41   0 133 135 119 196  39 122  22 147  90  50 110  95  64 165 118  57  43  67  61 130 161 138  15 109 114  21  20 185 131   6 179 171 100  59  72 141  71  19
  128  97 107  13 129 104 166 105  48  85  70  32 132  31 145  42  14  20  27  61 119  60  19 179  10   6 118 192 106 131  41 130 196  44  22 191 100  21 197  24 185  18   4  94 114  45 103   7 122 111  71  57   5 137  33  62  73  86 116 194 120  59 189  15
   86  42  46  47  36 181  58  73  29  14 121 195 196 197 120  17 189  44 132  41 192 116 104 193  83 191  89 117 102  60 130  18   6   1   4  19 125 146  34   7 179 108  98 131 190  21  43   9  24 103 144  45  99  30 188 187 184  40   5 129  62  97   8 145
    1  25  86  54 108  89   9  77  58 190  96  62  35 112 183  63 187 195 123  46  47  69  29  36 184 182  34   3  99 167  73  93 125  26   8 102  17  53  83 124  84 197 180 116   7  43 121  76 178 181 193  98 117 120  23 191  44  38 103  37 177 164  55  87
   25   1  77 112 108  54  69  96  53  63 177 190 178  38  93  35  55   9 164  26  51  86 184 187 167  58   3 169  99 176  82 168  81 175  37  40 174  52  80  62  88 170 155  83 160 163 162  68 183   8 154 156 152  23  89 136 123  11  72  16  39 102 153 158
   86  25 190 123 108  46   1  89  83 102 181 195 124  60   9  58 116  99  44   8  29 125   7  17 117 187  54  42  62  35  47  23 120  14  84   3 121 183 193 178 197  73 103  18 130 179  34 191   4 182 131 112  96  45   5 180 144 192  36  77  21 184  28  19
    1 144  25  89  86 108 146 190  54  77 136 124 123  62  29  73 142 130  35 195 120   9  83 112   3   8  17  44 125 140  84 100  46  58  60  28  33 178  99 116  45 135 117   7  96 131 119 197  38 138 132 139 181  11  23 150  34 133  14   0  36  52 134  18
  124  28 123 132 144  44  86  62  84 190 120  60  11 108  33 197 131 130 119 145  14 117 118  89  38  83 129 179  46 115 134  17 116 138  59 101 146 133 139  99  54  19 135   7  18 122   4  23 125 195  45  56  15   8  73 191 142  25   5 100 178   6 137 105
   25  86 190  77  84  62  38 124   9  83  28  89  96  35 108 123  46   3  58 102 197  73 178  60   8  44  14  11 125  23  54  42 116 187  99 112  88 183  72 117  17 120   7 103 191  53  52 181 194  29  69 142  18  33 189 179 144  55  20 169 115   1 195 188
   86  25 102  62 190 183 197  42  14  60  23  44 103 178  35  46 112   7 181  83  58 187 123  47 124  99 104  43  71  48 191 132   3  17 116 185  20  24  18 179 186  73  38   4  13 120   9   8  19  87 188 189 105  72 184  84  45  28 129 192 128 130 166 100
   86 132 124  60 197  44 123  42  46 120  83 102 129  14 130 190 145 116 131 128   7  17 103 119 144 179 181 104  23 117 134  28   4  18  84 115  19  33  89 189 125 118 195  73 191  62 178 121   8  99 192  25  21   6  45  59  20   5 133 194  13 146  47 147
   86  14  44  60 132 120  46 124 197 190  62  83 128  42 123  73   7 119 116  17 145 179  23 117 144  28 189 131  84 181  25 104 130 102   4 103  18 195  21  33  89 125 191 115 129 178 118  19   8  20  99   5 134  45 108 192  47 194   6  29  22  76 146  15
   86  89 197 120  44 132 123  46  62 124  60 181 190 125 144  17   7 116 195 121 145 130 117  14  73 191   4 131  84  83  19  18  29  35  34 179 102 119  25  47  36  98 189 129  43  75  76 192   6  45 193  42 103   8  33  21 180 194 118  20 146 134 104 115
   25   1  86  77  54   3 112 190   9  96  89 102 187 108 124  35 181   8 125 123  58  46 182  23 183 184 195 178  47  83  29  99 167  26  60  44  73 103  42 197  17 136   7  62 189 142 177  38  71 121 186 120  36 193 144  14  93  98  84 116   0  53  16 188
    1  25  58  86  77 108  89   3   9  96  54  35 187 183 124 112   8 167 181  36  29 190  47 102 197  62  46 125 136 195  26 164  93 144  53  34  23  99 184 103 146  63 182  83 178 123  73   2  17 177   7 163  42   0 120 126 140 121  45  71  55 160 142 154
   25   1  96  77  63 112  69 183  58  54   9  35  86 167 187 184 108  93 190  26 177  53  62  89  47 182   3 164 178  92 168  81 185  87 170  82  29  99  34  51 163 180 176 186 175 102  43 123 174 195  71  23  80  55 169  52   8 188  37  46 103  68  79 165
   25  96  77   1  54 112  86 184  63 190   9  93 108 187 183  35  26  69 178  89 177   3  29  53  58 167 182  62  99  40  47  81 195 188  38  73  82 164   8  51  23 185   2  46 169 170  36  55 186 168  30  83 113 123 180  80 176  68  71  98  34  24  37 174
   25  96  77  63  53  93   9   1 108 112  26 177 167  54  81 164  35 142  86 169  68 187  80  82 174   2  69 168 183 170 163  51  89 176 175 154  55 162 156  58  16  79  66 160 172 184 173  65 152 158  52 190  92 157 155 153  37 136 178 159  38  72 171  73
   25  96   1  77  63  69  53   9 112  26  35  93  58  54 177 167 183  89 184 108 164  81 190  86   3  37 168 187  82 170  80  92  68  34 174 175  51 163 176  52  55  73 154 178 185  36 169  99  79  29  65  87   2  47  66 156 173   8  62 152 172 165 158  38
    1  25   9  89  58  35 108  96  77  54  63   3  36  53  69 112  29 190  93  34 183  62  86  37  26 167  55 184 195  99 164 123   8 163 136 180 177  92 187 102  73  47  68  81 168 169  46 182 181 193  87 125 142 160  82  17 152 174 156 176   2 154 170 109
   25 112  77  35   1 108 190  54 183  86  63   9 177  96  62  52 167  53 178  82  89  69 125 168 169  51 187   3  38   8  92 182  23 164  55  87  99 123  26  76  58  84 162 154  68  83 175 124 142 102  43 156  98  81  80 160 174 152 136  88 170 163 166 153
    1 108  86  54  25  77 190 124  99 123  96  89  38 136 112  46  55  83 142  44 144 146  58  60 195  29  73  11  28  84   9   3   8 178 117  62 184 125 193 120  14  36  17  33 116  35 115  40  63 130 131 102  26 197  69 140 160 164  74 177  59  53  42  45
  