  25  53 143   0 148  88  16   9 149 137 150 140 162 156 163 135 161 102 151 147  80 152 174 153  95  26  81  79  64 186  66 106 168 175  78 172 157 146 187  65 160 136 173  50 127 139 170 141 158 155 138 154  82 164 176 171  67 159 169 177 123  12 167  68
   40  42 187  95  16 188  30  96  29 185 102  98 186  73  25 182  26  71  63  81 189  47   1  49 178  94  74 114 113  83  77  86  58 193  70  60  44  50  55 190  46  24 125   2 121 164  91  80 170 142  79  48 129  14 165  99  13 146 140 103 169 173  65 167
  143  58 111  55  59 128  38 127  63  20  12 109 146  11 163 166 135  57 139  88  33  49 137  90  78 100  68  35  28 101 153  50 151  51  39  64  85 148 159  36  22 129 158 156 161 123 140 160 155  76  84  14  67  25  32  69 157 169 104  52  66  83  56  72
  125 110 133 124 146 144  95  29 182 187 186 148 122 150   9 141 145 131 132 138  30  26 135 126   8 120 181 162 134 147   1 136 140  53 180  36 149  40  25 127 137  31  59  16 188  58 103  92  94 196  96  93  81  12 190  45  52 142 115  42 123  71 116 139
   73  30   2  96 110   9  26  93 184 186  29 181 185 142 182  86 125  34  71 121 187  77  31 196 183  82  23 122 120  42   3 113  70  98  60 119  48  89 116  44   0  47  92   8  17 100 180  36 112  40 124 190 167 144  53  45 195  95  94 188  90 194  25 130
   30  73 185  26  96  71 186   9 187 110 184  70   2  93  31 182 181 183  29  48  77  86 125 121  42   3 196  34  23  40  47  82  98 188 142 113   8  94 122 165  60 120  92 167  95 116 102 103 180  44  25 119 100  45  53 190 194 168  17 178  74 130 112 177
   73  30   9 184   2  96  93 142 121  34  86 185  26 183 196  76 186 181  48  71 182  44 110  82 125  31  60  42  92 187 112  29  77  70  90   3 119 116 167  23  89 122  98  47 113 120  85  94 100   0  97 165 195 168  17 194  52 190  49  14  36  81  21  72
    2  73  96 142   9  34  29  30  93  26 110   0 196  90  12  36 100 121 184  89  42  37  86 182 120  77  39 113  82  85  41 185 119 181 183 186 144  98 125  53  21 195  23  97 116  22  52  44 122  57 187 162  71 194  60  62 109  17  81  65  68 148 191  92
   30 181 125  29 121 110 196  31 120  73 180 132 131 182 187 186 130  86 188 103  34  23 124 183 144  45  71 119 122  47 116   7 184   9 115  36  18  60  42  75 145   4  17 113 133  70  19 123 129 146 185   8   3 190 195  61  40  98 179  96  13  26  93 194
   43 106 141 147 129  71 132  95 187  47  70  91  35 105 113 165  24 114 103  61 131 133  31  27  75 102 104 145 110  23 167  13 178  26  40  87  30  77 120 112 177 140   8 130 150 125 115 135  59   3  82 107 170 196 185  10 134  86 136  42  72 183 166 181
   10  87 177 171 168 175  78  95 167 174  51  79 163  66  50 150  64  80 172 176  81  65 170 147 152 160 158 165  16  67 157 169 173 141 153 166  82 156  92  49  68 149 159 155   1 107 143 151  94  53 161  72  63  48  57 109 164  27  35 135 111 105 154  43
   58 100  21  22 128  12  85  76  83  14 144  38  73 116 191  41 188 195  33  46  90 117 118 123  34   6 121  96 126  54  11 119 179  29   7  36 104 192  84 194  99  42  15 196  62  56  18   4 146   5 181  20 142  37  17  32  49  86 127  60  55  39  74 101
  196  44  73  83  59  13 188 122  76  14 116 130 181 117  38 118 119  60 179 191   6   4  85 131  41  17 190  32 123 144 134   5  75 142  18 126  20  96  91  33  72 132 125 100  99  46 129 106 113 195   7 115  19   3 194  74 104 128  21 102  36  11  12 124
   26 185 186 110  30  93  70   9  77 187   2 183  71  48  82 182  31  73  95  25  92  98  86 167  29  53  34  94  96 168 184  16 165 177 181  40   3  81   1 175 173  42 170  23 121  80  79 176  69 188   8  65 162  63 174 112 125 172  66 164 171  47 142  68
   29  73 119 120  12 121 116  21 195  62  22  86 144  17  14 100 181  41  96 125  85 196 182  34  60 117   6   7  23 179  46  89 191 130 124  15 118 113  36  44   4 142  18  45 122 123  30  83 115  56 194 180  19  42  84 128  75  58  33  97 145 193   5 192
  121  34 182   9 196  86  48  30  42  73 125 185 183 184 186  60  71 181  47  31  44  98 120  97 187  92 116  70 195  26 102 113  41  89  29  46 188 122  17  18  90 119 192 194 193 191 190 180  96   4  43  19  76 189 179   1  14 110  23   6 167   8 124   3
   38 132 123 129 114 124 131 101  59  83 128  13 178  99 117  56 145 188  84 103   7 118 146 115 105  11 134   5 104 122 107  19  28  58  27 130  61 125  18  45 127  33 190 179 120 133 116   4  46 192  43  20 197  60 189  25 126 144  40  75 191 181  17  62
   73  30  96   9 110   2 185  26  93 184 181 186  71  29  31 196 187  34  77 183 182  70  48 121 113 142 125  86   3  42  82  23  98  47 122  40  94 100 116  92  44 120  60 119   8 165  53   0 190  95 188  89  17 167 180 112  90  74 194  45 195 168  81  25
   73  30   9 110   2  96  93 186 185  26 184 181  71  29  31 182 187 142 183 125  86  34  77 121  70  82 196   3 122  23  42  48  92  98 120  60  95 113  44 119  94  89 116  47 167   8  40 100 165  53 168  90 180  25   0 112  17  81 162 188 190  16  76 173
   73 110  30   9  96 184   2 185  34 181  93 196 186 182  31 142 121  26 125  29  71  86 183  48  77 187  70 122  42  23 120  98  82 113  60   3 119 116  44  92  89  97   8  47 180 194 100  90  17 195  95 190  45  85  94  18  76  74 167   0 197 112  40 124
  184   2  30  73  86  71  70 185   3 108 142 125  96 122 196  93  31  48 121  44 181 110  77  23  26 183 187   9 120 112  60 186 113  42 182  34 165 119   8  82  47 130  72 178  98 116 167 197  76 190 194  92  95 168  29 195  89  17 124   4 100  91  74 177
  142  73  96   9   2  93 100  90  36  26  85  12  39  30  76  37  41  82  34 184 109  57  44  29  49 196 183  89 144 181  86  21 195 119  22  53  62  52 162 121  14 111  42 127 186  55  65  63  68  77   0  80 116  98 139  81 185 136 188  60 113 194 182 112
    9  34  73 142  90  96  12  85   2  41  89 100  36  57  29 183  26  37 109   0  93  21  98  97 184  49  42  30  22 194  76  68  15 196  92 195  14  86  82 119  39 185 121  63  53  62 116  52 191 182 186  69   6 113  55  48 112  58  77  17  44  65  46 110
  110  29  36 125 144 120  96 181  34  30 121 142 186  73 182 196  12  86 124 119   2  42   9  26 184 187  23 133 116 122 115 148  89 180  98   8 188 183  93  45 113  71 138 130   0 185 146 131 195  17  21  60 179  39 132 140  46 135 100  77  25  97  22 134
  186  26  31  95  71  30  70  82 187 110 185 141  93  94  77 184   3   9 165 177 183 167 182 125 122 181  73  48  16 112   2 178  92 168  40  86  47  81  96  23 124 173 150 170 175 108 162  60 171   8  61  80  10 176  79 106 174  53  25 149  65  29 172 136
  132 188  29 115 103 114 107 129 101 120 144 104 131 187 140  40 130  99  30  36 181  46  42 189 110  23  71 113  47  24 102  25  86 134  45 146   7 106  75 133 179 105 135 145 186  83  12 196   4  96  98 116 121  59  18 183 118 127 125  14   8 117  58 122
  132 133 129  59 145 146 135 143 138 124 114 134 147 131 101 127 141  84  56 115  61  38 126  88 139 123  28  54 125 122 105 150  13 137  12  99  33 117  55  20   8 103  45  24   1 180 130 111 144  11 148  15 140  75 136 120  19  51  27  69 197 193  17 189
   70  95 177  26 168 165  53 167  48  82 185  10  94 175  81  16 110 186  93 170  80 176   2  92  25 171 174  63  31 173  79 169  77  66 172  65 184  30  71 187   1  64  67  39  68 183 164 158  51  50  87 108  49  98 178 154 159  69  40 149 109 150  27 162
  100  22 121  58  76  21  83  73 188  14 116  46  85 195 181  96 191  42 196  86 119 104  41   6 118 117   7 128  29 123  44 179  60   4 192 194  18  62  75 144  34  99 190  38  12   5  33 120  30  17 130  90  19  20 142  47 113  98 126  36  23  32 184 182
   73 122  96  29   9 120  30 142 125 196 144 130 181 119 113 127  36 133 124 134  17  26   2 145  12 131  75 103 106 138  44 115  23 132  89 129 121 182 116   3  60  45 123 197 190  41 136 146   0 139 126  77   4  47   8 118 140 137  18  14  59  93  85 195
   29 110  89   9 120  34  12 124 125 186 182  36   0 145 113 133  69  26 101  98  96  73 180 138 115 181   8  17 135 196  45  41 146  61 123  84 119 122  97  42 144  15 183 132 193  62 189  60  23  90 121  86  88  56 148 131  19 197 126   6 116 187 117 179
   26  82  95 177 185 186 165 167 168  93  70  81  16 175  77  94  92 170   2 171  80  79 174  65  53  71 173 141 176  48 162 172 187   9  66 183 164 149  68  25  67 150  64 110  10 158  30  78  63 154 157 156 169 155  31  50  90 152 108  51 159 160 148 184
   73 142  72   2  76  30  93  63  49  94  90 184  57  81  34  92 185  52 168 100   9  44  70  80 167 109 177  26 176 165  96  85  48  77  37  53  60  95  42 174 169  65 172  16 173  50  82 194  79  66 182 171 164 155  98  83 166 183  64 170  86 159  91 175
   96  73 142 100  93  12 144   9  30  58 121  29   2  76 196 188  36  42 184  34  49  14  85  90 116 181  21  86  46  44   0  37  22  83  41 195 182 125 119 126 179 113  98 102 194  39 191 190  60  52  63  15  26  55 187  17   6  94  47 136 183 192  74 169
    2 142 141  82  26 150   0 136 140  93  81 148 147 149   9  65  96  80  79 156 174 167 173  73  36 166 157 162  50 172  66 152 158 163 135 139 164 171 151  67 170 168 138 160 177 159 155  30  49  77 153  78  51 165  43 127 137  68  94  63  16  35 154 175
  126   0 169 161  37 142  39 138 135 154  68  88 159 137  57 108 163   1   2 153 160  67  11 156 152 147 146 133  16  41  12 155 157 151 140 143 149 158 148  64  78 164  65  51 162  53  96  97  79 173  54  66  32  80 172 174  84 141 136  36  55  49  28 150
   36  12 144 126  41  29 142   0 146  54  96  89 143  21  37 123  34 134  84 139  33 135  58   9  46 195  85 138  62   6  15  14 100 191 140  75  17 124 127 117 136  22 119 116 197 121  56 118 120  90 148  74 190 101 137 130  73 196  32 133  28 113 131 111
   72  50 166  55 111  16 171  51  63  80  81 174 177 163 176  94 172  66 168 150 153  79 175  64 158 160 156 170  95  43 152  65 169 173 155  49 141 149  78  67 157 159 151  10 161  87 162 164  68  82 165  38 167 148 147 154  53 143 136  91  52 139  70  57
   58 100  76  85  22  12 195  15  62  21 191  38  14 188 116 194  32 128  83   6  41 179 118 192  46  33  42  84  54 196  34 119  37 144  99  96  90  20   7  36  86  73 190  18 104 117   5   4 123 181  75  11  44  17  28  19 142 121  74  29 126 180  45  60
   12  41  85 143  20  36 128  62  46 192  96  14  55 193  21 109 100  97  34  58  11   6  28 191  33 142  57  69  24 111 104  49  98 179  32 116  22 119  37  29  54  84   4  90  83  42 195  19  44 118   5  18  89  39 117 194  78  15  25 127 189  53   9 197
  186 182 185  26  31 110 187  48  30  70  93 181   9  71  40  77  92 183  94 178  95   3 188 184  29 125  16  42  47 165  73 177 103  86 114   8  23  45  53  96  61 180 167  15  58  82  98 176 175  69 170 162  74 168  17  25   2 194 121  13 173  81 164  60
    9 142  73   2  96 184  36  76  30  93  26  44  82 122  72 112 196 141 113 121  89   0 167  71 183 166 125  35 144 136  34  81  60  43  86  52  77 181  49 186 108 168  47 162  98  29  91 190  17   3 110  92 177 139  65  63 197  31 182 145 148  80  53  41
   89 120 124 125  29  86  60  56  17 123  73 181 182 190   7 116 112   9 121 183  34 122 119 186 197 115 180 103  45 179  62  75 113  23   4  44  36 195  18  19  84 196  12 117   6 110 145  46  15  76  47  31 193 101 191  42  54 129   5 130  83  30   3  21
    1 110   0  88 133 108 138   8 137 142  96   2  53 114 135 122  26 115  16  61 113 147  77  68 141  89 169  82 197 189 182 120  29 124 125  97 150  74  91 193  24 149 144  11 134  27  28  84 126  23 192   3  51  67 156  95 132 154 179  57 136 160 105 146
   96  29 121 181  73  30  86 120 196  93 125  36 182 186  98   9 188 116 184  42 187 110 144  12  23 195 113  71 124  34 183  46   2  60 142  47  62 100  44 190  26  17 119 122   3 179  58  43 185   7  18 180 130  77  75  83 191   4  21  99  70  15  22  76
   73   9  30   2  26 185  31  93 186 110  48  71  82  96 183 184  70  77  34 181 187 142  94 125 168   3  29 122  92 165 182  95 196 177   0 167  53  86  40 113 164  42  16  81 112  25 162  90  63  23   8 108  89  98 173  44 119  60  65 176  47 121 175  80
   73 120 181  29 121 119  96 125 122 196 116 182  17 113  30  23  86  60  62   9  44 195 142 124  89 130  34 184  21 144   4 100  75 190  18  45 179   7   6 197  12  19  14  41  85 194 180  46 191  15  22 110 115   2 118   3 123 117  42 193  36  47  98 145
  110 122 125  77  31  73   2  89 120   8 113  26   0 112   9 124  29 182  23 186  61 108 141 185   3  71 133 187  82 119  45  30 183 181 115 196  60  86  96 197 145  17 121 184 180  34  95  88 193 190 138  98 103  40  44 130  19 142  97  15  16  47  18 189
   95 186 185 177  70 183  26 167  94  92  82 168  48  25 175 171  81 165  10  71  79   9  64 170 187 174  78  80  16  68 173  66 176  65  63 172 141 166  53  31  77  50 150   1 162 149 112 158 102 164 109  90  57 157 155  87 156  93  49 182  67 184 163 152
  166  87   1 112  72  10 155 111 163  35  51 141 171  57 177  78  56  68 105  91 160  50 109 153 167 152 175 168 156 143 157  64 174 161 158  66  95  79 176  54  43 150 159 151 135 172  65 126 139  28  55 147  49  38  89 165 170  80 145 108 164 173  92  81
  105 143 111 107  87  38  54  32 163  11  55 101 128 135 114 161  56  28  91  33 153  84  51 160 126 166 104 146  72  35   1 169  27  50  10 155 147 152 159 132 139  58  20 156 157  59 151 109 134  49  64 158  69  78  68 192 129 171 117 137  62 138 123  43
   55 143  38 111 105 107 169  87  63  11 153  49  32  51 161 109 106 163  50 114 160  68  27  72  57 159  10  64 146 155  67  80  28  53  37 135  20  88 176 156 127 152 154 100  16 171 192 158  24  91 157 151  78 175  33 102 174 170  66 172  13 177  94  69
   49 111 166  76 109  50 163  90 143 153  37  55 159  32 161  64  63 169  94  57  38 107  78 152 171  35 158 100  80  68  11  33  85 157 172  67  66 170 154 160  79  39 151  72 173  41  51  54  91 156 174  22 176 155  65  81  58  20 165  52  28 164 175   0
  147 143 135 132 107  59 106 127 129 146  38 150 139 105  55  87 141 133 134  72  51  50 137 160 153 163 148 140  10 114 161  67  27 136 138 149 151 166 156 111 171  64 157 169  43 145 101 155 152 158 131  94  11  16  91 172 159  80  66  13  78 126  79  95
   55 100  58  37  96  73  49  85  38  76 142  14  63  12  90  83  41  20  32 191  11  22 111  21 109  74 126  33  15  42  46 184 128 192   6  28 194 188 118 102 117 169  39 196  52 104 113 179 190  44  57   2 144  99  72  97  34   5 127 116 123 166  91 195
   58  85 123  13 104 128  20  38  14  83   5 192  42 102  46 191 117  32 129  76 118   6 179 101 105 193  18 130 116  22  59 114   4  55  19 190  99 188 119  40  41  44  60  90 100 109  47 180  33 195  45  21   7 132  86  75 194  24  84  74   1 103 131  17
   85  34  73  41 196 191  14  96 194 119  74   6  97  29  37  21 121 113  42  89  58 116 195 118 126 142   9 100  22 123  17   4  12  46 104  20 190  15  18 179  45 117   5 192 184  90 181 125  32   7 120 193  75  33  84 182  60  19 197  44  76   0 130 180
   72  43 147 166  50 107  35 136  91 139 150  38  36 163 134 161 143 126 135  49 153 137 140 148 127 169 146 141 188 160  76 152 158 156  59  51  80 171 172 111  64 144 159 151 149 157 132  54  81 174  66 173  79 138  87 128 170  63  65 155  11 176  67  56
  112 165  31  30  48 185  27 108 122   2  74  13  32 184 194   3  40 180 113  42 104 197  87 178  61  85   1 189 105 103  23  72 193  77 182   8  24  73 100  71 196  19 177  45  91  18  96  10  97  49  70  60   4 190   5  35   6  17  47 192  82  98  83 130
   96 110  58 181 100  70  30 184  73  29 121  42 185 196 182 125  31 187  34  23  86 116   3 180   8  74  71  40  99 192  98 113  18 195  45  93 194 191 142 119 179  44  47  48 186  60 190 188  77   4  83  17  46  19 144  26  97 193 102   2 122 120  92  13
   73  29 110   9   2  30  93  96 181  36 121 120  86 186  34 196 125 142 144 184   0  26 183  12  71 182  98  77 187 116  89  23 113 124 185 188   3 122  42 119  82 195  17  60  47 148  62  31 162 100  90 190  92  52  44   7  70  25  76  21 180 130  75 179
   31  26  48 185  70 112   9 110  71 165  30 177  82 186 184   3   2 183 168 167  95  93  77  92 108  53  10  94  73 187 122   8  27  25  40 175  34 176  16 181   1  23 109  96 182  86  81 170 164  47 171  98  87  80 178 125  63  24  61 174  65 113 196  44
   12  96 125 142 120 110 119 184 122 196 194 179  34   2 192 124  46 113 126 116  21  36   6  39  29 118 195  15 121 190  73   8  83 100  44  28  99 115  41  98  97  42  86  74  11 144  18 191 193 197 134 117  23  84  17 181  22  85  14   4 182  62  45 108
  111 135  51 163 143 160  68  55 156 107 153 161 150 169 155  57 137 152  16  67 147 157  88 151 140  72 139  50 105 158 159  66 138 141 174  38  87 166  65 171  11 148 172  80   0 175  79 109 149 154 136 177  28  78 176 170 173 134  53  81 164 168  35 108
  105  54 143 126 132  87  56 135 146 107  38 134 128 101  84 147  11  32 133 139  33  28 138 111 123 129  91  72 166 131 104 114 145  59 136 127 137 163 117 160 155 161 124 118  51 153 150  41  55  27 151 115 140 152  13  43  35  10  20   6  50   7 156 159
  143 105  38 111 135 107 126 146  54 147 132 163  87  32  11  56  55 134  59 139 101 114  84 127 161  33 129  91  28 153  51 166 160 138 128  35  50  72 140 123 155 133  20 104 151 131 156 152 150 145 137 157  43 117 169 159 136  78 141 158  24 148  27 106
  143 105 111  38 107  54  87 135 147 163 126  55 146  32 166  11 132 101  51  56  59 139 161 153  91 160 134 128  50  72  28 114 127  33  84 129 155 138 152 151  35 156 140 169 150  20 157 123 137 159 104 158  43  78 133  10  27 136 131 145  64 141  67 171
  143  38 107 111 105  55  32  11 128  54 163 146 135  87 101  33  28 161  58  56 153 127  51  84 126  50  20 160 169 114  49 139 134 132  59  72 155 104 151 159 152 157  10  63  57  91 156 123  27  78 147  64 109 192 129  83  68 158  41 138  69 140 118 117
   38 105  59 126 128 143 132  32 123  87  13 166  72 114 134 131 129 146  83  58  20 107  11  91  54 102  56  55 117  84  33 104 101 188 139 106 127  99 111 147 118   5  15  14  43  27  50  28 178 145 192 161  46 124 179 135  75   6 191 115  76 130 153 103
  166  95  94 177 171 165  72  50  49  82 167 168  81  78 170 175  66  79  80 155  68  65 172  64 174  90  10  57 173 158  67 176 162 109  53 153 159  92 157  51 164 156 152  63 160 163 154  26  48 141 149  16  52 151 161 150 106  70 185  93 186 147 169  43
  110 133 187 135 132 125 124 141   1 150 148 186 146 114 182 140 147 183 138 101  92  61 136 120 175  26  69 162 168 149  56  29  95 167 145   0  34 103   8  87  35 151  78   9 161 185 180 115  79  31 157  89  16 137 156  84  65 123 160 173 126 105  71 174
  110 133 120 124 125 145 182  61 141 132 186 129  89 122  29   8 135 138  31  35 115 180 147  23 187  56 131 114 101  45  95 146   1 183 148 181  86 121 150 103 140 113  77 119  60 197  71  98  17  26 189  97 193   7 126  84  19 134   0  62  36 185  69  47
   49  43  58  90  35  42  92 109 182  70  46  76  22 143 188 184  98  94  78  86 104  64 192  39 114 195 169  20 186 121 163 191  41 183 102 166  47 187 167 111  50  14  81  48  63  97  80 170  21 178  93  71  99  79 171  83  34 172 100   7 197   6 179 161
   12   2  36  73   9  52 162 148  68  93 136  88 144 151 135   0 173 150  65 142 172 149  66 157 163 156 127  77  81 138  96 139 174  80 161 158  79  67  50  57  64 155 152 153  69  16  15  90 154  55 170 164 141  63 134  94  26 160  38  51 169 176  37 175
    9  73 186  31  30 185 182 183 184  34  48 181  29  42  26  71 180 112  96  47  86 125  58 187 196  70  92  60 190  98   3 121 102 116  40  45  17  18 193 188  89  44  85  90 103 113   4  19  14 194  23 119  25  93 110 109  63 122  94   5  20 130  13  24
  110   2  26  30  96  77  73 142  93 184  82 185 187  53  31 196  71   8 182 125   0   9  29  34  23  16 121 122 113 108  70   3  81  48 186 165 167 141 181  74  86 120 168 100  37  42 164  80 169  95  92 162 154 173  39  98 183  36  97  65 194  40 177  89
    2   0  35  36 142  96 163 148 169  81  93  82 173 135  49  79  65 149  80  39 156 144 172 151  12 161  66 158 157 174 152 140 159  77 150 170 153  26 154  50  67 136  52  68 162  30 160  43 147  63  53 138  64 110  51  29  16 171  78 141  90 167  98 111
  132  58 131 123 188  45 146  29 101 125 180 124 143 196  42 129  20  12 114 115  99  84 103 117 182  13  61 126 116  18 102  14  73  56   6   5 179 120  34 192 144  47 190  46  36 145   7   4 191  83 181 187 118 189  19 130  17  97 121  24  75  41  40  60
  105  87 147  72  91 166 107 141 132 143  27  10 126 108 135  32 133  51 139 134 137 150  50 160  54 155 138 129 136  43 145 114  13 106 171 152 163 153  28  38  35 177  56  78 161 111 112 168  11 156 159 157 165 140 128 131  61   1 158 151 175 167  64 146
  143 105 111  87 135 163 147  54 107  38 146 126 132  55  51  56 160 153 101 161 166 139 114  50  11  32 138 155 129  35  84 150 134 156 152 127 151 140  59  28  72   1  91  78 141 157  33 128 133  10 137 159 169 158 145  64  20 171 123 148  88  68 136  43
  143 135 146 147 163 107  38 126 111  87  54 105 132 139 161  56 153 160 138 134 127 133 150  51 114  55  11  50 155 141 101 151 140 156 129 148  84 157  72 152 166 136 137  28 128  35  78 158  10 145  59 159 149  33  64 169 123 171  67  32  88   1  66 131
  143 111  87 105 135  38  54 126 146 163 147  56 132  55 101 129 114 139  84 166 161  51 160 107 153 155  11 138  28  50 134 150  59 156  32 127 145  33 152  78 151 140 123   1 157 141 128 133  35  72  20 137  88 158 136 148  64 159 171  43  10  91  68 131
  135 143 132 147 114 146 133 150 138  38 141 145 127 134 137 131 129 101  87  11 139 124  59  88 140 123 148 105 115 136  56 161  51 163 160  28  54 106  84 156  55 107 126 149  27  95 151 153 155  50  25 144  16   1 157  61  13 152 169 111  33  24 158 103
   73  29  34  30  96 181   9 121  42  86 100 196 182 116  22  85  90  21  12 119 195  93  89 184 113   2  14 185 142 194 188 120 183  60 186  23  58 110  17  41  36  98 191 144   7 179 180  45  18 125 190   4  46  76   6  26  44  47  71  97  83 187 193  74
   73  96 184  30 100  42 196  34  85 142  93 185  86 121   9 181  48  76  44  71  29 113   2 116  74  14   3 188 182 194  70  98  60  47 183 119  83 191 102  46 187  26 186 190   4 195  23  18  21 192  22  90 193 125  58 179  40  17  77   6  97  41  49   5
    2  93  30  26 142  82  73  36  81  96  80 173  94  63   9 177  65 168 174 172  79 141  50  66  70  95 150 167  77  16  72 170  49 136 148  35 176 171 149 166 183  64 158 175 169 156 162 186  53 184  67 157 165  51 152  43 151 139 140  68 163 159  71  78
   12  29 120  73  36  89   9 124  96  34 121 119  62 144  86  56  41  21 182 181  90 123 186 116 113  22  46   0  42  98  17 115 138   2 125  60 126  84 127 196 195 117  54 101 122 110 133 183  33   7 142 140   6  23  69 146 179 135 191 118 134  45  75 188
   10 168 177  63 175  87 167 165 171  78  92 174  90 176  79  81 152  66 170 109 108 172  65 157 164  80  48  51  67  64 150 160 173  82  50 149  57 107 155 151 169  53 158  68 141  49 163 147  16 156 153 159 140  94  95 161 106 136 154 162 185  26 148  55
  128  83  38 100  58  32 188 192 118 131  14  13  99  74 107 105 179 123 132   5  20  27 191 104 117 130  18  11 144 114 146  59  85   4  46   6  91 102  15 194 116 134 178  21  22 101  33 119  19  97  84  45 115   7  40 180 103 127  24 193 122  55 143 190
   73 142   2  30 196  96  93 126 144  76  36 100 136 127 134  37 140   0 121   9 122 125 184 120  29 139 181 113  41 188 147 130 131  12  49  44  75  43  90 138 108 148  39 106  82 137  34  26  63 102  42 169 187  22  85  14 116 149  47 119  94  77  59  60
  166  51 141 111  50 163  72 147 153 156 171 152   2 157  80  65 160  67 158 174  82  66  79 172  68 142 139 155 169 151 173 159 150 136  49 177  35  81 170 175  64 161  57   0 137 149 168  91  78 176 154 140 165 162 138 167 108  39 135  63 164 148 109 107
  182 110 184  31 196 180 194 125  48  34  97  27  74 192 114 179 121  98 193  18   8  15  92  45 195 181  19  13  30   6  20  23  60 191   4  10  99  61  17   7 187  22 190 116 142  44 185 119  47  83  42 113 178  86 131 189   5 118  91  14 122 102  71  29
  166 147 105  43 111  51  35 107  50 143  56  72 141 129 163  91 132 126 104 135 138  87 150 171 153 160  78 139  39 161 133  54 152 140  11  28 155 151  32 157  97 156 159 158  49 106  10  67 134  79  33  64  66  95 108 172 101 174  82  41  65 137 177  27
  143 126 135 146 147 140  35 163 133 132 148 161  36 107 141 127  56 150 134 138 114 123 124  78  69 157 155 160 151   0  84 145 153 129  38 136 149 156 152 139 131 101 105 106  24  12 158  50  61  79 111 162 174 104 154  51  66  64 159  81  87 172 102 117
  141 150 147 163 160  95  51 171 161  16 135 153  50  79 156 175 170 177 174  10 168  80 149 158  81  66 172 152 176  64 157 148 169 173 165  67 167 155  65 154  35 151 140  68  87 159 143 107 164  63 136  53  25 162  94  82  78 133  72   1  77 114 137 138
  114 132 105  27  87 110 107  61  10 147 187 104 106 133 102  48  70 167  43 121  71 131  47 103 129 165  92 178   7  31  13 141 140  86  35 183 123 125 126 186  75 145 137  56 120 130 124 182 146 168  23  97  98   8 135 181 101 185 161 115 150 184 128 189
  122 132 125 124 145 129  31 114 133 131 115 110 181   8  95 141  36 137  59  61 134 147  88 144 120  23 138 103 130 190  13   3  45 186 150  17  40  44  60 106 180 197 123 178 119  19 146 139 187  29 116  83 135  56  27  99  18   7 127  25 179  71   4 193
    9 183  26 184  92 186  86 142 112 110  93   2 185  34  48  73  31  71 177  96 168 167  70 125  89  82  30  77   3  53  81  25 164  42  47  57  95  69  29 187 108 109  44  90 175  36 165 121 176  63 162 113  65  94  80 174 182 196  98 181 170 119  78  79
  110 182 181 121  29  73   9  34 186  96 185 187 183 125   0 196  71 113  30  47 184 120  42  86  98  23  89   2 119  26 126  31  75 180  97  92  48  70  45  61 124  17   8 102  90 103  60 116  41 130  93   7 115 197  18  62  58 195 194   4 142   3 106 145
   73 185 110  96 184  34 181  30 186 196  29  42 182  31  48   9 125 113  86 121  98 119  71 116 194   2  40  45 187 183  60  90  26  97  70  92 180  93  23 100   8  47 188 190  74  85 122  18  44   3  17 120 142 193  94 179  77  19  89 192   4 195  12  58
   36  39 142 148  12 127 169  93 135 150 162   2 136  67 149 151  88  80 173  81 138 144  52  65  66 172 156 139  53  68  64 158 174 163  79  55  26  96  82 161 157  16 154  57 141  63 159  50 153  51   9  72 147 100 160 152 134 110 143 137  90 155 146  95
   73  30 185  42  34  90  60 186  96   9  48 183 102  29  76  85  58 182  63  71  70  26  86  40  44 188 184  98  47  49 181 116 196   1  97  94 121   2 187 113 190  83 100 193  92 112  89 180 142 109 191 192 189  14 194  21  22   5  77  25  18  93   4  57
  110 133 141 124 120 108 125 147 129  77  30 122 186  86 132 150  31 187  71 145 140   2  95 136  23  70  61 131  27 103 181 183 165 148 185 121 144 178 130   8 146 138 167  35  82 101  29  45 134 126   3  73 168  40 135 119 107 113  47 161   7 149 115 182
  110  31  30  73  77   2 185  26 113  71  40  96  23   3  86   9 186 187 122 181 112 184 125  29   8 182  93  48  42 108  70 183 119 120 178  74 193   0  82 103  45 165 180  24  47  44  89  60 100  61 196 130  17  62  18 121  19 115  53 142  98  16  25 177
  110  30  73   9  34  29  26   2  31 183 185 186  86  96  89  71 184  93  77  82 182 181  98   0 112 187  23  48 121   1  92  36  90  35   3  25  47 167  60  69  42 116 122 180 120 119 142  17  76  70  12  53  45 113 100 103 173 194  63 195  62 196 168  94
  185  48  31 183  73  30  34 186   9  71 184 110  26  70  92 112  86  98 182 165 187  47   3  96  42   2 167  94 180  25  29  69  77   0 181 113  93  82  89 121  95 193  97   1  90 196 177  40   8  85  63  60  61 194  45  53  23 109  10  49 188  18 192 116
   35 141 110 107 178 135 147 133 144  39 127  51  77  10  91  27  40 136 163  16 129   1 139 148   2 114 138 108 150 159 160  61 161  31 156 137  11  62 143 149  88 146 100  99 134  54  69  36 158 154  53 157  67  26 151 153  52  32   8 165  15  68 169  95
    0   1  63 109 169 111  51  25 168  16 177 175  87  68  10 171  53 165 176 137 167  79 170  65 173 174  66  80   2  35 108 163  82 172 153 166  67  78 107  37 158 160  64  88 159  50 152  57  39 156  70  81  55  94 105 157 154  26 151  95 161  43 164 155
   83 188  58  46  22  38  99 123 192 179  29 128  21 117 116  42 190  12 189  14  33  98  34  20  60   5 101  18 191  59   6 102   4  84 193 118 119  90 100   7  86  40  56 121 120  85 180 194  11 104  73 182  28  45  25 195 181  19  17 114 124  69  41  55
  147 166  72 141 107 139  35 136 135  43  10 133 143  87 126 150 132  50 138 145 129 134 106 171  51 105  91 155  52  76 151 160 157 168  78 148 161 153 177 152 163 167 140 128  95 158 156 127  49  56 149 159 172 146  64  66 131 165 108 174  79 175  65  59
  112   9 109 111  48  26 177  90 108  24 185 165  85 183 186  87  41 167  71 182 106  42  89 168 164  69  49 184 175 166 193 176 105  72 189 197 104  97 155  47  57  63  37  78  74   3  81  53 101   1  92  93 103  96  82 171 170  34  80  31 174  65 123  51
   58  55  38  20 192   1  28  59 123  32 128 179  72  13 105 143  11 126  33  84  56   6  83  46  54 146   5  85  99 190  24 117 191  91 118 189  57 134  12 131 193 101  44 194  18 129 102  74  19  97  76  41   4 114   0 125 132  15 142 145 116 144  17 139
  110  57 133 125  92  68  88 138  95  34 135  31 141 150 180 143  89 132 124 148   1 145 147 151  28  61  69  16 136 146  27 134 122   2 149  51  12   0 101  55 107 157 154 175  10  64  52 140  35  90 162 139 160 159  67 120 168 161 137 128 155  78  87 158
   73  29 125  30 182  96   9 185   3 181 187  77  31 186  40 190 113  42 184  71  26  17  45  86   8  47 110 116  74 103  23 183 122  89  60 188   2 196 124 120  18 180  34 193  44 121  70  48 119 194  58 115 112   4   5  99 195  14 144 179 123 191  93  19
   31 181 122 110 185  23   3 119   8  27 125 180  19 184  48  34  86 182 194  45 120  61 112 186  71  89  13  60 103  17  18  62 193   9   7   4  40  30 118 121 116 113 189 195 130 196  85  73  29 197 115  44 190  70  42  97   5 191  74 179 100 192  98 183
   73 181  96  30  29  86 121 184 119  42   9 186 100  34  60 116 185 125 196 182  23 120  71 188 110  44  93 122 113 183 142  31  21 195  22 130  98  47  17  40  83   2  18 190 187 180  85  14  46 124  45   4  26   3   7  19 191 144  90  97 193 179  48  62
   73  96   9  29 181  30 196 142 125 120 121   2 113 182  34 119 184 110  86 122  36  93  26 144  89  23 116  44 186  17  71  60 195  42 130  12 187 183   3 124  47  75 185  41 190  77  85   0 194   4  98  21 197 188 115 179   7  18  31 103  22  46 191  45
   73  96 185   9 184  30 181  34 142 196   2  71 121  44  26  48  93 186  60  70   3  86  29  85  31  42 119 122 100 113 182 183  23 116  89  76  98  47 187 125  82 194  90  77  97 102 190  17 120   8  40  94 112 188 110   4 195  18 191  92 193 165 108  21
   73  93   2  96  30   9  26 142  70 185 184 100  82 186  71 183  86  48  77 181   3  94 165  90  76  34  63  98  53 121 188 110  29  92 167  25  49  81 187  31  80  44  85 168  42 108 173 196  39 109 170  23  65  40 177  37  47 182 172 174 176 116  52  79
   73  30  96   2  93 142  86 100 181  29  26   9  71 188  36 184  77 121 186  82  23 144  98  39 185 122  40  44 183  70 196  22 120   3 108 113 116 178  60  42 187 195  90  76  12  62 182  21  47  43  25 119  83  52 127 190 110  85  63  14 130 136  46  81
   73 121  29 181  96  30  34  86 119 196 120 113  60  85   9 116 100  42 182  62  22  23 195  21  44  89  17  47 191  75   7   4  14  18 130   6  46 185  71 193 184 180 183  93   2  19  41 194  45  76 179 190  97  31  90 125 197   3 118 186  98 117 103   0
  196   9  73  89  76  41 120 181  34   0  75 110 182 121  62  17  97 113  85  44 195 197 119  21  60 122   6  30   2  19  22 184  23  90  36   7 116  31  47  86 193  29 126   4 112 191 125 194  56 190 129  61  54 130  96 180 133 142  15 123  71  18 117 118
  185 186  70  48 184  71  93 183  30  86  26 181  31  92   9 188  73  94 187  96  98 182  90  42  40 167 165 121  47  95 110  34 177 178  25 196  63  69  81 125  29  77 168 102   2  82 170  60  52  53  80 113  23 162   3 106 190   8  43 195 189  22  49 175
   73  30 100  96  76  93  42 181  86 185  85   2 184 121  71  34 196  29   9  48  22 113  44  47  60 119  23 116  21  90 142  70  40   3 195 188 183  14 165   0  98 191  83  58  74 102 190 104 186   4  17 182 187  46  18 108  97  26 193  75 178 122 194  49
  181  22 100 121  86  21 119  73  62  85 195  76  42 116  29  96 113 120 104  58  14  83   7 191  30  46  75  23 188  60 196  44  41 118   4  18  17   6  34 117 123  19  47 190 130 193   5  99  71  32  40  97 178  90 179 184   9  74 192 103  39 115  98  45
   30 121  86  73 181  42  71 182  47 185  22 196 187 184  93  96  29 186  48  60 120 195 188 113  23  76  98  21 116 183 104   7 178  14  70  46  40  83  44 119 100  34 102 191  75 103  18   4  17  74 189 125   9  99 190  43  90  19  85  58 193  97  41   6
   48 100  90 184  85  71  96  49  98  86 185 165  70  73 188  42  58  63  21  22 108 109  30  76 104  93 183 121  47  39  41  25 181  34   9 196  97 186  46  14 195  94 178 167 191  43   3 116  40 192  32   2  92  83 102 194  26 107  82  44 130  29  23  53
  100  96 188  85  58  40  14  49 178  32  83  39 111  48  22  30  70   3 192  43 104  93  25  26  42  46  99  62   5  24 195 107 191  53  97  86  21  44  71  47  41  59 193 116 109  74  82 165  94  91  19  98  23  18 184 181  63   4  37  76  55  73   6 185
    2  73  93 100  30  90  96 142 109  37  63  26  82 185  49 165  85  76  70  80  34 111 183  57 173  81 169   9  65 170 108  77 176  86 172 174  94  39  79  66 167   3  67 168 184  53  16 177  92 175  71  48  52  25 171 107  68  29  62 159 112   0 164 152
  110  31  48 185  70   2 184 100  86  93   3  30 165 181  34  23  71  27 186  98  96  95  85 194  42  73 178  44  39  26  62  40 108 196  97 183 193  53  77  10  76   8 195  60  19  92 119  74  22 168  21 116 167  82 192   9 187 109  61 121  47  89  37 112
   31  30  73 185  40   3 110 181   2  71 122  23 186  96  48  26 100 184  70  86 178  77  93  29  44 165  98  60 112 113 108  82 187 188  95  19  85 116 182 193   8  27  17 119  45  62   9  16 194  42 120 180  13  18 103  22  39 189 190  47 195  94 183  61
   30 185  73 181  31  71  48 110  93  86  96   9   2 100 186  40 122  70  23  26  29 121 119 165   3  42 184  60  98 113  85 183  34  44 120 182  22  62 108  82 116 178  90  76  47 195  77  21  97 196 187  17  19 130 112 193   1 188 167 180 103  18  39 194
  100   2 181 122 108  93  30  73  62  31  44  39  96   3  23 178  85  48   9  71 119  86  76 195 110  91  40  22  60  21 184  26 185 120  19 121  82 116 165  52  98  17 193  77 186 113 197 112 142  83  89 118   1  29  75  70 166 191  53 182  59  43   7 130
  100  32  59  91  85 129  44  22  62  83 118  76 178  27  72  75  21  99  19   3 195  40  13  54 181  74 122 191   5  33 105 104 117  11 131  18 128 166   4 119 116 106  17  39 192 127 197   6 130   7  60  23  43 101  73 193 137  38 144  58 108  31  28  14
  100  91  62  85  22  32  76  21  59 195  83 118 191  39 128  44  58 111  75  99  54 178   5   6  19  33  40 116 119 181 117 192  41  28  17 104 194 129  14   7  74 193 127   4  18 122  46  72 190  84  38  11 121  96  52  43 130  23 179 107 105 113 189 166
   32 111 107  91  62 100 105  59 127 166 129  72  38 106 128 137 139  27  85 108 118 132 143  76 147 134  75  13  43  54  11  28  20  37 178  51 109 104  39 122  33  83  88   5 117  22  87  24  19 131 101  44 191  40  99   3  50 130  21 165  55  49   6  84
   32 100  59  91 111 107  39  38  72  11 137 127 166 105 178  62  51  28  27  54  88  33 139 108  55  40 143  83 129 169  85 160  22 106  99 147 153  67 118 128 159  43  16 134  50 163 101 165  37 161   5 154 144 158   3  13 109 155 156  84  74  21  68  75
  100 144  22  38  83  59  11  33  99  21 127  54  58  55  39  74  91  40 178 101  12  46  14 146  28 104  84 128 195 111  36 192  85 107  96 113 118 189 188  69 169 142  29  52 179 191 131  32 117  18 130   5  24   7 193   6 134 116 119 115  72   4  42  62
  100  22  32  83  85  62 118  59  21 128  76  38  33 117 195 191  58  91  11 104  28  99  14  46  54   5  44  75 111 119 123   6 192 127  84  41 178   7 116  19 129   4  39 105  18 126 144 101 130  20  74 107 188  17 179 131 193 134 190  60 166  40 194 115
  100  32  59  91  22  62  85  83  11  39 118  38  33  21  99 111  28 128  72  76  54 191 192 178 195 117  44 107 129   6  58   5  19  84 104 105  41  27 127  74  75  20 166 194 116 122  15 101   4  18 179  46  14 119 134 193  97   7 197  40  17  52  55  13
  107 147 111 137 127  59 129 139 105 108  32  51 138 106 134  91 160  88  38  72 135  11 132 101 133  54 166 143  28 141 153  27  40 146 136 178 161 150 155 140  33  67 163 144  39 145 156  50 131 118  16 128 165 157 152  52  55 154 126 151  13 164  62 171
  105  32 132  27 129 143 107  87 128 114 131 101  59  13 147  38  54  62  91 118  83  35  84 117 104  11  20  99  28   7 146  19 134 139 126  61 197 166  56  33 115 133 180   6 145  43  75 123   5 137 135 192  10  72   4  18 178 191  21  76 111 106 138 122
   38  83 128 129  59  36  62 144 100  33  32  11  99  54  22  21 132   7 131 118  56 134  91 117 104 130 127 179 143 116  14  28  46   6  35 114  75  84 107   4 115 101   5  18 178  60  12  19 123 139 146  44 195 145 119  20  45 135  76 191  43 105  17 190
  108  72  91 107 166 137 141 147 127  32  10 165  51  27 105  39 136 100 139 122 178   2  50 106 169 134  67 171 160  87 159  11  38  82 153  76 177 150 168  80 133 158  37 176 154  16  54 138 152 155  66  64 172 142 174 175  28 111  93 157 156   3 161 173
   59 111 100  58  62  22  76  85 127  73  75  38  33  54  39 195  40  52  88  44  21 181  83  32  37  96 144  99 190  90  91  72  84  55   9 118 116 188  36 137   5  11  28  12 191  17  93 178 113 108 122  41 169 128  63 117 123 129  19   7 139  29  74  14
  181 100  62  96 122  23  44   3  86  39  71  40 119  85 195  22 178  75 116  19 121  31  60  73  76  30 120  48 108 118 185 113   9  83  98 104  21  17 130 188  70 193 129   4 191  93 184  18  43  47  27  99 106   5 190  29  97 186 189  91 192 197 142 103
   72 111 166 108  62  88 100  32  76  91  51   3  59   1  93 137  43 178  54  52 165  28   2 112  38  67  50  40 122  11 169 171 160  53 139  94  16  44 127  85 153  63  80 158  27  55  66  77  68 109  82 168  39 159 147 177  31 155  83 154  65 156 176 172
   62 107  32 100  91 105 111  39  11  27 118 108  28  54  22 128 104  21  85 127  33 178 147 129  83  99  72 169  38 192  59 101 139 195  84 137 143  43  58 134  51  46 191  75   1  41 132  19 106 117 109  97  44   5 119  14 166 115   6 193 122  88 138  25
  111  54 107 147  32  91 143 105 166  59 139 127 137 129  43  51 135  72  62 134 126  38 163 160  11 132 153 128 146  33  50 138  87 133  39 106  88  28 101 136  75  84 150 159  56 151  27  76 152 169 156 140 155 161 158  67 157 118 104 108  37 100 171  35
  105 143  32 107 111  38  54  91  87 129  59  27 166 147 114 132 101  72  11  51 127 128 139 163 135 126 137  56 146 160  84 134  10  33 153  28  43  50   1  55 106  13 104  20 161 117 155  62 138 133  88 159 118  61 152 145 131 151 156 123 150 158 171  99
  105 107  54 143 111 101  32 126 132  84 146 129 127  62  11  59 118 134  33 104 128 135  28  38 139 147 117  91  22 114  55  56  41 133 123 131   1 137 138  75  58  20  99  21  27 192 191   6  39 163   5 115 140  46  87 106 144 160 195  83  51  85 145 100
  111  32  38 105 143  91 166 107  72  54  51  87 163  11  55  50 153  59 160 147 169  28 139  33 127  43 159 161 137 152  49 155   1 128 135 156 126 158  27 109  35 171 134  67  10 151  62  76 157  84  88 101 146  37  56  66 154  63  64  20 129 104  80 108
  143 111 163 107  87  38  51 105  55 166  50 153 135 160  54 161 147  35  72  32 169 152 159 156  11 139  91  10   1 151 158 155 146 157 150 171  49 128  64 137  67  66  78 140  68 126  59  63 174 172  28  56 127 154  79  33 138  80 101 175 134  88 176  43
   38 143 111 163  50  87  72  55 107 153 161  51 166 160  91 105  11 169  32  54 159  35  10 152 135 156 155  64  49 158 171 147 157  67 128  63 151  66  68  80  28 154  59 172 174 176 150 114 139  79  33 146   1 170 175  78  27 137  88  56  16 173  57 149
   38 111  87 143  72 163  50  51 107  55 153  91  32 160 161  54 166 169 105  59  35  10  11 159 152 156 155 158 171 128 176  64  43 135  49  63   1  80  66 174  67 157 172 170  58 150 146 151 154 137  33 147 175  68  79 114 139  16  27 127 178  28  56 177
   38  58 111 163 143  49  55  50 166 153 161  35  54 169  72 160  11 128 159  32  63  64  76  91 152 107 158 156  59  51  33  43 126 146 157 155 135  87 151 172 171  56  83  66  80 154  78 105  79 170 176 174 102   1  67  81 114 188 104 173 109  84  28  94
   38 143 105  32 111  54 107 126 146  59  11  55  91  33 128  84 101 135 134 129  58 163 132 114  87  56 127  28 147 161 139 160 153 104  51  72  20 123 117  83  27  99  50 118 137 131 166 169  62 138  35  13 159   5  43 144  88 155 152 156 140 192  46 151
  111 143 107 105 166  54 163  38  32  87  91  51  72 147 153  50 160 135 161  55 139 126  11 155 152  59  35 159 156 151 169 158 128 127 157  10  56  33 137 134 146 171  28  49  67  43 150 138  78 101 129 140  66  64 154  84 172 174  68  88 136 132  63  27
  143 111  38 105 107  87 163  32  55  54 166  72 135  51 147  11  91 153  50 160 161  59 139 126 128  28 146 169 155  33 134 152 159  56 132 101 127 151 156  10 114  84  35 157 158  20  64  49  78 138  27 171 150 137 129  67  88  57  68  43  66 109 140 154
  143 111  87 163  72  38  55  51 107  50 153 166 169  91 160  54 161 105  10 135  11 156 152 159   1 139  32 137 147 155 158  49  64 151 171  59 150 157  66  35  67 176 172 174  78  80  88  43 175  63  79 146  68  57 128  16  28 154 149  56  65 138 170  33
   38 111 143  32  91 107  55 105  11  54 163  59  72  51 153 166  50 169 161 160  87  28  33 128   1 159  58 146  49 135  35  88 139 156 127 155  84 147 158 137 126  67 114  83  27 152 101 134  20  63  68 154  99 171 151 157  62  64 178  37  80  16  66 100
  111  38 143  54 128 163 166 107  32  50  11  58 153  87 105 161  51 160  72 169  33  91  35  49  63  55  56 152 159 158 156 135 139  28  76 157 155 151  59  64 137 146  43 171  66 147  67  84 101 172  62  10 150 140 127 104 174  80 109 154 176  68  78 126
   38  54 143  32  59 111 126 105  91  58  84  33  11 146 107  56 114 104 128  55 101 166 163 129  28 135 117 127 134  43 123  83  20  99  72  35  15  87 139 153  41  22  46   6 192 161 147 132  75 191  76  14  62 160 118  24  50  21  51 131  49   1  74 169
  105  87 143  32 107 111  91  72  38  54  51 147 163 166  27 160  10 135  55 153 139  50 137 132 126 155  11 161 146 134 128 159 152 129 101  56 138  28 156  59 169 151 127 158  33 171 157 150  88  67 140  78 114  57  20  13  84 141  49 104 133 154  64 106
  111 166  87  50 163  38  55 143  63  72 153 171  51  49 177  10 160 175 161 176 155 165 107  94 170  64 174 152 158  80  66 169 156  78 105  95 172  79 157  68 159 109  81   1  67 168  35 173 151  65 150 167  16 164  25 154 102  69 149  91  57 128 140 147
   95 141  10  35  87  16 150  51 177 171 147 175 163 168  64  79  50  68 161   1 135 174 114 160 156  66 167 153 158 170 173 172  27 176  80  65  67 143 165  81 149 155 152 157  82 151 166 148 159  78  77 169 133 107 154  25  88  94 137  70  53 140  72 138
   35 135 163 143  95 161 110 157   0 148 151  68   1 149 159 150 160 156 158  64 154 146 153  92 169 152  66 172 147  50  79  52 173 171 140 174  51 141  69  67 114  10  49  65  57  11  81  78 138  58 175  80 136  56 107 170 133 162  88 155  54  53 128 167
  135 143 147 141 105 163  51 133 107 138  87 160 111 150 161 153  68 151 126 132 157 146 155 156 152  88  78 140 101  67  35   0  10 159 139 148 149  54 158  55 129 175 136 171 169  50 134  66 174  56 154  79 137   1  64  16  65 127 172  11  28 145 164  27
  143  87 135 163 111 147 105  55 160  78 146 107 153 161  51 140 150  50 151 156 152  35 157 132 171 101 148 149 114 166  10 175 158 155   1 174  79  64  66  63 169 172 159  67  49 141  43 170 177  68 109  65 139  80  81 176 138  69  54  38 137 167 126 173
  126 143  38 128  84 146 123  32  33 101  56  54 117 107 105  21 104  22  41 118  14 129 132   6  11  28  46  83 134  20 192 131  62  58   7 191  59 135 127 179 111 139  85  75  76 195  99  35   5  55   4 145  13  15 144  18  19 194 114 119 130 133 115  12
  143 135  87 163 147 146  51 141 111 150 105 160   1 161  35 153 107 140 132 138 133 156 155  50 151  56 126  54 114  38 157  55 139  10 152  78 101 148  68 158 137 149 145 159 171 134  64 129 166  88  66 175  16 174  11  67  79 136 172 127 169  84  95  28
  143  87 135 163 105 107 147 111 161  51 160 153 146  50 114  35 150  10   1  55 156 152  38 157 151 169 141 155 158 126 159  54 171 140  64 132  68  78 138  11 175 139  27  67  66 101 149 174 166 148 172  56  79 137  91 133 154 176 170 134  32  80 136  72
  143 105  38 111 107  54 135 126  87 146 147 163 132  32  56  11 101  55 139  84 128 134 161  28  51 166 114 160 153 129  33 127  59 138  91  50  35  72 155 123 151 140 133 152  20 156 150 104 157 137 145 159 131  27 169   1  78 117  10 136 141 158  43  64
  143 135 105 111  87 107  38 147 163  54 126 146  51 161 160 153  55 139 132  56  11 134 138  50 155 166 101 150  72 127  32 114 156  59  91 141 151 152  35  84 133 129  28 140 157 128 169 137 159  33  10 158 136  78  88  67  64 148 145 171 149  68  66  27
  143 111 105 107  87  38 135  54 163  55 126 146 101 147 132  56 166 161  51 160 139 153  11  32 128  84  50 114 129  28 134 127 155  33  59 138 151 140  78 152  72 157 150 156 123  20  91 133   1  10 159 158  35 169 137  64 145 171 141 136  68 104  27  88
  143  87 111 105 163 107  55 135  51 147 160 153 101  78 161 166  10  50 146  38   1 132 155 114 152 157  35  54 151 156 171 140 175 150 158  64  72 129 159  56  32 109 139  66 128 174  49  68  11  67  28 169  79 172 149 177  59  27 141  63  84 176  33  57
  143 111 105  55  87  38 163 166 135   1  50 161 114 147  51 107 160 153 146 101  56  35 132 155  78  11 129  54  10 126  72 171  28  64 151 156 157 128 150 152  68  59 158 159  84 140  33  20  63  49 139  27 175  32 169  95  66  67 174  58  69  79  57 141
  143 141 147 150 135 163  95  87 161 140  10 148 107 146 171  51 157 160  35  50  78 151 175 132 149  64 133 153 156   1 114 174  79 158  66 177 138 152 136 172 166 155  68  67  81  65  80 170 173 111 139  16 159 167 145 176 137 106 168 154 105 127 162 129
   34 110  29  12  97 180 119  58 182  42 181  90  98 116 121  21  41 192  96 196  45 194  89 186   9   6 179 191 195 185  62  85  22 125 120  18 184  20 193  19  73 100  46 118 101  84  86 183  23  17  15  69   4   7  61  60   8 115 128 117 113  92  14  57
   73 121 181 196   9  34 184 125  30 182  29  86 119 120 185 183  96 186 110  31  71  60 113  42 116 180  89  48  47  17 187 194 122  23  45 142 195  97  44  26  76   4  85 191   7 130  18 190  98   2 179   3  92 124  19  93 112  41   6 123  90 102 193  21
    2  26 110   9  30  93  82 185 142 186  73 168 184 183  48  92  71 177 167  96 187 165  34  31  70 108  81  53  77 164 162 141  65 175  94 173  80 170  79 176  95 174 182  16  42 125 196 149  86 172  10 171  90 150  66 148 154  78   0 136 112  57 122  64
  110  30 181   2  29 120   9  23  73 125  31  93 196 195  86 119 182  42 113  26 187  89 122  34  36  22 186  17  71 142  75 185 100  96   8  74  44 133 116  21 121 180 184   7  62  77  97 183  60 144 194 103 108 124 115  41 197  76   0  47 191 112 193   4
   73 125  29 120 119 121 113 124  89   8 181 182 196 184  23  42 187  96  86 122 126  77  30 123 186  60  45 115  71   2  34 110  17   7   9 185   0 180  97 116 130   4  74  14 179 117  98  18 197  46  47 191  21 144 195  25  12 112 118 183 108 142 193 131
  141 133 135 138 147 150 145 136 140 148   0 132 134 139 146 124 126 149 151 127 157 110  68 120  88 143 162  95  89 156 125  51 160 163   2 108 137  82   1 161  65  78  56  67 155  35 152  66 158 122 129  79 174  61  26 172 115 173 153  57 175  77 171 154
  183  89 110  34 186  86 125 132   9  31  61 120 185 145  92 133 124 112  95 119 121  71  60 141 180  42 184  90 123  97 167 181  57  29  87 130  45 177 108 122 140 196 182  47  48 150  26 193 129 136 109 148 131  10 106  19   0  23   8 168   7 147 115 104
  141 110 124 133 125 186  56 147 120 187  89 132 150 145 138  61 183  95 162 115   8  77 148 182 122  35   9 135 129 123   0 112  31 146  82 140 126  68 167  26 155   1 175 136  36 131 101  92 149 168 151 103 177 180  16  29 114  71 185  78 157  88 164 156
  110 125 132 124 120 133 129  61 114 182 145 131 101 181 186 187 180 121 123  56 103   7  29 115 126 104  89  75  45   8  71  47  86 146  42 183 113  23 197 147  24 140  19  17  31 119  84  60 141 196 193 130 185 135  13 189   4  18  27  97 179 117 195  46
  120 125 124  29 101 182 115 123  45 180   7 113 119 114 181  61 121  18 117  84  86  17 129 131 103 179 193  89  19 132  42   4 104  99  23   8 130  60  46 189 196  56 195   6 116 191  62 110 145 118 190  75  14  47 192   5  22 197 126 187  21 186  34  13
  125 113 182  29 120   9 124 119 145   0  89 110 133 103 123  17 193 121 115  23 190 112   8  86  77 181   7  75 187  45  69 180 186  47  30  26 130 131 122 195  96  71  62  60  18 144 129 116  84  15   4 101 146 114 179  31  74  19  42 183  46 138  56  40
  110  30 181 182 125 121  31 184 186 196  73 120   9  29  71 187 185  86  23  96  47  34 183 122 180 119   3  93 113  42  17   8  26  48   2 116  98  60 124  70  45 130 103 195  61   0  77  44  18  75 190   7  97   4  89 193  74  19  92 178  40 194 179 188
   73  96  30  29  42 113 196 121 181  86 185 187 125 100  34 119 182  71   2  23   9 120  93  40   0 116 110  77  14 188  47 183  74 184  26  58  22  60  45  18 186 142 190  85 130 195 180   8  44  46   4 193 194 103  17  98   3 191  99 144 102   7  48 179
   73   9  30   2  96 142  93 110 184 196  34 182  26 185 121 186 125  86 183 181  29  71  42 187  77  82 113  31  48   0 120  60  44  92  23  90  98 122  70  97 116  89  47  76 119 112   3  52  94  17 167 195 190 194  36 162  95  12 180  81  15  85 100 179
   73  30 125 181 121   9 184  86 182 186 185  29  31  60 187 110 196  71   2  96 122 183  23  77  34 120  44 119   3 142  93  42  26  70  89 113 124 116   8  98  17 112 180  48 190  47  76 194  45  82  18 130 195 179   4  92 178  40   7 197 100  14  19  25
   73  30  96   2  26  93   9 184  86  29 183  77 186  71 181 185 110 125 142 121   3  70  31 187  34  82 113 182  23 196  44 120  42  25  60 122  92  47 119  98  40 112 100 116  89  95 130   8  48  36 144 167 190 180 124 165  94 188 178  17  53  81 194  45
    2  26  93  30 110   9  96  73 142 184  82 186 185  48  71  92  31  70 187 182 183 167 168  53  94 196  77  34  95 181  81 121 177 165  86   0 125 162  90 173  65  16  80  42   3  29 170 176  79  98 175 172 164  49  47 174 149  66  23 122  52 141  39 171
   73  34 196  29 121  96 120 142 125 119 182 181 113 116  41  12  97  42  30 184   9  86  89  21 110 195  60  17   6  44  85 179 194  22  23 191  36   0  46 180  14 100   2 190  18   4  15 193 197 122  45 144 192  98  19   7  90 118  74  62 117 124 130 126
    9 186  92  93 167 125 183  26 168 110 184 141   2  31 162 177  82  94  48 142 136  71  30 150 149 164 112 182  81 124  52 148 165 175 181  65  95  73  72 187 185 174 122  53 171  34  78  86 196   3 172 176  43  79 157 121 170  90  70 173  66 145  80  10
   73 196  34 121 182 120 113 119 125  29  42 184  96 181  30  60 116 122  97  86  98 191 180   9  21  41   6  89 179 193 195  17  18  44  22   4 194 110  23  46  14   7 130 190  47 192  19 118 117  45 185  85 126 124 142  71 131 186 104 189  74  75 123 183
  