  64 110  35  96  78  62  65  85  93  22 143 111 142  21  80  91  76 141  95 127  36  92 185 164 172  94  39 174 105  57  53  34 144 139 173 160  97 125  40 146 159  33 187 120 179 135 138 109 148 150 190 101  37 192 188  20  16 191 147  90  26   9 176 161
  132  65 121 197 194 183 140 180 144 135 110 136  76  94  80 138  87 133 192 165 161 186 111  77 119 107 178 190  66 147  63 179 139 114 131 172  79 101  97 173 174  53 123 158 160 122 168 187 146 163 188 177 142  62 191 145 196 149 189 176  92 159 162  86
  110 115 166  93 144 136 174 145 183 158 138 113 172 159 192  35 188 135 146 187 173 190 148 127 191 114 160  94 149 178 161 177 147  76  77  87 176  65 139 162 179 186 163 189 142 150 194 141  97 182  92 164 193 116 197 165 102  80 140  79 180 101 133 128
  110 166 115  93 144 183 136 127 138 114 145 174 135  35 158 113 172  87 159  65 146 192  76  77 188 187 190 142 173  94 178 160 191 148 161 179 182 149 147 177 176 186 139 194  97 162 163 189  92 102 150 141 165 132 101 197 195 193 140 116  80 133  62 181
  115 144  93 136 166 110 174 145 183 158 113 135 138 159 172  35 188 146  77 127 187 192 190 114  76 173  94 191 160 176 178 148 149 161 177 147 139  97  65 186 162 163 142 194 189 179  87 150 182 116 102  92 101 165 140  80  79 197 164 133 141 132 181 193
  115 110  93 144 136 166 174 145 183 158 113 135 138 127 114 159 172  77  35 188 146 187 192  76 173 190  94 191 148 160 178 149 176 161 177 147 139  65 186  97 162 142 194 163  87 182 189 150  92 179 102 116 165 101 140 197  80  79 164 141 133 193 132 181
  115 110  93 144 136 166 145 174 183 113 158  35 127 138 135 172 159  77 188 192 114 146 187  76 173 190 191  94 148 160 149 178 176 177 161 147  65 139 194  97  87 186 162 142 163 150 189 102  92 116 182 179 140 165 197  80 101  79 164 141 193 133 181 132
  114 166 183 110 136  93 127 115 144 135 158 145 172 174 182 194  77  87 138 190 159 188 180 187 161 113 173 146 178 179 192 160 149 148 147 176  65 139 197  94 177 191 186 142 165 195 189  92 163  76 162 102  35 101 140 132  79  97 116 181 164 150 193 168
  115 136 183 114 145 174 144 113  77 110 146 158 187 159 173 178 188 135 191 190 172 161 192 176  93  94 127 166 149 148 139 186 177 160 147 162 189 163 164 194 150 141 165 179  76 151 140  97  80 138  79  65 182 197 193  35  92 111 195 132 181 133 180  78
  110  93 114 127 183 136  35 115 144 166 113 145 135 142 178 174 190  77 158 172  97 192 194  76  65 146 159 187  87  94 188 173 139 176 161 138 191 147 160 182 149 177 140 195 148 189 165 163  80 162 186  92 150  62 132 164 101 193  79 141 197  22 102 133
   35 135 166 144 138 132  65  76  93 127 136 102 110 186 115 145 179 113 116 190 174 101 158 172 159 183 114  77 146  94 178 133 131 188 100 182 161 160  62 192 187 191 173 168  86 176 165 149 147 177 139  97 148  87   0 189 194 162 163  80 150  92 142 193
  144 110 136 138  93  77 174 166 127  76 145 135  65  94 158 115 191 159 188 192  35 146 187 114 178  97 160 190 161 172 173 183 176 177 147  87 139 149 148 162 186 163 189 116 150 113 182  80 165  79 132 194  92 140 142 101  62  90 180 164  36 133 193  91
   93 110 144 183 136 145  77 174 172 158 192  35 135 114  87 127  94 190 188  65 187 138 146 159 160 161 173 149  76 191 147 166 177 148 178 163 176  97 139 162  92 113 189 194 150 115 142  90 165  79  80 140 197 186 164  36  91 141 195 182 193 196 180 111
  115 166 183 144 113 136  93 145 158 174 110 135 138 114  35 159 194  77 127 172 146 188 187 173  76 190 102 176 192 161  94 179 178 149 191  87 160 148 177 147 186 101 182 139  97  65 162 116 163 165 142 189 150 197 140  92 181 193 128 100 132 141 133  79
  115  93 144 136 110 166 183 145 174 113 158 135 138 127 159 114 172  35 188  77 146 187 173 192 190  76  94 191 160 148 149 176 178 161 177 147 139 194  97 186 142  65 162  87 163 189 182 179 150 102  92 116 165 101 140 197  80  79 193 164 133 181 141 132
  115 110 144  93 136 166 183 145 174 158 113 138 135 127 159 172  35  77 188 114 146 187 192 173  76 190  94 191 160 148 149 176 178 161 177 147 139  65  97 186 142 194 162  87 163 182 189 150 179 102  92 116 101 165 197 140  80  79 133 164 141 132 193 181
   93 144  35 174 110 138 178 145 136 158 166 192 159 146 176  94 115 188 191 187 160 172 135 150  77 190 162  76 161 147 173 149 177 148 186 189  97 116 139 163 127 113  80  91 141  79  87 140 164 183  65 111 165  92 142 143 114 102 194 193 101 179  36  95
  144  93 115 136 113 110 145 174 166  35 158 183  77 135 127 172 138 159 146 188 192 187 190 114  94 160 173  76 176 148 149 191  65  97 161 177 139 147 178 142 163 162  87 189 186 116 194 150  92 182 197  79 165  80 140 102 164 193  91 101 133 179 128 100
  115  93 110 136 144 166 183 174 145 158 138 113 127 172  35 135 159 114 188 146  77 192 187  76 173 190  94 142 191 160 148 178 149 176 161 147 177  97 139  65 194 162  87 163 186  92 182 179 102 150 189 116 101 197 140 165  80  79 141 164  91 181 133 193
  115 136 144 166  93 183 110 145 174 158 135 113 138 127  77 159 114 188 172 146 187 190 173  94  35  76 191 192 160 149 176 161 148 178 177 147 194 139  97  65 186 162 142 182 163  87 179 189 150 116 102 165 101  92 140 197  79 133  80 132 181 193 164 180
  115 136 110  93 183 144 166 113 145 174 114 127 158 135  77 188 172 178 173 187 146 159 194 138 190 191 148 192  94 176 160 149 161 177 147 139  76  97 186  92 142 162 163  35 150 182 189  65 102 197 140 165  87 181 179 132 164  80 116 193  79 101 133  91
   22 110  35 165 115 140 114 126 125  65 127  94 174 136 111  21 145 166  64 144 139 116 189  80  78 191 192  77 164 135  76 190 178 173 146 187 122 186  95 159 193 176 161 188 158 109 194 147 148 151 162 120 142 177  66 172 131 160 141  99 149 183  59 163
  110  77  78 136 135  94  65 192 145 174 139 144 161 146  79 191  80 140 147 187 159 172 164 141 188 190 162 138 158 173 160  95  76 177 163 149 176  90 178 189 148 186  36 150  35 154 111 115 151  92 125 197 114 127  97  22 113 165 194  64 119  93 142 132
  166  35  22 110  24  53 115 124 116  21  93  89 165 127 114 131  65 136 102  62 145  77 141  86   9 103 144 122 178  26 113  76  16 128 174  81 138 159  38 188  83 146 192 191  74 162 135 158 190 143 108 177 187  94 176 120 182 139 161 101 140  64 149  12
  136 115  77 135 144 145 174 190 110  65 159 146 161 187 191 173 158 188 139 176 189 147 172 160 177 127  94 149 148 114 194 162 192 183 163 178  79 166 186  35  80  76 150 165 138 132 113 133 164 140  97  93 101 179 197 182 196 111  90 134  36 195  95 151
  113 183  35 138 136 115 144 174 145 114 166 110 158 146  93 187 188 142 190  87 192 172 159 182  94 173  76 149 160 127 147 177 148 133 176 191 189 135 161 194 178  97  77 139 162 163 179 186 193 165 181 197 140 164 150  80  79  65 196 101 132  92 102 116
   93 110 141  91  87  92 142 172 127 192 164 114 144 174 148 145 160 153 187 159  35 158 136 146 191 188 115 173 163 183 190 138 117 147 162 135 177 149  94 150 178  76 189 161 176 139 170 166  77  65  90 116 180 171  97 186 179  96 111 151 109 102   0 194
  110  93 114 115 127 136 144 166  35 113 135 142  76 145 172 174  77 138 183 158 192  94 159 182 187 146 188 190 173  92 191  97 194 160 148 141 149 139 147 177 161 176  65 162  87 163 186 178 197 179 150  80 101  79 165 189  91 164 140  36 181 100 133 102
  110 166 183 136 115 144  93 138 127 145 174  35 158 114 172 113 135 142  77 159 178 188 146  76 192 187 190  94 173  87 182  65 149 191 147 161 139 160 148 176 177 102  97 186 194 162 163 179 132 133  92 189 150 101 195 140 165 197 124 116 128 168  62  80
  183 115  93 136 166 110 113 144 145 158 174 114 172 182 135 127 192 159 188 146 187 194 190 173  77 148  35 160 138  87 142 191 149  94 176 161 147 177 178  65  92 163 102 162 139  76 186 189 165 179 141 150 197  97 164 195 180 181 140 116  91 100  79 132
   35 172 136 158 113 110 145  77 144 146 174 188 166 183 160 176  94 187 124 159 191 142  91 161 138 192 148 147 149 178 173 177 115 163 116 162 190 139 189  65   0 135  92 186  76  93  97 143  79 150 141  36 114 164 182 132 127 197 111 157 133  80 179 140
  110  35 136 144  65 138  93 145 174 135 127  77 172 192 159 183 158 146 160 190 187 188  94 114 166 178 191 189 142 161 148 173 177  76 149 176 139 113 147 163 162  97 186 116  87 115 150  79  80 164 165 140 194 141  36 182  90 132  92 133 111 197  78 179
  110 138 115 144  35 113 166 136 183  93 145 127 172 174 158 135  77  76 192 159 188 146  87  65 187 114  94 173 190 160 191 148 149 142 178 147 161 177 186  97 139 176 163 182 162 194 189 150 197 132 102  92 116 141  89 133 165 164  80  79  36 100 128 179
  110 136 166 138 144  93  35 115 174 113 135 145 158  87 127 172 183  77  76  65 114 159 146 188 192 187 142 190  94 160 173 178 191 149 161 147 148  97 177 139 182 176 186 162 163 179  92 194 101 189 165 197 132 102 150 133  62  79  80 116  89 141  36 140
  115 110 113  93 183  35 144 166 136 127 145 158 174 114 142 172 138 135 146 188 192  77 187  94 178 173 159 160 148 190  87  76 149 191 176 177 147 161 182  97 189 194 162 163 139  65  92 186 102 150 100 164  91 116 141 197  89  80  79  62 140 181 101 165
  123 126 106 108  37  78 154 121  64  67 112  99 197 125 133 132  50 119  51 169  54  66 165  59 193 131  47 105  11 195 101 114 118 134  98 179  25  71  70 137  46  49  10 111 155  41  55  79  72  95  32  75 140  90  60 109  80 151 164  85 104 180  42  57
   54  37 108  25  47 105  55  59 119  71  60  61  51  42  43  32  19   4  34 118  72  14  18  13  70  48 109  15  17  41   6  20   5  69  46  67 124  56  99  11  66 184  68  74  52  28   3   2  31  49  40 104 126  27  10  23  33   7   8   9  16  58  50  57
  110  65 138  89 136 144  77 135 127 124 132  36  87 195 160 192 172 178 159 174  62 190 139 165 146  35 145  94 188 189  50 191 161 187 149  76 147  90 177 148 158 163 173 183 197 162 166  93  78  80 185  79 150 133  97 171 142 122 176 186 113 114  92  22
  132 136 135  65 144 127 183 131 166 182 178  35  77 133 186 101 165 159 145 190 102 174 115 146 161 191 158 188  76 172 176 187 173 149 177 138 139 147 160  94  86 110 148 162 140 116 179 189  80 163 114 192 113  62  79 194  97 150 134 195  87 168 193  36
   93 115 183 179 136  89 141 148 174 145 164 188 142 187 146 173 193 166 172 159 191 110  92 158 150 192 160 190 195 144 162 176  78 177 163 182 127  65 139 149  94 147 161  77 178  87 135 186  97 113 189  91 111  35 194 180 151 101 154  80 196 197 153 175
  110  93 127 182  87 115  65 113 136 144  92  76 141 138  89  35 174 145 183 135 159  97 192 146 188 190 158  77 187 160 101  94 191 173 162 148 172 170  62 177 149 161 100 166 139 163 114 142 194 178 186 147  90 179 176 165  80 150  91 164 180 189 140  83
   93  35 113 138 144 115 110 174 172 192 158  76 145 136 142 159 188  92 187 191  91  94 146 160  77 177  97 149 148 173 147 162 176 190 163 116 139 161 183 141 150 135  87 178 166 186  65 127 114 164 102  89 194 189 182  79 128 197  80 140  36 180   0 143
  166 110 144 138 136 115 174 158 145 113 172  93 135 146 183 188 190 127 159 187  77  35 173  94  76 178 160 192 148 147 191 176 149 161 139  65  92  87 177 142 194 179 197 163 182 102  97 162 114 132 150 133 165 186 116  62 101  80 189  79  91 140 181 164
  115 144 166 174 110 158 145 138 192  94 136  76 188 159 191  77 187 146 173  93 147  35 178 149 135 148 172 190 176 177 162 150 161 160 139 163 113 114 179 165  92  65 186  97  80 197 183 140 101 164 128  79 189 127 194 102 141  91 142 133 116  87 193  36
  100  53  93 113 124 103 153  92 141  91 182  96 106  73 115  24 117 180   9 142 123  74  64 151 181 166  39  83   0  46  60  17 102  86  38  40  58  42   7  25  89  56 170  13 194  70  67  34  29 171  62  11 184 157  72  19  20   6  69 154  33  28 128  99
   93  35 110 113 192 144  92 145 136 172  77 158  97 174  94 183 178  91 188 191 187 177 114 146 160  76 173 190 149 176 135 148 159 115 163 147 139 161 186 150 162  87 128 138 189  89 140 166 194 116 127  80  65 165  36 164 142 193 102  79   0 197 111 100
  110  35 138 113 166  87  96 144 127  93 136 183 115 197 142  89  62 100 132 172 135 158 174 102 145  76 124 157  65  77 194 190 188 159 146 116 160 165 192 173 187  97 133 178 148 149 101  94 182 186 177 191 176 193 161 147  92 185 163 128 139  86 162   0
  110  65 144  35 166 138  93 115 136 174 142 127 145 135  77  76 172 158 159 188 146 183 192 187 160 173 114 190  94 191  87 148 139 149 161 147 113 177 176  97 163 116 162 186 178 150 189 179 197 133  92 101 165 182 194 102  79  90 196 141 128  36  80 132
   93 110 115 144 136 113 127 138 145 183 166  35 174 135 158 142 172 114 159  76 192 188  87 187 146  77 160 186 148 173 191 116  97  94 190 149 176 177 147 161 139 178  65 162 102 163 194 189 150  92 141 182 197 140 179  79  91 164 100  80 128 133   0 101
  115 166 106 101  86 131 114 182 102  96  38 100  62 168 120 183 167 193  53   0 153  44 195 194  26 132  74 103  16 107 179 197  54  81 113 181  67  93  84 156 151 140 133 104 142  24  73  25  12  70  21  66  88  23 184 127  37  56 116 165 110  68 108 128
  110  62  25 122 105  38  66 124 157 185 131  54 197 104  49   7  64  34  67 107 119 106  24  70  74  22  73 118 114  23 142 167  32  60  37  51  20  56 132  86  16  53  11  71  19  75 120 133  27  69 108  33  39  52   6  12 115  14   3  15   5  29  18  13
  183  65 110  87 136 144 135 189 145 190 127 159 174 192  35 160 146  77 187 115 188 173 148 191 177 138 113 161 186 149 158 178 172 139  93 165 166 194 195 147 162  94 163 176 179 182 150 132 141  76 142 114 128 193 196  97 116 133 164 140  80  79  89 197
  138 115 102 144 179 158  93 174 183 145 159 186 135 136 172 192  76 110 188 147 187 173 146 176 190 160 191 178 161 149  94 148  65  97 162 177 166 139 194 163  77  87 150 140 127 142 100 101  35 180 114 113 133 116 181 197 128  92 164 189 141  79 168  80
  127 135 183 144 115 136 166  87 186 114 189  65 145 190 132 173 140  97 113 159  76 148 174 178 187 146  77 102 188 191 138 160  94 158 165 161 172 194 149 177 101 139 176 150  80 192 147 162 163 116 133  93  35 110 197  79 195 182 180 128 196 111 164 193
  101 127  87 114 110 135  62 166 182 168 131 102  76 100 132 113 138 144  86  63  65  35  96 183 165 194  24 179 136  93 186   0 156  53   9 107 115 159 145  97  77 189 196 158  40 133 190  80  38 116  73 146 171  94 160  83 161  21  88 181 149 177 174 167
  113 144  93 115 158 174 145 135 136  76 183  97 110 138 172  94  77 159 187 160 188 127 192 146 173 191 190 176 148 194 149 161 114 147 177 139  35 186  65  92 162 163 178 116 142 150 197 189  87 166 140  79  80 102 182 100 101 179  91 132 164 133 181 165
  115 110 113 144 136  93 127 183 166 145 138 158 135 174  35  76 172  77  87 159 188  65 102 146 173 187 190 114 192  94 191 160 148 149 186 177  97 176 194 161 178 147 139 162 142 101 163 182  92  89 189 179 197 116 150 132 165 100  80 133  62 140  79 128
   93 110 135 144 142 100 114  97  87 186 172  76  35 136 145 158 183 174 127 159 113 192 138 102 160 116 141 166  65 190 187 146  77 191  94 173 148 188  92 178 189 149 115 161 139 177 176 171 147 150 168 179 162 163  86  80  89  38 182 128 194  79  91 170
   93 114  92 115 144 183 135 194 145 136 158 113 174 173 110  76 127 172 186 160 192 148 187 159 188  94 191 190  77 176 182 146 177 149 161 147 100 162  97 102 180 150 197 181 163  91 142 140 139 101 164 193 189  79  80  90   1  65 166 179 178 141 138 165
   35 110 115 142  93 102 141  91 185 138  96 166 116 103 127  76 128 144 100  92 113  62  24 120 172 158  87 135 174 124  65 157  86  38 145  89 192  21 148 159 186  83 188 160 187 146 173 153 101 182  94 191 136 147  97 149   0 179 177 162 176 163 181 161
  113 115  93 183 145 127 158 174 136 144  87 146 159 187 194 148 166 188 190 173  97 160 176  35 149 172 177  94 192 191 182 135  77 138 161 163 178 139  76 147 162 116 142 110 150 114 189 179  96 102 186 181 100 164  79  92 197  65 101 180  80 165 193 128
  183  93 110 115 166 144 138 127 136  65 114 135 174 113  35 158 145 159  87 172 188  76 182 160 187 192 102  77 116 146 190 173 142  94 149 148 191 161 178 177 186 176 147  97 139 189 162 194 163 165 132 150 179 101 193 133  92  62 181 197 195   0 140  89
  166 183 110 182 136 124 115 172 197 195  87 114 127 158  65 144 179 145 194 174 132 165 188  89  92 138 135 146  77 142 160 187 101 159 190 161  93 149 173 147 148 157  35 133 139 153 191  94 163 177 181 176 113 171 168 178  96 192 162 102 109  78  36 185
  124 110 138  49 109 119  36  22 120 123 154  78 126 155 106  99 157  65 143 137  90 195 171 125  50  75 122 164 197 108 185 192  62 105 166  64 140  76 172 127 133 184  85  80  74  60 139   7 190 142  37 132  55 178 147  66 121 174 128  79  54 180 136 144
  189 183 165 193 125 135 140 186  80  77 132  79 126 190 194 176 139  94 114 145 161 174 144 160 173  95 187 159 149 146  90 177 116 158 133  63 113 191 148 188 178 147 136 150 122  97 195 164  65 162 163 131 192  81  78 134 110 156 197 172 196 154 115 138
  155  64 112  78  37 105 121  59  22  50  49 125  54 108  75 169 123 122  45  47 118 137 106 154  60 130 193 129  66  51 186  32 133  95  10  25  43 134  55  99 152  34  71  46 143 124  20  42 138 126 107 110  67 164  13  48 111  36  61 195  85  41 175  65
  110 166 183 138 124 165  78 122 197  65 154 114 164 192  90  35  87 116 109 125 157 174 195 145 136 144 159 172 196 189 113 187 188  77 190 160 127 178  94 149 158 146 161 162  22 126 140 173 163 147 191 148 193 169 139 177 176 137 135 180 153 132 128  36
  138 110 166  93 144 135 136 114 113 102 158  65  35 174 183 178 145 159 190  76 101  77 192 172 115  94  97 160 187 146 188 142 149 139 173 194 147 193  87 177 191 161 176 186 148 189 196 116  62 127 140 165 162 150 197 163 133  80  36 195 132  79  22 128
   93 116 166  87 144 145 127  97  35 192  65 136 110 113 115 186 135 174 148 159 176  77 172 187 158 191 179 173 146 114 183 160 190 142 177 150 188 128 100 147 163 189 149 139 161  94 162  92  76 102  91 178 194 140 164 138  96 197 141  79 157  38  80 195
  183 144 115 136 145 174 135 159 158 173 188 190 187 146 172 148 160 114 166 191 138 149 127  93 192 177 161  77 186  94 178 176 110 147 139 194  65 113 162 189 163  76 150  97 102  87  35 140 179  80 165 182 164  79 193 116 101 133 142 181 197 180 132 128
  183 144 138 115 166 110  87 113 135 136 127 102  93  65 158 145 174  35 159  76 172 186 114 194 188 182 190 146 187 173 160 142  77 148 149 192  94 161 191 177 176 147  97 133 101 139 178 132 189 116 163 162 197 179 165 100 150 196 128 195 181 140  79  80
  144 138 110 115 136 183 135  93 158 174 145  65 113 127 159  35  77  76 188  94 166 187 192 146 160 173 190 172 148 149 186  97 191 177  87 116 176 139 161 147 102 178 162 163 142 150 189 194 165 114 133 140  79 101  80 197 182 132 128 179  36  89 164  92
  114 115  93 182 166 144 101 113 138 183 127  76 135 136 145 174 194 158 159  97 146 110 188 173 190 187 148 149  94 191 161 160 177 176 172 178 102 181  87  77 100 133 139 147 163 192 162 186 150 196  65  80 179 132  35   0  62  92 189 142 193 116 165  79
  115 113 183 182 138 194  87 179 144 136 181  76 135 145 158 174 146 159 102 127 187 190 188 173 114 161 149 133  94  97 191 177 160 189 172  77 166 148 110 147 139 162 132 101 142 192 163 176 186 196 151 168  35 141  65 178 165  79  80 180 128 150 195 140
  183 102 115 166  87 182 168 194 181 113 114 195 180 179 136 158 138 100 145 144  93 165 135 174 178 159 127 190 172 188 161 146 192 149 128 187 173 101 148 147 177  92  89 176 191 160  94 151 163 132  77 162 196 142 167 131 189 139 124 197  76 186 193  65
  183 115 142 181 166 182 136 194 110 172 114 144 158 145 135 132 174 133 179 127 160  96 146 188 161 178 173 159 187  65  93 180 190 113 124 176 148 101 147 149  94  92 177 195 197 139 189 138  77 191 102 163 196  91 162 192  35 186 153 141 150   0  87  76
   37 105  99  54 108  25 119  47  51 106  64 109 104  55  71  60 118  11 126  66  69  32  59  49  72  78  10  61  42 122  70 123  41 154  43 169  81 155  50  48 129 130  67  52 121  20  68  31   4  14  19  34  18  17  15   5 137  13   6 156  46  30  45  56
  105  54 118  37  47  55  25 155  59  42  60  10 119  71 129  99  61  68  43  32  13   4 108  48  19  72  18  69  14  51  49  11  15 104   5  46  31  30  17   6 130  41  34  20 121   3 152  70 109  57  67  45  52  56 156   2 184  27  28  64   8 123  78 112
  129  41  68  10  47  51  54  37  81  67  12  16  45  32  57  82  48  17   4  27 112  69   3 121  14  63   5  31  99  55  15  18  19  72  61   6  11  13  71  28  70  26  59  42  60 104   2 169 125  85 126  98  33  34  52 156  23  66 184  56  22   8  84 131
   54 118  37  47 105  10 155  55  25  59 129  42  60  71  99  61  68  51  49  32  69   4  13  48  11  72  41  18  43  14  19 108  15  17   5 109  46  31  52 130   6 104  20 152 126  70  30  34  45 156   3 119 121 112  57  27  56  23   8   2 184  28  50  66
   37  47  54 129  99  10 118  55 105  25  59  49 130  51  78 112 108  60  42  32 155 109 104  48 126  66  61  64  71  50  31 119  72  22   4  41  45  11  68  20  13 121  14  19  17  18  69  43  34  46  15   5 125   8  23   6  30 122  70   3  75   2  57 123
  138  65  90 189 192 159  22 144 162 174 125 139 146 145  78 164 190 187 191 149  95 147 177  80 160 116  94 188 163 150  77 161  79 148 134 110 136 178 122 128 165 176 173 186  36  97 193 158 140 135 172  35  76 127  64 113 111 169  87 183 137 166 179 133
  189 114 144 113 135 183 136 145 190 186  87 174 159 193 146 165 178 182 161 188  77 187 101 177 149 176  94 139 191 160 192 158 173  65 132 162 147 115 179 194 148  76  80 138 131 163 127 140  93  97  79 172 134 166 150 133 180 168 137 111 110  35 116 197
  183 165 113 182 136 144 166 132 101 190 186 114 145 115 135 174  77  87 189 193 159 188 158 138 149 161 146 133 176 187 173 139 177  94 160 191 197 131 147 148 192  79 162 178 163  65 194 127 172  80  76 140 134 168 196 179  97 102 150  89  93 180 137 110
  183 136 144 145 172 159 174 158 193 188 138 192 160 187 149 190 161 147 173 191  77 146 177  93 148 135 162  94 139 114 176  65 163 180 186 179 150  97 110 178 166 189 181 115  79 197 164 194 127  36 101  76  80 182 132 128 133 140 196 168  87 142 102 143
  115 127  96 166 110 142  93 136 183  35 141 148 145 101 188 173 172 103 159 187 158 174 162 144 191 138 146  97  76 150  44  77 114  91 160  38 163 177 176 186  94 153  92 139 149 164 116 147 190 193 192 100 128 178  39 161 118  21 111 179 181 140  36 135
  124 166 115 138 181 182  96 171 110 183 142 168  87  93 100   0 102 196 153  91 172 113  39  35 114  89 194 127 158 120 195 101 136 185  62 141  83 157 193 128  36  92 197  24 180 188 144 148 159 145 174  50 163 149 133  75 192  38  40 179 147  88 146 173
  100  91 170  92  93 155  53   0  38  86  30 166  40  58  39  24  74 117 180  11 105  87 171  10  16 141 108 184  72 118 102 156 154 181  46  73 114   9  20  18  13  59  23  96   7  43   4  26  56  34  54  19  17  69  15  71 103   6  42  14  70   5  52 115
  114 182 181 132 194 183 133 135  93 179 166 168 131 136 141 142 137 113 101 110 189 190 102 186 195 159 178  76 144 193 173  35 145 161  80 146 188  81 127 177 196 187 115 160 174 149 191 148 180   0 172 140  53  64 158 122 134 100 176  86  94  96  65  87
   91 180  92  93 115 114 141   0 151 179 166 181  39 170 164 117 194 183 153 172   1 111  96 154 148 192  30 150 173 145 136 110 193 191 175 163 176 178 187 162 188 174 158 160 147 177  58  87 161 146 159 127 142  83 167 190 100 149  53 140 197 155 144 102
  105  99  49  37 118  30 108 123 130  10  25  75 117  60  46  22   8 120 109  43  20  78  55 155  33  21 104  47 121  64   4  15  50  42  70  18  71  14  58  67  19   5  48  24   6 129  13  44  51  32  52  39 119  27  59 124  28   3  34   2 143  61   9  56
  129 111  95 175  91  98 134  78   1 164 112 150  79  92 121  81 155 177 148 162 163 191 160 176  80 161 189  65 147 173  77 190 139 188 159 187 149 192 146 136 145 180 151  94 140 179 178 135 169 174  50  36  37 156 172 104 158 186 143  90 165 109 144   0
  129 121 143  91  65 179 180 130 175  78 119 117 111 109   1 155 134  95  37 164 170 136  92  36 160 192 162 105 169 191 112 163 177  58  10 161 147 152 176 148 159  81 188 150  79  50 178 104 172 187 146 189 173 190 139  98 118 123 149  94 145 158  80 174
  112 104 129  37  10  67 118  44  95 117  55 121 123  99 155  98  81 105  68  30  43  47   1  60  82 111  41  42  11  27  21  71 126  25  51  74  46 156 175 130   4  52  14  17 119  19  61  18  78 180  13   5  15  54  63 134  32  48   2   6   3  16 125  66
   37 155  54  47 105  10  55 118 129  25  59  42  43  60  71  61  99  68  72  51  32 119  48  41 109 104   4  11  69  13  14  18  19 152 130 108  31  15 112   5 121 126  46  17   6 169  20  30  49  52  45   3  27  70  57 154 123   2  34 156  56  78  82  28
  112 125 129  22  78  47  54  64 130  99  25  37  31  95 118 126  10  59  41  60  55 169  61  21  32  42  49  34  48  72   4  45  13 122  51  17  68 104  14  19  20  18   5  30  15  66 119  50  63 121 155  43   3   6  71 123 105   1 109   8  46  11  57  23
   81  21  44  53  37  26 122  22  38   9 151 104  23  98  72  16 143  12  95  25 108  51 140  66  97  30  99 165  31  88  93  68 123  74 113  55  64 157 100 103  60  11  45  80 137 193 111  57 150 130  67 131 179   3  48  96 134  54  41 120  85  33 183  32
   37 109  99  78 130 108 154  54 118  81 104  47 156  66 126  25 129 119 111  22  95  41 105  98  55  64 122  51 155  50  11  32  71  59 125  72  63  31  10  60  61  49  48  43 137  23 134  68  42  69   4  21  30 112  16  18  14  20   5  15  17  45  19  34
  125 123  30 109 117   1  95 164 155 111 141  99 130  90  85 175  78 129 152 143  91 121  39 151 192 105 116   9  92 150 118 112 193  22  42  59 179  37 154  31  21  60  58 103  43  98  55  64  80 162  25  93 180  41 153  10 163 191 148  33  65  11  67   3
  115 113 183 194  87   0 114 182 151 144 145 166 141 136  77 186 174 159 190  93 181 165 127 148 192 140 135 191 173 189 177 150 128 187 149 146 188 178 176  94 161 162 163 102 160 139 193  76 110 158 147  97 142 100 180  89 138 195 132  63 172  80   1 197
  180  91 183  92 170 123 179 117 154 194  87 152 181  58 171 109 155  93 114 153 195  40 156 182 119 166 151 101 184  39 165  44  57  53  26  43   9  85  52  10 197  41  11  72  59 100  30  86 168  68  98 129  48  55 106  37   0 121 137  71   1  67  24  16
   96  85 171 124  50  49 130  35  36 118 112 185  52   8 108  89   7   9 157 110  73  39  63 138  42  46  43  40  72 126 197 100  90  27  62 113 109 184 154  20 143  87   4  60  78  19  75  80  74  15   5  48  57  44  24 172  88  13  25 101  47 133   6  14
  179 180 151 181 175  30  91 196 152 106 105 101 137 166 154  92 194 153 197 183 115 164  96 123  64 155 182 124  99 121 147 178 128 119 111 122 192 120 193 195 167  50 163 173 143 102 190 158 148 136 169 174 172 150 162 161 191 188  80  37 177 149 146 108
    0 193  44  81  99  72  24 103  23  38  45 116   8  22  82 156  30 153 104  83 168 130  74  53  73  63  17  25  26 114 181   2  86 142 118  98  96  13  60  89 115   3  34  27  35  68  66 151  28 122   6  21  14 152  19  32  18  69  29   4  67  12  39  47
  145  77 159  94 136 139 146 191 187 174 177 150 189 176 188 162 161 192 160 147  95 190 149 148 186 144 173  78  79 163 193  65 140 135 158  80 164 178  97 172  35 111  90  76 134 113 165  93 110 127  36 115 138 141 133 143 194 183 125 175 114 151 112 154
  113  97  77 110 158 136  35 135  94 145 144  65  62 174 138  76 178 146  89  93 160 176 188 187 149 127 139 173 191 131 177  36 190 147 192  79 161 159 148 197  92  80 120 132 133 172 163 162 115 185 102 189 140 150 116 179 186 101  91 142 128 166  63 157
  138 110 127 142 135  65 102 172 183 144 158 132  76 133 136  35  36 160 113 185 159  77 188 148 186  94  97  93 187 149 173 146 145 174  90  87 190 139 147 177 161 163  96 115 191  89 192 116 196 162  79 182 194 176  80 166 197 128  50 100 101  49 171 189
  110 138  35  65  36 172 135 142 124 158 133 144  76 185  77 132  50 160 186  94 136 159 188 149 146 145 139 148 192 187 147 174  79 173  49 177 127 191 163 190 161  80  97 162 178 176 157 113 189 116 197 150 102  89 171  78 128 164  96  62 115  22  90 134
  101  62  21 115  97 110  22 113  30 114 178 131 104  76 140 166  93  39  36  80  89 145 174 139 108 144  35  23  81 102 146  87  77 179 190  26 120 158  16 176 187 119 162 188 173  53  37 191 159  92 128 177   7  24 149 136 147 150 192  94 182 160  63  65
   91 142 110 102 197  62 138  92  49  50 172 185 115 194 129 133 132  58 181  93 144  87 196  35 158 166 179 136  38 157 148  96 127 143  89 182 160 173 147 121  76 108   7 188  75 135 150 171 159 187 101  39 174 146 124 190 191 163  36 176 183 186 192 175
  152  54 106 118 154 153 109 105  37  59  52  68  61  47 181  71  69 197  70  86  49 155  11 167 108 151  55  57  10  60  72 166  40 129 124 156 126  42 182  43 119  45  48  56 195 143 171  99  18  58  74 123  51 184  20  96 120  14 180  32  19   5 101  15
   37 105  47 130  25  42  55  46  54 104  99  31  11  59  51  41  30  43  60  71 118   4 129  67 121  64  34  13 155  32 125  10  78  14  72  19 112  18  95  48  15  20  66   5 108  61  69   3   8 169  68  17   6  27  82 119  33  85 122 123  50  12  75  28
   98 118 129 117 125 156  95 103 151  91 127 141 126 111 153  68 155  99  61  25  55 109  81  63  16 170  21  30  64  31  96  78 116  38 104  26  18 140  54  44   4  90  47 150 164   2  14  58  23 152   5  10  43  66   6  15  67  80  71  17  59  37 134  13
  104  98  37  41 130 106 120  99 101  68  81  55  10  25  66 154  71  51 118 179 108 121 126 137  52  40  21 105  30 169  47  72  67 107  32  11  60  48   8 119 122 111 131  44  69  59  54   2  31  70 184 156  27  63  33  16 167 134   3  45  43  12 132   4
   49 121 108  10 106 155  52  54  68 104  69 118  47  72 129  55  27  70  71  42 130 168  74  60  41  50 169 123  98  32  43  48   4 157  51 105  85 167 184  99  13 112  19 154  14  15 126   5  44  18   6  61 107 120  28   3  57  75  86  17 152 132  46  25
  155 105  37 119  99 154 109 153 104 152  55 117  71 106 123 129  60  51  30 108 151  68  11  58  61  69  47  54  72 137  43  40  59  70  42  31 130  48  81 184  74   2   4  57  14  18  15   5  19   6  46  52  41  32  17  13  25  56  98   3 170 181  67  16
   54 105  59  47  43  40  17  13 155  57  72 119   4  55  18  32  10  68  14  56  42  31  70  19  48  71 184 117  46  15   5  60   6  30 108  25 152  28  51   3  23  74  41  37  61   2  69  27  58  33  11 123  73  34  67  20  82  45  38  12   7  85  52   8
  116 113 115 189  93   1 186 144 145 159 136 135 193 174 177 150 194  94 191 176 158 149 188 148 161 178 187 173 160  77 162 146  76 138  97 192 190 147 139 181 163  79 140 183   0  81 102 151  95 127 103  35  80 131 142 182 128  63 165 172 100 133 180 114
  116 103 102   0 186 120  93 193 114 176  86  35 148 174 144 150 113 145 160  21 115 173 159 187 188 149 158 177 135 172 191 139 111 127 146 142 189 161 181 147 136 190 178  44  97 133  76 162 141 179 163  94  79 167  26 143 101 140  77 153 128 175 192 180
   65 135 132 102 127 179 136 110 144 186 131 138 101 107  76 167  62  77 189 141 160 159 161 158 133 180 178 145 170 121 140 188 173 146 190 166 191 162 147 119 174 149 192  94  86  92 148 172 187 100 177 169 168 139 176 116 163  79 106  83 195 128 104  84
  126 182 132 131 153 133 194 195  63 106  66  84  67 127 101 183  81 135  65 179 114 155 115 102  86 156  98 181  82  40  87 140 186  37  74 167 165  44   9  70 137  68  41 189 107  64 122 136 104 125  69  71  53  51 193  59 119 105 168  62 180 151 169 196
  107  66 168 112  10 130  68  51  45 131  63 100 106 137 104 132 157  54 101  32  88 133  82  27  26  47  37  75 105  42  46  25  12  72 169 121 122  31  69 126  57 167  41 113  49  23  97 134  30  50 129  21  96  11  98   0  70  81  17 196  29   4  34  85
   87  90 113 138 125 116  63 189 165 186 183 140 114  80  97 144 190  21 193 159 192 145 128 149 146 174 187  94 160 177  22 126 139 135  35 164 162 176  79 163 147  77 148 188 194 161 173 191 150 158  76 178 110 133 115 197  95 134 112 127 154  98  65  36
   98  90 175 112  79  95 189  97  77  36 139 125 150 177 159 191  80 148 162 134 163 187 147 149 135 146 164 138 160 161 176 188  94 173 145 133 174 190 186  65 158 196 123  76 144 136 172 192  78 140  22 116 178 193  63 143 194 113 128 121 155 195 127 111
  115 183 113 182 197  87 194 180 166 165 136 127 145  90 174 158  89 188 144 149 176 159 187 148 190  77 173 146 177 153 192 151 147 164 163 181 191 160 114 196 161 162  94 139  65 102 172 128 101 138  84 142 150  96  79 110 135  93 140 133 189 178 116  97
   47  54  68  10  55 118  59  30  42 155 123  61  69  60  25  71  31  17 152  48   4  46  11 105  13  18  57 129  41  14  70   5  51  15  37 104  99  32  19  98   6  72 106  20  45  43  56   2 126 121   3 117  34  67  82 153  28  33 169  27  64   1  12 112
   25  74  54 124  45  88  75  20  72  34  69  47  61  32  13  38  73  70  59  19   4  82   6  60   5  14  18  71  15  31  46  17  42  48  99  28  51   3   8   2   7  29  56   9  27  41  43  33  30  83  24  55 107  68  49 130 185 105  12 118  10  57 104  96
  104  30  99  37 143 105 106  49  74  11 101  10 120  54  51  42 155  46  60 171  45  32  69  47  38 153  71 130  20 108  70  86 107  25  72  55  67   8  34  29  27 167 122  19  66   6   5  14  18  15  73 168  13 119  59   4 131 154 124 137  24   3  28   2
  119 106 137  81 105 123 107  37 131  30 181  72 168  66 104  25  51 167 122  47 101 180  31  73  11  24  32  54 184  99 169 124  70 143  86  62  27  41  28  57  71 194  83  55  40   1  69  53  42 171  60  17 108  10 179  43  33  46 182  56  45 196 121  48
   81 122  37 121 134 137 112  51 169 107  64 104  82  30 131  95  22  99  68  31  25  66  98  32  27  67 179  41 167   8 119  26 193 123 105  17 129 106  55 111  50  45 101  21  73   1  24   2  43  47   3  71  72  48  14  29  69 189  42  10  19  60 132  54
    0 114 193 113 183 182 154 112 165  90 126  81 197  95 122  63  94  21  93 176  77 174 151 140 150  97 145 178 125 181  96  80 131 194 115 139  79 149 166 142 187 189 190 177 164 146 111   1 191 186 192 156 188 148  66 161 173 160 100  53 134  85 104 159
  110  65 138 183  87 136 132 127 135 144 165 166 124  77 195 172  36 190 189 160 145 146 197 159  78 158 174 188 126  94 139 149 161 133 187 192 178 163 147  35 177 182 113 173  79 148  90 191 196  50  80 162  89 194 186  76 176 114 164 134 122 157  97 140
  132 133 138 126 107 168 131 106  49 137  66 197  50 183  75 110 112  90 157  86 185  62 196 186 122 195  36 165 135 114 102  65 169  54 108 182 134  59 121  22 167 171  79 144  41 124  74 156  78  32  85  87  76  37 101  34  45   7 125 155  80  63 119  70
  126  59 155  47  54 152 106  41  37  68  71 118  52  69  55  32 105  42 156  51  70  61 112  43  66  10  60  99  48  72  11  49  13   4  18  17  14  19  23  45 109   5  15  46 154   6 119 108  57  25  98  56  74  20  28  34   3  27 184  31 107   2 137  67
  125 155 126 130 118 109  99  49  78 112  59  54  55  25  47  64  90  60 129  50 108  51 154  42 105  41  61 119  71 104 152  13  31  37  32  34  48  43   4  22  19  68  21  85 169  72  18  14  45   5  15  95 121  69   6  10  46  66 123  20   3  23  30  17
   37 105 109  47  54 118  10  49  78 129  59  51 121 119  55  42 155 112  71  99  32  50  41  61  60  69  48  52  25 108 126  68  66  72  11   4 104 152  70 106  64 130 154  19  34 156  43  14  18  15  75   5 123  45  20   8 125  31  17 122  46 184  27 137
   47  54  37  41  10  72 105  32  42  25  55 130 155  71  59  68  27  48  31  61  51   4 118  69 119 129  99  60  11  19  43  13  14  17  45  15   5  18 112  82 108   3   6  52 169   8 121  70 152  28  49  57 156  34  20  50 104  46   2  66 137  56 122  85
  138  35  90 113 197  36 110  87  65 130 192 133 128 159 149 162 174 163 144  94  63 146 188 126 116 177 160 187 164 147 158 165  76  79 145 191 139 190 148  77 157 173 161 176  85 136 172 125 185  97 194  80 189 186 134 112 140 150 135 142 115 127 196 124
  109 152 155  52  55  71  59 105  37 154  68  47  61  69  60  57  11  72  70  54 184 106 119  48 118  10  43  18  41  42  40 153   4  14  15  13  19  58  46   6  56   5  51 123   2  99  44  32  31   3  17 156  33 195  28  12 170  39  16  74  20  67  30 108
   47  54  10  37 105  55 118 155  25  42 129  68  60  59  61  71  72  43  51   4  32  99  41  48  69  13  18  14  31  19 130  46  15  11   5  49 112 109   6  17 104 152  20  52 108  70   3 119  27  45  57  34  30 121 154 126  56   2  28   8 123 184 169  78
   37  47  51  99  41  55  54 119 105 129  42  25 112 155  32  68  71  31  61  59 121  72 104  60  43  48   4 122  69  66   3   5  14 108  15  13  10  46  18  19  17  30 118  11   6  45  78   8 126  85  20 137 130  64 109 169  57  50  34  70  28 154  49  27
  154  78 123 125 112 129 120  49 193 118  81  41  99  11 130  52 143  47 109  64 137 151  98 121  54 106 164  95  37 111  68  10  72 156 175  71 108  44 152 155 122  69  57  61  59  60 104  42  63  55 165 134  70 140   1 105  40  79 176 158  48 189  51 126
   68 106  44 153 126  47  52  98  55  11  69 112  60  54  43 154  25  99  71 152  61  51  42  72  46 156  41  17  59  37  96  18  74  45 118  13  70  10   4  40   6  14  48  32  15 105  81 151   5  19  56  20  23 155  67  57   3  21  26  12  53   2 184 123
  126  37  68 108  54  51  59  55 109  60  66  46  48  25  98  61  99  47 184  70  13  43  14  32  57  56 104  89  18 106  71   4  15  23   5  19   6   2  20  42  67  45  21  17  41 105  16  12  31  69  72  11 118 119 123  52  40  28  34   3 124  81 117  74
  105  54  47  37 155  55 118  10  25  42  99  71  60  69  51 108  59  72  68  61  32  43 119  41 104  11   4  48  49  13  19  14 129  46  18  70  52  15   5 152  17   6  31 109 130  45  20 121 106   3  27  34 184  30 154  67  56  28  57 123 169 126   2  74
   47  10  55  37 105  54 155  99  42 118  68 129  60  25  51  71  41  59  72  11  43  61   4  32  69  48  13  46  14  18  31  19 104  15 130   5  17 119   6 152  52 121   3  70 108 112  30  57  27  20  45  67 123  82  49   2  28 126  34 169  56   8 109  98
   47  10 105  55  37  54  42  68 118  60  99 155  25  72  71  59 129  41  61  51  43   4  11  69  32  48  13  46  14  18  19  31  15   5  17  52   6 152 130  70  45   3 104  20  27  57  30 112  34   2 119  28  49  56 109 108   8  82 121  67 184 123  33 169
   47 105  55  42  37  54  99  68  10  25  51 155  60  71  43  41  72 129  32 118  69  61  46   4  59  13  11  48  14  31  18  19  15   5  17 104   6 130   3  27  70  20  52 119  45 152  30 112  82   2  28  57  34   8  67 169 108  56 121  33  49 123  12 184
   47  10  37 105  55  54  68  42 118  25 155 129  99  41  60  71  72  11  43  51  59   4  61  69  32  48  13  46  14  18  19  15  31 130  17   5   6  52 104  27   3 152  70 112  45  20  82  30 121  57   2  67   8  28 169 108  34  56 119 123  49  33  74  23
   47  10  37 105  55  54 118  25  42 155  99  68  51 129  60  71  41  43  72  59  61  32  11  69   4  48  46  13 104  14 130  18  19  31  15   5  17   6  30 152  45  70  27  52   3  20 112 121 126  57  49 119 108  28 109   2  34   8  82 169  67  98 123  56
   47 155  10 129  55  42 118  68  41  54  59  37 105  60  99  71 130  43  61 112  25  72   4  48  51  31  32  13  46  14  69  18 152  11  19  15   5   6  17  45  27  20   3 104 126 169  70  57 109  82 121  52   2  34 123  98  28 119 154   8  56  49  78 117
   98 117  81  95   1  68 129  16  99 130  82  30  55  41 170 156  51  67  31 112 155  37 152 121  26  44 103 125 151  21  46 118  13  90 169  61 175  84  11   3   2   4  60  47  43  12  10   6  14  48  15  18  25   5  71  17 119 104  42  39  57  63  19  69
   68  98  10 129  47  82  43  26  25  88 104  42  46  69  41  27   8   4  31  96  30  71  14   5  13 130  72  11  15  28  17  45  19   6  18 155  12  32  48  70   1  54  20   3  51  81  55  61  60  73  29  67   2 118   9 117  58  99  33 103 100  39  24  59
   98  91 151 155  92 117  96 118 170 123 129 153  68  39  88 103 100 152  30  90  55  93  43   1  84  59  10  41 175  25 120 109  26  58 115  67   9 180  16 128  71  69  18  85   4  40  52 156  61  42  47  15   5  14   6 142  57 141  13  60   0 104  19 121
   98 117  68 129  44  55  43  46  81  13  48 155 123  31   4  42  59  51  47  41  14 151  85  67  99  18 170  72  23  15  19  11   6  17   5  60  10  16 112  71  30  82   3   9  26   2  57 152  37 121  61 104  58  69  90 130  52  12  96  32  95  84  91   8
   24  43  86  30  54 184  12  10  17  13  28 100  26 170  58  73   3   4  47  82  16  14  15  18  19   6  25  56   5  39  23  29 105  31  27  38  46   7  32  72 117  57  53  68  33  85  34  83  69   9  59  70  92 102  40   2  11  84  45  71   8  67  91  20
   30 123 105 179  22 143  64 103  67 155 141 114 121  44  76  33  53  74 117  21  93  75 120  99  39  85  86  60  46 170  37   9 175  10  42 106 111 171  34  43  80  24  58  55  19 116  26  59 166  17  18  70  29  56 138  15 164  13   3  71  62  65 180   4
   96 183 167 101 181  87 168 196 166 194  88 102  98 153 180 179   0 195  40 182 169 107  68  26  39  72 137 152  44  58 104  41 197  43  89 154  16  81 115 165  69  84  82  74   9  24 151  86  73 134 114  71 156 128 100   2 117  27 106  12  70  61 113 155
   47 155 118 105  37  68  55  10  99  42  54 129  60 104  25  71  43  59  51  11  46 130  61  41  72  32  48   4  69  98  13 152  14 121  18  19  15   5  30   6  17 126  31  52  70 108 119   3  67 109  27 169  20   8 123 112  45  57   2  28  82  49  56  74
   47  37  10 105  55  54  68  42 118  25 155  99  51  60  59  41  72  71 129  43  11  61  46  69   4  32  13  48  14  31  18  19  15   5  17 152   6 112 104 130 121  70  52  45   3  57  20  30 123  67 108  27 119  34  49  98 169   2 126  82  56  28 154  85
   47  10  37 105  55  54  99 118 155  42  68  60  25  51 129  71  72  59  61  43  41  48  69   4  11  32  13  46  14  18  19  52  15   5 152  17 130  31   6  45  70 104   3  30  57 121  20 123  27  49 109 112 108  28 119  34   2  56  67   8 184  23  33 169
   47  10  54  55  42  37 105 155  99 118  68 129  25  60  71  43  59  51  41  72  32 130  61   4  48  69  13  46  14  18  19  11  15   5  31 112   6  17  52 104  27 152   3  45  70  49  20 119 108 121  34   8  57  28  30  82   2 126  56 109 169  67 184 123
   47  55 105  54  37 155  42  68  10  99 118  60 129  59  25  71  51  41  43  61  72  46  11   4  13  48  69  32  14  31  18  19  15 152   5  17 130   6  30 104  45   3  52  70  20  57 119 112 123 109   2  34  27  28 108 121  56  67 117  82 169   8  49  23
   47  99  10  55 105 155  37  42  25 130  54  60 118  68  51  41  71  72 129  43  59  11   4 104  32  13  46  61  48  69  14  31  19  18  15  30   5   6  17   3  52  27  20  45  70 112 108 119 121 152   8  67  49  57   2  28  82 169  34 123 109  56  98  33
   47  10  37  68 129  55 105  51  99  42  54  60 155  72  41  11  71  61   4  30 118  48  43  46  14  31  13  32  69  18  25 123  59  15  17 121  19   5 104   6  57  81  27  52   3  70  98 152  45   2  82 119  23  67 112  12  20 130  16  28   8  56  33 117
  117  43   9  84 141 109  46 128  55  99  85  25  13  61   2  30 155  31  38   5  15   4  14   3  18 118   6 129  19  42 170  51  39  74  58  16  60 184  67  71  59  34  88  82 126  48 130  32  69 103 152  20  28  41  68   7   1  90  54  24  17 124  66   8
   96 183 141 181 151 180 154 115 194 153 170  91 114 182 175  92 142 155  93  87 113   0 171 168  97 164 150 117  98 163 143 156 105 148 192  85 172 162 197 136 108  38 173 188 100 149 177  44 187 191 159 145 102 190  90 146  80 160 195 158 128 179 137 161
  100 152 183 195 168 182 184  44 196  53  40 102  59  96  38  57  87 106  74 171  11  68 181  70 170 107  69  52  88  72 137  54  51  23  56  73 142  46 155 154 105 101  37  71  17 166 194  86  45 179  98  41   4  10   6  29 153  18  31  15  13  14  16  42
  106  54 152  52  68 184  96  69 153  59  73 105  74  45 107  71  86  17 100  13  70  60 103  46  48  43  56  72  23  61  25  42  18  11  28  47  19  55 108  14  15   6 102 168  44   4  40   5  32  26  98  10  89 182 157 118  87  20 169   7  53  41   2  38
   87 142 102 183 138 182 196 168 114 100 181 185 113 132 133  86 166 144  93  62 194 172  90 157  76 116 103 171 158   0 135  38 107  35  85 127 160  91  97 128 195  94  96 180 110 159 186 190 174 148 188 149 187 147 173 161 163 192  89   7 176 146   1 189
   65 136 116 176 144 160 159  35 158 145 178 190 135 174 161 191 188 177 146  97 187 149 189 147 134 192  77 172  79 150 148  93 139 162 173  94 163 186  76 179  91  80 138 111  36 143  92 113 140 102 164 132 180  95 133 101 115 165  81 193 110 166 127 183
  134 136  98 101 113 133 182 115  77 176 180 197  86 126 139 146 190  81 188 145  89 179 147 177 163 106  79 161 174 191 178  44 187  97 144 132 159 183 162 127 104 149 173 148 112 153 186 160  96 150 194 158 165 172 167 102 189  94 156 140  92 135 166  80
  105  54  47  10  37 118  68  42  25  55  59  71 155  11  69  60 104 108  51  32  99  43  61  72  48  52  46   4  70  18  14  13  41  19  15   5  17  45 129   6  31  20 106  30  27 152 184  57   3  49  28   8  34  56 130   2  66  23 109 119  67  98  33 123
   47  10  54  37 105 155  55  42  25  68 118 129  60  99  59  72  41  71  51  11  43  61   4  32  69  46  48  13  14  18  31  19  15  17   5 130 104   6 152 112  70  52  45   3  20 121  27  57  30 108  82 169  67   2  34  28 119 123   8  49  56 126  74  98
   47 105  55  37  10  54  42 155 118  68  99  60  25  51  71  61  46  43 129  59  69  11  72   4  48  41 104  32  13  14  18  19  15   5   6 130  31  70  17 152  52  20  30  45   3 119 109  27  49 108   2  57 126  34  56  67 121  28  82 123 112 169   8  74
   10  47  37  11  30 105 129  42  25  68  54  51  99  46  55  72  41  31   4  43  13  60  17  59  32  14  18  71  15 104  81  69  19  61   5  48  98   6 112  45  23  27 155   3 130  20   8  57 118  28  82  34  66  12  52  70  67   2 123   1  56  33  44 108
   47  10  54  55  42 118  68  25 155  60 105  99  37  72  59  41 129  71  43  51  61  48   4  32  13  69  14 130  46  18  31  19  15   5  11   6  17 152  45  52   3 112 104  27  20  70  57  30  34  49  28 119   2 169 108 121  56   8 109  67 123 126  33  82
   47  37 105  54  55  10  42  99  25 129 118 155  68  60  51  43  71  72  59  41  61 130  32   4  11  13  48  46 104  69  31  14  18  19  15   5  17   6  30 119   3 152 112  45  20  52  27  70 121 108  34  57  49   2   8  28 109  82  67 169  56 123 126  23
  118 112  47 126 155 130 129  55  42  59  10  41  54  25 125 105  61  43  78  85  68  72  71 104  60 154 169  99   4  48  31   1  11  32  13 152  82  69  37  19  14  18   5 121  15  34  98  51 119  66  17   6  64  27  95 156  45 137  20   3  63  46 109 123
  127  39  78 155 121  98  50 117 125 129 196  43 194  85  63 111 130 109 136  58  12  65   1  90  88 197 189  46 152 195 133 148 193 175  95  23 190 163 173  84 126  44  80 114  82 183   8  87 165 164   9  96 192 177 118 150  35 191 159  83 147 137 160 113
  175 155 180  98 164  95 130 151 111 121 117 140 170  90 192 115  99 162  91 150 148 129 163  92 191  80 108  81 113   1 173  37 177 165 179 188 187  97 137 149  46 123  79 190 147 189 145 128  30  11 176  94 174 134 112 159 160 194 146  44  67 136 158 186
   98 152 155 129 175 102 109 196  89 169  43  52  37  26 123 179 106 180 112  10 105  91 181 194  50  86  88  68  51 168 153  47 101 167 154  46  42 195  92  69 156  11 134 151  23  16 107 130  71  81 111  72  59 184  45  30 197  61  60  32  54 165 137 126
  155  52 109 184 100  49  46 157 152  43 170  42 108  91  10  59  89 129 105  60  13  74  69 171 175 153 120  71  92  55  19  54 128 180  15   4  58  14   6   5  18  51 154  38 102  61 130 168  48  96  47  23  70  20  25  99  17 117 106   7  68 112  30  11
  155  98  68  85  10 112  43  99  55  46  44  37 117  42  11 123 129  13 105 121 152  51  72  67  52 154 180  41  60  47 175  59 130  96   4  57  14  71  48  15  18 170  19  74  69   5   6 151 118   3  25  31 108 184  16  17  30  70  32  90 103 104  54  45
  110 138 136 144 174  76 192 172  93 115 145 158  92 159 188 191 146 187  94  77 147 162 160 173  91 135  97 179 139 148 190 161 177 127 149 163 141 178  35  65 176 142 186 164 183 150 113 180 166 197 143  79 114 140  36  80 189 194 182  87 116 102 128 111
  110 166 124  35 115 197  93 101 127 114 109 108 136 172 102 120  50  92 185  62  49 158  40 171 132 183  36 135 194  77 145   0  91  53 144 188 182 133 173  96  65 174  58 181 142 179  86 147 160 190 148 113 149 187 157 146 153  83  52 165 163 161 176  76
   47  37  54  72  55  99 105  68  43  11  32 119  42  71  10  60  51  41  25   4  17 155  69  13  14  61  31  18  15  19  30   5   3  48  59   6  45  46 118 129  52 156  12  70  57  27  20   8 108 184  28 104  40  56  23  34 154  16  81  82   2  66  33  67
   47  10 105  37  55  54 155  42  68 118  99  25 129  60  51  71  59  43  72  61  41  11  69   4  32  46  48  13  14  18  19 104  15  31   5 130  17 152   6  52  70  30  45   3  20  27 121  57 119 112 108  49 123  34   2  28  67  56  82   8 109 169 126  98
   47  54 105  55  37  10  25  42  99  68 118 155  60  51  71  72  59  61  43  41 129  32  69   4  48  13  46  11 104  14  18 130  19  15  31   5  17   6  52  70  45 108   3 119 152  30  20  27   2  57  34  82  28 121  49  67  74  56   8 112 126 169 184 109
  155  47 118 129  10  54  55  41  42  99 105  37  68 121  25  59 123  71 112  60 104  43  61  51   4 130  11  31 152  46  69  48  13  32  18  14  19  17  72  15  30   5 126  98   6  49  45  70  27   3 109  20  66  34 125  52 108 154 169  67  28  57   2 117
   47  37  55 105  54  10  25  42  99 155  51  41  71  60  68  72 118  59  32  31   4  48  61  69  46  43  13  11 129  14  19  18  17  15   5 130 104   6  70   3  45 108  20 119  27  57  52  30  34 152 112 121   2  28 169  67  49  56  82  33   8  74  66  23
   47 105  54  10 155  55 118  37  42 129  99  68  25  59  60  71  51  61  72  43  11  41   4  13  46  32 130  48  69  14  18  31  19  15   5  17   6 104 152   3  45  20  30 112  52  70 119  57  34  49 108  27 121   2  28   8  56  82 123  67 109  23 169 184
   47  55 105 155  99  37  68  42  71  41  43  10  60  54  51  11  72  25 129  46 118  61  59  69   4  13  31  48  32 119 104  14 123  18  19  15   5  17  30 121 152   6 130  67   3  70  57 169  82 112  20  45 117  27   2  52 108 154  28  56 109  34  98   8
   68  47  43  54 104  82  72  55  41  13  17  32   4  98  42  74  69  60  14  27   5  19  46  15   6  48  18  71  31  23  67   3  30  73  99  45  10  37  12 126   8  51   2 184  16  52  11 156  70  61  28  84  66  59  25 119  40  56 118 169  34  20  33  63
  155 152  98 129  46  51 121 105  42  10  68  43  55  47  37  59  82  71  41  74  69  13   4  72  11 117  30  31  54  14  18  17  32  61  15   6  48  19 169   5   3 154  67 112  52  60  57  70  27  50 130  99 156  45  85 107  25  44   2 184  23 175 119  56
   68  98  43  42  10 155  99  55 105 152  46  41  27 104   8  71  69  44 129  13   4  47  52  59 184   5  19  15   6  14  72 117 118  32  70  18  51  60  88   3  58  48  50 130  31  74  49   2 112  24  67  17  28  20 108  64  61  33 120  29  25  56  40  73
  130 112 155  43  10  82  46  42  98 152 105 118  13  27  47  96  68  73 175  11  52  50  72   8   4  69 100 129  85  25  55 156  44  32  14  19  49 167  18   6  15  71  60  74   5  30  17  63  20   1  23  59  99  41 141 154   0   3  88  70   9 169 111 133
  155 152  10 154  98 181  68  42 156 129 112 121  11  47 167 123  37 105  55 168 180  43  72  85  46  41  71  57  69 170  52  96  82 118  60 195  51  73   4  54  30 106  13  31  59  61  32 196  70 175  18  27 101 169  14 171 109  17  19   6  15   5  74   1
  