  70 112 165  71 166  98  91  43  48  27 185   3  95 102 105 104  94  26  13 186 187 184  42  31  24  82 167 177  75  92  47  76  23 114 188  61  40   8  10 178 168 106  93 130  49  59 103 193 197 192  50 137  87 171 141 131  72  19 189  30 170   5 180 147
   10  27  37 110  87  64  88  94  32 168  53  68 107 159  57  31  67  78  51 165 171 173  50 158  82  66 176 154  48  79  72 172 174  91  61 153 175 108  92 152  65 170 177 167  80 163 160  55  70 137 157 141  81 122 156 151 164  39  49 100  69  20 149 162
   87  69 110  31  61 105  27 187 108  48  42  15  32 184 112  97 122 129  20  71 188 104 120 193  63  10  24  43 131 125  99  45 132 113  13 178  86 168 102  30  14 189 101 121 114   7 183  94  37   0  40  92 103 111  74  18  84 117  25  83 175   5 182  98
   53   2  77  68  93 162 164  81 176  36 156 172 154 173 142  82  67  16 169 170  80 174  66  65 148 153 161 157 152  79 155 158  37 149 163 168 160 175  26 159  69 141  52 165  57   9 171 151  72 111  51  88 177  50  64  96  55 166 150  12 140  94 167  54
    2 111 164  68  77  72 106 142 166 160 156  52 153 176 154 141  53  16 157 155 162 152  81 151  96 159 172 148 174  66  65  51 161  26 149  80 158  67  57 127 150 175  82  93 170 140 138 173  37 163  55 146 139 165 177   0 171  79 133 137 136  69 168 169
    2 164 111  68 176 166  72  52 153  81 156 160 157  53 152 172 174 162  67 155  77  66 149 154  65 151  82  80 148 175 141 158 161  16 159  93 170 142  51 173 177 150 106 171  57 168 140  26  79   0 163 165 109  37  50 139  55 169  69 127  49  96 138 136
    2  77 111 106  68 164  96  72 142 156 160 127 146  52 157  26  81 151 148  39 153 140   0 150 154  51 159 149 152 133 138 139 162  55  65 174  53  66  67  73 172 158 141 155  16  80 176  93 161 144  57 163  82 136 170 175 173  37 135 166 171  79  85  49
    2 166 111 164 106 141  68  77  52 142 154   0 160  16 156 153 138 152  72 157 176 161 151 137  51 127  80  81  39 172  66 158 155 150 159 174  67 140 165 139 133 136  73 177 171  65  57  96 149 146 170  82 109 162  49 173 175 148  93 163  79  50  85 169
   53 164 176 109  68 177 166  82 168 175 172  81 173 162 174  65 170  66 149 148 156 153  72  79 152 160 157 165  93  80 171 158  26 154 159  69 150  52 111  67 140 151 163   2 141 155  16 161  64  57 142  50 169 137  51 106  78  92 167  77  94  37   9  90
   36  37 110  57  53 143  12 148 157 135  10 159 151  89 144  90  56  67  64 156 163 137 149 160 173  66 158  68 139  65 127 138  78  88  34  51 154 146  92  35 153 142  63 152  79  29 162 172 136 174 150  93  81 161  80  32 141 155 108  85 140 109  54  91
  188 114 124 125 182 189 102 190 179 196  83  98  23  45  14   5 116 122  13  17 191 192 194 181  60 195  19 120 115 126   7 184   4  15 187 123   8  18 129 131  76 103  75  61  20  47 180  99 121   6 117  46 193 178  91  22 197  21  44  84  30 130  71  95
  109 111  78  69  55  26  63  87   9 183  43  64  49  25  82  92  90  68  39 167 175   1   0  53  81 171  51  65  79  72 174 176 168 112  94 164  57 170  97 152  66 172 163 153 177 159  42 149 162  70 186  86 158  48  50  52  80 173 151  20 157  10  12  93
   90 143 146  78 109  72  57 135 127 148 140 106 138 139 151 133  55  34  64 149  49 159  41  52 157 162 134  10  85 160  12 155  51 153  68  65 150 144 158  97  89 156 152  66  37  69 132 118  20 107 174 137 154  63  28  81 161  79  92 172 173 163 164 110
  166   2  77 111 142 106  72 141 164  68  52  59  16  91 127 177  96 176 165 133  53  11 138 155   0 137  39  67 139  28 156 160 162 153  51 154 169  38 112 150  82  93 161 134  26  80 175   9  40 172   1  88 140 152 170 136  54 108 168  55  66 174 151 171
  142   2 111 127  37 144  68  77 133 146 138  96 139  16 136  72 164  85  52 137  39 108 155 160 154  55  73  69 106 135 156  57 153  11  88  51 159 141 151  54 161  28 162  12  36 157 134 140  67  74  53  38 113  33 152 149 150 148   1 101 158 100  26  65
   77   2 111  72  55  68 108  93  52 162 176 169 142 155  51 164  57  96  16 172  65  67  82 154  37 153  66 174  80 159 161 170  53 173  28  81  79 168 152 156 175 166 158  11 171 160 157 165  50 163 149  26 177  64  73   0  49  39 151  69 127  88  44  12
   12 125  89  84 187  56 179 182  28 108 189  29 190  14  83 101  25  46 193   5 123 120  20  33 124  60  99  42 115   6  69  15  24 192   8  19  13  18  17 116  40 117 142  86  23  38 191 126   4  45  11  34  75  44  22   7  61 186 195 188 102  54  32 180
    2  68 164 111 148 157 156  81  53 151 149 160 152 176  26 174 153 142  66  36 172  65 154  77 140 159  52 158  57 161  67 163 173  93  80 175 170  51 162 150  37  79 155 141  82  16 109 127  69  96 146  72  73 106   0 171  49 139 138   9  55 177 168 136
    2 111  68 164  77  72 142  52 106 166 156  53 160 176 153 155 154 162  16 152 141 157  57  81 127 151 148 159 161  51 172  67  66  65 174 158 149  80  96  26 150  37  55 175  93 138  82 170 173 139   0 133 163 140 146 177 171  79 165  69  36 169 137 136
    2 111  77 106 164  96 142  68 166 141  81 157  93 156  16 140 148   0  72 153 176 152  26 160   9 151 127 154  53  73 146 172 174 149  52 162  66  65 155 161  80 170 159  57  67 158  36  37  55 175 165 133 150 163 173  82  51  49 139 136  85 177  79 138
  106  52 142 166 111  68 138   2 139 162  72 134 164  57 137  28  11 146 155 160 148 157 156  39 153 150 161  77  51  38 151 154 140 159  55 127 133  67  65 152 169 141 144 149  66 158 172 136  80  50  53 174  81  73 126   0 163 147   1 109 173 171 100 176
  106 140 107   0 146 133 139 127 111 138   2 109  49  85 151 164  39 150 135 148 166  73 145 149 157 136 160 141 134  97  72 152 142 156   1  68 153 147  51  52  81 159  78  26 137 158 174 154 161  66 144 132  65 172  41 128 171 163  90 175 176  57  67  80
    0   2 111  96  73  26 107  39 164  85 106  77 166  49  69   9  48 127  74  16 165   3 113 176   1  82  81 177 175 103 141  51 160 152  38  68 171 136  97  72 174  37 170 151 150 140 153  80  52 112  93 156 154 109  87 158 172 159  66 139 157  65  30  54
  166   2 111 164  68  69  52 142  53 141 176 160 153 106 154  72  57 155 156  77 152 109 157  16 165 161 162 151 159 172  37  66 158 177 175  67 174  65 163  80  81 170 148 173 149  93  51 169 171 137 168 127   9  54  82 140  96  79  88 150 138  26 136 133
    2  77  96 106  53 111  37 142  26  36 164 127  93  16  68 146 176  85 144 101   9  54  72 148  52 185  51  69 141  67 156 162 155  91  81 160  40  57 153 165 157 133 154 166  65 159 140  55 175 177  59  82 152 149 151 113 136 174  38 170 172 138 150  66
  137  10  53 109  37 165 108 177  92 168  69  57  27 176 167 143 173 164  94 159  58 154  64  68 160  79 153 141 110 158 175  66  88  78  65 170 172  80  82 152 171  95 162 157 156 163 174  51 155 149  50  81  31  67 169 151 148  72 150  16 161  93  76  90
   12  89  37  15  75  91  54  69  34 125 110 194  56  84   3  17   6  32 179 180  29  36 196  40  88 101  33  41 189   5 181  19 108  45 193  61  31  59  27 122  99 192 117 115 116  24 191  53 113   4 195 142  20 123  57  85  18 126 127 182  16  10 143 119
  166  95  16  77 124  11 102  91 187 112  59  76 126  28 169   2  38 190 125  52   1  50 186   8  88 188  60 189  73 181  44 122  15 134 141  98 185 162  70  83 182 142  71  68 161 171  82  14 147 155 178  80  94 111 106 196 177 179  23  67 176  64  86 172
  109 111  78  26  72  55  43  90  49  57 159  53  92 183   9 140  85  64 175  65  81 106 177  10 153  82  69  63 152 149 164   0 174 157 143 151  24 176 162 139  94  62  66 158  87  51 172  93  96 155 170 160 171  79  48 146 150   1 148  80  50  39  68  97
   72   2 164  68 127 106 159 160 148 149 156  37 162 141 151  81 150 154 155 153 157  65  53 152  26 158  66 174 142 176 137 172 175 173  82  67  93 111 138 168  51  79  80 161  69  16 133  57 165 171 170 140 139 146 136 163 135  52 144  36  54 177  77  49
    2  54  91  69  68 166  88  52  16  72  77  37 141 164  11  36   3 154  59 127 155  73 113 156 165 160 176 162 111 138 151 168 142  67 153 137 161 152  40 159 133 136 158  82 173 175 174  57 172  66 169  12 157  53  17 163  56  96  80   9 170 171 108  65
  166   2  91  77  16 142  11  38  54  28 141  59  96  72  52 126 124 169 112 106  44 155 100 111 181  73   8 134  40  68   1 162 102  93 127 138  76 161 185  83 189 190 177  88 188  95 178  67 164 176 113  80 125  50  60 156 154   0 122  17  14  82  15 139
   77 166   0   2  39 112 111  25 186  16  38  82  70  30  73  48 187 107  50 177  55  98 178  96 188  93  72  94 185 171   1 176  68 168  52 124 164  11 106   8  59 150 183  81  51  26  80  44 175 172  71  28  95  67 170 162 169 174 113 155  65 122  86  40
  111 109  49   0  26  55  63  78  85  90  73  69 183 107 164  39  97  81 140   9 146  51 159  93   2 157 151  82 152 149 174 175  65 176  96  68  37 170  57 163  66 172  41 153  79 101 158 106 160 148 177 127  64  42 171  48 156  80 150 173 135  43  72 168
  144 106  36 145 138  21 133 118 134 146 119 194 130 114 126 127 128  91 141 121   3  98 132  58 197 136 181 107 137 148   7  54 135 100  38 139 131  76 110 195   2 147 150  74  73  45 124 196  30 140  89  63  29 103  17  22  85  35   1 116  56 151 120 180
   97 191  76 128  22   7 129 118 132 131   6 180  21 130 145  20   4 116 196  45 117 104  73 194 119  60  19  62  18 114  83  14 193 121 103  41 179 181 197 123  46  13 192 120 195   5  17  44  61  84  32  47 188  58  31  86 122 184  75 105 113  98  85 190
   97  87 110 183  34 107  49  63  61  30  43  73  41 196  47  20  78 180 109  31  26  98  42   0  58  90 105  27  24  10  92  29  45  69 143 167  94  85 188 191 104 103 118  48 128 121 113  70 184   3 116 117   4 114  71  74  93 140   7  79  21   6  81 135
  110  95 188  15 122 114 187 102  30  27  61  97 184 196 105  94  20 182  31  13 183 120  45 143  98  10 189  87  58 129 167  25  47  71 132   7 125  23  78  50  63 147 121 137 180  14  34 128 126  29  35  60   5  22  75 103  64  76  83 131 116   0  90 112
  111 109  39 143   1  55  85   0 146  42  24 101 127 105  41 107  90 140  57  86  28  44  68  51 139 133 112 104  69 106  52 135   9  32  49  78  26  33  12  46 142 108 134 164  59 118 132  97 138 192  38 113 119 153 166 117 193  72  60  15 151  74 123 128
   69   1 122 111 145 136  96  37 108  15 139 193 138  32 131 113 106 147   9  63  62  27 109  14 129  74  88   2  16 184  87  39 141 143  85  31  55  20 140 103 165 164  12 135 134  26  24   3 130  73 127 133 153  97  52 104 144  58 121  51  25 155 163 154
   77   2  96  26  16  53 111  69  68 164  93  40   0 142  82  12  36  72   9 176 186  37  73  55 162 155 168  81 156 175  67 177  54 165 113 185 174  88   3 170 108 166  59 153  65 172 149 152 154  52 187 161 160  80  66 144 141  11  38 173 148  51 101 158
    2 106 146 133 135 144 140  77  37  85 107 127 148  73 138 151 157 159  39  96 139  36  26 160 156 149 150  51  89 163 136 100  81  63 153 154  57  65  54  53 158 152  67  66  68 174 111  93 164  21  55 142 137 172 113 141  52 173  74  80   1 162  49  79
  101 130  40 127 133  59 115  91  99  74 119 181  17  54 123 146  69  33 103  36 121 144 142  24  85 179 137 120 195 113  77 190 131 118 124  96 132   8 117  44 145 126  83 125   2 100  28 194 114  60  18  11  89 197   3 138  84  38  86 106   5  22  19 178
   85  32 107 146  73 100 113  76  69  37   2  97  54 165  55 130 141 154 128  74  49  48 159 118 164  91 111 160 181  21 101 151 139 152  41 153  58 106 157 119   3  57 158  10 138 137  62 133  51 197  27 163  11 161 191  68 108 145 136 196 122 109 127  22
  111  37  53  69 164  96   2  68  85 109  57  77 159 153  26 160 155 154 142  55  72 152 156  51 157   0 176   9 162 127  81  65 151 158  52 174  66  93 175 163 172 146 106  36 170 149  80  67 161 173 165 148  82  39 101  79 137 108 177 139  12  73  49  63
    2 166 142 111  68  72 164 155 156  16  52 162 141 148 106 176 161 160 153  67 150 172 152 149 157 151  66  77  65 154  57 127 138 174  80  81  53  93 158 175 140 159 169 171  51 173 139 133 170  82 136 177  79 134 168  50 163 137  36  11  88 109  55  26
    2  72 111 164 160  68 159  37 146 127 137 154  69 153 106  77 142 156 139 141 157 155 152 151 138 133  53  52  51 158 149 162 135  57  55  81 150  26 148 136 144 176  65 165 174  66  85  67 161 140 175 172  16 163  80  82  96 173 109 170 168  93  79  39
    2 141  77  91 142  16 137 164 127 165 160 154  68  37  72 156 136  96  67 159 138 153  54  36 176 144 106 146 157 139 150 158 152  52 151 155 149 161 148 133  93  81 173  53  80 162  66  26  82 172 174  65 168  51 170 177  69 175 163 135  88 166 111  40
   91   2 125 188 126  16 124  11 189  83 142  54 122  15 179 190  40 115  38 102  28  17   8 187  59  96  14  77 114 178 194  99 113 166 181 128 119   5  33  36 192 195  74  12 196  84  52  22 169 184  30  98  88  32  23 141 197  60 112 120 103  46  21 138
   45   7 120 117 128  21 131  83  22 124 116  98 114  14 123 191 122  84 103 130 178  61   5   4 129 118 105 189  99 194 188  18 145  17 115 121 132  19 180  97  20   6  75 119  23 113 179 190 195 125  60  30 192  46 193  74  56 197 182  13 196  29  27 104
   61  20 180 110  45  27 182   7 191 114  87 105 116 184 104  97   5  19  34 117 120  31 129  22 188   4   6  23  56 131  13  14 179  75  83  32 192  98 125 123  18  84 193 121  47 122 194 189  46  21 102  29 196  99 124 132 103  60 190  76 128 143  58  15
   87  20 110  97  27  31  61 188 183 184  10 182 180  95 129  98  15  92 114  47 122  13  45 105 191   7 102  78  32  43  35 104  76 193 187  94  19 131  71  34  75 196  14  63 116  56   4   5 143  48 132 167  64 125   6  30  23  62 192 117  18  70  58  84
   20  97  31 180  34  87 121 104  61 191   7 129   6  47 116  58   4 131  19 184 110 132 117 128 182 105 192 193  41  45  18  76 194 183 118 120  24  46  32  13  27 179   5  21  75  98 102  15 145  14 196 114 103 130 107  22 119 143  60  43 125  62  56 109
  110  31 182 188  87 114  61  27  47 196  95  70 184 180  71  10 187  75 183  30  43  92 129 102  56 125  45  15  20  98 186  13  34  19  76 167 116 179 185 181   7  94   5 191   4 194 192  23  48 112  97 104 193 120 189  18 121  35   6 103  83 195 122  29
  140  78  49 151 107 109 148 135 157 147 139 149 146 143 152  90 163   0  63  64 150 138 158 160  81 153  79  66 174 156  52 171 172 136 133  65  50 159 154 173 161  80  35 167  51 175 134  87 164 111  57  92 170  10  67 176  68  69  73  39  55 162   1 141
   43 109  63  31  92  10 183  78  97  94  87  48  58  20  90  69  64  62  49 110 106 104  34  71  27 193  25 129  47  70 168  72 167  55 105  76  26 175 111 140  61 180  50  24  42 182 107 187  86 177 101  14 186  82 165   9 176 120 162 132  15 108   0 171
  107  49  87  10  97 109   0  48 140  78  90  26 167  72  94  43 133 171  64 146  81 183  39 132 177 149  92  31 170  79 147 139 152 127 175  41 150  35  80 174 151 111 106  30 165 148 157  93  82 176  47 112  66 145 110  50  85 173 172 158 104  65 135  63
   20 180  61  29   7  47 182  58 183 116  13  45 191  97  62  34  19 110  23 121 120  25 117  75  21  98 105 129  46  43   4  15 104   5  22   6  14  76 193 143  18 184 195 114  31  63  27 192  83 187 131  35 179  90 118 189 123  92  89 102 126  60 190 125
  140 147 106  35 166 148 141 151 146 157 135 134 107 160 136 139  10 128 137 150  52 138 161  76 152 171 149 167  87  50  63 158 153 132 154  92  78 145 164 163 143  49  66 159 172 173 156  79   0 174  81 109 170 176  65  64  67  80 168 177 175  90 133  51
  111  69   2  55 164 109  68  37 176 152  81 153  26  57  53 159 174 157   0 175  65 151  78 163 172 162  66   9 154 156  49 160 155 158  82 149  51 170  52  79  96 161  73  80 148 173  64  67  72  12  93  63  77 168  90 171  85 140 177  50 146 169 142  36
  142 111  53  96  36  69  37  85 127   9 109 164   2  57  68  77 101 146 133  26 106   0 160  52  54 155  89 148 156  72 153 157 159 137 152 135 141 139 154 151 144 140 162 176 138  55  12 163  33  51  65 158 149 161  66  81  93 172 174  28 175 136  41  58
  166   2  16 141 164  67 106  72 156 161 176  68 162  80 171 155 172  77 169 150 142 149  66 153 111  93  50 174 173  65 160 154  91 152  52 177 170 140 175 148  81 158 151 157 147  82 134  79 165 138  51 168 163 136  94 139 159  95 137  88  64  53   0 133
  111 106 166 109 146 140 154   0 153  73 159 107 160 157 164 137  49 152  57 161  85 151 100  81  37  52 158  80 156 155 139  39  66 163  16  72   2 172  65 142  50  51 171 141  68 174  79 165 170 169 149 136 173  93 127 134 162   1  67 147 175  78 148 176
  110  27  76 114 129 184 128  45 132  20 122   7  61 196  31 145 120 125 194  22  97 105 131  21 123 180 126 116  32 118   6  83  15  98 117  58 191 188 130   5   4  13  87 102 179  19 121 104  14  18 119  75 182 193  23 124  34 147  56  84  60 197 107 192
  182  61 180  20  23   7  45  19  75  27 116 120  13 191 105 189 117 129 114   5 121 104   4  14 131 125 184  31  18  98  83 123 188  47 192  99   6 178 190 193 124  60 179  76 195 103 110 194  17 122  22 102  46  97 196  34  43 187  84 197 115 126  21 132
   61 110  20 180  27  45 182   7  31 114  87 191 116  75  97  34 184  19 129  98   5  47 188  13   4 117  23 120  56 194 131   6 105 104 121  18 193  29 179  22 125 192  14  76  84 189  83 196 123 183  15 122  21  32  99  58 103  35  43  46 102 132  17  10
   61  20 180 110 182  45  27   7 114 116  31 191 184  75  19 129  34  13  98 188  87   5 120   4  47  23 131  97 117 125 194  56   6 121 104 105  18 179 193  29 192  14  22  83 189 123  76 196  84 102 122 124  46 132  21  99 103 183  15 195  58 190  35  17
   20  61 182 180 110  97 184 188  87  45  98 191  31  27   7  47  75 116  13 129 183  19 114   5  15   4 192  23 193  56 187 125 117  34 104 120  18   6 105 179 189 131  14  29  22  43 121  83  46  84  58  35 102  99 122  95 103 190 196  62 194  71  25  60
  110 183 182 180  29  34  20  87  47  61  43  35 121 187   7 188 116  92 184  45  31  25  98 120 125  75 129 143  19  56 191 131  23 102 186  95  13  58 132 117   4  30  46  22  97  27  10  71  89 114  86 179  90  14  18  15   5  70 193 123 167   6 189 105
  110  31 184 114  30 128  87  27 194  97 188 183 102  58  45  76  98 180 196 122  20  61  47   7 119 107 145  15 130  10 197 118 103   4 132  71  48 121  21  29 129  34   5 191 179  13  18  22  62 116  19  75   6 193  14 105 131 178  23 117 120 125  17  70
   91  40  59 181  99 178 124 125 190  17 166  83 115 195 188  75 189  71  23 130 103 192 114 123  19   3   5 179 131   8  24  58 113  30 126  42  18 187 102  74  60 120  54 185   4 101 122  77 112 104 186 193 197  45 182  86 165 191  13   7 129  96  44  14
   91  77   2  16 142 108  88  54  40  11 137  59  37 141  53  96  52  68  69  72 100  36 165  28 164 155 166  33 154 144 126 127  67 101   8 160 169 190 176  74 115  99 181  12 138   3 156 161 162 153  38 136 111 113 177 168  17 122 178  32  57  83  93 130
   24 113 192  62 191  32  42  97 193  20   4  18  74  58 179  19   5  99  46  83 117 180  29 116   6   8 105  98 104  44  12  85  31  21 101  14  55  84 190  86  45  13 195  41 122  15 189  47 121 118  61   7  48  23  28 108 107  22 183  17  33 119  38 120
   89  36  29  42  24  34  17 121  33  83   7   6  46 179 119 181  58 194  60 195 123  22   8  18  74  85 117 120   4 116 190 193  44  41  75  19  21  38 101 197  86  99 191 189  45 180 125 104 192   3  84  12 113 118 103  14  23 185   5   9 187  28 115 108
    2  68 164  77 176  16 111  82  26  81 162 148 174 175 156  52  53 168 149 172 150  67  65  66  69   0  80 152 166 151 170 161 173  93 153 160 155 157  96 141 154 158  51  79 171  72 163 177 142 136 169 140 138  88 106   9  55 159  39  73  50 165  37  36
    2 111 164  68 157 151 154 160  52 156 153 152  81  51 159  67 158  66 149 172 174 141 161 163 106  65 176 148 173  80  49 171 140 162  79 170 138 166 150  82 175 139  50 155 127  73 169 136 146  57  72  77  55 142 165  37  93 107  16   0  69  53  64 168
   58 147 143 145 132 128 134 146 107 131  76  90 139 133 140  35 130 138 105 135 126 106 127 137 118 109 119 136 104  21  39  85 141 129  92  34   1  49 121  22  52 184   0 166  63  32 151 167 110  27  97 102   7 157 123 148 161 120 144 114 160  41 194 101
   69  53  92 176 168  82 109  78 175  37 165  79  93 164 170 173  81  26  94 174 177 172 149  65  66 153 162  68  16 167 171 158 152  64 169 163  10 159 154 110 186  80  67  63 111 160  72 148 155 156  90 157  50 161  95  52 151  58 108  12  51 142  49  57
  180  61 110  45   7  20  27 182  75 116 114  23  19 129 120 191 121  76 117  21   5  22 131  34   4  98 194 184 105 195 104  29  31  47  97  13   6  56  83 123  18 196  35 188 126 179 130 118 193 189 192  14 124  58  84 132 125  17 128 103  62 145 102 178
   61 110 180  20  27 182  45 114   7 184 116  31 188  75 191  19  23 125 120 129 131   5  98  13   4 194  34 117  47  87 179  56 121 104   6  18  83 105 123  22 193 189  14 192 124  97  29  99 122 102  84 196  76 132 190 103  58  17  46 195 187  21 178 115
   61 180 110  20  27  45 182   7  31 114  75 191 116 184  19 188   5  23  56  98   4  13 120 125  34 194 129 117 179   6 193  18  47  87 192  83 131 189 104 121  99  29  84  22  14 105  97 123  76 122  32 190 196  17 124 187 195  46  15  58 103 115  21  60
  110  61  27 180  20  45  31   7 114 182 116 191  75  34 184 188  19 129 194   5   4 179 120 125   6  87 117  56  13  22 131  18 196  23  97 104  32  83 193 192  98  47 122 105  99 189 123 121  84  58  14 103  17  76  21  29 102 195 132 115  60  15  46 190
  182 180  75  20  61  34 110  27   7 125  56  76 116  45 191  19  23  31   5   6   4 192 194  13 179 120 193  58 117 114  89 196 189 184 104 195  18  84 129  35 126  87  92  95  29 187  47  99  15  10 131  83 188  17 143  62 121  14  22 123  32  43  46  60
  111   2 164  72  68  77  26 109 166 176  69   0 177  82 142  53  96 175 165  81  93 160 153 168 152 155 174 172 170 156  65 159  16  57  66  52  80 154  51 158 157 150 162 171  37 149 106  79 141 173 161  49 151   9 127 137  67  55 163  39  85 148 140 139
   49  78 151 157  81 107 152 109 174 159 111 149  66 171 164 172  65 153 158 176  79 175 160 173  64 170  80   0 148 140  51  68  82 156 150 163 154 177  57   2  72 106  50 168  67  90  26  93  52  53 162 165  10 161  94 167 139 155  37 135 166  69  63 141
    2 106  77  16   1 164 144 140  81 142 148  39 156  63  51  26 150 111  96 149 157  37  65  93  68 160 154 153 138  67 151 159  55 141 172 174  66 136 161  80 127 162 152 158  53 146  50 163 176 173 170 139 155  36   0  82  52 135  79 137 171 107 133 175
   77  69 101  96 142  85  74   3 137  37  54 133 127 119 144 111 146 100 108  40  24 130 113  38  33   2  36 181  16  72  91  99 141  59  17 123 164  44 115  58   9 197 106  89  11  28   8 195 165  42 126  53 190 118 138  86 120  32  52 131 160  18 154  57
  124  76 114 126  83 125 179 190  56  98 102 196  91 182 181 189 188 195 128  11  60   8  95  21 192  17 116  28   5  23 197 145 134 123 121 130 115 191  45  22 178  46 120 131  44 194  14 122   4  54  19  86   7  99 117  18 119 166   6 147 118 184  13  59
  183  78  92  64  63  94  90 167  87 187  10 186  43 109  95  25 182  20  50  82  70  49  47  79 170 171  71  26 168  55 110  81  97   1  35 175 174  93 176  65 173 172   9  58 149  69  66 163 184 162 177 169  80  48 143 140  51 152  53 158  15 185  61  42
  148 140 106 109  93 149  81 157 150  49  26  64 151  78 173  79  65  66 159 174 172  53 156  94 170  63 171  90  82 158  80 146  57  50 152 160 167 107 141 175 164 137  68 154 153  92 163 176 133  67 139 162  51 144   2  36 161 177 165  73 138 135  55 142
   61 129   7 131  45 110 145 103 180 114 130  97 120  22  21 117 121  31  47  75 105  29   4 132 116  58 184 191  19  18   5 104 195 118  98  43 178  62  23 194  17  27 183  74  20  83 124  30 119 123 193   6 128 197  34  14  35 179  46  13 182  99 113 115
   69  73   0  49 111 109  90   9  78   2 164 151 140  52 152 166  64 157 174 161 186 176  55 148  63 107 163 172 175  12  92  81  96  41 170 153 149  66  68 183 171  56  85  79  67 158  65 173  82  50 167  57 156  54  37  53  80 154 162 155 177  36 160 168
  126  27  76 129 145 132 131 110 134 147 120 125 122 130 128   7 194 114  20 123 124  21  45 143 118 105  61  75 116 117  35  91  19  31 180  58 139  83 137  13 182   6  22 138   5  23 184  32  10 144   4 121 191  14 119  18 196 195 133 179  15  99 102  84
  110  27 184  61  58  31 188  30  71  75  43  87 183  47 114  35  24 185  70 187 180  98  45 165  95 178 194 182  10 104  23 186  13  42   3  92  91   5  48  25  19 103  29  40 193  34 113   7 102  93 167 105   4 192  97 191 107 116  74  22 121  15  17 189
  182 125  83  98  45  23 188   7 124  61 114   5 190 189 191 184  56 120 179 116 123  19 180  20  75   4 192 195  22  99  14 102  76 178  84 194  27 115 117 122  17  18  60 187  13 193   6 131 105  46 110 104 129   8 103 121 126  21  31  47  29  34 196  95
   56 182 125 124 129 123   5  83  14 179  19 126 120 131  84 117 190 116  46 192  23  45   6  61 115   7  99  13 180 191 195   4 104  22  18 189  20  86 114 178 193  75  27  60  29  17 101  32 130 105  47 132 197 121 188  42 102  33 103  59  34  21  40  28
   37  53  69 165  16 137  26 154  82 168 164  68 176  77 173 162  81 153 170 159 160 175  65   2 172 156 158  66 174  80  79 163 152 149 141 157 106  67 142  93 177 155 148  51 169 108 171 161  57  52  63 111  88 151  50 150  72  96  64  94 185   3 167 109
   54  73   2 127  21  41  85  39  11 133 138 146   1  38 111 139  33 128   0 142  52 107  97 113 119  28 134 106 135  36 144  22  89 100 140 136 151 118 145 148  84  96 126  59  74 197 157  91 121 156 147 155 160  60  68  15  17 161 163 150 164 123  12 117
   52 166  72 142  68  57 155 164 160 141  54 162 161 138 148 151 154  69 156 159 157 153 139 152  11 111   2 137 149 109 133 158 127 134 146  66  67  28 169 150 172 176  38 174  65 140  55  53 173 106  81 171 175 163 168  79 147 136  73  80  88  36  90  50
  164   2  68 111  81 176 153 157 174 152 156  52 160 172 154  66  65 151 162  82 158 175  53 159 149  69 173  80 109 163  67 148 161 155 170  51  79  77 168  57 171  26  72 140 177  37  93 141 150   0 166 169  16  78 142  55  49 165   9  64  50 106 136  73
  111   2 106 166 164  68 109  52  73 155 156 162 161 153 148 151 138 160 157 154  57 140 142  37 141 152 159 163 136  81   1 172  65  69  16 158 149 139  66  55 174  51   0  77  67  72 150 127  54  53 175 146 169  85 133  88 134 176  38 173  80 144 171 170
    2  26  48 165 177  82 164 176  81  69 168 175 170  96 174  49  80  72 106  93  37  16 140 152 149  65 141 172 153 173  66 158 171 159 154  77 151  94 111  79 157  10 160  78 156 150 162  53  67  68 148 163  51 155   9 136 107  30   3  87 146 109  50 161
  137 142  77  53  11 108  68  57  52 155 144  72   2  88 154  36  28 138  37 160 164 161 162 139  16 141 159 156 153  54  91 146  33 148 136 133  67 157 169 100 150 152 126 135 134 158 127 151  51  55 176  65 165  66 168  40  80 172 149 173  59  69  12 174
    2  77  16  68 164 141 111 142  72 155 156 154 160  67 153 162 176  96 161 150 152 136  53  80 127 148  81 138  51 149 158 159 172 174  65 157  88  82 151  66  36  52  37 133 175 173 163  91 169 165 170 168  93 139  26 137  79 171  57 177 144  54  69  55
   77  96   2  91  16 106 166  59 111 141   9 181 164  74 142  40 185 165   3 186 101 127  26  48  69 115   8 113 190 133 178 103 124  54  72  17 187 144  99 176  11  38 130 177 126 102  30  68 136 197 112   1 155 189 119  85  71  44 138  53  73  88 134  86
   96  16   2 166  77   0 136 141 134 124 186  91   1  59 188 122 142  52 115  38 133 138 106   9 125 127 147 164  88  30  73  11 126 102  69  98 169   3  40 155 111 145  80  99 162 190  82 132  67 150 176 178 139 140 177  53 165  71 153 131 144 187  94   8
   91  29  15  89  36  16 144 142 115  77 189   8 124  96 126 190  40   3 125  37 188 194  12 195  14  75 113 116 120  74  33   1   5  45   2  59 108  17 187   6 181 136  46  88  93 123  13  83 179 191  23 197 193  84 185  25  18   4 180  42  44  56 192 117
  114  27 105 124 122  48 131 102 178  13  61 132 145 103  98  31 125   3 129  71  70 188 115  23 189 186 130 187 194  91 197  47  14  45  15  75 184 123  30 112  99 190 166 104   1  74  25  59   5  18 120  40  95 126 147 165 121  19  20  87   8  94 193   7
  177 166  82  87  94  70  48 186 168  72  10 112 165 167  71  93 176 187 175  24 171 170  26  50  95  80 109  81  64  53  79   3  31  78 162  77 172 174 173  65   0 155 108 169  66 185  16  92 111  49  15  42 158 102 183 153 152  25  30 159 164  67  43 154
  110 126  61  76 180   7  27  23  35  43  25 114  75  45  58  98  13  29 184 195  47 105 120  62  30  89  10   5 182  34  91 194  20  19 121 178  31 116  21 183 124 187   4 130 131 191 129  70   8 117  22 125  95  92  18 102  63 188 197 193  56  71 189 104
   30 188 166 196 102 103 145 114 182 129 132  91 187 122 124 128  98  95 131  97  87 178 184 125 189 112  15  17 197  71  31 121 179  54  13  75  60 194  43 130  27  59 183   3 134 147  99  38  76 186 185 141 120  47  73  56  45  48 181 192  40 115   4 106
   97  34  37 110 101  69  63  90 146  32  87 105  58  85 107  27 119  61 128  25 104  20 193 140  41  10  29 180  62 135  89  48 130   0  22  24 143 118  21  84 131 126 183  31  45 191  49 120  14 113 132   7 145  42 117  92  39 136  55   5 109   6  74  13
   77 102 186 181 187  16  58   9 185  96  25 166  42 125 184  71  86 142 124 188  83 190 189  60  69 112 126   8  52  44 183  91 111  40  24   2  48 195  46 165  95  99 177 101  23 122 192 115 193  28  93 179  17   5 113  73 120  53  26 182 196 167 114  14
   26  53  82 176  81   2  77 164  93 170 175  69 168 165   0 177 174 172  65 173  80  68  66  79 152 149 162   9 111  96 171 153 156 158 157 154 160 186 163 159  16 148  72  67  37  63 150 141 106 166 151 185 167  51 155  94  52   3 140  25  78 109 161  50
   77   2  16  72 142  96  53 141 164  68 162  82 176 166 111 168 155 156 177  80 165  67 186  26 153  91 169 174 172 150  93 175  81 154 149 170 152 161  65 173  52 160  66  69   9 148  88 158 171 136  79 157 163 151 140  11   0  51 159 134 133 124  95  59
   68 164 111   2  53  72 162 153 156 155 176 160  82 154  77 159  37  65  81 152 174 172  66 142  51 158 175  80 157  16  67  26  57 173  52 149 151 168  93 161 170  79  69 163 148 171 150 165 177 169  55 141  50  88 136 166  96 137  64   9 109  78 140 106
    2  72  68 111 142 133 127 106 148 139 160 156  53 164 138 141 159 150 151 157 146  52 153 149 162 154 155 140  77 152  51  57 144 137 135  81 158  67  36  65 136  66 161  55 174 172  26 163  37  80 176 173  16 175  39  54 134  93  79   0  82 170  96 171
    2  26 111  72  77  68 164  53  96  81 106 156 176 157 148  82 153  65 174 149 160 152 159 140 162  51  93 151 150  66  80 172 175 155  57 141 158 170 154 127  67 139   9 173 177  37 163   0 142  79  16 165 146 161  49 168  55 171 133  52  39 138  69  78
    2  77 111 106 164  68  72  26  16  81 156  53  82 150 153 162 160  51  65 148 174  80  96 152 149 159 172 141 157 154  66 151 158 155 176 140 133  55 175 170 173 161 171  79   1 163  57  67 138 142 139 137  50  52 165 136  93 144 146 168   0  49 177 166
   72  96 142   2 106  26 144 133  77   1  16 127 139  53 146  68 141 111  85 156  57 137  37 148 138 150  59 160 164 135 140 159  55 155 162  81 149 153  93   9 136 154   3  51  65  39  74  82  80  36 134 100 151 157  91 176 152 158  66 174  38 165  67 172
   72   2  68  53 111  77 159 164 162 160 156  26  57  37 155 153 154 152 141  81  65 127 157  82  51 174 151 176 158 150 149  66  80  93 172 133  16 106 148 175 142 137 173  67 165  96  79 170 163 168 136 139 177  55 171 161  69  52   9 146 140 135 138  88
    2  72 141 133 137  53  77 127 159  37 144 148  91 139 160 156  36 106 142 136 150 154 138   3 149 162 151 152 135 155 157  68 153  54  96 164 158 146  65  57  93 165 174  81  66  67 140  16 173 172  80 161 163  26 111 175 176 100  79 170  82  89  88  51
   53  68  72 162   9 148  52  36   2  26 156  12  77  82 155  81 153 174 142  65 172 149  54  57 154 176 152 163  69  66 160 168 164 158  80 161 173  79 151 157  67 175  16 150 170 159  51 141 169   0 111 171 133 135  50  78 186  93 139  88  64 177 140  96
   53 164  68 159 176  81 175 174  65  51 152  66 168 172  82  26 170 173  80  79 157 158 153 160  57 177 156  37 150 171  78 149  64 151 163 165 148 154 111  10 162  49  67 109  77   2  93 155  69 161  36  72  50 141  63  94  92 167 106  55 137  39   9 140
  109  72  53  68 111  26 159 160  69 164  57 152 153 176 156  65  81 174 175  51 158  66  79 177  82 149 148 157 172 150 173 155 168  80  64 163 162 151 154 170 137 142 135 165  37  55  78  92 139  10 141 171  67  36 161  93 140   2 108 136 133  49 127  52
   72   2  68  53 159  57 160 137 139 156 150  36 153 135 148  51 133  26 152 164 168 151 176 158 111  37 157  10 149 154 155  77  52  66  65 174  82  54 141  67 172  81 144  88 162 175 173 161 142 163  79 177 165  80  69  55 138  16 127 170 171 146  93  64
  139 146 135 140  12 143 144 133 148 108 138  89  68 101 151  57 137 160 157 149  78 159  26 163 150 136 107  69  29 121 156  51  34  52 145 153  56 152  53 134  90 147 106 142 109 105  41  35 161 154  37  65 158  36 174  82 162  28 117  66  55  39  81 164
   37  51 159  10 174  68  65 173 110  53  78 163  67 154 158 153  66  82  81  64 149 156  79 160 172 157 176  80 152 151 175 164 161 170  88 168 135 150 155 148 171  63 107 162  50  39  49  57  93  26 165  12  94   2  92  16  72 140 136 139   1  69 127  77
  138 134   1 146 139 147 133  52 136 106 137 127 141 161 142 144  28  11 140  39 145 155 164 150 135 148 160 132 151 166 111  72   0 154 153 128  57 157 156  68  38 162 152 143 126  51 119  73 107  50 149  54 159 158   2  85  55 169 109  16  67  66  80 172
  111   2  77  68  96  57 164  72 142  85 166 155  39  73  55  37   1   9 162  28 159  11   0  44  38 152  51 156 153  93 176 160 154  65 109 175  80 106  26  82 177 174 151 172 157  66  67  41  59  54 158 161  42  16  52 100 197 170 169 113  86 136 150  81
   68   2  72  77  53 164  37  16 162 142 155 156 111  26 176  57  82 154  96 153 141  80  81 160  65 159 174 152  66  67 172 148  93 149 158 106 165  51 173 157 175 161  88 170  55 168 150   9 151  79 133 137  36 136 163 144 171 127  52 177 169 108 139   1
    2  72  68  77 111 155 164  57 162 142 156  37 154 159 161 153 160 141 152  16  65 176 137 157  80 150 138  53 172 136 148  66 106 174 151 158  51  88  55  67  52  81 175  36   1 127 139 173 169 133  11 168 149  82 163  93 170  79 171  50 165 108 166  96
   77  96 144   2   1  16  72   8  53  68 142  37  55  26  25  57  89  59   3 108  74  36 100  91  88 155 133  12 137 162 141  28   9 164  29  11  33 156 115 190 139 197 159  38 136  51 111  44 101  80 154  82 195 160  40 146 153  70  85 165 150 138  67 134
   72  89  26  10  37  53 144   3  12  29  15  43  57 133  55  64  68  70 162 148  36  61 159  92 108  82 180   1 155 139  20  65  94  96   8 149 156  78 135 150  93  81  25  77 186 174  79 110  80  75 173  34 175 116  16  59  74  66  95  48   9  13 168  97
    1  20  55  89 144  25  97  29  62  57  72  13  12  85  44  96  14  37 197  46  70 180  43  26  41 105   9 111 109   6 193  33  84 116  74 117 108  78  64 183  18 191 118 133  86 139 195   8  59 136 190   4  28 119 100  48  61 194   5 162 159  68 143 155
   20 110  10 180  61  43   1  97  92 143  87  64  56  78  15 132  34 129  89  27  29 116  13 183   7  63  62 194  75 145  95  47 117  90   6 105  31 182  45  35  84 191 121  70  12 134 144  94  76 125 118  19 147  25  21 136 135 123  57   4 109 193 120  18
   20  25  95  70  64  92  63  10  61 180   1  15  13 183  94  98  78  62  87  29 182 110  43  97  76  27 194 187  47  12  31 116 193  23  56  45  75 167  35   7  50 108  55 190 186 184  88 125 188  46 191  89   3   5  82 143  18   8 105   4  14  19 109  34
   20  87 182  56  98  97 183  92  15  78 188  47  62 180  61 191 192  70  75  34  12   9  95  41 125 116 187  43  76   6 196  46  19 109 186  64  31  10 143  90   4  84 179   1  45 193  49  14 194 167 117 184 102   5  18  29  94  48   7  13 190 189  35 195
   20  64  97   1  10  43 180  78  92  62 109  55  25  87  57  63  61  70  94  13  72  89 183  15  29  32  37 193  12 143 105 116  49  34  31   6  14 111  27  90  44  50 194  76 162 108  46 159 191 110 155  98  75  95   7 117  47  18  38  65   4  26  19  84
   20  97  87  10 180  13  61 183  92  15  31  78  43  47  70  62 110  64  34  75 182  48 194   6 191  94  49 105   1  89 116 196 193  95  56 186 143  41  76  45  90  29 167   4  19  35 107   7 109  18 125  27 117  25 129 187 132   9 184  63 189  14  84  46
   61  20 180  89  29  56  75  45 110 194  13 116  98  34 125  27   7  43  84 182 117  25   5 195  19 105  23 124 114  10  15 189  12 120 115   6 191  47   3  18   4  95 193  36 190  31 144   8  70  97 197  62 123  17 187  91 129 196 122  99  46  92 145 184
   20 180  61  13 182  75  27 116 114 191  56 194 125  19  45 110   6   5   7  31 192   4  23 189 190 193  18 179  95 117  15  29  34 105  76  32  10  92  89  47  84 129 184 123 120 104 115 195   8 197  99  46 121  87  14 187 131 188 124  17  98 196  24  70
   62  20  43  89 180 109  25  12  29  34  15  97 193 116  75 183  13  90  46   6 191  63 117  19  14  85   7  78  92  70  57  18  37  41  33  47   4  84 182 120  44  61 101 111  76  56   5 194  86 192 195 108  23  26 189  45 121  31 104 186  69  64  99  87
   97 143  61  20 180 129  56 126  89  29 145  21  62 110 144  35 105  45 132 118  34   7 117 123  22 134  84 124 120  90 116 195   6  75 191  13   1 131 146 140  10 183  19 135 147  92 196 121 133  76  43  33 139 119   4  27 130  47 114  41 107 138  36 128
   26 109  78  64  49  82  94  37  70  81  63  72  43  68 168 174  10 175 183  65  93  79 170  80 111 171 176 173   3  66  87  97 172  57  48 164  55 159 149 162 165   9  92 158 156   2 152  69  50  53 107  51   1 157 150 148 151  15 106 185 153 167  73 160
    1  57  68 155 142  28  72  12 162  36  37  55 111 144  11 108 138   2 161 156 164 134 159 136  88 153 154  33 139 160  52  16  77 148 137  65 151  89 152  51  64 169  38 157 146  80  66 133 158  44  85 174 109 172  67 127  81 150  73  50 149 173 106 141
   37   1  36 144  12  89  57 108  10 136  53  64  29 148 133 162 159 135 155  26  15  55  72 146  63 139  20  34  78  68 156  88  94 127  65  61 160 150  92   3 149 137 180 153 110 152 174 151 143  81 157  51 154 138  80  66 158  97 194 109 173  25 145 161
   20 180  61  89 191  13  27  56 116   6  45 194  84   7  76  75 125  62   5  19  23  34 117 182 105 190  32 123  29  14   4 193  18  12  92 197  46  98  97 124  25  10 192 143 120   8 104   1 195  87  33 108 189 126 110 115  21  99  95 118  41 129  15 179
   20 180  61   7 116  45  13  34 194 110  27 182  75 191  29  19   6  89 117  76   4  56 120 121  97   5 105  23  18  47  31  43 104  98  10 193  92 114 125 184  46 123 118 129  32  62  84  14 195  21  87  15 189 131 143 192 197 132 179 190  22  83  60  95
   20  61 180 110  27 182  45   7  75 116  56  34 194  13 191  19  31 117 125  29   6 129   5 120   4 114  23 105  97  84  18  87 193  47 184  98  89 121 123  14 189 131 104  15  10 188 192 195  22 179  43  76 124  62  21  32  46  83 115 190  99 196 132 118
   20  61 180 110  27 182  45  87 116  31  13  56   7 191  75 114  19  47  34  92  23  10 194  98  97   5  29   4  43   6 117  70 125 193  18 184  25  32  95 105  76  15 104 183 192  84  62 189 190 129 188  46 121 195  89 120 179  14 131  99 123 143  35 197
   20 180  61 110  97   7  27  45 116 191 182  75  13  31 194  34 184 114  98  87  19   6 129  76  47 117 105   4  56 121 104   5 120 131 193  29  18  15  62  21  14  23  10 183 143  32 192 132  92 125  84 118 196  46 188  35  22 189  43 123 145 179 128 195
   20  61 180 110  27  45 114   7  31 191  13 182 184  98 116  75 194  19   5  97  76  23 188  47 105 129   4  87 117 120   6 104 131  34 193  18 125  14  15 189 192  56  83 179  32  22 121  29 122 123 190 124  84 196  46  21 132  99 102 183  10 103 195 118
   20 180  61  45 110   7 182 191 116  98  97 184 114  31  27 188  13  19  47   4  87   5  23  75  34 120  14 117   6 129  29 105 194  18  56 104 193  22  76 179 183  83 192 131 121  46 125 189  21  84 123 190  62 196 102 122  32  58 124  15  60 195  99 118
   20  61 180 182  45 116 184 191  13  98   7 114 188  31  47  19  27  75 110 129   5   4  97  14 120  23 117 189  18 194   6 193 125 179  87 131 192 104 105  83 190 187  46  56  29 102  15 124 183 122 121 123 196 103  34  22  99  76  60  84 178  17 115 195
   20  61 180  31  45  98 184  47 191 110  97 188 116 182 104 114  13   7 193   5   4  19  29  27  75 192  18 117 194   6 120  15 183  23  87 189 179  14  46  34  83 129 105  32 131  22 190 121  24 103  42  70  71 122 196  99  56 125 187  60  21 115 102  25
   20 180 110  61 182  31  27  87  45 116  34   7  47 191  97 184  75  19  56  13  98 129  29 188 183   4 114   6 117   5 194 193 104 120 121  18  23 131 125  43  14  92 192 105  10  46 179  76  22  15 196 189  35  84  32 132  83 123  62  58 103  21 143 190
   61  20 180 110  27   7  45 182 114 184  31  98  13 116  97  47  75 191  87  34  19  23 129 194 105 188   4  76   5 120 183 117 104 121 131  29   6  18 193  43  56 125  14  15  22  10  35 189 192 196 179  21 132  46  83 102 103  58 123  62 195 187  95  84
   20  61 180 110 182  45   7 191 116  97  27 114  98  75  31  19 184  13  87 188   5   4  47 117 129  34 120   6 105  56  23 104  18 194 193  14 131 192 125 179  29 121  22 189  83  84  76 122 196  21  46 123  15 183 190 103  62  32  99 124 102  60 132 195
   20  61 180  97  45   7 182 191 116 114 129  19  98  13 188 184   4  75 117  47  14 110   5   6 105 120  27 193  31  18 192  22  23 189 125 104 131  87 179  83  84 194 183  15  56 196  34  46 123 122  21 121  60 190 124  62 103  76 102  29 132 118  99  17
   20  61 180 110  97 182  98  45  87 188 191   7  47 184 183 116  31 114  13  27  34  56  19  75   4  29   5 193 129   6 194  23  14 117  18  15 120 125  76 104 192  46 105 179  22 196 189 121  84 131  62 187  92  25 190  58 102  83  70  95  43 122  21 124
   61  20 180  45  13  27   7  19 191 120 116 105 114 117   5  31 182 129  23  75   4 104  18 123 184   6 131 193  14  47 125 110 189 194 122  83  98 192  99  29  97 179  87 188 121  46 115  34 190  84 124  22 178  60  32 132 103 102 118 195  17 196 187  24
   20 180  61 182 191 110  31 116  34  45   7  97  19  47   4  75   6 184 104  13 117   5  98  27 192  29  87  18 121 193 194 114 179 105 120  32  23  46  24  56 129 131 183  15  14 188 189  22  21  62  83 195  84  43  41 143  76 190 125 118  99  35 103 196
  110  20  61 180  27  45  87   7  97  34 129 114  31 182 116 191 184 131  75  13 105 132  19  47  76 117 104 120  98 194   4   6 121  56 143  22   5 183  10  23 123  18 193 188  14 122  21 196 128  29 145  35  92  58  84 118  43 125  32  62 102 179 103 130
  110  61  20  27 184  87 188 114  31  98  45 182 180   7 191  47   5  97 125  23 116 194  13  75  56  19  34  95 102 187 104  32   4 179 193 122  10 129 105  76 120  83 183 192  18  15 196  14   6 189 178 117  58  29  71  22  70 124  25 190  84  92  46  99
  188 114 125 124 122 190  45 189 184 102   5  23 194 115  99  91 179 187  83  98  27 178 182  17 126  14  61  40  13  75   7 191  31   8  19   4  30  18  95 120 110 180 123 131 192 116 181 195  71 193  76  84  20 103  25 129 130   6  15  22  47  60 186 196
   34  29 125  89  58 191 180   7  45 101  14  83   5  84  46   6 190 120 195 193 116 117 104  20   4 192 124  18  19 123  99  32  24 179 115  23  42  17 126  22  61 189 131  25  12 194  86 119 182  21 130  41  33 121  75 143   8  56 105 184  47  60 113 197
   45 114 125 191   7 188 180  83   5 179 116  61 194  19   4 120 182 184  17  23 124 190 189 195  22  75  99 123 131 181  18   6 192 196 122 117  98 102 121 130  76 115  20 110  27  60  58  14  13 193  56  21 129 104 103  84  31  47  29 178  34  46  40 197
  114 182 188 125  61  45 180 179 184 102 110  98  31  20   5 116  19 191  23  27   7 189   4  75  83 192 124  47 194  13 120 190 131  18 121 187 196 129 104   6 123 122  17  99  71  56 117 193 181 103 195  14  34  87  60  22 115   8  76  46 105  15  29  58
  183 180  31  27  61  87 110  43 182 184  20  98  97 188   7  23 104  13  47  45  70 105  25 131  30  71  92 191 121  58  76  34  35 116  19 187  75   4 178 129  62  86 120  10 114   5  14 103  18  95  24 112 102 193  99 186 192 167 117  46  42   6  29  60
  110 114  61  27  45 180   7 184 182 188  31 125  20   5  23  75 120 131 116 191  19 122 129 194  13  83 179   4  98 124 189 117  99 123  18 102 178  22 105  47  14 115 193   6  87  56  34 104 190 192  17 121  29 187 103  84  32  76 195 130 196 132  30  60
   61  20 180 182  45   7 114 191 116  23   5 184  19  98 188  27 125  75  83   4 179 110  56 192 120 117  14  31 189  18 129  13   6  47 104 190 194 131 124 193  22  99 123 121  84 195  76 102 105  46  17  34 122 178  87  29  60 103  97  21 115  32  58 196
   61  20 180 110  27 182  45   7 114  31 116 191 184  75  19 188   5  13 129  34  87  23  98 120   4 131 117  47 125 105 104 194   6  97  56  18 121 179 193 192  14  22  83 123  29 189  84  76  99 122 124 102 196 103  46 132 190  21  32  58 195  17  35  15
   61 180 182  20  45 110   7 114  27 116  75 188 191 184  19  31 125 129  98 131   5 120  23   4  13 117 194  47 179 121  56  34  18   6 189  87  83  14 123 192 104 193  22 122 124 105 103  99 196  29 102  17  84  97 190 132 195 187  46 115  60 178  76  15
   61 110  20 180  27 182 114  45  31   7 188  75 184 116 191 129  98  19  87   5  13  23  47 120   4 131 125  97 117  34 105  56 194 104  18   6  22 179 193 121  83 192 189 122  76  14 103 196 123  99  29  15  84 102 124 178 132 187  95  43  32 190 183 195
   61 114 180  45  27 110 182  20  31 188 184   7  75   5 191  19  23  13 116 125  47  98   4 120 194 131 129 104  18 179 192 193 189 117 102  87  83   6 124  14 122 105  34 123  99  76 190 103  22  97 178 196 187  17  29  71 121 195 115  56  46  15  58  84
  110  27 114  61  31 188  45 125 122 182 180 184  20   5   7  23 131 124 120 129  13  83 194  19 191 116  99  98 179   4  87 178  75 115 189  14 102  18 117 105  32 123 193 192 190 104   6  47 187  22  56  15 103  84  30 132  17  95 121 130  34  29  40  76
  114 110  61 188  45   5 125  23  83 179 190 184  27  31  99   7 191 178 194  56 180 189  22 182 124 115 122  19  32  75   4  17 120 192 116  29  84  91 195  20   8  18  13  40  98 117  58 193   6  14  15 187 123  95 129  47 181 126 103  76 105  74 102 131
  111 166   2  69 164  77  68  72  16   0 155 176  52  96 153  82   9 154 177 175 152 161 165 162 142 160  73 156 141 168  88 174 172  81  55 169  80 109 170  54  66 158 171  37  65  11 151  67  51 138 136 163  57  53 159  79 157 173 150  28  48 108  26 137
    2 111  96   9  73 146  85   0  72 106 166  26 127 164 109 142 140  69 133  52  77  54  68 144  41 139 101  44 148  86 134 141  53  57 113 155 138 157 160 185 151  55 152  36  42 119 176  38 181 162  59  81 153  28 156  16 175 177 150  24  90  82 186 149
    2 106 166 141  77 142  72  68 164 133 127 138  52 111 156 160 148 154 150  16 151 162 140 157  54 155 161  67 134 152 153  91  73 139 149 137 146  11 172 159  66  93 136  81  80 158 176 174  65 169 171  51 173 165 144  96 170 175  57  38  82 163  53  79
   53  96   2  26  93  77 176 165 170  81 177 173  68  80 111  91  69 172   9 164 174 141  66  79  65  82 156 175  37 142 168 163 152 106  16 157 149 148 154 158  67 160 159 185 153 171 150  36 162  51  72 167 151 109 140 161 127 137 155  57  49 169  50  52
    2  69  52 127 111 138  54 139 133 164 136 141 160 142 146 166 151  68  11 155 154 153 157 152  72 134 156 135 137 148  37 159 161 150 106  57 162 163 158 147  85 140  67 149  53 176  28 175  51 109  66 172 174 144  55 169  88  65  73  36 145  80 100  96
   91 130 123  17 124  45 115 195  74 131 120  40  99   3 178 114 181 144 190 145 194 126 122 103   5 197  83   7 117 125  19 105  75  18 119 129 100   4 189 108  22  54  23  59 191   6 101 113 133 137  84 118  33 132 179   8 116  61  27 180 121  60 146  14
  166 142  11  52   2 138  28  54 137 126 141 124 134  91 147  38  16 125 111 169 136 161 139  77 155 164  60  68 150 102 162 127  83  88  95 140 123  72 106 160 156 148  59 128 133 145  86 154  67 112 122  40 120 153  44 108 163 146  33 119 151 135 149 176
   91  40 126 141 130 137 142  59  77  99 166 133 131 125 114 181  16 146 165  58 106 115 144 122 127  30 102  54   2 101 124  17 123  24  74  83 178 140 103 145 179 138 120 134 195  53  69  27  71 129 135  52 187 147 132 121   3 108   8 100 119 136   5  36
   91  40  54 181 142 100 108  69  77  59 195  99  53  17   3 144 125  83 137 179 190  33  89  11 130  36   2 165 123 115 141  16  96  24  37   5  75  23  12 194   8 113  52 127  19 101 178  88 189  29 126  22 182  72  34  32  28  93   9  74 192   4  45 185
  137 142  69  11  52  54  91   2 138  72  68 133  88  32 139 108 160 141 154 164 155 127 166 135  40  28 146  53 153 136 161 169  59 111 101  67 156  33  16 159 168 162 177 165 100 134 151  57 152 150 176  37 158 147  51 148 157 149 144  12  36 175 123  77
    2  77  69  54  68  53 164  52 127 160  96 141  72 138 135 142 154 133 156 139 136 151  67 150 153  37  88  51  36  16 159 137 146 152 176 155 157 158 111 144  26 148  11 149 168 163 175 162  66  40 174 172  81  65  82 177 161  91 173  80   3 169  57 100
    2 111  68 164  69  53  72  77 127 153 160  37  52 154 157 151 156 155 159 152 176 148 162 149  67 161  96  57 142   0 158  51 174  66  65  55 146 172  81 175 163  54  80 133  39 173 139  93 140 150 138 170 141  85  26 135  82  36 136  79 177  16 165 168
  164 111  68   2 176  53  52 153 160 152 157  81  69 109 141 177 156 154  72 172 151 166  80 148 175  66 149 158 174  82 170  65 106  51 162 159 150 173  67 142  57 155 168  79 161  26 171 163 165 140 169 137  55 146   9 139  16 127  50  93 138  49  77 136
    2  77 111 106 164  96 127 142  68 146 141  52  53  26 140 160   0 157 156  72 153 133  81 154 148 151 152 139  16  51 176 159 149 150 166 138  93  39 172 174  66  65 158  85 162  67  80  73 155 170 137  37 136 161 144 163  82  69 165 175  57  55   9 173
    2 111 106  77 164 166  72  96  26   0 165 140 141 146 176 160 127  68 142  52  93  81  69 133 177  53  16 153 152 157 154 156 159  82 150 149 151 175 148  73 170 174 172 139  65  85 155 158 162  66  67  80  51 138 137 168 171 161 163 173 136  37  39 144
    2 111  68 166 164 142  52  57 156 157  72 106 162  77 155 160 172 176 159  66  65 153  93  67 161 154 150  81 151 152 174 158  80 141 149  51 175 171 137 148 173  16  50 169 109 163  82 170  79 168  53 138 139 177  37 140  39 136  55  38  26  64  49  11
    2 111 106 164  68  52 142 166 141 157 140 160 151 156 148 150 138 153 127  72 154 149 152 139 162 159  81   0 172  66  65 158 161 176  67 174 155  51  80 146  77 136 137 133 163  39  53 175 173  82 171  57 170  50  93 169 134 109  16  79  55  49  26 144
    2 111 164  81  69  49 176 109 157  26 106 152 151 140 174 160 153  93 149 170 165 172 175  68 159 156  66 141 154 166 158 127  65  72  82  80 148 177 171 173 163   0  79  67  52  53 150  51  37  96 146 161 155 162  73 107  16  77 168  78   9 139  57  85
    2 111  54  77  68 127  52  96 142  93  36  53  73 157  26  72 156 100  39 164 148 151 159 152 162 163  85  67 174  65 160  66 154  81 172 153  57 149 155  11 133 158 169   0 175  80  38  51 176 166 150 106 161 170 140 107 173  79 146  37  82 139 171 109
    2  77 111 166  16 164  82  81  26 176  68  53 165 170 177 172  80 156 174 152 171  93 175 106  66 154  79 153 160 141  65 173 158  52 150 137 149 169 159  72 163  50 162 157 168  67  51  96  55   0 161 151 155 148 142  69 167  64 185  49  94 140 133  39
  