 179   1  92 155 196 181 128 115 158 164 175 103 118 148 192 113 160 146 120 176 187 161 162 135 147 174 185 188 145 173 159 177  94 163 125  77 144 138  89 182 149 195 139 100 191 172 168  97 114 190 124  79  73 186 129 106  91 127 136  78 142 189 116  23
  169  67 120 166  84  55 121 152 119 153  58  71  45 122  27 155  54 130  52  57  48 182 127 156 103  96  61  88  59  16  42  69 125  25  43  13   4  38  47   6  68  15  14 167  18  70 106  72   5 128  41  99  87  46 118  19  56 194 100 104   9  10  34   1
   50  35  64  83 120  42  24 130 118   8 171 132  47  78 129  49  63   7  68 119  98  29  55  69 142  82  43  52  13  84  75  46  21  36 184  72 133  25  51   4  70  66  99  33  71   5  17  19 104   3  15   6  14  18  28  56  20 124  48  44  62  61 103  67
   50  83  24 129 120  64 171  82   8  35  42  68   7  29  75  47  21  51  69 184  78  49  46 130 119  25  43  63  55  52  13 118  72 132 104 124  98  33   4  70   5  36  19   3  99  71  66  15  17  26  14   6  18  23  20  56  40  28  62  48  44  74 103  60
   50  35 171  64  83  24   8 129  29  21  66  68  42 120  75   7 130  82 118  47  78  25  63  13  69 132 124  51  46 184 104  55  49 142  26  98  99  33  44  43 103   4  70  52   5  56  72  19   3  17  20 119  36  15  40  14 133  18 105   6  28  23  62  93
   50  83  35  64 171  24 129   8 120 130  82  68  42  21   7  29  75 118  47  63  66  78  25 132  69 104  51  13  46 184 142  49 124  55  72  43  98 103 119  99  26  70  33   4  52   5  56  17   3  19  36  15  14  20  23   6  18 133  44  71  40  28 137  62
   50  83  35  64  24 171   8 120  68  82  42  29  21   7 129 118  47  75 130  69  66  51  63  13  78  25 132 104  46  55 124 184  26  43 119 142  99  72  98  70  49   4  33  52   3   5 103  56  19  15  17  14  44   6  18  20  71  28  40  36  23 133  62 137
   50 132  64  78  36 133  83  63 104 129 121  98 131  75 120  35 137  97 130 142  82 111 113  51  81  79 135 127  66  76 193  93 122  23 156  49 136 119 125  46 141 189   8  77  47  95 138  80  94 108   7  25 126  69 194 139  72  84 171  65 173 188 190 146
   50 129 132  75  35  23  84  98  69  68 184 113  63 119  66  54  62 105  33 127  12 121  82   7  42  29  47   8  70  83  25 133  43  28 142 131  51  52 120  64  24  18   4 103  36 171  74  17 108  19  56  13   3 128  14  55   6   5 196  15  26  72  71  46
   50  64  24 120  98  69  68  55  75  47  51  42   8  29  46  72  25  13 129  99 104  43   3  40  83   7 119  49  74  17   4  33   5 124 130  12 156  70 121  15  28  44  19  14   6  20  71  18  48  61 184  32  56  31  52 142  23  35 118  82   2  16  60  26
   50 105  75 108  64  83   8  42  24  98  29 143 171  93 119  82  66  46  68  44  69  47  26  78 132  55 141  51  13  25  43  35  67 129 184   4 104  36 118  20  63  18  19   5 124  32  33  14  56  15   6  31  37  99   3  10  70  48  28  21  17  71  40  72
   50  75 124  24  66   8 103 171   7  83  26  21  64  51  35  29  82  33  63  99  47  13 184  25  17  40  62  20  28  23   3 129 133  46  68   4  42  19  18  14  12  43  22  56  15   5 130  55   6  48  69  36  16  60  32  98 137  31  37  81  44  10  70  49
  171 129  75  50  24  42  82 184  83  29   8  33   7  46  13  47  55  52  74  68   4  28   3   5  19  62  17  15  14  18  43   6  20  72  12  70  10  51  44  56  35  25  69  57  32  99   9  48  23  71  16 119  40   2  31 170  26  84 105  98  34  49  53  60
   50  35  64  83 171   8 118  24  66  29  42 120 130  82  21  25   7 119  68  98  13  78  52  47  69  63 142 184 132  75 129  43  49  72 103  51  56  55   4 124  44   5  93  70  99  26  19  33   3  46  36  15 104  20  14   6  18  23  17  28  61  10  71 133
   50  35  64  83  24 171   8  21 120  68  29  42 129   7  82  75  47 130  66 118  63  69  13  25  51 104 132  78  46  55  98 124 184  72  99  43 142  49  52  26  33   4  70 103 119   5  44   3  56  19  17  15  14   6  18  20  28  40  71  36 133  23 137  48
   50  35  83  64 171  24   8 120 129  21  68  42  82  29   7 130  75  66  47 118  63  69 132  25  13  51  78 104  46 124 184  55  49 142  99 103  98  72  26  43  52  70   4  33 119   5  56  44  19   3  17  15  36  20 133  14  40   6  18  28  71  23 137  62
   50  35  23  66  24  98 129  64 118 132 133  63 108 171 105 124 120 184  62  68  29  93  78 113  44   8  92 119  25 137  47  69  75  51  49  84   7  52 131  83  99 104  33  36  13  70 109  46 103  76  28 142  40  37 138  17  81   4   3   5  20  14  19  32
   50  24 171  64  83  29 129   7   8  35  68  47  21  42  75  44  13  52 120  26  69 184  82  98  46 103  99  25  51  66  72  33  55 118  43   4 124   5   3  70  19  28 142  15  56  17   6 119  14  18  63  20  40  49  48 137  71 132  10 130  61 104  12  74
   50  83  35 171  64  24 129 120   8  42  68  82  21  29 118  75   7  47 130  66  69  25  13  78 104  46  51 132  63 184  72  55  49 142  43  98  52 119  99 124   4  70  44  33   5  26  19   3  56 103  15  17  36  40  14   6  20  18  23  28  71 105  60  62
   50  64  35  83 171 120  24   8 129  68 130  42  47  29  82  21   7  75  66  63  51  78 132  69 104 118  25  13  46 124  55  98 142  99  49 184  72  70  26  43  33   4 103 119  52  36   5   3  56 133  17  19 137  44  15  28  14   6  71  40  18  20  62 113
   50 120  83  64  68 129  82 104  42 142 118  35  24 119 130  47  51  21  69   8  72  29 171  55   7  25  49  13  46  78 132  70  52 103  43 184   4  99  75  71  56   5  19   3 124  23  60  15   6  17  14  33  98  18  28  48  40 113  26  66  63  61  36  20
    0  50 153  84  38 126  43  58  55  67  51  45 119  71  69 117   2  82  61  31  46 169 156 130  83  68 108 127 193 141  47  48 107  26  18  32   3  14   6  42  57  70  15   4 106  81  98  54  19  17   5  13  16  12  21  53  87  29 129  99 121  74 122  56
  153 104 193 122 108  38  84 127 130  49  30 156 121  45  50  78  71  23   0 154 106 107 120  69  81 166  67  47  98 119  96 152 151 137 184  58  64 126  55 183 125  61 129 115   2  25 124  16  68  63 157  54  24 118  12  72  31  43  17 140 180  99 111  88
   93 171 119  68 105  42  50  24  51  29 184 129  55  78  21  74   8  46  10  52  85  70  25  47  69 118  18  19   4  13 104  26 120  15   5   7  64  56  92  82   3   6  75  14  71  20  48  28 117  83  33  57  91 124  43  30  61  37  49  35  32  36 170  66
   50  83 130  82  75 132  35   8  51  66 171  23  64  84 103  69  25 131 124  98   7 133  62  43  20 129  36  17  21  40  42  47  33  24 118  72  29  63 184  13  81  46   3 120   9 142  49  14  18 104  19   5  56  15   6   4  61  12  28  55  70 137  71   2
   72 129 120  68  74  82 119  50  42  55   7  47  69  26  52  43  29 184  13  70  28   3   4 169  48  71  51  53   5  24  15   6  12  46  19  17  44  18  14   1  56  54 196   2 156  75  67  61  83  10 142   8  98  33  60  31  73 121  25  57  86  59  84  32
   50 129 109 127  75  35  36 120  68  84  78  49  46  98  43 142  44  42  55  52 130  99  24 138 141  64 196  47  22 185  51 124  76  21 184  33   7  97 103  29  23  16 133  25 154  62 110   4  19  18 153  90  83  15  20   5  13  14   6  79 119  70  17  58
   50  35 129  63 132  75 104 113 119 142  98 171  68 133  36   7  42  64  83   8 105  29  24  78  52  93  69 184  62  47 127  21  66  49  72  33 120  28 130  13 135  70 196  55  23  82 131   4  43  74  25  19  26   5  12   3 103  44 168  18  15  46  56 121
   50  83  24  42  68  47 129  29  75   8  72 171  13   7  55  82  43  46  69 184  52  35   4  64 118  33 119   5 120  70 130  19  51  15  17   3   6  14  71  18 104  25  56  28  20  61  48  26  21  49 105  74  23  98  99  60  40   2  44 142  34 103 132  12
   50  35 129  36  78  63 132 119 171 120 133  64  83 130 142  98 118 121 135  66 104  79  93  42  97 127  75  21   8 113  76  49  82 125 141  68  80  44  77 103  23 136  24 111  51  94 156 189  47  72  25  69 149 148  95 105 110 138  62 173   7 131  81 163
  171 103  83 118 130  44  24  42  35  13  60 105  72  61 142 184   4  29  82  70  21  19  20  69  17  68  52  75  38   5  14  15  33  18 168  57   6  23  56  54   7  34  47  88  73  71  43  16  10  28 120   8 129  49  59  50  48   3 124  25 170  62  31  74
   50  35  64 129  68  24  55   7  63  84  42  66 132  75  13  29  43 130 142  47  46  98   8  83  16 103  33  69   4 119 127 171  70  17  26  19  28   3  15  18  51   5  36  52  14   6  56 184 133  44  12  67  71  48  21  20  78 105  57  31  99  82  72  61
   50  83  47  64  24  75  68   7  42  29  69   8  55 129  46  43  13  82  52 184  51  35 119 104  70 130 132  33  71   4  72  84  17  19  25   5  21  15  18  28   6  14   3  49  63 120  56 171  23 118  20  98  48 103 105  99  61  26 142  78  32   2  31  12
   50  83  64  24 171  35 120  82  68  21   8 129  42 104   7  29 130  13  25  69  51  47 184 142  46  55 132  63  72 118  66  52 119  49  70  99  75   4  33  19   5  17   3  78  43  56  71  15   6  40 137  62  14 103  18  26 124  28  23 122  48  60  44  20
   50  83  64  35 120 171  24   8  42  68  82  47 129 118  29  69  21  25  13  72 142 103 130 184  99  46  75 132  66  33  51   7  70  26   4  56  17 137  52  55   5  19 119   3  63  43  48  15  18  14  71   6  23  28 104  61  49  20  78  98  60  84  10  34
  166 102 179 155 126  30  86 106 195 167 101 100 180 115 182  39 193  45 108 168 116 107  40 169   1  38  82  37  12  84  54 131  81 125 128  87  23 121   2 165 157  88  69 153 137  11 156  25  34  51  67   0 152 154   9 181  71  73 120  31  27 117  58 122
  115 102 126 195 155 140 153 125   0  30 111 116 178 166 101  97 135 127 144 174 141 190 180 161 160 159 176 164 150 189 145 128  38 186 191 148  95 187 163 162 147 188 177 146 139 182 108  80 173 107 197 106 172  45 151 194 192   1 165  94  90 149 136  91
   84  83  55 129  22  82  58   8  42 127 117  68  47  43  17  50  33   7  29  48  46  75  21   4  63 124  24  26  19  51  18  41  16  13   6  14  15  72   5  28  31   3  59 184  98  64  99   2  71  12 142  78  56  23  93 141  67  61 130  70  10  36  32  95
   50  64  63 130 132  35  66 118   8  98  83 133  21  25  75  81  84  13  26  69  53 137  43  78 108  99  12 122  24 104   7  72  34  29  52  40  42  20  33  32 100  46  76  82  55  49  56  23  47  70 169  14   4   5 138 134   6  71  31  19  67 124 156   3
  129  50  83 171  82  75  40   7 103 142 120  68  42  35  62  51 124 185   8  55  43  93 113 196  49 184  29  21  23  46  74 118  13  44 127  47   3 170  19  24   4  15  18   5   6  84  17  36  69  14  63  10  56  33  60  73 117  57  98 110  20  70   2   0
   51  50  83  46   7  82  74  68  29  47   8 120  28  69  13  70  62 171  55  42 184  24   3  33  75  26 137   4  99  85  19  17 131   6  14  52  15   5  37  32  18  56 129  71  66  40 124 132   2  84  73  20  10 113  31  43  12  53  48 104  25   0 170 119
   68  50  29  47  43  51  55  46  84  24   7  70  64  42  98  74  33  69  13  44 124   3 120  28  99  52  26   4   5   8  71  75  19  15  83   6 129  14  56  18  35  17 184  57  12  48  82  20  32 119  66  21  62   2  61  67  31  85  60 104  25  63 105 137
   50 129 171  82  35  83 103  98  63  21  42 132 120  68  75   8  51  47 142  66   7  64  44  29 133  55 130  46  26 113  78  62 124  13 118  69  25  36  17  33 141 131   3   4 137 184  43 104  93  28  19   5  18  56  24  14  70  15  99   6  40  72 119  10
   50 129  83 137  24  98  63  47  81  21  82  42 130  72 132  68   7  29  66 120  23  99  43  69  33  75 184   8  64  26  12  46  51 124  40  13 104   3  17   2   4  55   5  71  25  31  19  14  28  61  70  15  48 193 131   6  18  20  56  52  34  49 171  36
  105  75  50  22  74  35  55  44  83  43   0  21  37  42  62 110  29  51  67   8   9 124  66  82 138  36 157   7  68  20  63  40  19  34 104  18  25 143  28   3  33   4   6 117  14 130  15  24   5 133  70  56 113  84  57  76  13  27  32  46  69  17 185 129
   52  24  68  49 171  42  50  29  13 184 129  47 118  43   7 103  83  46  69   5   4  99  71 120  15  19  20  56   8  70 105   6  14 170  60  33  18  64  21  48 119  55  26 124   3  28 130  35  23  17  61 109  25 185  16  10  74  34  93  78  59  72  75  85
   21  83 129  35  82 130  64  50   8  42  43  13  55  98  46  84  24  99  68   7  29 103 142  17  66  51  10 171  47 141 104  75  23   4 184  56  67   5  19  15   3  18   6  14 120  69  72  48 117  33  28  25  40  71  70   2  52  61  16  20  32  34  31  93
   50 171  35 129 103  75   8  42  68  24  83  98 142 118  47   7  46 184  29  64  52  13 120  93 130  82 132  49  43  55  78 119  33  36  69   4 133  56   5  99  19  17  18  70  15  21  72  51   3  14  28  63  20   6  66  25  10 113  48  61  44  71  62 109
   50  83  24  35   8  64  29  68  21   7  42  47 171  13  82  51  69  46  26  99  75  55  33 120  25  52  43   4  70  66   3  56   5  19  63  15 129  20 103   6  14  44  18 118  17 184  28 124  74  71 130  40 104 119  48  60  72  10  62  61  32   2  78 105
  124 130 157  64 122 120 118 168 104  60  25 105 100  83  69 113  21  35  51  34 156 131  49  50  78 103  61 169  74  71  66 106 185  82 138  68  73  70 193  56 126  47   8  72  29  26  63   7   3   9 142 128 141  20  43 125  12  13  99  55   2 108   5  42
  134 111 193 148 149 135 161  94 176 163 128 189 158 114 156 160 177 146 188 182 183 144 165 175 174 162 190 173 140  65 191 187 159 145  80  79 168 136 147  93 192 150  38  91 164 139 120 151  78 125  95 113 115 181 172 107 127 180 102 178 142 122 179  92
  129  84  50  83  82 120  98 119  43  64  55  47  67  78  42 127  35  72  75 130  68  63  46 104 141 132   8 117 196  21  51  58  71  17  69  36   4   7 133  52   3 121 169   6  70  15  33   5  19  18  29  14  24  13  16  99  48 142  28  61   2   9 184 156
   50  64  83  75 132  26  63  66 104 130 131 124  25  82  78 168 141  51 137   8   7  29  35  44 105  69  24 133  46  47  72 118 169  70 113 122 108  13 171  20  31  99 167  42  61  62  81  40  21   3  56  68   4  60  32  74 142  17 143  33  71  19   5  14
  171  44  24 137  50  26 170  23 129  29  68  83  75   8  40  66  82 184  13 104   7  46  74  85  69  52  72  42  47  33  25  10  70 132  51   4 168   5  20  62  37  64  19  14  63  15   3 118  56  17  43  99   6 131 143  18  21  12 105  60 113  28  32  31
    8  50  21   7  35  29  52  24  42  51  43  64  83  99  72  13  55  47 119  53  82   3  17  28   5   4  98  25  19  15   6 171  33  26 184  56   2  14  18  46 130  66  48 120  70   9  69  10  12  63  68  32  74  20  71  40  61 129  60  22  31  75 103  34
   64  35  50   8  83  29  66  21 171  24   7  82  44  63  75  51  68 132  13  42  26  69  47  55  25 104  99  74 124  33   3  56 120 142   4  28  70   5  46  72 137 118  19  15   6  43  14  62  20  18 133  17  10  32 103 119  31 184  71 130  98  52 105  48
   50  35  64  83 171 104  24  21   8 130 120  78  82 132  63 142  42 129  29 118  72  66  68   7  47  51  75  49  69 119  25  13  99  36  46  55 133  52  70 137 113 184 124  26   4  93   5  33  19   3  98 103  17  56  15  71  43 122   6  62  61  28  14  40
  171  50  35  66  24  64   8  29  21  63  42  68  78  44 132  83  36   7  93  26  51 124  55 143  13  75 129  52  47 130 105  82  10  33  70  49   4 137  46  69  62 184  99   5  19 104  40 120  56  28  15 133 118  20   3  25  14  18  32   6  31 119  60  17
  118  50  24 120  64  40  83  69  23  68  99 130  26  35  47 124 104  13   8  49  44 168  29  75  46 108  60  70 171  71  78  21   7  33  72 137 132   5  56  20   3   4  98 142  66   6  42  15  14  61  55  17  52  19  73  25  12  28  48  62  18  51  74 117
   35 171  50  78  66  63 133 103  64  93  36 132  98 143 112  65  76   8 119 142 129  21 118  94  79  68  80  24 136  42 113 120 141 134  75  26  95  77  44 149 130  83 105  81  29 109 163 124  85 173 189 158 139 146 148 192   7 150 188  62 177 187 175 147
   50  64  21  83  66  35  82 120  51   8 137  42  29 129  99 104 130  68  24   7  47  25  69 103 171  63  75  26  55  13  46 132  10  56   3   4  70  17  74  28  33  19   5  43  15  18   6  40 124  14 122 141  71  48 131  44  31  20  32 184   2  62 133  98
   50  83  35  64 120  21  82   7  24  75  29   8  51 132 171  63  52  66  47  42  69  99 130 124  72  13 118  43  84  68  46 133  40  49   3  70 142   4  55   5  26  19 103  17  33  25   6  98  56  15  71  14  74  28  10  18 129  62  60  20  53  44 184  48
   50 127  36 142  83  49   8 119 132  63 130  64  82  78 104 184  23 120  98  42  21  68 131  51  35  47  93  55  72  81 196  25  75  38 193  69  71 101  17 135  97  52 103  29  28   4 113 125 129 133  70  57  33   2   7  45  62  84 185 171   3 122  18  19
   30 101 166 195 115  37 128 155  86 102  38 153 107 106 140  11  54  98  84  45  22  12 193  57 152  58 183 100  91  88 151  39 126   0 125 116 178 197  85  36 182 165  90 129 108 184 138  28  81  33 194  74 180  32   9   2 144 196 150  80  79 131 127  27
  166  84 106  45 107 197  86 167 196  67  69  74 182 152 181 155  70  53 120  71 169  59 180  88  87  82  73  61  58 121  46  48   2  51 122  27 157  54 184  18  43  52  56   7   6  17  55  14 128  11  19  15   3 153   5  60  47   4  12  34 101 137  72  68
  195 102 101 115 186 140   0 178  65 165 155 179 135 180 132 176 161 160  63 134 111 190 144   1 147 139  81 138 183 188 158 177 197 174  77 159 189 146 150 163 145 127 187 162 191  80 131 173 136  94 126 193 166  90 172 137 156 149 148  79  97  95 167  86
  101 129  98  84  50 119 127   0  23  58  30  38 184 115  45 196 195 152  91  43  16  54 108 121  57   1  36 194 156  87 142 182  67  85 170  39  90  93 153 140  42 135 132  86  52 180  28 197  53  72  33  18 111 128   4  55  97 126 183  17   2  46  15  14
  120  50  42 119  83  68  29 171 129  24  21 104  47   7   8 118  55  82  52  69  46  49 184  35  72  43  51  13  98  71   5   4   3  74  60  19  15  75  73   6  85  18  14  17  70  64  25  48  28  56  62  33  40 124  20  23  99  61  26 105   1 103 185   2
  171  35  66 129  21   7   8 137  64  24  63  78  83 114  82  26  29  62 103 130  75  44  50 133  47 120  46  51  10  42  13  68 142  99 104 132 112   9  17  55  93  33 113  72  28 124  56  20  36   3   5   4  70  19 131  31  40  25 184  61  60 169  15  14
   50  35  83 171  64   8   7  75  24  63 120 132 118 119  29  42 142  82 130  72  49  47  52  69  21  13  68  25 184 104 129   4  78  66 103 124  70  51 133  55  33  62   3   5  43  56  19  46  28  15  20  36   6  71 156  18  17  14  44 113  74  61 105  10
   50  35  83 171  64   8  21  82   7  75  24 120 129  29  63  42 132 130 142  47  51  68 103  13  72  69  66 104  78  49  25  46 133  52 184  62 118  26  33  55  70   4  99  17   3   5  43  19  56  28  98  15  20 119 113   6 137  36  14  18 124  71  74  44
   50  35  64  83 171 120  21 129  24   7  82  63  75  68  29   8  47 132  78  46  51  42 142 104  69 130  66 118  13 103 124  55  72  99  70  52 133  49  43 137   4  26  17 184  56   5   3  33  71  19  74  98  25  44 119  15   6  60  14  18  20  28 113  62
   50  21   8  66  29  83  64  51  24   7  75 124 103  99  63  26  82  25  13  68  42  35  47  43  40  33  28  46  98  55 132  56  69   3  31  62 137  20   4  17  32   5  19 131  14  74  15   6   9  18  10 133 104  44  70  60   2 184  23  16  12  48 130  22
   50  35 171  83  63  75 129 132  64  44   7 130  24 142  42  82  21  36   8  62  29 120 133  78  49  66  68  52  26 110  51 119 184   9  25 104 131  13 103 143 137   4  47  20  97  72  69  16  33  17 135 185  76  70  19 169  40 141   3   5  15 118  10  56
   50  83  42  82  52 119  75   7   8  29  72 184 120  43  55  51   4  47  74   9 171  33  19  46   5   3  35  70  18   6  13  15  25  17  14  28  20  68  53 129  56 109  62  34  69  49  71  24  48  67 105  32  61  12  16 130  60  99  40   2  57  84  26  10
   35 120  64 130  50 142  49  83  78  21  36  52 119  82 127 103 118  42  67 133 132 141  84 110 156  93   8  63 122 171  43  72  99 125  91 128 109  65 196 108  68  58  55  69 124  98  71  25  75   7 135  53  60  77  48   4  76  13  79  19  97 157 184 175
  195 155 115 166 101 180 153 102  30 152   0 197 183  58 106 165 179 126 127  87 156 116  38  96 157  39 140  91 182 151 111  86 108  88  90 167 154 181 107 178   1 117 128 100 174 125 172  84 164 160 161 144  73 194 150 159 176  45  54 147  67 190  92  11
  155 195 102 115 101 153 166 180 116 197 165   0  87 152  30 140 167 179 178 182 144 111 174 186  86 123 160 183 190 126 172  96 161  90 176 159 107 150  88 156  58 147  39 189 108 154 139 191 125 145 187 162 157 188 177 106 146 127 163 173 148 135 194 181
  179 151 116 155 165 102 197 175 158 140 174 176 164 166 154 153 162 182 191 147 159 146 161 123 149 192 160 144 188 177 163 115 125 187 148 178 145 134 136 141 183 152 139 150 137  91 190 126 122 112  94 193 173 106 195 168 189  65 107  92 172 194 180 157
  155 195 102 115 166 101 179 116 165 153 180 197 182  87   0  30  86 152   1 140 167 183 106 123 151  39 111  89 107  92 174 181 126 178 144 160 186 161 156 176 154 159  88 194  73 190  90  96 172 147  58  91 162 191 189 187 139 188 108  11 145 150  54 177
  155 166 102 115 195 101 153 180   0  87 116 197 179 165  39  30 152  86  58 182   1  88  92 140 183 106 151 127  45 107 167  73  38  90 100 128 123  11 126  84  54 157 117  96 178  91  27 181 174 194 144 108 111  37 154 125 160  59  89 156 186 159 176 196
   84   0 109   1 108 153 129 115  30  45  58 184  82  33  55  16  37  98  52  46  90  23 101  63  32 193  99  11  12  22  92  17  28  87  51  47  18  86  31   2   4 170  48  29  14  15  39   6  62  19 127  38  75  41  71  36   5   3  50  68  57  42  97  43
   50  98 129 120 121 119 111  90  63  36  84  78 132 156 133  79  91  92  44 193 136  97  77 192  46  81  23  82 118  43 148 151  80 137 150 163 173 180   1 187 147 149 184 125 190  93  64 164  72 188  47 135 177  95 162  67 139 183  66 161 109  94 191 146
   50  98 120 156 132 121  84 129  64 118  63 119   1 133  82 137  36  78  79  69  83 169  72  51  49 131 125 183  47  97  90  46  23  77 184 111 106 136 142   7  35 193 196 108  43  99  52 113 138  81  65  71 134  68 158   8  94 149 192  44 163 109  67 189
   85  52  43  24  72 119  44  98  29  69 184  42  53  23   1   3  71   5  50   4  73  13 118  15 170  70  18  68 105  48   6  14  19  67  46  33   2   8  16  47  39  49  60  74  32   7  17  99  20  12  61  83  57  56  25  55  82  26  11  59  28 171  75  34
  171  24  85 129  68 105  42 103 157  20  29  34 170  60  43  33  52  19  13   5  56   4 185 124  25  15  59  40  46  14  18   7  74   6  17  55  57 184  11   3  73  28   8  70  89  31 113  16  26  44 104  10  47  48  32  69  75 143   2  37  93   9   0  54
   50 119  52 118  35  83 120 132  84  30  42 156   7 127  62  53   8  49  97  69  75  25 115 108  29  38 142  73 109  28  55  47  70 105  13  51  71  46   4  23  68 104 106  33  15 184   5   6  56  57  18 185  19   3  67  14  16  64  60 103  82   9 128  39
   50  65  83 132  78 113 119  49  63  92  64 170 181 138 121 130 122 124 135  35  91  52  24 120 185 156  53   1 136  72 104 118 128  62  97 133  79   7 169 186  94   0 157  88 158  82 139  80 192  95 172 134 146  42 171 168 164 142  84 145  36  22  47  76
   50 171   8  24  83  42 119  75   7  51  52  29  26  53  69 184  70  46  62  35 132  82 118  66  20  13  33 120   4  19  74   5  47  68  15  18   3  56  14  25  43  71   6  64  32  60  28  49  17 105  57  48  72  67  21  34  85 124  55  23 131   2  99  12
   78  93  94  77 145 136 147 163  95 190  79 125 161 189 175 193 146 162 176 177  80 149 188 139 187 150  35 178 158 174 192 191 173  76 111 159 160 148 133 134  63  64  36  65 144 172 118  81  91 135 186 132 140  50  97 126 164 130 108 128 127 122  90  92
  179 195  30 102  86  37   0 157  59 155  26  11 166  27 165  74  73 124  31 105  12  89 107 106  32  87 101 167  96  34  57  85 153 185 180   2  41  39 100  29  44  25  45  16  20  28  33 131  48  10  61 115   3  38 116  54  18  56  14  19   5   6   1  22
  123 116 165 102  66 143 179 112 178  44  89 182 189 186 150 191 126 139 160 175  92  95 162 188 168 177 144 187 174 176 161 146 190 154 145 181 136 159  94 148 147 100 149 163 194 158  80 173 172 115 133  39  77 111  76  37 192 171 193  96  35 195  79 138
   91  92 175 178 123  93 194 116 143 160 191 150 165 177 148 162 187 145 174 189 172 188 161 139 146  94 181 176 158 159 163 173 149 115 190 147 112 144 182  77 192 136  80  76  79 164  95  35 154 151 179 186 111  96 133 142   1  39  44 118 195  90 140 171
  179 116 178 174 162 191 145 146 177 190 163 192  76 150  95 188 187 147 176 126 139  94 160 144 161 148 159 165  80 175 173 102 189 136 164 149 125 140 158 186 112  66  92 172 134  79 115  77  90 111 138  89 151 195 124  65 193  97  93 141 135 133 110 197
  155 166 195 115 102 116 153 101 180  87 165 197  30 152 179 182   0 123 140 178  58  86  39 154 126 167  88 183 174 194  90 144 151  92 111  96 160 108  45 186 172  11 125 161 100  91 176 190 150 159 106  89 191 147 145 128 162 107 187  38 188 181 177 164
  155 153 115 195 102 180  87  92 116 101  58   0 123 166  39 152 165 182 117 151 197  84   1  37  89 127 179  86  91 100  45  90 154  11 126  54  85  30 157 108 109 194  73  59 140 106 181  57 170 164  88 167 174 196 192 107 144  12  98 190 175 128 183 105
   74  60 100  44  75 129 157  86  68 117  35  42  24   3  34  70  43  54  20  56  19   5  18  26  33  88 179   4  15  13  14   6  29  59  40  55   9  12  48 103 171  17  73 197  69  85  57  28  46 130  89  58   7 123 105  72  62 168  52  51 120  27   2 196
  155 166 102 195 115 116   1 180  87 153  88 179 165 101 197 183  86 167  30  58 123 152 182   0 127  54 100  27  96 140 128 106  39 186 111  38 156 181 125  90  45 126 144 160  89 107 174  59 161 175  84 176 159 196 172  92 151 154 108 135  12  97 194 178
   37   0  92  89  16  66 101  53 170 111  26 105  43  98  45  75  31  84  46  38   9  10  11  23  54 184  95  32 107  91 141  57  33 102  20  58  81  18 153  67  86 109  17  24  14 117   2  29  44 108  12  87  61  15 126  27   3   4  13 116 169   6  48  19
   50  78 129  63  98  36  84  64 193  35  90 119 121   0  66 133  68 132  81 126 137 130 141 104  83 127  47 113 122 120  51  46 108 125 134  67 105  79  95  43 153 154 124 136 163 111  80  93 118 149  55  23 148 131 150 192 190   8 151  42 196 189  94  76
  143 171 112 114  85  82 113  66 181 194 172 178 186  91 193  77 179 138  10  97 133  37  83 128   9 123 132 150 161 121 160 135 173  36  94  50 187 191 176  79  46 188  86 144 162 158 177  74  90 139 109  65 164 159 145 130 137 182 141  72  41  62 147  42
   38  50  30  82  88  83 120 170  23  73  42   9   1 115  57 119  24  60  43  39  49  41 118 155   4 129  55  52 109  16  33   2 185  15  62 184  72   8   5 127 156  14   6  17  19  27  40  47  29   3  18   7  71  68  58  13  84  67  20  51  28 171  44  25
  119  91 118 155  38  92 170 109 117 171  67  52  58 156  87  42  83  78  59 120 128  53 152  50   9 114  93  46  49   0  60  30 184  72  55  71  11  82 130  43 141 111 172  57 105   1 164 175  47  34  13  15  61   4 180 121  14   5  18  48  19  70  25 129
  141  64 142  96 122 124  66  16  24 119 118  50  21 105  83  65 130 108  35 110  51   8  78 185  31  29  61 132  56  76  34   9  44   7  69 120  25 107  13  53  63  55  22  20  79  36  93 127  32  62  95  49  48 134 137  27  97   4   2  88  77  57  42   3
   50  23 104  84 119 108  69 103 105  71 129  67  49  25  35  43 132 120 184  52  17  28  13  73   8  54 169  83   4  38   7  20  30 128  18  72   5  33  19  47  27  58  15  70  14 141   6  16 109 156  82 121  75  45  10   3  34  56  64  29   2 127  21  32
   35 142 118 171 120  21  93  78 103 129 175  64  49 113 130 141 143 133  91 110 168 158  94 196 149  76  44 172  63 148 164  65 132  52  79 146 128 181 163 192  42  80  50 173  24  77 125 187 124 189 188  92 177 160 161 135  60  36 176  83 162  68 145   7
   83 104  64   7  72  82  52  69  51 169 132  29   8  21  53 120  84 130  71 119 171  24  55  63  13 122  10  70  35  27  47  28  49   4  19   5  42 156   6  62  17  31   2  15  75  38 131  32   3  22  74  14  60  73  56  20  46 185  18  61  33 124  34  68
   72  84  83  43 156  82  69  75  50  73 119 169 196  88  55  42   2  52  53  98  71 130   7  47   3  58   4  12 104  13   8   6  67  38  17  15   5 120  19  33 132  14  28  18  51  70  29  24  16 183 121  61  68  86  46  57  48 101 166  27 129 127 181  49
  157 124 122  63  26  25 130  64  21 113 193  60 131  50  65 100  66  99  35  83  73  49   7 179  82  62  24  12  29  81  41   8  74  34  48 133 142 134 103  72  70 138  51 126  55  22   2 168  40   3 106  56  31  17 110  69  44  42 108 185 167  13 104  33
   64 130 167 156 153 118  96 120 122 126 157 124 154  72 142  87 127 106  85 121 117 107  49 141 168 183  99  83  50 104  39 180  68 179  71  26  69  47 152  73 195 194 182  60  78  25  61 138 155  65  70  41  59 175  42 169 102 131 181 115  40  48  52 134
  115 126 101 125 127 178 102 155 195 116  97 138 111 159 174 144 135 121 189  30 186 139 164 176 161 172 187 146 160 140 148 162 158 145 147 177 191 190 110 173 136 150 188 153  79 163 149 185 192  77 142 175 130  80 193  96 166  94  22  50  65 113  36  76
  155   1 102 180 195  92 115   0 170 179 152  87 166 165  39 153  86 117 101 116 151  88 183  30 181 167  91 175  89 123 197  85 154 111 182  11  90 164 140  58  54  59  23  98 194 196 160 192 156 148  37  73 176 106 190 161  40 187 136 127 159 177 174 172
  123 153 157 116  58 155 127 195 197  90 117  92 115 151 154   0 180  91 138 164 109 152 100  93 113  85 110 182 194 102  39 167 196 192 101  59 174 148 124  78 175 179 112 159 145 162  76 187 140 173 158 139 190 150 144 188 147 191 126 165 146 185 177 170
  179 155 166   1  87  86 195  88  41 180 117  37 167  59  27 165  82  74  38 106  26  39 116  58 153 107 100 183 123  89 169  57  12 102   2  73  10  54  31   9  72  45 182 126  11  51  55  32 181  40 156  92  67  90  53  48 131  75 111  43 101 137 154   3
  123  96 195  39 112 155 154 115 180 175 121 127 138 164 153  78 194  49 172 143 183 158 113  79  90  93 160 129 181  85 167 174  92 197 187 188 139 148 151 177 173 146 145 165  94 192 159 109  89  91 149 191 162 163 161 179 118  77 147 176  58 105 186 144
   87 155   1 179  73 156  88 115 166  90  58 101  84 167  27 119  53 195 127  41 181 169 185 106  59 110  39 180 102  86 121 128 153 118  89  60 123 197 196  49   9 107 116  52  67  65  54  72 117 152  16 120  71   7   0 186 108  38  62 172  96 135 157  57
  101  30 182 166 115 140 194   1  97  92   0 102  37  81 181 135 179 128 180 195 165 178 144 160  77  90 189 123  85 174 106 143 136 159 116 161 173  11 132 149  84 177  80 191 108 196 131 147 187 190 145  86 112  79 139 188  93 158 162  76 172  91 176  36
   64  99 124 120  35  78  21 171  24  44  40  68 118  83  66 109  93   8 103  46 154  29  85  49 143  50  51 137  25  60 151  92  52  42 130  13 105  47  56  26   7  43  98   5 184  69  20  23  19 117  70  15  14 170   6  48  55  33   4  18   3  36  59  82
  171 118  66 105  35 168 132  64 142 103  29  93  50  21  26 120 124  44 114 143  10  62  69  24  96   7  56 137 133   8  53  13 141  65  74 119  60  92  20  61  83 131  68  70  28 170  25  23  76  75 169  78 158  57  85 185   5 175  47   3  42  18  71  31
   63  78 134 132  64  94  79 193  35 125  77 137 178  36 189 149 158  50 135  80 133 131 139 114 188 150 161  81 122 146 177 163  95 113 176 145  65 160  97 191 172 140 173 186 159 174 147 187  76 144 148 111 136 190 162 143 130 112  66 192  93 156 138 171
  141 130 169  63 122  64 134  72 132 107  83 137  87 120  78 154  50 168  81 129 156 111 125 131 183  51 194 119 167 114  36 135   7 189 193  75  69  21  61 142 143  53 104 140 126   2 110  82  43  65   0  97  45 197  49  35 149 166  66  42 121  34  17 196
  103  89  21  96  24  60 142  49  16  43  52 152  44  35 143 185  73  53 157 155  87  59  72 154 124   2  29  11 171  99  64  42  85   5   7  34  25  48  61  57  15  22  27  19   3  10  13 179  56   6 118  20  18   4 120  74  14 109 151 112  88  55 110  17
   63 140   1 193 137  90 132  65  97  77 135 134 131  80 133 147 158 166  79  94 176 161 144 101 138  81 173 190 188 128 122  92 136 196 113 159 149 178 177 174 181 197 160 148 186 114 146 182 163 145 187 172  84  76  95 194 191 162 121 139 150 189 192  62
   85 157 124  59 185  26 171  73  10  34  41  75  29 167  22 112  86 168  20  96  13  61  19 154  28  74   5   2  45  57 107  33  12 166  15   6  46   7  18  32   4  56  11  48  24  14 101 103  72  42  27 105 195 179  17  60   3  31 102  39  70  47  52  44
   64 137 122 193 120  83  21  50 130 132 142  82 118 125  99 134 131  25  78 169  66  38 128  63 133  81  51 182  65   8  79 107 141 124 114  72 103 149  94 178 150  35 183  36  47 126  69 163  49 156 194 121 106  98 161  95 136 171  91  10 189  84 191 188
  155 116 152 180 153 182 165  92   1 194 151 175 140 195 183  91 197 128 123  90 158 115 176 179 159 161 106 148 160 167 173 164 147 121 189 144 174 177 196 187 145 101 166 181 149 191 162 188 172 114   0 136 139 192 150 146 190 119 156 163 178 111 112  77
  155 101 156 180  73  86  58  85 153 167  39  30 195 119 106 183  38 115  37  74  27  28 104 166  72  53  32  88  52 184  12 107  84  87 117   2  98  71  67  54  55  11   1  59 152  47  41   3   6  45  57   8   4  15  14  18 182   5  31   0  19  82 181 131
  179  96  65   1 156  39 185 155 118 122 196  49  88 166 104 180 183 158  59 110 195 186  90 197  73  27 176 102  35 125 115 111 120 172 135 142 181 152  72 101 113 147 160 164 161 170 159 145 100 174 154 130 187 146  78 177  41 175 178 173 139 163  62 192
  115 166 128 180 116 183 153 197  96 111 156  91 102  38  98  84  87  30 147 195 172 140 165 162 174 176 161  77 178 145 160 191 108 144 187 150 155 159 192 190 100  90 177 101 163 188 139 173 125 175 146 179 164 186  88 148 149  79  94 189   1 181 158 182
  178 179 143  94  95  91 192 111 191  93 174  36  77 163 145 164 162 177  21  79 150 176 112 134 188 147 146 187 160 161 149 139 154 151  76  92 158  80 172 159 173 109 136 175  65 124 148 102  97 190 110 141 144  22  78  96 193 140  64  99  81 125  40 165
   84   1 100 169 120 182  87 123 154 115  67 117 180 128  92 106  98 121 141  99  50 126  47  55 165 153  46 105  90 181 151  58 193 194 118 179 175  71 108  68  40 129 137 164  43  45 111 125 183  57  37 192  74  86  69 166  33  60  48  12 116 168  23 156
   84 129 101 196 127  50  58 119 121 135  22  98  45  86 107   1  72 132  38  82  52 115  75   0  90 194 184  97  47 106  16  55 153  87 109  46  17  36 142  41  67  88  63   7  43  28  79  42 155 104   2  83 120  71  49 125 128 140   4  54  51 111  33  77
  101 155 115 135 195 140 180 183 166  97   0 194 144 132 186 197 160 102 106  79 181 107 190 156  77 138 161   1 172 196 121 139 176 159 125 111 174 182 189  98  80 188 147  86  65 167 108 187 127 158 119 177 173  84 165 178 191 146 134 149 145  63  87 162
  101 155 166 115 195 102 180  86 197 153  73 107  84  87  45  58   0  27  11  39  88 106  38  30 157 183  22 156 167 182 140 116 152  67  54 127   1 169 179  57  85 165  89 126   2 186 151 135 110 108 194 181 196 111 128  41  37 121 117   9  43 131  32  12
  155 101 195 115 166 102 153  87 197   0 180  84 116  86  30  58 152 165 106  89 182 157  39 107  88  37  11  45 167  73  54 138  90 127 123   1  27  22 140 196 108 179  92 151 183  57  12 194 109 154 144 128  16 126 174  38 185  53  85 181 193 125 100  97
  155 166 195 101 115 102 116 180 153 179 197 167 152 165  88  87 123   1 186 183 172 140 181   0  30 160 144 111 178  86 161 176 159 174 182  58 194 128 196 190 125 135 189 107 139 147 156 187 158 164 145 177 162 106 191 146 127 121 188 173 150 148  96 192
  155 102 166 115 195 180 101 179  87 153   0  39 165 167  86   1  88 182 123  58 116 178  89 107  45 197  27  84 186 183 181  30  90 144 160  22 140  38 174 112 106  96  92 110  11  59 172  85 176  65  41 185 154 135 111 161  97 191  73 159 190 108 126 170
  129 196  91  92 119 109  90   1 194  84  77 148 140  79 135 173 158 175 136 149 159  97 127 163 147 141 176 190  98 177 160  93 115 187 192  80 164  94 128 145 161 144 191 174 188 146  35 172  76 162 139 197 121 181 153 142  78 150 182  95  36 151 125 111
  155 166 101  38  30 195  11 106 152  72  27  86  73  82 157  45  67 107 115  34  41  88  59 116  58   9   2 102 128 179 119  61  25  57  54 156  12  87  91 153 180 122  71  53 169  31 167  32  60  48  55 185 184  43   6  19 104  18  83  42   1   5  15  17
  155 195 166 115 102 101 153 116 180  87 179  30 197 165   0 152  39 123  86  58 182   1  88 167 140 106  11  92 183  90 194 100  45  89 127 107 178  91 151 181  96 126 154  73  54 117 128  27 174  38 157 186 144  85 172 108 160 159  59  37 176  84 161 164
  155 153 166 115 195  30 102   0 116 180  58  87 101  88 123  39 167  45   1  11 108  86 165  84 197  92 140  91  90 152 182 154  38 117 109 178  89 183 106 186  96  27 100 181 179 151 111 172  54  37 107  22 128 144  41 174 126 160 159 164 176 161 194 127
  155 179 115 180 181  87 197 166 152 102 123 116 195 121 182 165 183 167 164 175 196 128  86 151 101 153 138 194 169 106 159 172 162 187 148 154 192 160 174 136 176 190 146 144  88  84 161 147 173 177  90 168 158 140   1 189 163 149 188 191 139 111  89 145
  116 130  88 117  96 152  58 123 166  67  87 155   9 169 125 179  60 111  41 118 196 126  65  35  43  89 197  40 164 127  27  34 102 156 142 154 172 165  61  55   2 178 122  57 175  64  39  42 157 195 112  59  44  54 110 115 128 153  22  16 151  95  11   3
  116 138 193 125 178 164 102 174 148 175 113 112 144 191 192  94 158 187 188 103 159 173 162 161 146 145 150 176 163 160 149 114 177 126 172 147 195 110 139 157 143  76 190 186 189 140  97 155 136  80 142  95 135 109  93  22 141 179 165 196  77 194  79 124
  155 166 115 195 102 101 153 116 180  30  87 197 165 179   0 140 152  88 183  86   1 167  39 178  58 182 106 123 111 186  96 172 194 108  91 127 160 174  38  11 144 126 128 151 176 161 159 156 154 181 190 147 125  90  45 145 135 187 150 191 107 164 162 139
  155 166 195 115 102 116 180 153 179 197 101 165  87 182 123   0 152   1 140 178 167  39  90  30 183  86 194  88 174 181  92 144 160  58 176 154 159 126 172  91 161 190 186 111 147  96 106 162 191 145 187 150 128 151 177 100 125 188 139 164 148 127 146 107
  155 166 195 115 102 116 153 101 180 179  87 197 165 123 182 152   1   0 167  30  58  86  39 140 178 183  88  91 194 106 154 181 126 174  90 172  92  96 144 151 160 111 159 176 107 161  89 127  45 186  11 190 162 147 191 164 145 187 150 128 117 177 139 188
  155 166 195 116 115 102 153 101  87 180 197 179 165   0 152  30 178 123 140 126 182  58   1  86 167  88  96  39 106 154 174  90 172  89 111  91  11  45 186 144 125 107 160 159 176 161 194 127 190 147 183 191 145 162  27 150 151 108 187 164 177  92 181 139
  155 116 102 195 115 166 179  87 153 180 165 101 197   1 123 152 182   0 140 178  86 126 194  91 174 167 160  92 159 144 175 176 111  58 172  39 161 190  89 191 162  88 186  90 151 181 164 187 183 147 145 150 177 154  30  11 139 188 148 146 112  96 173 117
  155 166 102 195 116 115 101 153 179  87 180 165 197 152 123   0 182  30  86 140  58  89 178  39 167  88   1 126  91  11  92 174 183 194 144 172  90 106 160 159 111 151 176 161 186  45 190 181 107 128 164 150 191 162 154 147 145 187 125 117 177 100 139 188
  155 102 116 166 195 115 179  87 165 101 153   1 180 123 197 182  86 140  30   0 178  37  89  92  11  90  39 126 152  45  88 144 174 167 112 190 194 159 186 160 176 191 100 161 147 162 175  96 106 172  91 111 145 177 150  58 187 183 188  27 139 107 148 173
   44 112   0 123  37  74  22  88  89  41 197 157 179   9  11  27 166  86  59 117 153  55  57 143  31 154  85  75  99 169 109  87 165 100  40  62 167 102  73 138  32  10   3  16  45  29  28  46 105  17  19  43  26  33  20   4 101  14 180   6  18  15   7  58
   21  24  66 103  35  64 112   9  25  22 141  44  29 169  56  34   7 179  20   8 185  60 124  99  13  43 171  10  11  76 118 110  16  74 168 133  53 105  89  42  32 143  31 130   5  27  19  62  46 104  75  15  33  14   4  65   3  28  52   6  17  41  51   2
  179 169  44 112 168  24  89  41  86 103  60 137  37  51  73  26 196 114  21  88  99  68  74 175  46 131  59 170   7  31 165 155  40  29 167  10 134 151  75  27  70   1 171  62 102  72  82  52  32 104   2  13  43 184 136 181 129  56  17   8 116   9  54  20
  112 189 197 116 169 122 178  35 141 186 192 136  64 145 191 138   0 162 134 154 190  94 150 123  80 146 159 149 172 139 193  95 177 130 173 158 187 176 163 113 174 147  66 148  63 188 144 133  65 161 125 164 175 160  78 179  76  77 194 151  40 140 165 157
  103  53  89 124 123 157  22  24  29  35  43 112  52  26   7  13  85  11  59  56  64  60  74  20 185  19  21  16   5   6  15 197  57  41  34  18  27   4   3  10  99  14  42  70  96   9 117  48 141 105  33   8  58 116  73   2  54  68  32  31  65 110  61  28
   66  26 131 137  63 124  37 132  31  12 105 168 122  29  27  74  53  24   8   7  30  25  34  32 157 179 107  20 106 185  86  54  81  50  13 100 104  28  33  62  57  10  56  69  96 165  70 167  61  89  51  73 138  64  65   3 169   2 134  60  40  14   4   5
  130  64  21  83  99  50  82 122   8  25 120   9  42 124  63  51 137  66  22  34  35 169  49 125 104  10  29  72  81  55 132  40  47  26  60  67   7 193 131  43  27  13 134 185  32  36  56   3 126  19  71   2  78  69   6   4   5  14  15  20  70  62  48  31
  155 195 116 166 102 179 115 165 197 123 101 178 153 180 152 182 140  87 174 172 161 159 160 126 176   0 150 190 191 144 194 145 186 154 162 187 177 147 164 111 139 189 148 188  92 146 173 167 181  91 183 163 158 175  86  30 125  90 192 149 112  96 136   1
  155 166 102 195 115 153 116 101 180  87 179 165 197 152   0 123  30  86 182  39  58 167  88   1 140  11 151 183 154  91  92 178  45 194  90  89 106 126 174  96 181 111 172 160 159 117 176 144 107 164 161 175 190 108 128 127 186  54 147 191 150  85 100 162
  155 116 115 195 102 166 179 165 153 101 180 197 123  87 182 152 178  30 140  92  91   0 174 172  88 154 167   1 144 186 160  39 176  58 161 159  96  89 194  86 126 162 191 111 190 147 175 150 181 183 145 164 187 177 139 188  90 148 100 192 146 128 151 173
  155 195 102 166 115 101 116 180 197 153 165 179  87 123 182   0 140 152 178  30   1  86  92 167 172 144 174 160 186  91 183  39 176  90 161  88 159 190  58 181 111 147  96 194 191  89 162 145 187 150 177 126 139 188 146 127 173 148 158 164 107 163 106  11
  155 195 166 115 102 116 153 180  87 101 197 152 179 165   0  30 123  58 182  91 140  86  39 154 167   1 178 126 151 194  92  88  11  89  90 106 183 174  96  45 117 111 172 164 159 160 176 107 181 190 161 144 157 150 162 127 147 128 191 145 108 100 187 125
  155 102 166 195 116 115 179 165  87 153 180 197 101 152 182 123  86   0  30   1 178 140  89  39  92  96  91 167 174 183  11  58  88 160 144 154 126 172 176 111 161 159 186 190 191 162  90 151 150 107 147 145 100 194 187 177 164 106 181 188 175 139  45 125
  155 179 116 166 102 153 115 165  87 195 180 123   1 197 152 117 151  58 167  89 154  88  59 182  41  91  39  96  92 157   0  86 181 164 175  90 106  27 169  11 178 128 112 107 174 100 126  30 194 176 162  73 101 159 183  45 192 111 191 140 145 161 172 147
  171 170 109  37  89 112   0  93  92 143  52 105  30  59  24  42  39  85  11 119 184  46  22 101  33  10  58  75  91  29 113  62  28  19 117  31  57 129   4  20  47   8  68   9  15  41  18   7   5  14   6  17  78  55  73  32 123 157  13 104  36 124  70  16
   35 171  52 185  49  62 132  83 130  53   7  24   8 133 118  29 105  75 114 170  66 168 186  96 143  63  13  20 112  70  11  22   9  39 124  64  56 113  76 110 108  33 109  42  28  27   5   4  19  60  34  40  30  15 142 181  38  69  47   6  10  57  99  14
   50 129  75 109  87  46 196   7 169 121 130   1  84 132  68  83 112 117 141  43  17  52  22  51 142  49  40 103  42  70  78  72  16 107   0  69  60  41  13  24 119  35 104  55  47   4  89  20  63 106  73 167  15  97  19  64   5  14  71 135  18   6   3  33
  130  78 119  52  49  50  64  72 156 120  35  83 108 169 104  38   9  42 122  21  58  53 141  67  71  69 143 121   8  55  34 132 109  43 128 125 118  82  96  70  60   4 129  17  61  20  19   5 154   6  88  15  36  13 171 172 117 142  54  25  27  40  48  99
  119 129  98  84  50  78 127  36  97  35 194  79  77 121 133 136  64 112 197 135  76 132 153  80   0 139 141 140 190 108 138 173 192 147 109 149  85 144 172 111 177 145  94  93 191 187 160  95  52 189 148 159 162 175 163 150 180 146 188 174 120 158 176 164
   35 171  44 143  50  93 118  66 133  92 175  76 142  78  36 129 109  94  40  98 192 138 112 136  79 150  80 130 105  77  91 148 113 177 163 146 187 162 191 123 188  95 139 173  75 164 172 149 120 124 158 145  89  83 110 103 160 174 190  64 147 154 189 161
   35  94 178 130 191 138 125 188  79 177 146 162 139  76 145 187 150 126 149 161 174 192  77 173 176 163 160 143 144 164 175 148 158 142 189 147 159  36 171  80 113  95 190  96 172  93  64  78  21 103 136 186 111 112 133 114 193  50 135 134 116 141 140  22
  166 155 102 195 115 179 116  30 165 101  88 167 153  96  87 197  86 152 180  89 106  39 182 123 168 178 183  11  27 157 107   1  45  38 140  54 186 126 154  58 169 108  41 172  73 174 176 128 144 175 160 100 156   0 161 159 125 185 181 111 147 191  59 162
  155 102 115 195 166 116 179 153 101 180  87 165 197 123   0   1 182 152 140 178  86 167 174 194  39 126  88  90 160 144  30 159 111 176 172  58 183 190 161 186  91  92 162 191  89 151 147 181 154 187 164 145 175 177 150 139 127 188  96 148 146 173 163 189
  155 166 195 115 116 102 153 179  87 180 101 197 165 152 123  30   0 178 140  58   1  88  91 182  39  86 167 194 151 172 183 126 154 174  90 176 159 164 160 111  92  89  11 186 161  96 144 128 106 175 190 147 181 162 145 191 150 187 117 125 127  45 177 148
  153 116 155 166 179 197 115   0 195 126 123 154 102  87 165 151 180 178 112 194 140 152 117 141 111 174 190  91 150  96 191 162 169 189 125 182  95   1 157 159 147 145 176 139 181 161 172 134 164 108 187 160 167 127 144  58 136 122 146 175 177 188  67 163
  155 166 102 195 115 116  87 153 180 101 165 179 197 123   0 182  86 152   1 167  39  58  30  88  89 154 126 106 140  11  92 178  96 194  45 181  91 107  90 100 183 174 108  27  84 144 111 160 127 186 172 176 151 159 190 117 161  54 162 191 147 150 112  37
  155 115 195 166 102 116 153 180 101  87 179 165 197   0 152 123 182   1  58  30  39  92  86  91  89  88  90 140 167  11 178 154 181 194 126 151 174 183 106 111  96 117 160 172  45 127 144 107 159 161 176 190 164 100 162 191  38 128 150  37  59 145 147 186
  155 166 115 102 153 195 101 116  87 165 180 197 182  30   0  84 140  86 123 127 106   1  88 152 179 183  58  90  89  39  45 178 167 126 144 111 100 151  92 174  38 190 128 194 156 147 176 107 159 161 162 191  91 108 150 145 125 160  11  85 177 139 187 186
  130  35 110 194 127 135 172 109 143   0  87  97  52  58 186 141  90  83  84 197  91 123  42 181  49 112  65  22  77 196 116 185 115   9 142  41   1 125 189 119  63 154  88 159 160  80 136 164  76  36 148  79  53 120 145  27 173 187 158 139 169 190 121 149
  179 112 143  96 130  89 124 154 168 181  35 185 186 105  44 178 175 158 172 146 162 164  66 189 138 139 134 163 187 177 188  80 145 148 165 159 160 149 174 191 123  40 176 173  94  60 110  79 194 161  77 171  78 113 151 170  95 147 135  59 192 141  63 136
  103 112  87   1  44 196 143 171 101  89 102 110  35  96  22 142 116  85  77 185 109  10 123 138 158 172 165 175  57 197 160  16  79 159  75  42 178 195  62  65 177  41 144  76 135 162 191 179  94 149 194 139  27   9 174 127 176 187 182 118 188 186 161 173
  112  87  96  21 154 103 194 183  89 142 155 153 166 152  99  52 196 101 130 171  24  41  45  22 168  57 195  11  16 115  46  85 185  39 117 172  35 143 167 175  13  20 110  40 151   1  34 164 169 157 141   2  59  56 114  42  73  77  15   9   5 170 178 159
  112 185  89 123  22 114  35  85 186  96 109 197 101 138  39 102 154 179   1 178 124 143  11  27  92  90 172 170 158   0 100 171  77  62   9 182  52  40   7  30  53  10 145  76 144  94 159 166 174 110  60 176 160  57 165 139 162 146  87 187 192 115 177 188
   50  64  35  78 130  63  21  83  36 104  93  66 113  79 133 132 124  95  94 142  76 141 134 129 118 137  80 193 171  24  98 125  77   8 143 120  49 122  25 163  99 146  81 189 139 149 188  97 136 145 150 192 177  82 148  47 191 187 162 173  42  29 131 147
   50 130 118 119 156  67 120  30  35  82  72 104 126  83  42  25 125 121 132 108 106  64 141  98  38   8 142  69  71 128  49  61  55  21  47  34  36 111 122   9  43  81  58  70  84  51  60 105   3   4  78   2   5  68  45  15  18  13  32  10   6  23  28  56
  155 166 101 115 195 102 180 153 116  30 197  87  58 152 167  88 179 156   1 123 165 128 106  86 183 157 182  73  96   0  90  27 140 181  38 108 107  39 127  11 172  84  91 100 121  45  54 178 186 111 196 110  89 138 194 174 144 125  65 160  67 161 164 176
  155 166 195 102 115 116 153 179 101 180  87 165 197 123 152   0 182  30  86   1  58  88 178 140 167  39 126  89 183 154  91  96  92 174 106  90 151  11 111 194 107 186 172 144 159 176 160  45 161 117 190 162 181 191 145 147 164 150 187 100 127 175 177  38
  155 166 115 195 102 116 153 101 179 180  87 197 165 123 152 182   0 178 140   1  58 174 172  91  39 160  86  30  89 144 154 167  92 159 126 176 194 111 161  88 183  90 164 190 191 162  96 151 186 145 147 181 187 150 177 139 175 188 146 148 173  11 192 127
  155 166 116 153 115 195 101 123 152 102 197  87 179 165 167 180  58  30  88   1 106   0 182  96  86 183  89 112  11  39  91 151 107 172 154 140  92  54  85 178 181 194 174 159 160  45 144 157 176 128 175 161  27 186 164 156 108 158  59 139 147  90 121 162
  155 166 115 102 195 116 153  87 180 179 101   0 165   1 197  39  30 123  58 152 182  88  86  92 167  11  91 140 178  89  96  90 151 183  45 117 174 126  38 106 128 154 181 100 144 194 172 176  27 127 160 111 159 186  84 161 147 190 145 162 191  59 164 107
  155 115 195 102 166 153 116 180  87 101 179 165 197   0 123 182 152   1  39  58 167  30  86  89 140  91  88  92 126 178 154 183 194  90 181 106 111 174 151  96 127  11  45 117 160 144 108 190  84 176 172 159 107 161 162 147 191 164 186 145 150 187 157 175
  155 166 116 102 195 115 179 165 153 180 197  87  30 101 123 178  86  39 152  92   0  11 140  91 154 182  58  88  38  96 167  90   1 151  89 100 183 174  45 111  27 172 150 176  37 128 106 161 186 126 160  59 108 144 193 107 147 194 159 191 145 190 162 125
  115 151 102 194 197 116  92 165 123 155 175 180 182 101  87  91  89  11   0  90 129 108 164 195  98  85 181 112  37 140 143 138   1 105 128 150 174 109 113 170 190 148 188 160 187 177 162 173  80 149  84 100 163 152 159 191 179 161 176  93 146 192 172 136
    0 101   1 112 186 155 159  90 160 176 158 172 187 139 178 174 164 177 162 161 196 173 190 145 146 191 188 140  87 135 189 147 144  77 175 148 149 197 179 163 192 180 102  94 111 194 154  80 150 123 110 115 126  79 114 183 136  95 127 121 153 165  97 116
  112 114  22 157 186 124 185 107  52  63  35 134 103  27   0  53 122  65 110  76 197 138 133  62 172  96 178 128 119 155  38   8 169   7 116  64   9 113 168  80 166 158 144  66  73 135  10 189  11  34 104  94 132 171 101  24  41 131  29 145  28 149  21 159
  112   0   9  96 169 107  10  21 110  57 114  39 141  11 171  38 185 130  27  35  83  52 186  20 143  97 104  74  42 168  22  75  41 105   8  53 124   7  24  76 119  62 122 154 178 172  34  31  45  56 197 135  87  90  29 189   4 132 101  19  78 134  80  15
  155 179 154 143 180 110 195 166 172 114  90 164 197 157 186  96 101  92 181 171  30  87  91 102 109 167 113  49  85 152 185 183 123  39  11 160 141  59 100   0 174 178 170 158 175 116 168 115 105 128  86 159 173 187 176   9 138 165 148 196 182 162 135 161
  