28,5,11,14,18,13,22,1,21,6,4,15,10,23,17
3,0,7,22,23,20,16,1,13,4,14,8,6,15,19
27,29,9,2,25,19,3,8,7,5,20,0,28,17,12
3,0,22,23,16,7,13,1,4,14,15,8,6,20,21
0,22,3,23,16,7,4,13,1,6,11,8,15,21,14
22,6,23,13,1,14,4,11,15,28,18,16,21,5,7
22,23,13,1,14,4,15,6,0,16,7,3,11,21,20
23,22,7,4,1,13,0,21,16,15,6,18,11,14,3
27,29,9,3,8,0,28,20,16,22,23,1,13,25,2
18,21,26,15,11,10,17,1,13,14,4,24,5,6,23
9,29,27,25,2,12,17,19,24,5,28,10,26,11,18
22,23,1,13,4,14,16,15,6,3,0,7,20,21,11
3,8,0,20,16,23,15,1,13,22,7,4,14,21,24
27,29,9,2,25,12,28,10,19,8,3,24,20,5,17
21,18,26,11,4,17,15,13,1,14,6,5,7,23,22
29,27,9,2,25,12,24,10,8,26,19,20,17,3,16
29,27,9,2,25,12,10,28,24,17,5,26,19,8,11
0,22,13,23,1,4,16,15,14,6,21,7,11,3,18
3,0,8,16,20,7,23,22,1,13,4,15,6,14,21
27,29,9,2,25,12,3,28,8,19,20,5,7,0,24
0,3,8,16,22,23,13,7,1,4,20,15,14,21,6
3,22,0,23,7,13,1,16,4,14,6,15,20,11,21
22,0,23,13,1,3,7,4,14,6,15,16,11,21,18
27,29,9,2,25,12,28,19,3,8,10,5,17,20,7
27,29,9,3,8,2,20,0,25,16,19,24,7,23,22
27,29,9,25,2,12,28,10,11,14,17,15,13,6,1
29,27,9,2,25,12,10,28,24,8,19,17,26,3,5
29,27,9,2,25,12,8,24,10,19,17,26,28,5,0
28,14,11,6,22,13,1,23,15,4,21,18,5,10,7
22,13,1,14,4,23,6,15,11,21,18,7,16,0,5

17,7,14,8,29,20,21,16,22,12,18,11,0,10,13
17,14,7,8,29,12,20,26,16,0,24,21,11,22,18
5,13,1,28,19,27,4,25,11,15,6,3,23,9,0
7,14,17,8,29,12,20,26,16,21,18,24,10,22,0
12,27,5,28,19,13,24,3,4,1,25,26,0,11,9
12,28,27,19,24,3,26,5,11,4,0,25,13,1,9
7,17,14,8,20,29,21,16,18,2,10,22,15,6,23
0,9,23,3,25,4,1,5,11,13,22,10,20,21,2
5,1,28,27,19,6,15,25,2,4,23,24,13,3,10
0,16,13,19,24,11,15,28,2,4,1,27,23,22,25
17,7,8,14,29,20,16,21,11,13,22,0,18,23,4
8,7,17,29,20,14,21,16,22,18,11,13,0,23,2
12,26,14,24,0,27,28,19,13,11,3,4,17,5,25
8,7,17,20,14,29,21,16,22,18,11,0,13,23,4
17,7,14,8,29,20,12,21,16,18,26,22,0,11,2
17,14,12,7,8,29,13,11,26,0,5,19,28,4,27
5,15,1,13,6,23,4,2,25,9,19,11,27,28,10
8,7,17,14,20,29,21,16,22,18,2,10,0,13,11
13,1,19,15,4,23,11,5,6,2,28,25,27,22,0
7,17,14,8,29,20,16,12,21,18,22,24,0,26,2
17,7,14,8,29,20,21,16,12,22,18,11,13,0,2
12,24,19,27,28,13,5,11,26,15,1,4,6,25,3
7,14,17,8,29,12,16,24,18,2,10,19,15,6,22
17,7,14,8,29,12,20,16,13,11,21,22,15,0,24
14,7,17,12,8,29,24,16,2,19,18,28,10,27,6
17,7,14,8,20,29,12,21,26,11,18,24,22,3,16
11,13,9,23,15,4,1,5,0,25,3,6,28,27,19
7,14,17,8,12,29,26,24,16,18,20,22,27,28,19
14,17,7,8,29,12,26,20,0,16,24,27,18,11,9
8,20,17,7,14,21,29,16,22,18,0,11,13,23,9

13,22,29,16,26,6,28,19,7,24,12,5,18,3,27
27,11,3,21,25,2,17,0,14,23,4,20,15,10,18
22,13,29,16,6,26,28,12,7,5,19,0,14,10,9
24,18,3,25,17,4,11,19,0,10,27,8,2,23,21
13,6,22,29,7,16,5,12,26,8,28,1,15,9,14
19,10,20,27,26,15,11,23,21,3,14,25,17,4,0
13,22,29,16,26,6,28,7,24,5,19,12,18,8,3
4,8,2,25,21,18,11,1,14,17,9,15,0,24,10
13,22,29,16,6,26,28,7,5,12,24,19,8,0,9
24,17,25,18,2,3,11,0,4,8,21,23,14,9,1
13,22,29,16,6,26,28,7,5,24,19,12,8,18,17
7,24,8,5,2,25,17,4,18,1,9,0,21,11,14
13,22,29,16,6,26,28,7,5,12,19,9,24,8,1
13,29,16,22,6,26,28,5,7,19,12,20,15,27,10
2,9,1,17,25,21,8,0,24,11,4,14,3,18,20
24,18,17,3,25,11,2,0,4,10,19,23,27,8,14
13,22,29,16,6,26,28,7,5,12,19,20,9,27,24
13,22,29,16,6,26,28,7,5,12,24,8,9,1,19
24,8,18,4,25,17,2,7,11,3,0,21,1,14,15
13,22,29,16,6,26,28,5,7,12,19,8,9,15,23
8,2,1,9,4,7,25,21,24,17,14,20,15,11,5
13,22,29,16,6,26,28,7,5,12,24,19,8,18,0
13,22,29,16,6,26,28,7,5,12,24,19,8,9,20
24,7,5,2,8,25,17,18,9,21,1,11,20,4,27
18,27,0,11,25,4,3,10,14,23,17,24,2,21,15
13,22,29,16,6,26,28,7,5,12,24,8,19,9,18
2,25,24,17,4,18,8,11,21,1,9,3,0,23,14
8,4,1,21,2,24,14,18,9,25,11,15,0,17,23
16,24,13,28,18,19,29,25,26,3,11,4,27,17,20
13,22,29,16,6,26,28,7,5,12,19,24,18,8,0

19,25,21,24,10,12,15,13,18,29,7,16,27,17,2
25,19,21,24,10,12,15,13,18,29,7,27,16,2,17
11,23,20,26,3,22,9,14,4,8,5,28,6,0,1
19,25,21,24,10,15,12,18,13,29,7,27,2,17,1
19,25,21,24,10,15,12,13,18,29,7,16,27,17,2
19,25,21,24,10,12,15,13,18,29,7,16,27,17,2
19,25,21,24,10,12,13,15,18,29,16,7,2,17,27
13,16,15,28,24,19,21,7,5,8,9,10,6,25,11
12,29,14,4,20,26,21,25,1,9,13,28,23,11,3
10,27,19,18,24,7,15,25,0,22,2,21,5,8,6
25,19,21,24,10,12,15,13,18,29,7,16,27,2,17
19,25,21,24,10,12,15,13,18,29,7,27,16,2,17
19,25,21,24,10,12,15,13,18,29,7,16,27,2,17
12,21,13,29,25,4,16,20,26,14,9,19,28,2,11
21,25,19,12,24,13,10,29,15,16,18,7,4,20,2
19,25,24,10,21,15,18,12,13,7,27,29,2,17,1
14,29,28,4,26,20,9,11,23,1,5,3,8,6,22
25,21,19,12,24,10,15,29,13,18,7,27,1,4,2
29,12,27,18,1,25,22,2,26,14,20,23,17,21,4
14,26,20,11,23,28,3,9,4,8,22,5,6,1,0
19,25,21,24,10,15,12,13,18,29,7,16,27,17,2
19,25,21,24,10,12,15,13,18,29,7,27,16,17,2
19,25,21,24,10,12,15,13,18,29,7,16,27,17,2
27,22,23,0,1,2,5,8,11,3,6,18,26,14,9
19,25,21,24,10,12,15,13,18,7,16,29,27,17,2
12,21,25,29,19,13,24,4,20,15,26,18,10,1,14
25,19,21,24,10,12,15,13,29,18,7,16,27,2,17
19,25,21,24,10,15,13,12,18,7,16,29,27,17,2
19,25,21,24,10,15,12,13,18,7,29,27,16,17,2
25,19,21,24,10,12,15,13,18,29,7,16,27,2,17

13,0,17,12,25,20,24,26,11,21,6,19,15,7,1
13,0,17,12,25,26,11,20,6,24,4,15,7,1,10
25,21,26,10,24,27,19,15,22,16,20,7,3,9,14
12,17,0,13,5,18,23,8,6,1,9,2,29,28,14
13,0,25,17,15,24,26,1,7,10,6,20,14,12,22
13,0,17,12,6,25,20,26,24,15,1,7,11,18,10
23,8,5,28,2,9,16,19,18,27,21,4,22,3,29
10,22,15,3,9,14,7,2,28,27,16,24,19,29,25
0,13,17,12,6,7,20,15,25,24,26,1,29,10,18
13,0,17,12,6,20,18,23,5,25,4,11,29,15,1
16,19,27,2,22,9,3,14,28,21,23,29,5,8,1
13,17,0,12,20,11,4,26,6,25,24,21,15,3,5
21,27,19,23,9,16,2,14,22,8,5,3,28,1,25
28,27,9,2,22,3,19,8,14,16,23,29,21,10,4
23,18,6,28,9,14,2,4,8,29,5,3,22,27,10
13,0,17,12,6,11,20,26,25,4,24,18,1,29,15
25,15,10,20,24,26,7,22,3,9,1,14,29,23,2
25,10,24,26,7,15,21,20,19,22,16,27,14,3,28
10,15,22,14,7,20,28,3,9,24,29,2,16,23,6
13,0,17,12,11,25,26,6,20,24,21,4,7,1,15
13,0,17,12,11,4,25,6,21,29,20,23,16,26,8
0,13,17,12,6,25,29,7,20,16,15,23,19,4,2
27,14,9,3,19,22,28,2,16,23,10,21,5,8,1
27,19,3,22,16,28,9,14,2,21,10,8,5,1,23
18,23,6,5,4,8,9,2,14,28,29,16,3,22,21
21,0,19,16,13,4,11,17,25,6,29,27,28,14,2
22,10,3,14,28,9,2,27,19,23,15,24,16,29,18
14,9,8,18,28,27,23,2,3,5,22,10,1,24,21
11,21,24,25,26,9,27,23,22,10,4,8,14,28,18
0,26,13,17,7,12,15,24,25,1,20,6,10,11,3

26,10,16,23,0,4,8,15,13,20,3,9,11,24,14
16,26,10,23,0,4,8,15,20,13,3,9,11,14,24
6,7,25,12,19,22,5,1,18,27,21,17,29,28,2
16,10,26,23,0,4,8,13,15,20,3,11,14,9,24
10,16,26,0,23,4,13,8,15,20,3,14,11,9,2
10,16,26,23,0,4,8,15,13,20,3,11,9,14,24
10,16,26,23,0,4,8,15,13,20,3,11,9,14,24
10,16,26,23,0,4,13,8,15,20,3,11,14,9,24
10,16,26,23,0,4,8,15,13,20,3,11,9,14,24
16,10,26,23,0,4,8,15,20,13,3,11,9,24,14
12,7,6,5,25,1,19,27,22,18,17,29,28,21,2
10,16,26,23,0,4,8,13,15,20,3,11,9,14,24
27,1,19,25,5,18,12,7,6,28,22,29,2,17,21
10,16,26,23,0,4,13,8,15,20,3,14,11,9,2
13,11,8,14,4,21,23,6,0,10,3,7,25,16,24
10,16,26,23,0,4,8,13,15,20,3,11,9,14,24
10,16,4,23,0,26,13,8,11,3,15,20,14,21,24
10,16,26,23,4,0,8,13,15,20,3,11,14,9,24
10,16,26,4,0,23,8,15,13,20,3,11,14,9,24
26,10,16,23,0,4,8,15,20,13,3,9,11,24,14
7,25,22,6,12,5,21,27,19,1,18,29,17,28,2
7,6,25,12,19,5,1,27,22,18,21,29,28,17,2
14,28,6,18,19,27,1,5,2,12,25,7,17,11,13
10,16,26,23,0,4,8,15,20,13,3,11,9,14,24
5,6,7,1,19,27,12,25,18,28,29,17,22,2,21
17,22,7,21,12,24,25,6,5,29,1,19,27,2,15
16,10,26,23,0,4,13,8,15,20,3,11,9,14,24
10,16,26,4,0,23,8,13,15,20,3,9,14,11,24
4,10,16,0,23,26,8,13,3,20,15,11,21,14,22
10,16,26,23,0,4,8,13,15,20,3,11,14,9,24


