[[[ 58, 196,  47, 182,  97,  75, 110, 181, 184, 180,  29,  61, 191,  42, 121, 195,  19, 112, 185, 197, 186,  41,  45,  43, 104,   7,  56,   6, 194, 114,   4,  70,  23,  22, 193,  17,  36,   8, 103, 116,  71, 105, 179,  18, 192,  34,   5,  91,  89,  46,  98, 129,  13, 102, 190,  14, 113, 124, 187,  62, 183,  90,   3,  74,  35,  86,  60,  31, 120, 101,  20,  99, 117,  48,  30,  27,  15, 188,  21, 146,  83, 167,  87,  85, 118,   9, 106,  96, 131, 130],
  [127, 155, 137,  51, 176,  67, 169, 175, 111, 147,  50, 166, 150, 141, 136, 162,  68, 156, 152,  53, 160, 172,  65, 177, 174, 171,  88, 108, 168,  66, 151,  69,  79, 158, 153, 149,  52, 154, 157, 135,  80,  93, 159,  72, 138,  39, 173, 170, 163, 148, 164,  37,  94, 161,  95,  82,  81,  64,   2,  78,  63, 143, 107,  92, 139, 165,  54,  91,  16,  57, 167, 140, 134,  11, 106,  10,  87,  55, 109, 133,  36,  32,  27,  77,  49, 112,  26,  28, 126,  35],
  [ 26,  16,  82, 164, 177,  53,  63,  93,  48,  58,   9, 175,  96,  81,  69, 149,   2,  70,  68, 140, 174, 170, 146, 176, 165, 168, 162, 183,  55, 172, 144,  49, 186, 173,  66, 169, 148, 156, 153,  80,  40,  65, 160, 158,  50, 137, 181,  10, 171,  79, 136, 157, 151, 163, 154,  94,  95, 188,  67,  31, 152,  30, 102, 185,  77,  78,  64, 127, 150, 167, 159, 109, 142,  71,  92, 133, 166,  97, 139, 113, 141,  72,  52, 161,  90,  73, 187,  86,  25,  51],
  [177,  94,  63, 165, 176,   9,  82, 175, 170, 166, 164, 168, 111, 167,  53,  81,  37,  79,  78,  80, 171, 106,  95,  48, 172, 174,  10, 186, 173,  66, 163, 153,  65, 152,  50,  93, 185, 154,  69, 109, 162,  87,  72,  92, 157,  64, 158, 183, 155, 156,   1,  71,  90, 159, 149, 160,  67,  49,  26, 151,  58,  68, 161,  70,  16,  51, 187, 169,  25,  77, 148, 150,  96, 102,  43, 112,  57,  31,   2,  52,  55, 141, 142, 108,  42, 140, 181, 188, 137,  86],
  [112, 184, 185,  91,  27,  76,  95,  75,  61,  87,   8,  94,  98,  71,  36, 180,  23, 111, 165, 167, 105,   3, 186,  62, 114,  42, 193,  58,   7,  69,  37,  92, 187,  70,  47, 110, 189, 170,  32, 182, 197, 177, 166,  13, 181,  43, 104,  19,  99,  78,  10, 191,  45, 194,  82,  79, 171,   5, 176,  63, 106, 175,   4, 178, 188, 163, 196,  31,  22,  24,  80,  64,   6,  83,  25,  77,  84,  20, 190,  35, 168,  18, 195,  59,  50, 179,  81, 152, 173,  48],
  [112,  95,  91, 185, 184,  98,  76,   8,  75,  42,  61,  71,  23, 193,  36, 189, 187, 182,  94, 111,   7, 186, 180, 181,  62,  99,  27,  58,  69, 114,   3,  47, 194,  19, 197, 191, 188,  37,   5,  87, 167,  13,  84,  70,  22,  25,  92, 195,  83, 105,  45, 166,   4,   6, 190,  32, 104,  43, 196, 177, 165, 178,  59, 179, 170,  18,  77,  20,  24,  63, 110,  78, 116, 115,  60,  55,  82,  40,  79,  53, 106, 192, 175, 163, 171,  41, 176,  74,  90,  12],
  [ 98, 112,   8,  23,   3,  75,  91, 180, 184, 197,  27,  76,  62,  61,   7,  99,  19, 193,  45,  70, 191,  36, 185,  83,   4, 182,  42,  13,   5,  71, 181, 114, 178, 104, 194, 189,  58, 195, 190,  18, 187, 179,  59,  22,  32,  47, 186,  87,  31,  84, 105,   6, 196,  43, 192, 115,  77,  56,  74, 116,  17, 101,  24,  20,  33, 188,  95, 110,  38,  25, 113,  40,  30, 103,  15,  89,  60, 167,  35, 124, 165,  94,  46,  14, 118, 117, 111,  29,  86,  41],
  [ 36,  91,  75,  61, 184,  27, 110,   8, 180, 112, 185, 105,   7,  58, 193,  23, 114,  47, 189,  76,  62,  71,  22,  87,  69,  32,  42,  98,  94,  92,  95,  13,   3,  99, 182, 111, 197,  19, 187, 104,  37,  45, 167, 194, 165,   4, 196, 188, 191,   5, 181, 186, 170,  84,  78,   6,  51, 163,  74, 190,  43,  24,  70,  83, 103, 143, 115, 178, 195,  20,  41,  18, 106,  59, 179,  79, 126, 171, 116, 177,  35, 101, 166,  96,  60, 175,  80,  55,  64,  67],
  [ 95,  58, 165,  94,  27, 184, 185,  87, 186,  92,  71, 114,  69, 177,  61, 105,  75,  37,  91, 106, 187, 167, 170,  47, 166, 181, 176, 112, 182,   3,   9,  78, 175,   8,  70,  13,  98,  23, 164,  82, 189,  53, 180, 163, 110,  25, 183,  10, 111, 103,  63,  79, 171, 188, 126, 102,  43, 168,   5, 193,  77,  19,  96,  80, 152,  76,  42, 173, 172,  31,  99, 143,   7,  45, 154,   1, 174,  81, 153,  48,  66,  50,  65,  51,  35, 104, 158, 194, 155,  67],
  [  0, 133, 134, 139, 145,  49, 148, 132, 146, 143, 141, 147,  52, 107,  41,  72, 138,  15, 150, 142, 106, 162,  90, 135, 149, 140, 151,  97,  57,  64,  78, 157,  10, 127, 108,  43, 121, 125, 109, 160, 119, 161, 155, 183, 144,  36,  92,  34, 156,  65, 120, 159, 136,   9,  26, 196, 110,  87,  56,  32, 137, 152, 197,  66, 169, 172, 173, 158, 163,  79, 174,  50, 130, 128, 171,   6, 153,  86,  81, 126, 129,  80, 168, 154,  28,  76,  89,  35, 118,  14],
  [ 93, 136, 109,  72,  68, 100, 142, 149,  26,  82, 140,  16,  39,   2, 148, 174,  80,  65, 157, 139,  73, 162,  66,  67,  81, 159,  49,   1, 172, 153, 173, 156, 158, 169,  57,  51, 137,  53, 175, 160, 154, 127, 164, 161, 108, 141,  52, 150, 146, 176, 168, 151,  37, 170,  79,  64,  96, 171,  50, 155,   9, 177, 144,  78, 152,  90, 163,   0, 138,  97, 111, 133,  63,  55,  94, 165,  77, 135,  88, 106, 143,  85, 147, 134,  48,  10, 107, 122, 166,  28],
  [  8,   3,  99,  98,  23,   5,  45, 190,  13, 179, 191, 113,   4, 180,  18,   7, 187, 195, 197,  83,  75, 192,  61, 112,  19, 101, 115,  31, 114,  17, 103,  25, 182,  74, 194,  84, 123, 181, 193, 189,  70, 178,  40,  58,  71,  47,  62,  42, 116, 188, 117,  29, 102,  59,   6,  38,  46,  89,  24, 118,  77,  22, 105,  27,  30,  60,  20,  33, 131,  14, 120, 122,  91, 124, 186,  48, 125,  86, 184, 104, 185,  21,  54,  56, 130,  44, 119, 196,  76,  85],
  [ 98,  89,   8, 197, 195,  23,   7, 191, 124, 179,  25,  75, 181,  19,   4,  45,  17, 180,  83, 182,  18,   5, 123,  76, 194, 190,   3,  62,  84, 116,  56, 117,  99,  33, 112,  29, 192,  13, 125, 115,   6, 118, 102,  46,  59,  60,  21, 113, 193,  31, 120,  86,  34, 101, 178, 187,  61, 121,  20, 119,  22, 189,  14,  42, 103,  38, 196,  70, 186, 131, 114,  44,  15,  47,  71,  12, 184,  58, 104,  30,  74,  54,  27, 126,  43, 128, 122,  40, 130,  41],
  [111,  37,  94, 166,  95,  78,  92, 170,  69, 176, 175, 171,  79, 163, 165,  64, 177, 185,  76,  51, 112,  50,  80,  32, 153, 159, 106,  90, 155, 173, 152, 172,  66,  65,  36,  67,  27,  87, 174,  10, 154, 158, 168, 157, 109, 164, 167, 161,  57,  81,  91,  82, 143,  63, 105, 156,  53, 160, 151,  88,  61,  49,  68, 184, 107, 169,  62, 141,  55,  41, 193, 162, 149,  24,  42,  71,  52,  93, 126, 186, 147, 110,   1,  58, 114, 150,  75,  39, 189,  48],
  [112, 185,  76, 184,  42,  75,  71, 186,  23,  61, 180,  70,  87,  47, 197,  13,  62,   8,  94,  58,  27, 182, 110, 114,  98, 105,  95,   7,  32, 187,  31, 181,  69,   3, 104,  24, 188, 167, 191,  43, 194, 111, 193,  36,  92,  91, 166, 189,  99, 179, 165, 183,   4,  48,  19,   5,  83,  25, 196,  45, 177, 190,   6, 170,  22, 103,  10, 101,  78,  18, 192,  20,  86,  77,  60, 195, 116,  84,  38, 175,  41, 171,  30,  79,  34,   1, 178,  17, 176,  37],
  [ 94,  82, 185, 177,  96, 165,  93,  48,  70,  26, 186,  71,  80, 170,  95, 109,   3, 167,  10, 175,  72,  81,  78, 168,  79, 171,  87, 176,  77,   1,  16, 166,  64,   9,  37, 187,  25, 172, 173, 174,  65,  66, 184,  67, 111,  92,  31,  62, 169, 158,  53,  50, 153,   8, 181,  51,  30,  57, 154, 163,  68,  23, 188,  27, 152,  43,  24, 164, 159,  98, 100, 156, 183, 112, 162,  49,   2,  69, 157, 149,  40, 142,  42, 122, 155,  88, 161, 193,  63, 141],
  [  9,  52, 166, 109,  34,   1,  90,  57,  48, 108,  78, 162, 183,  92,  72,  54, 102, 176, 155, 164, 168,  85,  10,  63, 175,  37,  94,  73,  93,  76, 177,  66,  86, 119,  69,  64, 172,  81,  49, 111, 157, 128, 171, 153, 161, 154,  68,  97,  50,  28,  65,  25, 152, 174,  41, 151, 173, 107,  79,  31,  44, 170, 156, 158,  87, 160, 186,  82,  80,  53,  89, 148, 140, 169, 149, 159,  16, 137, 163, 106, 167, 165, 142,   2,  26, 127, 185,  42,  20,  60],
  [112,  61, 185, 184,  27,   8,  87,  98, 180,  75,  76,  91,  42,  71, 114,  23,   3,  95, 110, 105, 193,   7,  13,  94, 186, 197, 187,  47,  32, 182,  70, 104,  36,  19,  62,  58,  99,  69, 189,  45,  31, 191, 181, 165,   5, 167,  92, 188,   4,  24, 194, 196, 179,   6,  83,  22, 111,  43,  10, 177,  84,  37,  18, 190,  20, 178, 195,  48, 170, 192,  25, 101,  78, 103, 116,  82,  15, 115,  74, 166, 175,  77,  41,  79, 171,  63,  59, 183,  30,  60],
  [112, 184,  76, 185,  91,  61,  75,  95,  27,  87,  98,   8,  36,  94, 180,  71,  42,  23,  69, 167,   7,  58, 111, 105, 110, 193, 186, 182, 114,  92, 165,  62, 187,  47, 189,  32,   3, 197, 181,  13,  43,  37,  70, 166, 170, 104, 177,  99,  19, 191,  78,  22,  45, 194,   5,  63,   4, 188, 171,  79,  10,  84, 196,   6, 163,  83, 176, 175,  31,  35, 178,  25, 190, 195,  24,  20,  64, 179,  18,  82,  80,  90, 106, 168, 183,  41,  77,  50, 152,  81],
  [ 94, 112,  36, 185,  95,  91,  27, 184,  37, 111,  87,   8,  76, 165, 167,  61, 170, 177,  69,  92,  75,  98, 110,  78,  71,  82,  63,  58, 180,   3,  32,  79, 176,  23, 175,  42, 186,  10, 193, 171, 105,  62,  70,  80, 163, 106, 166,  64, 187, 168,  67, 114,  81,  51,   7, 172, 152, 189,  50, 174, 173, 104,  53,  66,  65,  43, 197,  47,  55,  99,  77, 159, 182, 164, 155,  22, 153, 181, 154,  90, 196, 158,  48,  19,  13, 188,  88,  24,  45, 191],
  [112,   8,  27,  75,  98,  76, 180,  23,  62, 197,   3,   7, 184,  91,  61, 105,  19,  45, 193,  32,  87, 191,  99,   4, 189, 182, 104,  71,  13, 194,  58,   5,  70,  18, 195, 178,  59, 185,  36,  89,  20, 181, 114,  38, 167,  83,   6, 165, 196, 187,  35,  84, 190,  42,  43, 115, 179,  33,  22,  31,  37, 116, 126,  95,  47,  74, 101, 111,  60,  25,  94, 192, 103, 118, 186,  77,  17,   1,  14,  41,  10, 110, 124, 100,  56,  55,  46, 166,  34, 143],
  [ 91,  61, 184, 114,  27,   8,  75,   3,  23, 180,  58, 110, 112,  98,  99,  47,  45,  13,   7,  19, 178, 197,  70, 182,  83,  36,   4,   5,  40, 190, 181, 191,  59, 105, 103, 193, 194, 115,  74,  71,  18, 188,  56,  31, 179, 189, 104,  62, 195, 192,  24,  30,  22, 101, 185, 113, 196, 187,  35,  17,  43,  87,  29,  42,  32,   6,  95,  84, 129,  20, 131, 186, 118, 116,  77,  55,  69, 124, 117, 130,  96, 122,  60,  15,  46, 165,  33, 167, 125,  38],
  [ 36, 110,  69,  91,  61, 185, 184,  55, 188,  58,  47, 114,  42,  22,  70, 187,   8,  56,  75,  95, 112,  98,  23, 180,  99,  53, 186,  29,  92, 111,  40, 170,  74,  71, 193,  24, 167,  83,  12,   7, 177, 181, 101,  94,  13,   3, 194, 104,  51, 179,  67, 175,  45, 105,   5, 190,  81,  78, 178,  32,  27, 189, 196, 115,  77,  37,  30, 182, 163,  84,  63,  79,  93, 191,  82,  19, 113, 195,   4,   2, 164, 192,  64,  96, 165,  50, 171,  87,  43,  59],
  [ 95,  94,  92, 111, 170,  78, 185, 177, 166,  69,  37, 175, 167, 176, 165, 163,  79,  53, 171, 186,  80,  82, 106,  87, 173, 172,  36,  63,  65,  81,  50,  66, 174,  58, 152,  71, 164,  64, 184, 168, 158, 153, 157,  90,  51,  91,  67,   9, 187, 154, 112,  10, 155,  76, 159, 151, 109, 156,  93,  47, 160, 110, 161,  75,  42,  61, 105,  27, 141,  43, 162,  68, 149,  70, 181,  25, 143, 114, 183,  96, 188,  49, 169, 147, 150, 126,   8, 148, 182,  88],
  [ 92,  94, 111, 165,  69, 176,  37,  10, 170,  78,  48,  87, 185, 175, 107,  58, 177,  49, 164, 106,  79, 167,  63, 171,  90, 112, 168,  82,  64, 174,  81, 172, 152, 163, 109,  80,  65,  66, 110, 173, 166, 159,  67, 155,  31, 153,  50, 158,  51, 154, 157,  93,  57,  27,  53,  32, 151, 186,  70, 105, 160,  55, 184, 161, 162, 156,   2, 149,  26,  68, 141,  52, 169, 101,  72, 183, 108,  61,  24,  36,  91,  71,  41,   9,   3,  42,   0,  43,  85,  95],
  [  0, 126, 134, 105, 143,  61, 145, 114, 132, 128, 127, 147,  54, 133,  87, 103,  75,   7, 107, 146,  13, 119,  27, 131, 106,  92,  32, 123, 182, 121, 101, 180,  76,  47, 135, 194, 141,  69, 181, 189, 118,   6, 125, 102, 148,  41,  21, 130,  89,   4, 138,  58, 129,   5, 110, 124, 197,   9,  20,  45,  19, 116,   8, 196, 140, 190,  37, 183, 120,  71,  84,  18, 179,  95,  15, 151,  17, 163,  10, 184, 150, 185, 186, 195,  62, 193, 112,  60,  14, 139],
  [ 16,   0, 140, 183, 149, 106,  49, 166, 148, 109, 142, 162,   9,  10,  78, 141, 151, 175,  95,  52, 157, 173, 176, 177,  68, 156, 153, 171, 168, 139, 174,  64, 160,  81,  66,  50, 172, 137, 161,  82, 147, 146,  65, 150,  79, 154, 170,  90, 164, 158,  92,  26,  48,  72, 152,  80, 133, 159, 163, 169, 165,   1, 155,  57,  97, 138,   2,  87, 135, 107, 127,  94,  63, 145,  39, 102,  53,  67,  93, 167, 186, 111,  51, 144,  31, 136,  15, 132,  69, 134],
  [ 37,  94,  91,  63, 126,  51,  27, 176, 165,   1, 164, 155,  39, 177,  53, 170,  80,  67, 159,  95, 154,  36, 163,  93, 189, 153,  74, 161, 168,  79,  50,  77, 175,   8, 193,  64, 174, 172,  66,  88,  82, 111, 105, 152, 171,  68, 173,  65,  78, 158, 160,  81,  55, 187, 166,  58, 108, 157, 143, 156,  92,  75,  72, 167, 106, 169,  57,  99,  48,  76,  90,  22, 185,  61,  10,  35, 151,  70, 178, 100, 150,  33,  11,  23,  87,   3, 147, 136,  84, 149],
  [  8,   3,  98,  23, 197,  99, 180, 112,  45,   5, 190,  75, 179,   4,  31, 181,  19, 191,   7,  83, 195,  13,  18, 178, 182,  61, 114, 113, 101, 187,  70,  25,  62, 115, 192, 103,  17, 194,  74,  84,  71,  59, 193, 189, 123,  27,  40,  58,  77, 124,  38, 116,  30,  47, 117,   6,  29, 102, 188, 118,  89, 131, 125, 122,  91,  46, 186,  24,  22,  42, 184,  33,  20,  60,  14,  56, 120, 105, 130, 104,  76,  86,  48, 185, 100,  87,  54, 196,  21,  12],
  [184,  95, 110,  61,  98,  76,  42, 185, 180, 112,  69, 114,  87,  91,  36,  47,  92,   7,  75, 182, 181,  15,  43, 186, 196,  27, 197,  71,  13, 194,   6, 191,  58,  35, 183,  19, 167, 189, 187,  23,  45,  83, 105, 193,  34,  12,   8, 179,  32,  20,   4,  94,  84, 104,  78, 188, 195,  99,   5,  60,  56, 129, 163, 170, 190, 124,  70,  18, 103,  79,  25,  89,  17, 116,  10,  86,  90, 106,  22,  37,  21, 171,  64,  50, 166,  81,  29, 178,  31, 115],
  [ 95,  69,  78,  94,  81, 170, 109, 106,  92, 177,  63, 185,  79, 173,  49, 163, 171,  50,  64,  80, 175, 172, 166,  66,  90,  65, 174, 183, 176,  82, 167,  53,  37, 153, 157, 165, 111, 164, 152, 158, 161,  42, 156, 154, 168,  10, 149,  68,  52, 186, 151, 159, 162, 169,  16,  57, 155, 160,  96,  93, 148, 140,  26,  51,   9,  67,   0,  71,  36,   2, 188,  76, 141,  34, 184, 150,   1, 147, 110,  87, 143,  48, 142,  47,  41,  86,  12,  43,  35, 135],
  [ 37,  94,  93,  82, 165, 170,  80, 177, 109, 175,  63,  81,  78, 174, 111, 176,  79,  51,  53, 168,  65, 173, 172, 171,  67,  66, 185, 164,  64, 153, 159,  49, 163,  68, 106,  10,  95, 158,  72, 154, 157,  69,  36,  50, 169, 152, 155,  90, 149, 156, 161,  48,  26, 160,  77, 167,  58,  57, 108, 162,   1,  92, 151, 141,  88,   2,  16,   9,  41,  87,  96,  55,  70, 142, 186, 166,   0, 143,  39, 137,  52,  24,  91,  32,  71, 150, 140, 100, 107, 187],
  [ 58,  77, 113,  70,   8,  55,   3, 187,  23,  93,  99, 188, 185,  91,  48,  63, 112,  74,  69,  98,  22,  62,  71, 101,  42, 108, 178,  94, 193, 111,   5, 165, 186,  30, 195,  82, 164,  37,  83, 177,  75, 182,  25,  40, 190,  31,  45,  96,  47,  36, 189,  27,  38, 192,  84, 167, 191,  53,  24,  18, 181,   7, 179,  61, 180, 184, 105,   4,  56,  19, 175, 115,  13,  26, 170, 110, 176,  29,  67, 194,  59,  33,  12, 104,   2, 114, 103,   1,  81, 122],
  [  8,  98,  23,   3, 112,  75, 180,  61,  99, 114, 197,  19,  45, 182,   5, 181,   7, 191, 179,   4, 178,  27,  91,  83, 195, 190,  13, 184,  31, 194,  18, 115,  70, 187, 193,  58,  59, 192,  40,  17,  84,  71,  25, 103,  47, 189,  74, 188,  62, 101,  22, 113,  30, 123, 124,  42,   6,  24,  29, 116, 186, 104, 105,  87,  56,  60,  89, 118, 117, 185,  76,  77, 131, 110,  33,  20, 196,  46, 102, 122,  14,  32, 120, 125, 129, 130,  86,  55,  43,  38],
  [ 36,  35,  56, 144, 145,  91, 139,  33,  89, 134, 129, 180, 118, 132,  98, 124,  83,  15,  75,  29, 133, 143, 197,  19,  22,   7, 117,  21, 131, 116, 104, 115, 195,  59, 196,  11, 138,   4,  45,   6, 121, 146,  84, 120, 194,  17, 100, 130,  46, 193, 135,   8,  99,  18, 179,  60, 190,  43, 123, 191, 110,  23, 178,  44,  20,  32, 101,  14, 122, 125,  40, 192, 142, 128,  28,  61,  41,   5,  12,  62, 182,  27,  13, 147, 189, 114, 126,  30,  34, 119],
  [131, 103, 145,  96, 132, 114, 130, 146, 144,  30, 105,  58,  47, 129, 122, 104, 134, 115, 102,  29, 188, 196,  40,  45, 180,  61, 121,  24,  74, 133,  13,  18,  75, 128,  19, 184, 194, 110,   4,  23, 182, 125,  17,  27,   3, 100, 118, 140,  97,  71,   5,  14,  91,  60,  99, 141, 190, 120,   7,  46, 192, 142, 116, 123, 143, 181, 136, 106, 179, 197,   8, 191, 101, 178, 189, 195,   6,  31,  70, 183, 117,  20,  26, 113,  85, 119,  16, 147,  42, 187],
  [ 12,  53,   2,  29,  26,  55,  58, 140,  25,  96, 127, 136, 135, 146, 148,  36, 133, 144,  16, 138,  82,  40,  59, 149,   9,  70, 186, 121, 150,  30, 124, 110,  81, 151, 164, 115,  34, 139, 187, 156,   3, 113,  88, 142, 131,  68,  77, 123,  39, 137, 181, 158, 163,  93, 145, 175, 157,  97,  65,  43, 160,  67, 162, 177,  69, 129, 153, 195, 154,  17, 174,  80,  98, 172,  66, 141, 170, 188,  95, 114, 152,  63, 147, 143,  74, 173, 120, 161, 122,  51],
  [  9,  93,  26,  16,  53, 136, 162, 140,  58,  63,  72, 149, 164,  82, 148,  96, 177, 142, 146,  81,  90,  70, 175, 156, 127, 160,  55, 176,  48, 113, 174,  65,  68, 153, 150, 172,  43, 102, 170,  39,  80,  52,   2, 158, 167,   1,  66, 139, 151, 186, 157,  25,  77, 154,  67,  40, 173, 168, 144, 109, 137, 121, 169,  30, 188,  49, 165, 171, 159, 106,  79, 133,  50, 187, 155, 135, 152, 166, 163, 126,  78, 100, 138, 183, 161,  59,  73, 125,  95, 134],
  [187,   8,   3,  75,  71,  23,  13, 182, 180, 112,   7,  61,  47, 103, 197,  58,  45,  25,  31,   5,  70,   4, 101,  99,  98, 114, 190, 186, 191, 179, 123, 195,  42, 105,  18,  19, 184, 102, 194, 185,  27, 181,  62,  83, 188, 178, 113, 189, 192, 115,  74,  48,  30,  17, 131, 193, 125,  84,  76,  22,  46,  20,   6,  87,  29, 116,  38, 117,  24,  60, 124,  59, 118, 183, 110, 130,  69, 104,   9,  32,  86, 120,  77,  89,  40,  14, 122, 119,  21,  54],
  [110,  69,  97,  26,  73,  93,  55, 188,  58, 140,  48,  16,  49,  39, 164,  51,  53,   2,  47, 136,  92, 113,  96, 107,  67, 175,  24, 185, 170,  81, 177, 105, 173, 174,   0,  40,  29,  90, 121,  64, 149,  65, 146,  22, 144, 176,  66,  78, 114, 184, 157, 172,  70,  50, 158,  42,  74,  30,  79, 187, 161, 165, 138, 153, 127, 171,  63,  61, 166,  37, 137, 160,  56, 163,  68, 151, 169,  77, 159, 135, 128, 134, 154,  80, 152, 167, 148, 156,  21, 168],
  [185,  94,  92, 177,  95,  78,  69, 170, 111, 175, 166, 186, 176,  48,  37,  82, 165,  63,  81,  42,  79, 164, 112,  90, 167, 171,  53, 168,  64, 183,   9,  10,  80, 172,  71,  66, 163,  50, 174, 173,  65, 184,  49, 109, 187,  87,  93,  58, 106, 152, 153, 158, 154, 162,  70, 155, 188, 157, 110, 159,  67,  26,  55,  57,  25, 156,  96,  76, 161,  52, 169,  24,  47,  68, 151,  34,  51,  41,  31, 102,   1, 160,  43, 149, 196,  86, 181, 105,  16,  77],
  [ 56,  36,  91,  98,   8,  23,  33, 112,  59,  35,   3, 197,  62,  75,  83, 180,  22, 195,  99,  19, 178,  43, 191,  89, 190,  76, 113,   7, 194,  15, 179,  38, 192,  77, 193,   4,  84,  45,  32, 124, 184,  11, 100,  18,  12,  27,  17,  70,  55, 104, 196,   5, 115, 101,   6, 116, 118,  88,  29, 117,  58,  21, 122, 182, 181,  61,  40,  20,  74,  28,  14, 110,  31,  13,  60,  46,  44,  42,  57, 120,  82,  24, 189,  30,  95, 111, 114, 129,  72,  47],
  [ 90,  78, 111,  92,  79, 166, 171, 170, 163, 157, 161,  65, 173,  64,  52,  66,  49, 152,  50, 153, 172,  36, 151, 158, 175, 159,  94, 176, 174, 155,  80, 162, 154,  76,  95,  81, 109, 156, 167, 168, 149,  51,  67,  57, 160,  69, 177,   0, 147,  43, 169, 148, 141, 150, 164,  68,  39, 185,  37, 143, 135,  93,  10, 140, 183, 165, 138, 107,  82,  53,  32,  63,   2, 137,  41, 106,  87, 110,  34, 186, 126,  42, 184, 112,  88,  35,  12,   9,  56,  72],
  [142, 109, 141,  96, 148, 139, 147,  16, 140,  82, 106,   0, 143, 144, 100,  26, 149,  95, 146, 150, 169, 135,  68,  80, 129, 145,  88, 138,   9, 133,  39,   2,  57, 157, 156, 151, 173,  12,  41, 111, 162, 163,  81,  65, 122,  53, 121, 137,  79, 158,  73, 134, 172, 132, 127, 174,  85,  66, 136, 153, 171, 160,  72, 154,  44,  78, 161,  49,  67,  64, 183,  51, 159, 152, 196,  97,  36,  50, 119, 170,  52, 165,  14,  11,  93,  94,  29,  71,  24, 131],
  [112,  87,  76,  27,  69,  98,  70, 185,  31, 180,  94,   8, 166,  95, 184,  61, 111, 197, 114,   3,  10, 186,  23,  92, 167,  63, 165,  62, 181,  71,  91,  82, 177,  25,  42,  58, 175, 182,  32,  13,  75,  55, 187, 107, 105, 170, 171, 191, 176,   7,  56, 179, 168, 110,  78, 183,  19, 104,  83,  79, 101,  64,  48, 164,  24,  45,  50,  47,   5, 178,  77, 152,  43,  37,  38,   4,  99, 190, 163, 169,  35, 194,  53,  54, 193,  80, 155, 172, 174,  81],
  [ 91, 184, 185,  27,  36,  95,  61,  75,  37,  94, 112,   8, 110,  76, 193,  87,  58, 105,  98,  71, 165,  42,  23,  92, 189,  69, 111, 167, 180,   7,  47, 170, 187, 186,  32,  99,   3, 114,  13, 177,  62,  78,  70,  43,  79,  19, 194, 104,  22, 163, 182,  45, 176, 188,   5, 166, 171,  51, 175, 191, 181, 196,  84,  10, 106, 178,   4,  64,  80,  20,   6,  77,  24,  74,  67,  53, 173,  82, 168,  63,  81,  35,  50, 172,  41,  88,  83, 159,  59,  66],
  [112,  76, 184,  98, 180, 197,  75,  62,   7,  61, 185,   8,  42,  23,  36,  87, 191, 182, 181,  71,   3,  27,  91,  32, 186,  19,  47,  69,   4, 193,  13, 194,  58,   6,  83,  45, 189, 114,  95,  43,  99, 111,  84, 105, 110, 195, 104,  92,   5, 179,  20, 190,  34,  94, 167,  60,  18, 196, 166,  25, 187, 183,  70,  22,  41,  15, 116,  89,  38,  56,  12,  31,  35, 103, 192,  24,  17, 101,  59,  86,  78, 165, 115,  21, 188,  46, 178, 170,  33,  37],
  [ 95,  78, 109,  90, 163,  79, 171, 170, 173,  92,  64, 157, 106, 166,  80,  65, 111,  36,  49, 172,  66,  94,  81,  50, 153, 161, 152, 158, 159, 174, 151, 167, 154, 156,  76, 175,  37, 176,  57, 143, 141,  51, 149,   0, 177,  69,  52, 147, 160, 162, 148, 155,  67,  68, 165, 168, 185,  10, 169,  82,  39, 140, 164, 150,  63,  41, 135, 184,  43, 183,  53,  88,  35,  87, 110,  32,  34, 142, 139,   2, 138,  42,  93, 112,  96, 126, 186,  16, 107,   1],
  [149,  93,  65,  68,   0,  49,  90, 173, 174, 109, 157,  52,  66, 177,  81, 175, 172, 153, 171, 162,  79,  80, 170,  78, 158,  50, 156,  82, 159, 168,  67, 161,  64, 111, 166, 176, 163, 154, 151, 148,  95, 160,  72,  26, 152, 169, 155, 164,  16, 140,  53, 137,  51,  94, 150, 106, 141,  69,  57, 142, 139,  10,   2,  92,  39,  63, 165,  37, 138, 136, 167,   9,  36,  88, 135, 147,  73, 143, 185, 183, 146,   1,  55,  48, 186,  77, 127, 133,  96, 134],
  [144, 146, 145, 139,  73, 133, 138, 140, 136, 134, 132, 100, 121, 128,  39, 127, 142,  97, 113, 148, 137, 135, 130, 119,  28, 141,  44,  16, 147,  11, 122,  56,   2, 129, 118, 125, 149,  35, 120, 108, 131, 117,  52,  21, 150,  33, 124, 107,   0,  38,  68, 169,  72,  30,  85,  14,  86,  15,  40,  49, 160, 161, 162,  57, 151,  26, 101, 109, 104,  46, 156,   1,  89,  54,  29, 123, 143,  60, 157, 102, 126,  17,  83,  88,  34, 183, 159, 154, 153, 158],
  [146, 144, 136, 145,  73, 127, 133, 140, 139,  26, 142, 100,  16, 134, 138, 121, 132, 137, 148, 119, 130, 122,  97, 131, 128, 113,  44,  85,  39, 135, 102,   2,   1, 149, 141,  96, 125, 108, 147, 120,   9,   0,  28, 109, 123, 150,  68,  93,  72,  29,  40,  30, 118, 117,  52,  14, 162,  46, 107,  49, 160, 103, 151, 143,  54, 129,  48, 183,  17, 156, 157, 164, 101,  74,  24,  11, 124,  34, 161,  86, 126,  89,  21, 192,  57, 158, 169, 115, 154,  60],
  [113,  73,  40,  97,  74, 122, 144,  16,  29,  96,  26, 130,  48,  85, 127, 146, 119, 131,  44, 102,  30, 188, 100,  17, 192, 103, 121, 123, 120, 145, 115, 136,  99,  55, 117, 128,  14,  46,  58,  31,  70,  24, 187,   5, 101,  18,  77, 108, 178, 118,   1,  28, 125, 190,  45, 179, 129,   2, 195,  21,  93,  86,  60, 133,  38, 114,   3,   9,   4,  59, 132,  83, 140, 116, 181, 194, 124, 191, 193,  33,  22,  13,  19,  25,  39, 196,  12, 142,  47,  11],
  [145, 131, 123, 122, 113, 130, 125, 118,  29,  17, 117, 179,  40, 101, 115, 120, 192, 103,  99, 190,   3, 121, 144,  45, 132,   4, 119,  18, 124,  19,   5,  83, 100,  74, 195,  46,  24,  31, 114, 127,  13, 197, 129,   8,  44,  89, 133, 128,  59, 191, 180, 116, 146, 194, 188,  30,  23,   6, 182, 181,  84,  56, 178,  60,   7, 134,  73,  14,  21, 102,  28,  75,  61,  33,  47,  20,  22,  54,  85, 189,  97,  58,  98, 193,  26,  12, 196, 104,  96, 136],
  [146, 127, 142, 133, 144, 145, 138, 139, 134,  52, 137, 136, 140, 128,  16,   0,  54, 126, 148, 119, 121, 132,   9, 125, 102,  72, 108, 123,  28, 135, 130, 122, 162, 147, 124, 131,  73,  11,  44, 120, 150, 149,  68,   2, 100, 160, 151,  85,  89,  14, 161, 129, 117, 118, 156, 164, 155,  57, 141,  86,  97, 157,  26,  17,  40,  25,  34,  53, 169,  21,  39, 154, 153, 101,  33,  48,  84, 168,  90, 113,  12, 109, 158, 115, 143,  88,  30,  29, 152,  67],
  [113,  99,   8,   3,  74,  83,  17, 179,  45,   5,  18, 190,  40,  23, 195,   4,  19, 192, 193,  98, 191, 115, 178, 101, 197,  22,   7,  29,  59, 189, 194, 123, 117, 122,  84,  75,  13,  33,   6,  14, 180, 118,  89,  91, 116, 103,  31,  46,  24, 188,  30, 182, 181, 120,  44,  21,  61,  60, 131,  42,  62, 114, 125, 100,  77, 187,  86,  20, 196, 130, 112, 104, 124,  47,  85, 119,  38,  71,  28,  58,  56,  70,  12,  32,  54,  73, 105, 129, 102, 108],
  [113, 101,  54, 123,  25,  31, 182, 191,  38,  17, 192,  84,  23, 181,  99, 179, 190, 187,   5, 195, 102,  18,  89, 194,  98,  33, 117, 115, 124, 197,  83,   7, 125,   4,  58,  21,  45,  19, 119,  14,  86, 112, 118,  46, 103,  70,   3,   8,   1, 120, 178, 121,  22,  29,  13,  40,  59,   6,  30,  42,  60,  24, 116, 189,  74,  62,  44, 122,  85,  73,  56,  77, 130, 114,  75, 193,   9, 180,  48, 188,  71,  76, 128,  20,  47,  34,  12, 183,  28,  61],
  [  8,  99,  74,  23, 115,  22,  91,  84,   3,  75,  45, 113,  59, 178,   5,  29,  40,  98,  33,  83, 193,   7, 179,  19,  61, 189,  17,  18, 195,   4, 190, 123,  89, 191,  12, 101, 194, 192, 114, 180, 118, 117, 122, 116,  27, 124,  21, 197,  36,   6,  56,  13,  77, 187, 188, 103,  30,  62, 181,  11,  32,  60, 105, 182,  46, 131, 120,  14, 100,  42, 184, 104, 196,  20,  25, 110,  24,  55, 125,  47,  38,  88,  58,  54,  44,  70,  31, 144, 112, 130],
  [136, 100, 108, 127, 133, 146, 145, 139,  72, 142, 137, 144, 134, 131, 132, 138, 150, 122, 141, 148,   3, 130, 140, 124, 107, 135, 147,  31,  35,  26,  93, 178,  77, 125,  16, 149, 102,  70,  55,   2,  30, 160,  82, 120,  56, 162,  39, 169,  28, 151,  25, 123,  68,  59,  67, 156, 168, 155,  27, 143,  11,  40, 117, 128, 118,  48, 164,  74, 113,  10, 121,  53,   8, 101, 152, 154, 115,  57, 159,  44,  63, 176, 197,  58, 119,  89,   9, 157,  43,  33],
  [126,  36, 143,  91, 134,  75,  33,  35,  89,  98, 135, 124,  59,  76,   7, 147, 133,  21, 146,  20, 128, 194,  43,   8,  58,  84,  38,  56, 138,   6, 139, 129,  11, 195, 117,  41, 145, 116,  19, 118, 115, 144, 189,  22,  99,  17, 180,  32,  12,   4, 140,  88, 197,  61,  45,  83, 123, 196,  29,  46,  95,  27,  57,  18,  74, 190, 163, 150, 193,  34,  60, 191, 130,   5,  13, 121, 148, 160,  15, 114,  14,  28, 112, 104,  90,  23, 182, 120, 159, 131],
  [112,  42,  71,   8,  98, 187, 184,  76, 185,  61, 186,  87, 181, 197,  23, 182, 114,  70,  94,  25,  95, 180, 191, 105,  48, 179,  27,  31,   7,   3,  19, 193, 111,  63,  75, 196,   5, 189,  45,  13, 167, 102, 165, 177, 188, 195, 104, 183,  47,   4,  62, 166,  83,  69,  99,  91, 194,  18,  58,   1,   6,  82, 192,  92,  84,  86,  37, 190,  24,  10, 178, 175,  55,  22, 103,  60, 170,  77,  32, 176, 110,   9, 164,  34,  78,  20,  89, 116, 115,  14],
  [ 76, 112, 111,  36,  92,  69, 166,  87,  78,  94,  95, 107,  32,  37,  62,  27, 163, 167,  61,  79, 171, 170, 152, 175,  64, 110,  63,  50,  91,  10, 185, 184,  51, 176,  57, 155,  66,  75,  65, 172,  90, 159, 177, 158, 157, 173, 180,  80,  67,  35, 151, 153, 174, 165, 168, 105, 106,  56,  82,   7, 169, 154,  81,  42,  55, 156,  43,   8, 143, 161, 160,  88, 197, 141, 164,  53,  54, 104,  52, 147, 114,  98,  23, 109, 150,  22,  13, 193,  68,  84],
  [ 37,  36,  91,  51, 111,  27,  32,  39,  67, 163,  69,  94,  92, 170, 159, 110,  78,  88, 153,  79, 126,  95, 161, 176, 173,  65,  64, 154, 171,  66, 165,  61, 157, 158, 155, 105, 193, 172,  90,  80, 174,  50, 152, 175,  57,  55,  76, 177,  68,  22, 164,  75,  81, 185, 143, 156, 160, 168,  63,  10, 151,  58, 109,  53,  87,  49, 106,  41, 184, 167,   2, 166, 189,  62,  84, 169,  35,  82,  74, 107,  77, 149,  33,   8,  56,  93,  11,   7, 135,  12],
  [  3,   8,  71,  23,  58,  75,  91, 180, 114,  99, 187, 178,  27,  70, 112,  47, 103, 181,  98,  13, 186, 184,  61,  74, 185,  19, 182,  45,   7,   5,   4, 189,  31,  30, 188,  18, 193, 197, 190, 194, 105,  40, 195, 101,  83, 102,  59, 115, 191, 104,  24, 113,  17,  62, 131,  96, 192, 179, 130, 196,  42,  14, 125, 165,   6,  87,  46,  29,  20, 122,  25,  22,  60, 116,  77, 129,  48,  38, 117, 120,   9, 183,  43, 123, 124, 167,  84, 118,  86, 110],
  [144, 146, 145, 134, 121, 139, 142, 133, 132, 140, 138, 127, 130, 129,  73,  16, 128, 131, 136, 135, 126, 125,  96,  40,  29, 148, 119, 147,  44, 113, 123, 122, 120, 118, 143,  46, 124, 117,   0,  21, 103, 115, 141,  28, 100,  26,  59, 102,  30, 106,  97, 188,  60,  17,  14,  85,   9,  12,  11, 137, 150, 116,  52,  38,  33, 149, 194,  86,  18,  99, 195,  24,  83,  20, 196, 189,   6, 114,  74,  89, 182,   4,  22,  19,  41,  47, 101, 192,  39, 181],
  [136, 146, 127, 144, 145, 140, 133, 139,  73, 138, 134,  39, 148, 108, 100, 135, 128, 147, 137, 132, 142, 121, 107, 149, 150,   2, 141, 119, 126, 161,  52,   1,  72,   0, 151, 160,  26, 162,  16,  68,  28, 143,  93, 131, 157,  85, 125, 130, 120, 109, 156,  44, 113,  97,  54, 123, 154,  49, 159,  57, 155, 164,  89,  34, 158, 122, 153,  51, 117, 152, 118, 169,  11,  65, 174,  35,  38,  21,  66, 102, 173, 124,   9,  33, 172,  67,  90, 168,  56, 101],
  [146, 144, 145, 139, 136, 133, 127, 140, 142,  73, 138, 134,  16, 148, 121,  26, 132, 137, 100, 128, 119, 135, 130,  97,   2,   0,  44, 149, 122, 108, 131, 125,  52, 150, 147,  72, 120, 113,  39,  28,   9, 141, 162,  68, 102,  85,  29, 123,  96,  40,  93, 129, 124, 160, 151, 117, 109,  30, 156, 118,  14,  49,  11, 157,  86,  57, 143, 161,  46,  54, 169, 183,  21,  17,  53,  12,  89,  34, 164,   1, 158, 126, 154, 153,  65,  33, 107, 174,  81,  55],
  [146, 144, 145, 127, 136, 133, 139,  73, 140, 142, 134, 138,  16, 121, 132, 100, 148,  26, 137, 128, 119, 130,   0, 108, 135, 131,  44, 122,  97, 125, 113,   2, 120, 149, 147,  28,  72, 150,  39,  85,   9,  29, 102, 141,  52, 123,  68, 117,  40, 162, 118,  96, 124,  30, 129,  93,  14, 160, 151,  54,  46,  11, 109, 143,  21,  17,  86,   1, 126, 156,  89, 107, 157,  49,  57, 161, 101, 103,  33,  53, 183,  74, 169,  34,  12, 164, 115,  38, 158, 154],
  [146,  26, 136, 144,  73, 127,  16, 140, 133,  93, 142,   2, 145, 139,  97,   9, 113, 138,  96, 137, 121, 148, 108, 128,  53, 119,  48, 134, 100, 149,  29, 102,  68,  40, 130,   1, 122, 164,  85,  44,  55,   0, 132,  39, 162, 131,  30, 135,  52,  28,  72, 150, 125, 120, 123,  77, 160, 117,  74, 188,  49, 109,  81,  82, 156, 151, 174, 157,  63,  54,  67,  65,  12, 158, 175,  66,  46, 161,  25, 168,  86, 154,  58, 172,  17,  90,  57,  34, 153, 177],
  [102, 113, 108, 144,  26, 100, 122,  40, 119,  44,  73,   9,  48,  86, 121, 146,  25,  30, 131,  29, 130, 125, 120, 127, 123, 145,  14,  77,  17,  16,  31, 124, 128,  85, 142,  74, 117, 195, 136, 133,  46,  89,  93,  28, 192,  96,  97, 178, 103,  72,  18, 101,  70, 179, 118, 115,   5,   3,   2, 132, 190, 183, 187, 181,  60, 182,  33,  54,  45, 116,  59,  55,   4,  83,  58,  99, 137, 188,  21,  98, 191,  19, 139,  11,  34, 138,  53,  23, 186, 194],
  [  9,  41,   0,  73, 146,  85,  54, 133, 127,  26, 144, 126, 119,  97,  90, 140,  48, 109,  52, 113, 137,  34, 142,  49, 164, 121, 101, 162, 129, 125, 100, 130,  28,   1,  12,   2, 136, 134, 138,  44,  31,  58,  62, 123, 139, 128, 151, 196,  21,  22, 118, 145,  86, 108,   6, 122, 149, 120, 117,  17,  93,  69, 148,  29, 153, 183, 157,  24, 111,  46, 158, 155,  72,  89, 175, 168, 192,  14, 106, 132, 160,  81, 131, 191,  78, 152, 154,  33,  16,  57],
  [109, 170,  95, 173,  78, 140, 149, 171,  79, 177, 157, 166,  65, 148, 175, 172, 106, 174, 176, 141, 163,  80,  66,  81, 165, 153,  53, 158,  50, 156, 154,  82,  49, 147, 152,  64,  16,  68, 161, 159, 151, 160, 168,  94,  26, 150, 167, 162,  93,  92, 111,  90, 164, 183,  63,  51,   9,  67,  10,   0, 143, 155, 169, 135, 142,  69,   1,  37,  39,  52, 136, 139,  57, 137, 185,   2,  43, 107,  72,  96, 138, 186, 146, 127,  88, 133, 134,  35,  71, 126],
  [ 78,  92, 166, 106, 170,  90, 109, 111,  79,  49, 163,  64, 173, 171, 157, 176,  50,  65, 172,  66,  80,  81, 174, 175, 161, 153, 152,  94,  95, 151, 158, 167, 177, 159, 149, 148, 156,   0, 154, 147, 141,  52, 160, 162, 140, 155,  37, 165, 168,  63,  69,  51,  10, 164, 143, 150,  57,  68, 107,  67, 183, 169,  82, 185,   9, 135,  53,  87,  76,  36,  43,  39,  93, 139,   1, 134, 138, 186,  41,  16, 142,  72, 126,  35,  26, 110, 184,  88,   2, 146],
  [  9,  93,  72,  26,  48,  25, 186,  82, 100,  73,  96,  70,  77, 108,  85, 102, 119, 137, 183, 113,  24,   3,  86,  31, 109, 122,  28, 181,  44,  52,  57,  16, 142, 177,  53, 162, 185,  94,  12, 175,  71, 111,  40, 166,  68, 188, 164, 168, 125,   1,  34,  38,  30,  81,  90, 123,  55,  80, 187,   2, 192, 112, 169, 174,  42, 101, 130, 165, 127,  54,  63,  49,  46, 179,  66,  11,  10,  41, 172, 149,  65, 120, 121,  17,  78,  14, 116,  29, 176, 171],
  [112, 183,  63,  58, 107,  69,  92, 166,  31, 167, 106,  10,  70, 177, 110, 165,  71, 114,  43, 175, 185,  27, 184,  95,  47, 186, 164,  78,  87, 104, 170,  82,  64, 176, 168, 171,  42, 102,  61, 141, 105,  86,  13,  35, 129,  50,  55, 152,  53,  26, 180,  25,  94,  79,  81, 109,  48, 173,  76, 140, 172, 103, 174, 187, 163, 151, 101,  90, 111,  66,  49, 158,  65, 128, 130, 157,  30, 147, 160, 131, 148, 150, 169,  62,  98, 153, 149,  93, 188, 135],
  [ 69,  94, 185,  92, 177,  95,  78, 110, 170,  37, 175, 184, 166, 111,  48, 176, 165,  42, 164, 171,  79,  87,  90, 167,  63, 186,  64, 168,  81, 187,  58,  50, 163,  49, 173,  10,  61,  76,  66, 172, 174, 188, 112, 153,  65,  70,  53,  80,  55,  71,  67, 152,  93, 154, 158, 155,  51,  47,   1,  27, 159, 105, 161,  82, 114,  32, 157, 183,  31,  91,  36, 193, 182, 169,  24, 156,  13,  43, 151,  22,  34, 160,  77,  25, 162, 189, 181, 109,  98,  52],
  [ 95, 184,  91, 185,  71,  27,  42, 112, 114,  75,  61,   8, 189,  23, 105,  98, 104, 187, 186, 193,  47, 180, 196,  36, 165,  94, 188, 167,   3, 110,  76, 181,  70,  87, 182,   7,  19, 106,  13,  43, 178, 197,  99,  45, 177, 170,  82,  96,   4, 194,   5,  40,  83,  58, 191,  74,  30,  18,  60,  22,  59, 103, 195,  32, 115,  20,   6, 171,  79,  24,  25,  77, 129,  78,  92,  15, 183,  37, 116, 190, 179, 166,  80, 163,  10,  64, 102,  81,  62,  41],
  [141,  91,   3,  27, 136, 147,  70,   8, 112, 114, 100, 143, 106,  75,  82,  23, 107, 165,  96, 178, 131,  35, 134,  58, 167, 150, 105,  61,  95, 103,  71, 180, 135, 139, 148,  26,  47,  24, 184, 145,  51,  62,  30,  53,  98, 169,  77,  87, 170,  43,  36, 104,  59, 132, 149, 140, 197, 122,  19, 133,  67, 171, 142, 163,  40,  80, 110, 181, 152,  88, 160, 115,  55,  50,  63,  13,  79, 127,  94,  45, 146, 130, 188, 182, 158, 173, 175,  10, 156, 177],
  [  9, 186, 185, 183,  69,  48,  25, 177, 166,  71, 187, 102,  92, 188,  94,  58,  26, 175, 165,  95,  53,  96,  70, 181,  42, 164,  93, 170, 176, 111,  47, 167,  78,  86,  90, 184,  82,  16,  31,  87,  81, 168,  63,  10, 103,   1, 109,  79, 112,  77, 171, 182, 114, 106, 174, 172,  24, 173,  66,   0,  40,  80,  50,  37,  65,  30, 162, 163, 153,  49, 158,  64, 152, 105, 154,  52, 157,  34,  68,  60,   5,  54,   3,  13,  98, 121, 149, 156, 119, 151],
  [139, 146, 144, 136, 145, 127, 133, 134, 138, 142, 140, 100,  73, 148, 135, 108, 132, 147, 128,  39,  28, 141,  72, 119,  52, 121, 150, 149, 143, 137,  57,   0,  11,  44, 162, 126,  68,  16,  85, 122, 109,   2, 130, 151, 160, 125,  89,  33, 118, 120, 161, 131, 156, 107, 157,  97,  26, 169, 117, 124,  88, 155,  21, 159,  54, 106,  14, 123,  35,  38, 154, 113,  49, 153, 158,  56,  65,  67, 129, 152,  46,  51,  41,  29,  66,  90,  93,   9,  12, 172],
  [146, 144, 140, 136, 145, 139, 127,  73, 133, 142,  16, 138, 148, 134,  26, 121,   0, 132, 135, 137, 149, 100, 128, 147,  39, 119, 150,  97,   9,   2,  44, 141, 130,  68,  52,  72,  96, 162, 131, 125, 122,  93, 109, 160,  85, 102, 120, 151, 113, 156,  28,  29, 143, 108, 157,  49, 161,   1,  40, 183,  30,  53, 126, 129,  14,  86, 123, 106,  57, 158,  65, 169, 154, 153, 174, 173,  46, 117, 124,  66, 118,  81, 159,  90, 164, 172,  11, 107,  21,  34],
  [146, 140, 144, 145, 139, 136, 133, 127, 142,  16, 148, 138, 134,  73,  26, 132, 121, 137, 149,   0, 135, 147,   9, 141, 150, 128, 130, 119, 162,  52, 102,  68,   2, 131,  72, 109, 183,  97,  39,  44, 125, 160, 151,  96, 100, 157,  49, 156, 108, 161,  93, 122, 106, 143, 120, 164,  85,  28, 129, 153, 154,  65,  57, 173, 174, 158,   1,  86, 107,  53,  81,  66, 172,  90, 169, 113,  40,  30, 152, 159, 126,  29, 155, 123, 124, 168,  34,  50,  82, 175],
  [146, 140, 144, 145, 133, 139, 136, 127,  73, 148, 138, 142, 134,  16, 121, 132,   0,  26, 137, 149, 135, 147, 128, 150,   9, 141,  52, 119, 162, 130, 109,   2,  68,  39,  97, 100, 151, 183, 102, 125, 160,  72,  49, 157,  44, 161, 156, 131,  93, 143, 129,  85, 120,  96, 108, 164, 122,  57, 153, 154, 158,   1, 126, 173,  90, 174, 106,  34,  65,  28, 169,  66,  53, 107, 159, 113,  81, 172,  86,  30, 152,  29, 124, 123, 168, 155,  50, 117,  54, 175],
  [  9,  16, 140, 148, 142,  26, 149, 162,  72, 146,  52, 136,  93,   0,  68, 127, 139, 109, 157,  53, 156,  81, 151, 176,  65, 160, 174, 150, 164,  66, 173, 177,  82, 172, 153, 137,   1,   2,  90, 175, 168, 154,  80, 161, 158, 138,  49, 170,  79,  50, 144, 106,  63, 171,  39,  78, 133, 152, 159, 155, 147, 135,  57, 166,  67, 163, 183,  48,  73, 169, 141,  96, 102,  64, 134, 165,  10,  94,  51, 167, 121, 108, 143,  92,  37,  97, 145, 111,  95, 186],
  [112,   8,  61, 114,  75, 185, 184,  98,  69,  23,  76,  71,  27,   3, 180,  91, 187, 186,  36,  58,  94,  95,   7,  47,  42,  13, 105,  87,  99, 181,  92,  70, 182, 188,  62, 110, 111,  25, 189, 197,   5, 193,  45, 167,  19, 191, 177, 194,   4, 165, 104, 179,  24, 190, 103,  83,  84,  32,  43,  22, 166, 170,  37, 101, 115, 195, 178,  53,  31, 175,  18,  55,  59,   6,  78,  77,  82,  63,  79, 116, 176, 163, 171, 192,  20,  12,  10,  40,  30,  74],
  [  8,  98,  99,  23,  75,   7, 193,  45, 180,  19,  83, 189, 191,   3, 197,   4,   5, 194, 179,  84, 190,  18, 195,  61, 115,  22,  17,  91,  13,   6, 112,  74, 114,  89,  59, 192, 116,  62,  33, 182, 181, 113,  42, 178, 123,  76,  40,  60,  27,  20,  29, 118, 117, 184, 101, 104, 103,  46,  21, 187, 188, 196,  32, 124,  24,  47,  71,  14,  38, 105,  56,  12,  25,  31, 120, 122,  36, 129, 125,  58, 131,  41,  30,  44, 185,  34,  11,  15,  86,  70],
  [ 91, 112,  70,  56,  31,  58,  63,  35,  27,  55, 167,  87, 110,  77,  10,  98, 184,   3, 178,  82,   8, 165,  23,  48, 182, 177,  61, 111,  43,  95, 107, 180,  36, 108,  15, 175, 170, 168, 176, 185, 181,  67, 169, 171,  93, 166,  83,  30, 114, 197, 186,  47,  64, 164,  79,  50,  71,  94,  75,  62,  72, 101,  19, 104,  22,  40, 195, 152, 174, 192,  81,  13, 187, 124, 172, 155, 163,  99, 113,  53,  45,  59, 190,  24, 159,  80, 106, 179,  92, 158],
  [ 36, 111,  69,  92,  78,  76, 185,  94, 166,  79, 170,  90, 163,  64,   0, 171, 173,  50,  65, 175,  66,  52,  80, 172,  49, 109, 174, 157,  81, 152, 158,  32,  51, 153,  42, 186,  95, 167, 151, 176, 161, 159,  67,  12, 112,  53,  93, 107,  87, 154,  62, 168, 169, 155,  57, 156, 177,  54,  68, 141,  37,  10, 162, 164,  82, 110,  43, 184,  41, 160, 149, 165, 183,  34,  56,  63,  24,  88, 150, 148,  58,   2,  47,  25, 147, 135,  21, 143,  75,  26],
  [  0,  93,  36, 109,  73,   1,  51, 100,  80,  94,  26,  41, 174, 170,  37,  78,  49,  65, 173,  97,  72, 159,  81,   9,  66,  68,  90, 157, 172,  39, 185,  79,  67, 177,  53, 158, 143, 153, 111, 175, 149, 168, 176, 165,  64, 171,  85, 136, 140, 154, 163, 161,  82, 164, 156,  58,  96, 152, 160,  50, 186, 137, 151, 162,  57,  48,  88,  77,   2, 169, 150, 155, 188,  34, 148, 127,  63, 167, 141,  24, 106, 189, 196, 187,  43,  52, 108,  70,  62,  22],
  [  8,   5,  99, 179, 113,   3,  45,  18,  13, 101, 102, 191, 123, 190,  74, 192, 187,   4,  17, 195, 115,  23,  98,  89,  19,  31, 117, 194,   7,  84,  25,  83, 181, 180, 193, 118,  61, 122, 119,  38, 182,   6, 103,  40, 189,  58, 116,  46,  33,  29, 197, 124,  20, 114,  14, 120, 178,  75,  48, 108, 131, 112,  85,  60,  70,  54, 105,  24,  77, 128,  27,  42,  59,  21,  28, 130,  44,  22,  86, 125,  71, 100,  47,  30, 188, 196,  62,  55,  34,  56],
  [ 98, 180,   8,  61,  75, 197,  23,   7,  19,  45,  91,  83,  99,   3, 112,  27,   4, 182, 179, 191,   5, 114,  18, 195, 178, 194,  13, 184, 190, 181, 115, 193,  84,  17, 124,   6,  59, 189,  89,  56,  22,  74, 103,  15, 192, 104, 196, 116, 118,  33, 105,  87, 110,  31, 131,  40,  60,  47, 101,  76,  20, 123,  32, 117,  36,  29,  62,  14,  42, 122,  30,  35,  46,  58, 125,  21, 120,  71, 129, 113, 188, 187, 130,  24,  70,  38,  86,  11,  43,  77],
  [139, 138, 134, 146, 133, 144, 135, 136, 148, 142, 147, 145, 141,  56, 140, 150,  35, 127,  36, 149, 143,  39, 132,  11, 169,  52, 151, 160,  88, 137,   2, 156, 100,  57, 124, 162, 157, 107,  67,  68, 121,  28, 161, 159,  33, 158, 128,  51,  15,  16,  65, 153, 126, 152, 155,   0, 163, 118,  49, 110, 154, 130,  55,  50, 129,  72,  66,  21,  73, 173,  64, 120, 172,  97, 117, 125,  43, 122,  91,  89, 174,  12, 119,  26, 131,  44, 108,  29, 171,  59],
  [188,  96,  48, 177, 185,  40, 184,  95,  37,  71,  16, 187,  82, 186,  94,  77, 165,  69,  99,  98, 102, 193,  70,  55,   3,   9, 181,  91,  42, 189,  24, 170,  87,   1,  53, 176,  26,   8,  81,   2, 175,  59, 111,  74, 164, 115, 105,   5,  23, 114,  93,  80,  67,  30, 122,  47,  31,  58, 192, 178,  19, 166, 196,  63,  92,  27,  79, 167, 106, 182, 168, 171, 113,  25,  61, 172,  78, 112,  18, 174,  51,  10,  83, 179, 110,  65, 173,  66,  60, 103],
  [139, 146, 140, 136, 142, 138, 133, 148, 134, 144, 143, 147, 145, 141, 149, 135, 150, 127,  57, 137, 160, 157,  39, 100, 151,  68, 161, 156,   0, 162, 159, 132,  72,  52, 109, 106, 153, 154, 155,   2,  16,  65, 152, 158,  51,  49, 169, 173,  67,  66, 172,  73, 126, 163, 174, 107,  80,  35,  50, 108,  88, 121,  37, 168, 128,  79,  64, 171,  81,  11,  90,  36,  28,  26, 176,  97,  10,  15,  78,  93, 164,  85, 119,  41, 170, 175,  82, 130,  34,  63],
  [ 16, 140, 139,  26, 146,   9, 148, 142, 144,   0, 183,  95, 149, 162, 102, 138, 106,  73, 133, 134,  52,  63,  96, 121, 145,  53,  86, 188,  81, 125, 150, 135, 147, 127,  49, 186, 156,  93,  50, 129,  68, 161, 173, 136, 157, 177,  65,  90, 141, 169, 160, 172,  40, 151, 164, 174,  66, 128, 130,  82,  30, 109, 132, 175,  25, 158, 153,  80,  44, 166,   2,  64,  69,  72,  79, 119, 170, 171, 163, 168, 154, 176, 137, 167, 152,  78, 155,  29, 124,  12],
  [ 26,  16, 140, 148, 142, 139, 146, 149, 136,  68, 150,   9,  93, 144, 162, 141, 138,  72, 133, 147, 109, 127,  82, 137,  53, 156,   0, 134,  96, 157, 135, 106, 160,  65,  52, 173,  81, 174, 172,  73, 151, 177,  66,  80,  39, 145, 158, 153, 161,   2,  95, 168, 154, 169, 171, 175,  50,  49,  79, 159, 164, 152,  67,   1, 170, 183, 100, 166, 176,  90,  57, 163,  63, 155, 143, 121,  64,  78, 167, 132, 165,  51,  77,  44,  40,  10,  88, 102, 108,  86],
  [ 57, 142, 148, 147, 134, 141, 140, 138, 109, 133, 139,  52, 145, 161, 143,  68, 107, 132,  16, 127, 150, 149, 135, 106,  92, 146, 162, 136, 157,  78,  50, 156,  65, 166, 128, 173,  66,  64, 119, 172, 155,  72,  95, 160,  73, 102,  26, 108, 151, 159, 152, 169, 158, 153, 174, 176, 163,  79, 137,  80, 154, 171,  88, 144,  10,  49,  28, 126,  81,  53,  96, 170, 175, 168,  11,   0, 121,  82,  37,  67,  85, 100,  35,  93,  90, 183,  51,  94, 111,  44],
  [  9, 183, 166,  95, 106,  92, 167, 177,  78,  90, 186, 176, 170, 162,  52,  43,  63, 171, 175, 185,  81, 109,  79,  69, 172, 102,  10,  94,  50, 173, 184, 165,  65, 111, 168,  66, 148, 163,  82,  49, 157, 174,  72,  80,  64, 152,  71,  26, 149, 164, 156, 155, 153,  48, 151,  58, 158,  86,  87, 160,  16, 154,  93, 140, 147,  35,   0, 112, 161, 159, 182,  53, 150,  57, 181, 142, 169,  68,  31, 141,  47,  42, 187,  96,  34, 107,  76,  25,  15, 139],
  [ 91,  36,  56,  95, 112,  38,  70,  27,  35,  32,  55,  77,  69,  58, 101, 110,  33,  23,  61, 104, 184, 185,  42,  98,  40, 180, 114, 113,  13,  24,  83,  88,  43,   3,  37,   8,  11,  76,  99,  63, 191,  82,  39,  22, 177,  57, 159,  64, 196,  68,  10,  67,  51, 194, 166,  15, 193, 190, 170,  73, 171,  75,  62, 105,  45, 165,  31,   5, 178,   7,  84,  74, 173, 169,  79, 107,  50, 168, 108, 192, 124,  47, 153, 115, 117, 175, 174, 155, 158, 111],
  [114,  71, 105,  27, 103, 184, 112,  47,  61,  95, 185,   3,  75, 106, 104,  58, 180, 182, 183, 186,  13, 165,  23, 102, 189,  19, 188,  30,   8,  40, 131, 181,  87,  45,  98,  91, 187,  31,  24,  96, 178,  42,   4,  70,  99, 129, 197,   7,   5,  18, 194, 110,  43, 196, 193, 115, 191, 167, 130, 132,  94,  14, 195, 101, 177,   6,  59,  60, 190,   9,  20,  17,  86,  69, 125,  74,   1,  62, 179, 143, 116,  10,  83, 141,  46, 192,  16,  29,  26,  82],
  [185, 112,  71,  42,   8,  58, 186, 187,  61, 184,   3,  98, 114,  75,  69,  23, 193, 181,  99,  47, 189, 188, 180,  70,  94, 111,  13,  27, 105,  95,  91,   5,  76,   7,  19,  24, 177, 182, 191, 165,  37,  62,  25, 104,  45,  87, 194,  48,   4,  36,  40, 196,  92,   6, 197,  77,  31, 103,  74, 195,  18, 179,  83, 167,  96, 110,  22, 190, 166, 170,  82, 101, 115,  84,  53, 178,   9, 192,  32,  41,  55, 175, 116,  78,  20,  59,  17,  60,  30, 183],
  [ 58,  70, 185, 165,  95, 186,  63, 167, 177,  71,  82, 170, 184, 112,  94,   3,  53,  91, 187,  47,  48, 176, 175,  92,  96,  77, 166, 164,  69, 183,  26,  93, 106, 188, 114,  81, 181, 102,  31,  55,  27, 110,  79,   9, 171,  98,  25,  78,  61, 163, 168,  43,  80, 174,  87, 111,  10, 172, 182, 173,  40,   8,  23,  64,  50,  42,  30,  66,  35,  65,  37, 103,  16, 152, 178,  67, 180, 105,  13, 158, 153, 154,  49,  75, 159,  99, 160, 157, 156,  24],
  [ 22,  98, 187,  42,  62, 181,  23, 188,  25, 182, 185, 189, 193,  76,  99,   8,  84,  83,  75,  71, 186,  36, 195,   7,  12, 178,  86,  91, 113, 191, 190,  30, 111,  29,  70,  21, 116, 179,  14,   9,  33,  47,  19,  41,  17, 194, 197,  46,  94,   4, 112,  58,   5, 192,  60,  77,   6, 184,  18,  59,   3,  38, 123,  93, 180, 115,  74, 126,  40, 196, 124,  89,  45,  43,  56,  96,  24,  54, 120,  20,  90,  69,  48, 125, 117,  11,  87,  82,  34,  61],
  [ 76, 166, 143, 109, 147,  57, 111,  92,  78, 126,  52,  41, 112,  90,  95, 155, 163, 161, 171, 152,  87,  34, 106, 107,  79,  32,  64, 157,  94,   1,  37, 151, 153, 154,  50, 176, 173,  15, 172, 183, 141,  66, 159, 134, 156,  80, 170,  65, 160,  35, 167, 158, 148,  10, 150, 162, 168, 184,  62, 105, 135, 174,  54,  68,  43, 138, 140, 175, 177,  20,  72,  49, 165,   9,  51, 169, 197,  81, 149,  89,  28,  88,  38,   0, 104,  11,  60, 139, 142, 185],
  [ 76, 185,  42, 184, 112,  94,  41,  95, 111,  32,  36,  92, 193, 105,  78,  62,  71,  90, 104,  37, 166, 189,  87, 167,  75,  27, 170, 165,  61, 196,  64,   7, 186,  79,  91,  22, 180, 171, 106,  20, 197,   6,  47,   1, 109,  43,  49, 163,  15,  80,  13, 177,  34, 183, 191, 182,  69,   8,  24, 176, 110, 173,  10,  98,  60,  50, 172,  57, 194,  81,  23,  66, 187, 175, 114, 152,  19,  65, 188, 116, 159,   4,  48, 168,  86, 174,  51,   0,  45, 153],
  [111,  79, 170,  95,  64,  94,  78, 171, 166, 163,  50,  51,  80,  36, 173,  65,  37,  67,  66, 172, 176,  92, 159, 161, 174, 153, 175, 158, 169, 152,  81, 154, 157, 155,  76,  90,  49, 167,  57,  82, 156, 177, 165, 168, 185, 160,  39, 151,  88,  68,  93,  52, 162, 109,  32, 149,  53, 164,  63, 107, 112,  55,  77, 184, 150,  69,  91,   2, 141,  10,  35, 147,  62,  87,  43,  42,  72,  56,  70,  12, 143,   0, 148, 106,  15, 186,  27, 135, 110,  11],
  [ 91,  95, 112, 185,  76, 193,  32, 166, 189, 184,  42,   1,  61,  94,  24, 111,  27, 105,  62,  37,  22,  23, 104,  75,  71,  99,   8,  88,  41, 165, 194,  20,  13,   3,  74, 177, 188,  90, 114,  77,   7,   6,  36,  38, 187, 191,  51,  85, 170,  19,  70,  78,  84, 171,  96,   5,  60,  15,  45, 190,  92, 197, 180,  48,  39, 196,  69,  79,  83,  40,  98,   4,  11,  87,  64, 186,  97, 167, 182,  18,  80,  47,  33,  59, 192, 126, 178, 116, 115,  67],
  [ 57,  64,  72, 161, 137, 150, 169, 159, 147, 166, 155,  80,  39, 154, 149,  68,  50, 176, 162, 153,  66, 157, 160, 173,  65, 156,  79, 172, 171, 174, 168, 108, 158,  52, 140,  49, 151, 152, 107,  67, 141,  78, 136, 148,   1,  51, 142, 139, 175,  90, 163, 138, 109, 170,  81,  82,  94,  92,  37, 134, 135, 177,   2, 100,   0,  15,  88, 164, 111, 143,  95,  28,  93, 126,  16, 165,  10,  73,  76,  11,  63,  38, 167,  48,  35, 133,  70,  43, 146, 144],
  [100, 113,  91, 144,  74,  16, 122,  73,  40, 178,  96, 108, 142, 139,   1,   2,  39,  77, 130, 145,  38, 136,  59, 128,  27,  24, 131,  32,  99,  30,  44,  85,  88, 118,   3, 115, 127,  33,  14, 192,  18,  28, 101, 193, 117,  97,  58, 132, 103, 194,  26, 105,  72,  23,  55, 106, 107,  45,  83,  11,  21,   5,  22,  62, 134,  31,  17,  70,  51,  29,  46, 190,  20, 137,   4, 189, 146, 141,  13,  61, 125,  35,  19, 120, 140,  75,   0, 195,  15, 104],
  [188, 113,  99,  40, 189,  38, 178,  96,  83,  29, 115,  12, 187,  30,  59, 103, 123,  46,  24, 190,  69,  98, 193,  14,   5,  73,  86,  71,  74, 181, 195,  22,  17,  18,  25,  84,  21,  23, 179,   4,  60,  28,  44, 192, 102, 130, 129, 194, 101, 120, 182,   9, 117, 116,  33,  47,  19,   6,  42,  58, 114,  54,  55,   7,  16,  62,  45, 125,  11, 191, 122, 108, 119,   8,   3, 131,  20, 185,  77,  85,  93,  26, 118,  13, 127,  91, 128, 186,  75, 144],
  [139, 148, 136, 140, 142, 150, 147, 141, 146,  72, 149, 134, 133, 162, 138, 160,  35, 157, 169, 135,  63, 156, 151, 143, 159,  52, 108,  49, 106, 107, 100, 152, 161,  65, 144,  57,  93, 153, 172, 109, 158, 154,  68,  39,  66, 174, 163, 173,  64,  50, 145, 155,  80, 171,  82,  67,  81,  79, 127, 167,  43, 176,  90, 168,  26, 132, 137,  78, 170, 175,  51, 164,   0,  16,   2, 166, 111,  53,  10, 165,   9, 126, 121,  36, 183, 177,  55,  56,  88,  73],
  [ 36,  73,  12,  21,   2, 144,  97,  56, 138,  34,  33,  11,  57, 161,  52,  39,  37, 140,  32,  68,  49, 139, 135, 127, 146, 137,  28,  69,  51, 126,  54, 159,  41, 143, 113, 133,  84,  67, 157, 153,  90, 155,  22,  88, 154, 128, 136,  35, 110, 151, 163, 134, 156, 158, 160,  55, 149, 101,  74,  53,  81,  65, 148,  38,  66, 117,  89, 174,  85,  64, 173, 152, 119,  29,   6, 172, 164,  78, 169,  50, 145, 123,   0, 118, 109, 108,  79, 162,  80,  16],
  [  9,  96,  26,  93, 113, 111, 188,  77,  58,  24,  85,  16,  40, 186,  82, 100, 183, 166,   0,  71,  48,  14,  70,  72,  73, 112,  86, 185,  44,  59, 162, 127,  29,  53,  25, 187,   3, 181,  90,  62,  55, 177,  30, 121, 109, 164,  23,  46,  12, 170, 184,  81,  42, 182,  52,  69, 165, 122, 102, 175,  97, 119,  31,  38, 195, 103, 192,  63,  49,  54, 167, 190,  68,  67,   2,  65,  47,  17,  99, 176,  43, 174,  80, 172, 142,  66, 149,   1, 125, 171],
  [111,  37, 166,  94, 109, 170,  78, 176, 165, 175,  51,  93, 171, 185,  79, 177,  82,  87,  80,  67, 164,  66,  10,  65,   9, 172, 173,  64, 163, 153, 168, 174,  92, 152,  90, 158,  50,  96, 157, 154,  72,  69,  68, 155,  81, 159, 107,  48,  57, 167, 161,  41,  85, 151,  62,  77,  32, 112, 156, 169, 186,  24,  49, 105, 160, 162,  39,  52,  53, 100, 141, 149,  63,  54,  58,  71,  36,   0, 184,  88,  27,  26, 126,  76,   1,  55, 193,  16, 187,  95],
  [ 69,  42, 112, 184, 185,  58, 187, 188, 186,  71, 181, 182,  98,  95,  83,  76,  47,  63,  86,  31,  87,  13,  23,  99, 114, 183,  61, 179,  94,  91, 110,  70,   7,  25, 102, 191, 193, 180, 177,   5,  38, 166, 194, 111, 189, 190, 101,  75,  48,   8, 195,   4,  92,  30, 104,  19,  24,   6,  22, 105, 103,  27,  60, 167,  18,  40,  84,  54,  45, 178,  43, 176,  12, 196, 164, 125, 175,   9,  62,  32, 113, 165, 192, 170, 124, 197,   3,  17,  37,  55],
  [ 76, 193, 185, 105, 184,  37,  91,  61,  42, 189,   7,  75, 111,  94,   1,  92, 112,  62,  32,  36,  98, 166, 187,   8,  22,  41,  27,  71, 194,  69,  78,  47,   6, 191, 180,  84, 110,  23, 170,  87,  13, 196,  20,  95, 126, 104,  45,  34,  99, 167,  89, 186, 165,   4,  19,  60, 197,  90, 182,   5, 109,  79,  74,  24, 163, 176, 116,  18,  51, 177, 190,  64, 188,  21, 171,  25,  97,  58, 179,   3,  85, 175,  80, 115,  83,  14, 173, 192,  70,  33],
  [112,  61, 185, 184,  76,  98,  42,   8,  71, 180,  87,  75,   3, 193,  69, 187,  23, 197,  27, 191, 181, 186,   7,  62, 189,  99, 114,  13,  31,  94, 105,  19, 182,  45,  91,   5,  58,  47,  70,   6,   4,  32,  48, 194, 179,  25, 111,  84,  92,  24,  95, 188, 104, 110,  18, 195, 165, 190,  37, 192,  20,  83, 196, 166, 177, 103, 167,  22,  34,  17, 183, 178,   1,  60, 101,  74, 115, 116,  41,  77,  10,  43,  40,  59, 170,  86,  78,  15,  36,  89],
  [112, 184,  36, 180,  75,  61,   8,  98,  91,  27,  76, 197,   3,  32,   7,  62, 185,  23,  95, 114, 110,  42, 182,  87,  13,  19,  58, 191,  47,  45, 193, 105,  71,  99, 189,   4,  43,   6, 194, 181,   5,  83,  20, 196,  69,  94,  35,  84, 104, 195,  24, 167, 190, 186, 179,  18, 111,  59,  38,  15,  70,  92, 116,  12, 101, 187,  37, 103,  56,  22, 188, 115, 192, 165,  41, 178,  60,  89,  33,  78, 143, 170,  31, 163,  46,  17,  88,  74,  77,  79],
  [ 76,   8,  98,  61, 112,  75,  27,  62,   7, 180,  91, 184, 197,  36,  23, 193,  32,  84,  22,  45, 191, 110,  99, 105,  83, 189,  19, 182, 194,  56,  13,   4,  87,  42,   5, 114, 195,  20,   3,   6, 185, 179, 190,  18,  58, 187,  95, 178,  33, 196,  38,  47,  89, 104,  71,  70, 116, 181, 192, 115,  94,  37,  59,  74, 167,  12,  15,  35, 111,  21,  55,  60,  25,  92,  43,  41, 124, 118, 101,  17,  69,  31, 117,  46,  34,  63, 186, 126, 103, 188],
  [  8,  91, 112,  61,  27, 180,  98,  62,  23,  75,   3, 197,   7,  45,  99, 193,  76,  13, 191,  83,  19,   5,   4,  22,  32, 189, 184, 195,  18,  84, 194,  36, 178, 190, 114, 105,  38,  58, 182, 179,  74, 192,  20,  56,  33,   6,  70,  42, 181,  15, 104, 115,  71, 187,  59, 116, 196,  47,  31, 185, 101, 110,  17,  77,  87,  89, 113,  24, 117, 118,  55,  35,  60, 103,  37,  46,  21, 124,  11,  14,  40, 188,  95,  43,  29,  25,  94, 111, 123,  41],
  [ 91, 180,  61,   8, 112,  62, 197,  27,  56,  76,  75,  98,   7,  36,  23,  32,   3,  38, 110, 184, 191,  13,  45, 182,  87,  84,  83,  19,  22,  15,  35,   4,  99, 190, 195, 193, 179, 194,  20,  89,   5,  58,  18, 105,  33,   6, 192,  31, 114,  70, 178,  43, 189, 181,  47, 196, 101, 107, 116, 118, 124, 185,  59,  42, 104,  21,  55,  74, 111,  92, 117, 115,  17,  54,  37, 167, 187,  71,  94, 108,  46,  69,  11, 126,  60,  63,  24,  12,  10, 103],
  [ 76, 112, 197, 180,  62,  98,   7,  61,  32,  42,  84,   8,  75, 191,  36,  22,  91,   6, 184,  56, 185, 193,  23,  12,  83,  38,  45, 194, 189,  21, 182, 179,  20, 114,   4,  89,  34,  69,  19,  41,  99,  13,  27,   5, 195, 116, 190,  33,  95, 196,  18, 181, 110,  15,  47, 105,  87,  94,  60,   3, 104, 192,  92,  54,  71, 101,  17,  25,  43, 118, 111,  46,  58, 115,  35, 117,  74,  70,  24,  90,  11, 123, 186, 187,  59,  85,  37,  31, 129, 178],
  [ 15, 184,  61,  76, 110,  91,  95, 180,  36, 112,  35,  27,  98,  87, 197,  32, 196,  20,   7,   6,  75, 104, 143,  45,  62, 191,  41,  34,  19,   8,  97, 185, 193, 105, 189, 114,  42,  92,   4,  89, 129, 163, 194, 167,  37,  56,  83,  47,  13,  43, 106,  88,  12,  60,  18,  84,  23,   3,  10, 195, 116,  78,  22,  21,  99, 192, 165,  64,  71,  49, 181,  57, 118,   5, 179,  79, 182,  69, 183,  17, 109,  74, 170,  58, 171,  14,  33,  94, 115, 147],
  [ 94,  37, 185,  63,  48,  76, 165, 112, 177,  69,  92, 108,  87,  42, 176,  98, 167, 164,  27, 111, 170, 105, 187,  62,  70,  78, 175,  71,  10,  55,  32,  61, 180,   8, 168,  31,  64,  34,  81,  79, 166,  82,  95, 171, 155,   3,  58, 191,  80, 189, 193, 186,  38, 183, 110,  45, 163,  90,  41,  49,  50, 152, 172,  93, 174,   6, 196,   7,  66, 197,  99, 154,  15, 104,  13,   5, 159, 184, 173,  20, 181, 153,  57,  65,  77,   1, 106, 169,  51,  84],
  [ 61, 180,   7,  76, 197, 112,   8,  98, 193,  75,  45,  32,  42,  22, 184, 191,  62,  99,  13,  23,  83,  27, 189,   6,  19,   4,  84, 179,   5,  91, 194, 182, 105, 190, 114, 110,  18, 104,   3, 195,  74,  20, 185, 116,  47,  21,  36, 196, 192,  89,  33,  17,  60,  41,  71, 115,  15,  38,  24,  87, 101, 187,  56, 118, 178, 123,  46, 188, 103,  34, 181, 117,  31,  69,  14,  29,  86,  12,  58, 113,  11,  59,  70, 124,  40,  54, 129,  92, 120, 186],
  [ 76,   7,  32,  61, 180,   8,  84,  27,  75,  62, 197,  89,  34,  22,  87,  45, 110, 191,   6, 189, 179, 193,  36,  19,  98,  99, 105,   4,  13, 112, 123,  20,  83,  56,  23,   5,  33,  41, 118,  21, 194, 114, 116, 184,  18, 115, 190, 195,  15,  91,  54, 117, 182,   3, 192,  11,  12, 181,  17,  42, 104,  60, 101,  69, 196,  74,  38, 143, 124,  46,  24,  31, 103,  35,  92,  59,  28,  47,  37, 129, 178,  88, 120,  29, 185,  71, 132,  94,  10, 187],
  [ 76,  36,  32,  62,  41, 197, 180,  34,  15,   7,  89,  84,   6,  61,  56, 143,  98,  22, 112, 191,  21,  75,  20,  33,   8, 193,  37,  12,  35,  45,  87,  57, 179,  27, 196,   4, 116,  19,  42,  92, 189,  91,  11, 111, 118, 194, 104,  54,  13, 195, 110, 105,  83,   5, 123,  38,  90,  78,  94,  43, 163, 117,  85, 184, 192,  28,  18,  97,  99,  60, 107,  88, 190, 159, 101,  46,  64,  17,  52, 182,   3, 155, 152, 185,  23,  49,  51,  79,  69,  10],
  [  7,  32,  56,  84,  76,  61,  89,  33, 180,  98,  91,  20,   8,  75, 197,  38,  45,  22,  62,  21,  27,  83, 179, 118,  99,   6, 191,   4, 192, 195,  19,  11,  15, 190, 193,  35, 117,  28, 115,  13, 123,  18, 189,   5,  59, 194,  36, 116,  74,  34,  12, 110,  17,  23,  46, 105, 107,  54,  60, 178, 184, 143,  29,   3, 112, 113,  14, 124, 182, 108, 128,  44, 101, 120,  88, 196, 134, 126,  41,  87, 114, 131, 104, 103,  55, 145,  85, 132,  97, 122],
  [108,  55,  15,  56,  97,  63, 113,  22,  38,  21,  48, 192,  33,  49,  28, 169, 179,  74,  62,   2,  61, 195, 191,  91,  12,  11,  29, 117, 197, 196, 107,  54,  45,  20, 144,  83,  84,  89, 120,   6,  14,  46,  32, 111,  37, 118,  31,  70, 122,  73,  58, 164,  98,  42, 116,  64,  86,  18, 193,   5,  35, 159, 190,   7,   4, 178,  50, 180,   8, 101, 110,  13,  81, 124,  57,  17,  85, 128,  90, 139, 123, 160, 112, 155,  77, 194,  39,  99, 146,  44],
  [ 62,  91,   8, 112, 197,  75,  61,   3,  27,  76,  98, 180, 100,  15,  32, 111,   7,  23, 107,  20,  36,  45,  38,  37, 193,  35,  55,  13, 191,  19,  70,  33,  56,   4,  59, 178, 192, 105, 184,  18,   5, 195,  83, 194,  84,  99,  58, 190, 143,  43,  89, 189, 118,  77, 115,  22, 116,  88,  87, 108,  11, 104,  74, 179, 169,   6,  24, 126, 196, 182, 114,  31,  51,  71, 167, 163,  64, 159,  47, 117,  21, 141,  28, 165,  46,  94, 124,  57,  41, 187],
  [ 76,  27,   8, 112,  62, 180,  32,  61, 197,   7, 184,  75,  98,  91, 193,  20,  23, 105, 191,  13,  45,  87, 189,  19,   3, 104,   4,   6, 196,  89,  15, 194,  22, 185,  42, 114,  99,  83, 110,  41,  18,   5,  84, 192, 179,  70,  37,  71,  31,  95,  36,  74,  94, 195,  33,  34, 165,  38, 116,  10,  56, 118, 115, 190, 181, 182, 178,  35,  60, 167,  24,  92,   1,  21,  57,  59, 117,  97,  64,  47,  17,  48,  85,  88,  11, 187,  46, 186,  25,  43],
  [ 76,  87,  61,  32,  27,  37, 105,  62,  15, 112,  91, 110,   7, 180,   8, 107,  94,  20, 197,  10,  84, 193,  92, 111,  41,  22, 191,  56, 184,  64,  13,   6,  75,  36,  45, 196,  78,  31,  63, 185, 189, 163, 176,  98,  54,  42,  48, 114,  89, 192,  79, 165,  19, 194,  21, 167,  34, 170,  95,  51, 159,   4, 169, 155, 171, 179,  50, 152, 108,   5,  57, 168,  33, 104,  69,  35,  83,  49,  38, 175, 154,  18,  99,  58, 166,  74, 153,  23,  97, 164],
  [ 76,  37,  32,  36,  94,  64,  92, 111,  57,  78, 169,  79, 163,  50, 161,  63, 155, 159,  87, 171,  51, 152,  52,  49,  80, 176, 170,  66, 154, 153,  56, 172,  90,  15, 107, 173,  67,  81,  65,  38,  62, 158,  35, 167, 174, 157,  95, 175, 168,  10, 112, 156,  12,  69, 151,  55,  11, 160, 108,  27,  84,  22, 185,  41,  34,  42, 166, 162,  88,  20,  61, 164, 110,   7,  21,  72,  39,  28,  33, 165,  91,  98, 180, 184, 143, 197,  68, 109,  54,   8],
  [ 76,  32,  62,  15, 107,  20,  87, 197,  38,  37,  61,  57, 180,  27,  64,  41,  36,  97, 108, 112,  94,  56,  91,  34,  49,  35,   7,  84, 111,  92,  78,   6, 191, 169,  51,  89, 193,  22, 110, 105,  12,  11,  79,  21, 159, 163,  33,  42,  28,   8, 184, 192,  10, 196,  88, 171,  45,   1, 155,  80,  13, 189,  75, 152,  98,  50, 154, 170, 161,  39, 167,  66,  83, 185, 172, 173,  54,  85,   4,  81,  63, 158,  67, 174, 176,  48, 179, 153,  90, 143],
  [108,  15,  56,  89,  33, 197,  84,  11,  28,  21,  38,  20,  76, 118, 117,  45, 192,  32,  22, 191,  54,  97, 123, 179, 100,  83, 122,   7, 113,  61,  62,  74,  18, 180, 124, 120, 145,  44, 137,   6,  98, 178, 144,   4,  13, 116,  17, 107,   8, 115, 195,  14,  73, 190,  31,  27,  35,   5,  12,  19, 131,  34, 193, 128, 132,  46,  99, 119, 129, 194, 189,  60,   2, 130,   1, 196,  72,  57,  87,  41,  86, 105,  91,  39, 125, 169,  23, 139,  29,  85],
  [108, 107,  56, 197,  15,  62,  38,  61,  32,  55,  76, 180,  27,   8,  84,  22,  20,  33,   7,  74,  45,   2,  39, 169, 191,  48,  89,  97, 192, 105,  11,  64,  51,  35,  37,  28, 179,  13, 110,  49,  63,   3,  12,  87,  21,  70, 159,  98, 117,  34, 112,   1,  54, 113,  31,  57, 178, 136,   4, 155, 100, 161,  18, 137, 195, 152,  83, 118, 123,  94, 176, 154,   6,   5,  79,  91,  46,  92,  80,  67, 163, 150, 164, 115,  72,  50, 116, 160, 122,  75],
  [ 89, 118, 108, 117, 145,  38,  33,  21, 123,  84,  20,  45,   7,  28, 128,  56,  15, 192, 197,  83, 179,  13, 113,  18,  74, 122,  61,  32, 191,   4, 131, 144,  27,  54,  17, 115,  11, 132,   6, 180, 100,   5, 120, 119, 190,  22,  99, 130,  97, 124, 116,   8,  19,  44,  62, 194, 195,  46,  31, 178, 129, 105, 193,  14, 107, 125, 101,  73,  29, 103,  60, 189, 121,  12,  85, 196,  75, 133,  98,  34,  23, 134, 110, 114,  59,  76, 146,  91, 127, 102],
  [144, 146, 108,  97, 136, 139,  73,  56, 145,  21, 138, 133, 128,  34, 134, 107, 132, 140,  89, 110,   2,  28,  35, 117,  22,  52, 121, 135,  39, 113,  54,  63, 127, 123,  49,  33, 137, 118,  11, 120, 148, 119,  15,  38, 122, 131, 129,  44,  12,  57, 130,  84, 142,  29, 169, 150, 143,  20,  74, 161, 151, 160,  55, 124,  85, 192, 179, 149, 162,  90, 147, 164, 157,   6, 159,  46, 155,  83,  41, 154, 196,  45, 116, 191,  64,  17,   7, 125,  51,  32],
  [108, 122,  74, 100, 113, 192,  28,   3, 115, 123, 144,  33, 178,  18,  44,  17,  11,  84,  45,  20,   8,   1,  31, 118,  48, 131,  25,  97,  38,  54,  15,  99,   5,  40, 137,  62,  14,  89,  85,  29,  77, 117, 191, 190, 179,   4,  70, 189, 102, 103, 195, 197, 193, 119, 130,  98,  73,  12,  19,  13,  59,  83, 116,  46, 187, 120,   2,  21, 145, 129,   6,  30,  55,  27,  61, 124,  88, 194,  23, 127,  72, 128,   7,  16, 114,  22, 136, 142, 105, 180],
  [108,  89,  33,  38,  28,  56,  84,  11, 118, 117, 113, 197,  21, 123, 179, 100, 192,  45,  83, 122, 191,  54,  74,   8, 115,  18,  22,  12,  62, 120,  20,  15,   7, 195, 144,  44,   4,  17, 124,   5, 190, 180, 145,  98, 178, 116,  99, 119,  46,  73, 131,  13,  97,  29,   6,  61,  19, 128,  32,  34,  14,  31, 101, 130,  85,  23,  60,  55, 137, 194, 193,   3,  76,  25, 125, 132,  27, 107, 129,   2, 136, 189,  86,  59, 103, 114, 196,  77, 127,  35],
  [108,  28,  11,  38,  97, 122,  15,  56, 100,  33,  89, 118,  20,  21, 192,  54, 144,  84, 197, 113, 117, 107,  32,  62,  73,  55,  12, 179,  74,  31, 191,  83, 137, 145, 169, 180,   2,  22,  45,  57,  44, 123,   6,  72, 120, 136,  18, 119,  48,  61,  85, 128, 130, 124, 115,   8,  14, 142,  34,   4, 139,   7,  46, 131,  27,  17, 132,  99,  98,  87,  13, 178,  52,   5, 116, 195, 129, 196, 138,  35, 193,  19, 146,  41, 190,  39, 110, 194,  76,  29],
  [145, 108,  28, 139,  15, 138, 134, 144,  11,  38, 146, 132, 147,  56,  52,  33, 133, 135,  21,  89, 137,  57, 128, 107, 118,  73,  20, 142, 136,  44, 169,  39,  12, 117,  72,  54,  35,  97, 150, 140, 161, 124, 119,  84, 148, 129, 127, 143,  32, 123,  76, 122, 100,  34, 155,   2, 121, 120, 160,  88, 126, 162, 151, 131, 130,  83,  46, 192, 141, 156,  64, 125,   6,  22,  49, 149, 159,  41,  60, 116,  62, 179,  51, 197,  85,  14,   7, 154, 157,  68],
  [108,  73,   1, 100,  97,  85,  57,  28,  72, 107, 144,  34,  52, 119,  48,   2, 139, 137, 109, 122, 128,  38,  11,  44,  21,  15,  89, 145,  54, 146, 136,  10,  68, 132,  37, 142,  31,  39,  20, 192,  41, 118,  24, 140,  49, 143, 138,  86, 113, 117,  32,  90, 134, 127, 130,  33, 169,  14,  63, 155, 159,  35,  55, 102,  92, 161, 149,  64,   6, 160, 157, 148, 162,  16, 121, 154, 164, 150, 191,  66, 174, 133,  93, 120,  46, 131,  87, 151, 179, 153],
  [ 56,  98,  89, 179, 108,  38,  83,  28,  15,  84,  33, 192,  25,  20, 117, 190, 124,  31,   8,  44, 122,  76, 118, 191,  11, 115,  13, 180,  18,  72, 123, 197,  99,   5,  21,  59,  17, 195, 181,  54,   7,  12,   4, 116, 120,  35, 128, 113,  45,  34, 194,   6, 102,  19, 119, 178,  60,  46, 125,  23, 114,  86, 130,   3,  14,  52, 182, 101, 189,  29,  61,  77, 145,  32, 137, 107,  57, 131,  74,  22,  27,  48,  87, 132, 129,  70,  40, 100, 144, 121],
  [ 15, 145, 100,  27, 197,  56,  35,  89,  33, 118,  20,  45,  91, 122, 124, 180, 132, 117,  97,  61,  11,   8, 178,  74, 144, 128,   7,  98, 131, 192, 133, 134,  18,   3,  19, 139,  38,   4,  62, 191,  14,  59, 115,  83, 130, 136,  32,  28, 194,  17, 195, 146, 108, 196, 143,  13, 120, 179, 112, 116,  23,  75,   5,  21,  88,  84, 138, 190,  39,  46,  44, 113,   6, 110,  99,  57, 135, 129,  29, 142, 107, 147, 193,  55, 123,  31,  22,  60, 150, 105],
  [180,  98, 197,  15,  31,  61,  45,  13,  83, 179, 181, 124, 191,  84,   7, 192,  56,  18,  20, 114, 178,   8,  99,  17,   4,  89,  19, 117, 115, 123,   5, 190, 113,  23,  27, 182, 195,  87, 122,  25, 129, 110, 118,  74,  70, 131,   6,  22, 120, 189, 194,  21, 116, 102,  38,  76,  60,  33,  75, 130, 125,  30,  97,  29,  34, 103, 193,  48, 184,   3,  86,  46,  44,  59, 187, 196,  12,  42,  35,  14,  47, 145,  40, 108,  54, 105, 121,  62,  11,  91],
  [ 27,  62,  76,  32,  15,  61, 197,  20, 180, 112, 105,  38, 108,   7,  87,  13, 107,   8,  45, 191, 193,  91,  84,  31,   6,   4, 189, 192,  18,  37,  83,  98,  22,  75, 184,  33, 114,  74,   3,  19, 118,  11, 179,  99,   5,  56, 196, 104,  94,  41,  89,  28, 194, 178,  35,  23,  64,  21,  10, 117, 110,  48, 116, 169,  42,   1, 190,  97, 115, 129,  54,  70,  57, 165, 182,  46,  71, 195,  63, 122, 100,  51,  92, 185,  24,  60,  14,  55, 155, 103],
  [ 56,  97,  15, 108,  32,  35, 107,  22,  21, 110,  38,  11,  33,  28, 144,  20, 145, 118,  39, 139, 197,  84,  89,  61,  34, 117, 169, 132, 138, 192,  62,  76,  12,   7,  57, 137,  27, 180,  83, 134,  45, 113, 179,  73, 191,  49,   6,  54, 136, 129, 135, 147,   2, 150, 146,  44,  55, 143, 128,  74,  51, 123, 116,  41,  46,  52,  64, 124, 122, 131, 120, 161, 133, 100,  18, 196, 159,   4,  88, 160,  13,  72, 195,  87,  36,  91, 193, 130, 178, 115],
  [108, 145,  28,  38,  11,  33,  15, 144,  89, 118, 100,  21, 117,  20, 128, 132,  73,  32,  97, 197,  74, 123,  44,  84, 122,  45, 131,  56, 107, 134,   7, 115, 139, 119, 179, 192,  83,  18, 120, 138,  46,  54, 191, 146, 113,  14,  13, 116,   4,   6,  22,  39,  61,  85, 105,  17,  62,  35,  27, 180, 190, 136,  60, 195, 133,   5, 130,  57,  12, 124,  76,  34, 129, 178, 147,  19,  29, 137, 194,  99, 193, 143,   8, 189,  88, 142, 103, 196, 127, 104],
  [145, 144, 146, 139, 138, 133, 134, 132, 136,  73,  97, 128, 108, 140, 142,  28, 137, 127, 135, 121, 100,  89, 147,  44, 118, 119,  11, 148,  56,  21,  15, 131, 122,  39, 120, 117, 150, 107,  33,  38,   2, 130, 123,  57,  34,  35, 124,  52,  12, 129,  72, 143,  54, 125,  29,  46,  20, 169, 113, 149,   0, 141,  16, 161,  85, 116,  14, 160, 151,  17, 192, 179,  60,  68,  84, 162, 115,  83,  88,  49, 156,  86,  18,  74, 197, 157,   6,  32, 159,  45],
  [144, 146, 145,  73, 139, 138, 136, 108, 133, 142, 127, 134,  97, 137, 140, 128,  28, 132, 121, 119,  52,  44, 148, 100,   2, 135,  72,  16, 122,   0,  11,  21, 130,  39, 120,  89,  57, 117,  85, 113, 118,  54, 150,  34, 147,  12, 149, 123,  33, 131, 162, 125,  68, 124,  15,  56, 107,  38, 161, 129,  29, 169, 160, 151,  49,  26,  46,  14, 143, 156,  86, 157, 141, 109,  17, 155, 102,   1, 192,  88, 154, 159,  41,  20,  35,  60, 153, 116, 126,  93],
  [145, 108, 144,  73, 146, 136,  97, 132, 137,  28, 139, 127, 138, 133, 134, 100, 119, 142, 128,  44, 123, 140, 122, 118,  89,  11, 107, 131, 121,  21, 117, 120,  33,  85,  38, 130,  54,   2, 135,  15,  39,  20,  57,  12,  34, 113,  72, 147,  52, 148,  46, 192,  16, 143,  74,  84,  14, 129,  29,  32, 150, 125, 115,  56, 124, 169, 161,  17,  41, 116,   6, 149, 141, 179,  68,   0,  18,  49, 160,  45, 102, 151,  60,  88,  51, 101,   1, 162, 191, 155],
  [144, 145, 146, 139, 100, 133, 136, 108,  73, 127, 132, 122, 128, 138, 134,  28, 131, 113, 119, 142, 117, 118, 120,  97, 130,  44, 121, 137, 123,  89,  33, 125,  21,  11,  56, 124,  29, 140,  74,  17, 129,  54,  14,  85, 135,   2, 115,  46,  39, 192,  38, 179,  72, 148,  40, 178,  18,  15, 116,  83,  30,  84, 101,  22,  16, 195, 190,  45, 150, 147,  59,  12,   0, 107,   4,  60, 102,  52,  34,  86,  20,   5,  31,   6, 103, 191, 126,  35,  99, 197],
  [144, 146, 145, 136,  73, 127, 139, 133, 134, 100, 138, 132, 142, 137, 140, 121, 128, 119,  44,  28, 130, 122, 113, 131, 108,  97,  16, 135, 123, 148, 120,  85, 118, 125, 117,  72,   0,   2,  29,  11,  39,  21,  26,  52,  89, 147, 124,  33,  54, 129, 150,  14,  46,  17,  40,  38, 149, 102, 141,   1, 115,  30,  68,  74,  34, 143,  12, 192,  86,  59, 107,  56,  60, 126, 162,   9,  57, 116,  96, 101, 160, 103,  93, 151,  18, 190,  88, 179, 161, 109],
  [144, 145, 146, 133, 127,  73, 136, 100, 139, 128, 132, 113, 119, 121, 130, 122, 134, 131, 142,  44, 138,  28, 123, 125, 117,  97, 120, 137, 108, 140, 118,  29, 124,  16,  85,  17,  89,  40, 129,  21,  11,  14, 102,  33,  74,  46, 135, 115, 192, 148,  54,  26,  30,   2,  39,   0,  56, 101,  18,  72,  86, 103,  38,  59, 195,  60, 179, 116, 190,  12,  34, 147,  83, 126, 178,  52,  31, 150,  45,   9,   4,   1,   5,  96,  84,  99, 149,  22,  20,   6],
  [144, 145, 146, 136, 127, 133,  73, 134, 128, 139, 132, 108, 138, 121, 130, 131, 119,  28, 113, 123, 100,  44, 137, 125, 140, 117, 142, 122, 120, 124, 118,  29, 135,  16, 102,  21,  89,  11, 148, 126,  33,  17,  97,  54, 115,  46, 129,  40,  74,  56,  85,  38,  14, 147,  39,  72,  30, 192,  26, 150,   2,  52,  86,  60, 101,  59,  18, 190, 116, 103, 195, 178,  25, 179,  83,  34,  12, 107,   0,  84, 149,  45,  68,  99,   4,   5,   1,  20,   9,  22],
  [ 73, 123, 113, 144, 100, 108, 122, 145,  28, 127, 119, 137, 146,  44, 120, 130, 136, 117, 125, 132, 131, 118, 121, 124, 133,  17,  29,  54,  74,  89,  11, 128,  33,  85,  40, 115,  21, 101,  97,  46, 192, 138,  84, 142, 179,  14, 134, 190, 102,  30,  56, 139,  83,  25, 178,  18, 129,  22,  86,  72,   2,  99,  26,  38,  31,  59, 116, 195,  48,  60,   5,  16, 103,  45,  12,   4,  34, 191, 188,  52,  24, 194,   6,   0,  19, 197,  77,   9, 140, 182],
  [145, 144, 146,  73, 122, 113, 127, 131, 132,  44, 130, 119, 100, 123, 128, 133, 121, 136, 120, 108, 125, 117, 118,  28,  97, 139, 102, 142,  29, 134,  17, 137, 138, 124,  89,  40,  14,  16, 115,  85, 192,  46,  74, 129,  30,  21, 103,  33, 179,  54,  18, 140,  11, 190,  86,  26,  38,  60,  31,  59, 116, 195, 178,  83, 101,   5,  45,   4,   2,  72,  99,  34,  20,  84,  12, 135,  25, 191,  48,  19, 148,   1,   6,  13,  56, 194,   0,  39,   9,  96],
  [144, 146, 145, 139, 136, 133, 134, 138, 127, 142, 132, 140,  73, 121, 100, 128, 148, 135, 137, 130,  97, 131, 122, 119,  16,  44,  28, 108, 147, 120, 113,   2, 125,  39, 117, 118, 150,  29,   0, 124, 123,  26, 149, 129,  11,  21, 141,  56,  89,  52, 143,  85,  72,  33,  46,  68,  14,  17,  40, 160, 107,  35,  30,  12,  54, 162, 151,  57,  74, 115, 126,  38, 102,  34, 192, 156, 169,  59, 161,  96,  15, 116,  49,  86, 157,  88,  60, 101, 103,  55],
  [144, 146, 145, 136, 127, 133,  73, 139, 134, 142, 140, 138, 132, 100, 128, 121,  16, 113, 108, 130, 122, 119, 131,  97, 137,  44,  26, 148, 120, 125,  28,   2, 123, 135,  29, 117,  85, 118,  39, 102,  40,   0,  30,  14,  72, 124, 149, 129, 147,  74,  11, 150,  17,  21,  46, 141,  52,  89,  96,  54,  33,  68, 115, 101,   9, 103,  86, 192, 162,  93, 107,   1, 160,  12,  48,  38, 126, 178,  59,  56, 151,  60,  18, 143,  55,  34, 116,  31, 195,  49],
  [144, 136, 146, 127, 145, 139, 133, 142, 138, 140, 134, 137,  16,  73, 108, 100, 132, 122, 113, 121, 128, 130, 148, 135, 131,   2,  26,  44,  39, 119,  28,  97, 125,  72, 120, 150, 149, 117,  40, 124, 102, 123, 147,  29,  30, 118,  52,  93, 141,  11,  68, 162, 129,  56, 160,  14,  74,  85,  55, 107,  54,  17, 178,  33, 115, 169,  21,  59,  89, 192, 151, 156,  53,  46,  31,  96,   1,   9,  48,  77, 161,  35, 164,  38,  67,  57,  88, 157, 103, 101],
  [144, 145, 146, 132,  73, 113, 136, 131, 100, 128, 133, 130, 127, 122, 134, 123, 139, 121, 119, 117, 118, 108,  28,  44,  97, 120, 138, 142, 125, 137,  29,  21,  74,  89, 124,  17,  33, 129,  11, 115,  85,  14, 192,  46, 140,  40,  54,  18, 102,  16, 179,  38,  30, 135,  45,  56, 178,  83, 103, 195,   2, 101, 190, 116,  22,  60,  84,  39,   4,  59,  20,   5,  99,  86,  31, 148,  34,  12,   6, 191,  19, 194,  72, 147,  15, 126,  26, 107,  13, 150],
  [145, 144, 146,  73, 127, 136, 121, 132, 128, 100, 123, 113, 133, 134, 131, 119,  44, 117,  29, 138, 130, 120, 118,  89, 124,  28, 125, 139,  21,  17, 140, 137, 122,  46,  33,  38, 115,  97,  54, 102, 135, 103,  85,  25,  34, 108,  56, 190, 116, 126,  14,  30,  60,  74,  59, 129, 192,  39, 195,  18,  11,  40,   1,  12, 148,  86, 179,   4,  83,  45,  16,   2, 147,  84,  99, 142, 178, 101,   5,  20, 150,  22,  26, 191,   7,   0,  13, 194,  19,   3],
  [145, 144, 146,  73, 133, 127, 132, 119, 108, 123, 136, 139, 137, 138,  28, 134, 125, 120, 121, 131, 122, 130, 128,  44, 142, 117, 118, 100, 124,  89,  54, 113,  11,  56, 140,  21,  97,  29,  17, 101,  33, 129,  85,   0,  46, 179,  34, 148, 135,  72,  52,  12,  14, 102,  84,  16,  86, 115,   2, 116,  38,  60,  74,  26, 192,  83, 190,  40, 107,  30, 147, 126,  18, 150, 195,   6,  15,  22,   4,  41, 197,  59, 141, 103,  31,  45,   5, 191,  57,  20],
  [145, 144, 146, 121, 128,  73, 132, 133, 100, 127, 134, 136, 113, 130, 131, 139,  97, 119,  44,  29, 122, 118, 117, 138, 120, 142, 140, 125,  85, 123,  14,  17,  21,  89,  16,  46,  40, 129, 115,  28, 124,  74,  30, 102,  33,   0, 135,  59, 103, 192,  39, 148,  18,  96,  60,  26, 116, 126, 195, 137, 178,  11, 190,   4, 147, 101,  20, 179,   2,  38,  83,  45,  12,  86,  99, 194,   5,  34,  19, 143, 108,  56,  54,   6, 196,  22, 191, 150,  24,   1],
  [144,  73, 146, 127, 145, 139, 137, 136,  28, 138, 133, 119, 121, 134, 113,  44,   0, 100, 128, 142, 108, 132, 140, 123,  54,  52, 130,  21, 117, 125, 120,  97,  11, 122,  72,  33,  85,   2,  16,  39, 124, 135, 118, 126, 148,  56,  29, 131, 129,   1,  89,  17,  40,  12,  46,  86,  14, 150,  38,  26,  22, 101, 149,   9, 162,  68, 115,  84, 192,  34, 147,  59,  74,  30, 160,  60, 116,  93, 161, 102, 151,  41,  57,  83, 169, 190, 179, 156, 107, 195],
  [ 16, 140, 142, 148, 149, 139, 106,  26, 146,   9, 162, 147, 109, 157, 156,  39, 173, 150,  81,  49,  68, 177, 160,  65, 166, 141, 172,  52,  93,  72,  80, 174, 171,  66, 153, 161,  95,   0, 151,  50, 136, 138,  90, 170,  79, 158, 176, 154, 134, 135, 169,  64, 144, 175, 163,   1,  82, 164,  96, 168,  63,  78, 152, 159,  67,  53, 155, 133, 137, 183,  73, 167, 165,  51,   2, 127,  10,  57, 143, 145, 121,  94, 132, 111, 126,  92, 102,  48,  97,  86],
  [111, 109, 107, 136, 127,  39,   1, 166, 100,  85,  93, 141, 140,  72,  51, 149, 148, 157,  90,  26, 134,   0,  68, 146,   9, 151,  65,  52,  49,  66, 147, 175, 137,  80, 172, 158,  57, 171, 174,  78, 176, 160, 162,  67, 152, 108, 138,  64, 173, 164, 139, 150, 153,  79,  73, 169, 159, 156, 155, 170, 168,  50, 154,  82,  28, 142, 177, 161,  81, 165, 135,  92, 163,  37,  63,  48,  10,   2,  96,  41, 119,  94,  24, 143,  54, 167,  62,  16, 106,  53],
  [140, 146, 139, 148, 147, 136, 134, 138, 142, 141, 133, 135, 149, 127,   0, 150,  16, 145, 144,  39, 157, 151, 143,  52, 160, 109, 156,  26,  49, 161, 162,  68, 137,   2, 132, 106,  65, 173, 158, 153, 174,  73,  51, 172,  66, 152,  80,  81, 163, 159, 154,  50,  90, 169,  67, 171,  79,  78,  64, 155,   9,  57, 107,  72, 121, 170, 168,  53, 175,  97, 164,  96,  93, 176, 126,  88, 128,  82, 177,   1, 166,  92, 100,  35,  10, 167, 183,  63,  36, 119],
  [ 73, 142, 146,  16, 140, 144, 127,  26, 136, 139,   0, 137, 148, 138, 133,  72, 149,  52, 134,   9, 145,  93,   2,  68, 109, 100,  97, 108, 135,   1, 162, 119,  28, 121,  96,  49,  44, 150,  85,  39, 132, 157, 156, 141,  53, 161, 160,  57, 151, 122, 147,  65, 174, 153,  81, 169,  66, 143, 130, 158, 113,  90, 173,  12, 172, 154,  67,  80,  40,  51, 159,  11, 164,  88,  82, 120, 155,  29, 128, 123, 125,  41,  50,  54, 175, 152, 168,  78,  48,  64],
  [113,  73, 144, 102, 123, 145,  44,  25, 131, 100, 127, 122, 146,  96,  29,  40, 130, 125, 119, 121, 108, 115, 103,  77, 120,  17,  26,  16,  74,  46,  30, 136,  85, 117, 128, 133,   9,  28,  18,  60, 195, 124,  99,  38,  59,  14,  86, 118, 101, 192,  89,   5, 190, 178,  33, 142, 132,   3,   2, 188,  45,  12, 116,   4,  83,  54,  21,  93, 187, 179, 137, 129,  11, 189,  84,  98,  70,  34, 181,  97, 139, 140,  23, 183, 191, 138, 134,   1,  58,   8],
  [146, 140, 139, 142, 148, 144, 136,  16, 138, 127, 134,   0,  73, 133, 145, 149,  26, 147, 135,  52,  39, 109, 141, 137, 150, 162,   9, 121,  68, 132, 157, 151, 160,  49,   2, 161, 156,  72, 106, 128,  97,  90, 119,  93,  96,  65, 173, 153, 143, 158, 174,  66,  57, 154, 172, 100,  81, 169,  44, 159,  85,   1, 164, 126,  53, 183,  50, 152, 155,  80, 130,  67,  28, 171,  51, 163,  64,  79,  78, 125, 175, 108, 168, 102, 176, 166, 107, 131,  82, 170],
  [146, 144, 136, 139, 127, 140, 142, 145,  73, 133, 138, 134,  16, 148,  26, 100, 132, 137, 135,  39, 149,   0, 121, 128, 147,  72, 141,   2, 150, 108, 119,  44,  68,  52,  97,  28, 122, 130, 162,  96, 131,  93, 160,  85,   9, 109, 151, 156, 125, 157, 113, 120, 161,   1, 143,  49, 107,  11,  57, 169, 102,  40,  29,  65, 158,  53,  51, 153, 123, 174, 154,  67,  30, 173,  66,  14, 159, 118, 172, 106,  88, 117, 164, 155, 126,  81, 129,  86,  54,  46],
  [146, 144, 136, 145, 127, 139, 140, 133,  73, 142, 138, 134,  16, 148,  26, 132, 121, 137, 100, 128, 135, 119,   0, 149,   2, 108,  97, 130,  44,  39, 147, 122, 150,  52, 131,  72,   9, 141,  68, 125,  85, 120, 113,  28, 162, 102,  93,  96, 109,  29, 160, 151, 123, 156,  40,  49, 157,  30, 117, 143, 161, 129,  14,   1,  57, 118, 124,  11,  86,  54,  53, 107,  46, 169, 164, 183,  21, 126, 158,  65, 106, 154, 153, 174,  34,  81,  17,  66, 159,  90],
  [146, 144, 145, 139, 136, 140, 133, 127, 142, 138, 134,  73,  16, 148, 132,  26, 135, 137, 121, 147, 149, 128, 100,  39, 150, 141,   2,  97,   0, 130, 119,  68,  52,  44, 131, 162,  72, 108, 160, 122,   9, 151, 109, 102,  96,  28, 156, 125, 143,  85, 161, 157, 120,  49, 113,  57,  93, 129,  29,  40, 169, 154, 164,  53, 158, 126, 153,   1,  11, 106, 107, 123,  65,  30, 117, 174, 118, 159, 183,  14, 173, 124,  66, 155,  81, 172,  34, 152,  86,  90],
  [146, 144, 136,  73, 127, 140, 139, 145, 133, 142, 138, 134, 148,  16, 137,  26,   0, 121, 132, 100, 128, 119, 149,   2,  97, 135, 108,  52,  39,  44, 147,  68,  72, 150, 130, 162,  85, 141,   9, 109,  93,  28, 122, 125, 131, 113, 120,  49, 151, 160, 157, 161, 156,  57,  96, 102,  29, 123, 143, 169,  54,  90, 164, 183,  65, 154, 158, 107, 153,  53,  86,   1, 174, 129, 117, 118, 126,  11, 159,  66, 173,  21,  40,  30,  14,  34, 172,  81,  46, 124],
  [146, 127, 136, 140, 139, 144,  73, 142,   0, 133, 138, 137, 148,  16, 134,  26, 145, 149,  52,  72,   2, 100,  39,  68, 135, 108, 162, 109,  93,   9, 150, 121, 119, 141,  97, 147,  49, 132, 160,  85, 157, 151,  28, 156,   1, 161, 128,  44, 153,  57,  65,  90, 158, 143, 169, 159, 154, 174, 164,  66, 130,  51, 122, 173, 172,  53,  96,  67,  54,  81, 155, 126, 113,  80,  11, 152, 125, 120, 107,  50,  88, 168, 175, 131,  82, 163, 106, 176, 171, 123],
  [ 73, 146, 140, 136, 127,  52, 109, 139, 142, 137, 148,  26,  93,   0, 138, 149,   9, 144,   2,  16, 133, 134,  72, 162,  68,  90,  49,  39, 157, 151,  85, 135, 100,  97, 160, 161, 156,  65, 150, 153,  57, 174,  66, 164, 158, 108, 121,  81, 172, 141, 119, 173, 154, 147, 159, 145,   1,  28,  80, 169,  53,  67, 155,  51, 152, 175,  78,  96,  44,  50, 143, 168, 132,  54, 176,  79, 171,  64, 163, 128,  41,  82,  48, 111,  34, 107, 177, 170, 166,  63],
  [109,  52, 140, 149, 142,   0, 148, 162, 157,  49,  68,  26,  65,  93, 137, 151,  66, 174, 136, 153, 139, 172, 156, 161,  90,  16, 173,  78,  81,  72, 158,  80,  57, 175, 160, 141, 138,   9, 111,   2, 154, 159,  79,  64,  50, 176, 150, 155, 169, 127, 146, 171,  67, 152, 164, 168, 170, 163, 166,  82,  51, 177, 147,  73, 135,  53,  39, 134, 133, 106,  92,  37,  94,  10,   1, 107, 108, 143,  63,  88,  48, 144,  97,  85, 165,  96,  69, 167,  28,  41],
  [185,  94,  69, 177,  92, 170, 165,  78,  95, 175,  37, 186, 166, 111, 176, 167,  71, 164,  48,  79, 106,  53, 187, 171,  58, 188,  63,  81,  42, 110, 105, 184,  87,  93,  80, 173,  64, 168,  50, 174,  82, 163,  10,  47, 172,  66,  65,  70,  90,  51, 109, 153, 152,  49, 114,  67, 158,  96,  61,  26, 183, 154,  24, 112, 157,  27,   9, 159, 155,  36, 161,  55,  25, 156, 193, 151,  76, 189, 104, 181, 169,  13, 160,  77,  31,  75, 196,  68, 103,   0],
  [185,  36, 112,  94,  76, 184,  92, 111,   8,  61,  69,  42,  37,  87,  98, 177,  75,  27, 187, 170,  95, 186,  70, 180, 165, 167,  23,  71,  91, 105,  78, 175,  58, 110, 166, 176,  62, 114,  79,  47,  82, 193,   7,   3,  22, 104, 171,  32, 163,  80, 182,  55,  13,  64, 189, 197, 181,  77,  63, 164,  81,  90,  67,  25, 168,  10, 191, 174,  51, 152,  53,  99, 173, 172,  84,  66,  45,   5,  50,  65, 196, 188,  19,  48,  93, 158,  43, 159,  56,  41],
  [ 91,  27, 184,  75,  87, 185,  95,  58,  61,  36, 110, 180,  94,   8, 105,  76, 112,  71, 165, 193, 189,  98,  32,  47, 167,  69, 182,  23,  37,   7,   3, 114,  43, 170,  92,  99, 186, 194,  78,  62,  42,  19, 181, 196,  35, 187,  10, 197,  70,  13,  45, 163, 104,   6, 177, 178, 188,   4,  22,  24,   5, 171, 106, 191, 111, 143,  79,  20,  84, 126,  51,  31,  18,  41,  80,  59, 103,  74, 176, 175,  63,  53, 173,  64, 109,  82, 101,  96, 115, 168],
  [ 92,  69,  78,  36, 110, 170, 167, 106,  94, 175, 176, 177,  79,  90, 163, 171, 165, 185,  63, 173, 157, 168, 174,  65,  64, 107, 152,  10,  80,  49, 172,  66,  81, 111,  87, 109, 141,   0, 158,  51, 159,  37, 151,  43, 153, 105,  53, 143, 164,  50, 184,  58,  95,  76, 186, 161, 166, 154, 140, 149, 148, 150,  67, 160, 183, 156, 155,  47, 147,  82,  27,  61, 114, 135,  42,  71, 112,  34, 104, 162, 101, 187,  93,  41,  35,  26,  32,  57, 133,  68],
  [ 76,  36,  32,  91,  95, 112,  41,  69, 184,   6,  98, 193,  42,  84,   7, 189,  37, 194,  75,  24,  11,  21,  34, 143, 111,  22,  61,  12, 104,  33,  88, 185,  87, 180,  54,  92, 196,  83,  57,  52,  89,  60, 179, 105, 191,  19, 166,   8,  15, 114, 197,  78, 163,  90, 116,   4,  20,  99,  35, 115,   5,  94,  62, 190, 101, 109,  23,  45,  13, 126,  10,  85, 106, 118,  59,  27, 128, 195, 182,  56,  79,  17,  50, 188, 155, 157,  51,  28, 181, 110],
  [  0, 109, 134,  90, 138, 148,  52,  36, 139, 141, 135, 140, 157, 143, 147, 161, 151,  57, 146,  78,  49,  64, 173,  65, 149, 107,  51, 159, 163,  73, 153,  92, 136,  66, 158, 126,  68,  41, 150,  39, 127, 152, 156, 160, 172, 162,  50, 133, 154,  79, 155, 171, 106, 174, 142,  80,  67, 111, 169,  81,  76,  69,  34,  88, 170,  32,  85, 166, 132,  35, 128, 145, 144, 119, 137,  97, 175,  21, 176,  37,  10, 168,   2, 121,  72, 110,  11,  28,  54,  93],
  [ 78, 109, 157, 111, 163,  90, 148, 151,  65, 149,  52,  66,  92, 153, 173, 172,  79, 161, 158, 140, 152,  80,  51, 141,  64, 171, 174, 156, 159, 170,  50, 143, 106,  37,  81, 147,  57, 160, 175, 155,  36,  67,  49, 176, 154,  68, 162, 169, 135, 150, 138,  39,  94, 166,  93, 134, 164, 139, 142, 136,  69, 177, 107,   0, 168,  82, 146,  63,  41, 167,  95,  53, 126,   9, 127, 133,  10,   2,  88, 165,  72, 137, 185,  34,  26,  55,  16,  96,  35,  54],
  [ 78, 109, 170,   9, 173,  90,  65,  81,  79, 171, 166, 149, 157, 172, 177, 148,  80, 140, 163,  49,  66, 174,  95, 175, 176, 106,  26, 162,  92, 153, 158, 167, 156,  50,  64, 152,  82, 151, 141, 154,  94, 161, 165, 183, 168,  93, 111, 159,  68, 160,  16,  53,  52, 147,   0, 164, 150,  96,  67, 186, 185, 155,  51,  63,  69,  43, 142,  57,  10, 169, 143, 135,  72,  37,  39, 139,   1, 138,   2, 146,  36, 136, 134,  35, 126,  71, 133, 184, 107, 137],
  [148, 109,   0,  90, 140, 157,  52,  78, 151, 149, 147, 143, 141, 162, 139,  65, 161,  49, 138, 150, 173, 156,  66, 163, 153, 135, 172, 158,  57, 152,  79, 160, 146, 106, 174,  92,  68,  80, 171, 159, 154,  64,  81, 155, 134, 142,  50, 170, 133, 175, 111, 136, 168, 176, 166,   9,  51, 127,  39,  67, 137, 169,  41, 126, 164,  53,  34, 177,  94,  36,  72,  26, 107,  10,  69,   2,  37, 183, 167,  82,  93,  16,  88,  95,  73, 145,  63,  43,  76, 165],
  [ 90,  76,  78,   0, 166,  92, 109,  34,  41,  95, 111,  69,  52,   9, 161, 185, 163,  42, 157, 170,  79, 183,  94, 126,  36, 173,  57, 106,  65, 171,  66,  37, 153, 143,  64, 172, 151,  49,  50,  81, 152, 186, 154, 162,  80, 155, 176, 158, 175, 174, 156,  12, 177, 148, 159, 140, 167,  68, 164, 147, 149, 160, 168, 184,  85,  51,  32,  53,   1,  73,  67,  60,  43,   6, 135, 138, 121, 165,  86, 119, 196,  71, 189,  21, 104,  54, 105, 112, 150,  88],
  [185, 111,  69, 186, 109,  78,  92,  94,  42, 166,  90,   9, 170, 177,  26,  81, 175,  79,  95,  80,  49,  65,   0, 173,  41, 183, 171,  66, 172,  82,  64,  71, 174, 176,  53,  96,  76,  24, 163,  37,  57,  36,  50, 112, 158,  48, 157,  34, 167, 168,  52, 152, 162, 153, 165,  12, 184, 188,  68, 106,  73, 154, 164,  93, 161, 155, 187, 156, 151, 159,  67, 149,  16,  86,  25,  10,   1,   2,  85, 196,  47,  51,  70,  77, 169, 181,  32,  97, 104,  88],
  [185, 112,  69,  42, 184,  76, 186,  71,  94, 180,  92,  61,  47,  98,  75, 193,   3, 111,   8,   7, 187, 181,  87,  13, 188, 191,  58,  95, 189, 165,  23, 105, 110,  48, 114,  70,  62,   6, 166,  32,  27, 104, 167,  99,  24,  37, 197, 183, 182,  78, 177,  25, 194,   4,  34,  36,  19,   5, 170,  41, 196,  45,  20,  31,  60,  83, 179,  12,  96,  18,  86, 103, 195,  90,  10,  43, 106,  22, 116, 175, 190,  91, 192,  79, 101, 176,  84,  81,  63, 102],
  [112, 185,  61,   8, 184,  75, 180,  71,  42,   3, 114,  23, 186, 197, 187,  47, 189, 182,   7, 105,  13,  27,  87, 193,  98,  45,  99,  24,  19,  76,  62, 181,   5, 191, 188,   4,  91,  32,  69,   6, 104,  58, 103, 194, 179,  94, 196,  18,  70,  36, 190, 110, 101,  31,  22,  83,  92,  84,  41, 195,  74, 111, 116,  20, 165,  95,  48, 115, 192,  17,  60, 178,  40, 167,  37,  96,  46, 177,  25,  59, 183,  77,  43, 123, 170,  30,  29,  34,  78,  10],
  [112,  91,  36,  75,   8, 184,  98,  23, 185,  76,   3,  27,  58,  95,  61,  62, 180,  71, 193,   7,  42,  70,  87, 111, 186,  99, 189,  94, 187, 197, 181,  32, 167,  43,  47, 114,  19, 182, 110, 194, 165, 105,  13, 104, 178,  77,  45, 191,   5,  22, 188,  59,   4,  24,  83,  37, 170,  69,  25, 190, 195,  84, 196,  82, 177,  35, 166,  18,   6,  92, 115, 179,  53,  78,  79,  63, 163,  88, 171,  31, 116,  20, 192,  40, 101, 175,  74,  56, 103,  10],
  [112, 184,  98,   8,  23, 185,  76,  91,  75, 186,  71,  27, 187,  61,  42,   3, 114,  58,  70,  87,  99, 182, 180,   7, 193,  95,  13, 105,  25, 189, 194, 181,  47,   5,  19, 104, 178,  45, 165,  83, 188, 191, 197,  77,  69, 166,   4,  31, 190, 111, 167, 177,  94,  84,  18, 195, 101,  32,  59,  22,  62,  24, 179,  36,  43, 115,   6, 103,  40, 102, 110, 192,  30,  60, 196,  48,  92,  74,  17, 170,  20,  37, 183,  10, 116,   1, 124,  56,  82,  63],
  [112,  91, 185,  94,  87,  27,  95, 184, 111,  69, 165,  61, 186,  37,  75, 177,   8,  71, 114,  36,  58,   3,  70,  42, 105, 170,  76, 110, 187,  98,  23, 193, 180,  31,  13, 166,  82, 167, 175, 188,  92,  32, 176,  78,  24,  48,  10,  47, 104,  99, 106, 171,  43,  63,  79, 181,  62, 182, 189,   5,  19, 164, 168, 194, 191, 196,  80,  64,   7, 163,  67,  51,  50,  81,  45,  77,  55, 152, 174,  83,  22, 197,   6, 155,   4, 172, 173,  53,  66, 153],
  [ 91, 112,  27,  37,  61,   8, 111,   3,  87,  58, 165, 185,  94,  36, 105,  75, 184,  95, 177, 180,  69,  82,  62,  10,  92,  32,  98, 170, 193,  23,  70, 114,  71,  77, 175, 106, 110,  55, 176,  76,  19, 167, 163,  31,  78,  24, 104,  99,  13,  45,  79,  67,  63, 166, 171,   5,  51, 196, 191, 186,  80,   7, 164, 189, 168, 152,  42,  88,  47, 194, 187,  53, 159, 197,  48, 172,   4,  64, 174, 153, 101, 181,  65,   6,  74,  66, 182, 155,  81, 158],
  [ 95, 184,  98,  91,  75,   8, 112,  36,  61,  23, 114, 185,  76, 181, 189, 180,   7,  71,  87,  99,  27,  42, 188, 193, 187,  19, 186, 182,   3,  47, 178,  83,  59, 194, 110, 197, 115,  22,  45,  84,   5, 104, 191,   4,  69, 105,  13, 190,  70,  25, 179, 195,  40,  94,  32, 167,  62, 196,  18,  58,   6,  43,  24, 111, 103,  77,  74,  60,  12, 116, 124,  20,  17, 177, 165,  88, 192,  30,  96,  56, 170,  92,  29, 166,  82,  37, 126, 129,  33,  35],
  [ 36,  95,  37,  76,  57, 111,  88,  94,  78,  91, 109,  90, 163,  79,  67,  12, 170, 153,  65, 159,  82,  80,  35, 106, 171, 173,  66,  69, 172, 161,  81, 155,  63,  51, 158, 154, 166, 177,  68,  92, 157,  50,  64,  98, 185,  32, 152, 174,  55, 112, 156, 167, 176, 184, 175,  39,  53, 168,  77, 165,  52,  33,  34, 151, 160, 143,  11, 162, 169,  10, 164,   2,  56, 193,  41,  42,  43,  27,  93,  62,  49,  75,  84, 196, 149,   8,  59, 110,  89,  23],
  [  8,  91, 193, 189,  23,  75,  99,  62,   7,   3, 112,  98,  32,  84, 180,  19,  76,  61, 191,   5, 197,  45,   4,  83,  24, 190, 194, 115,  22, 105,   6,  18,  27, 179,  74,  33,  13, 195, 178,  42, 101,  59, 192,  17,  89, 104, 116, 182, 181, 114,  71,  20, 123, 185,  14,  60, 187, 184, 188,  38,  36,  77,  40, 118, 103,  41, 196,  46, 113,  47, 117,  11, 122,  21,  54,  87,  31,  69,  85,  28, 100, 186, 120,  25,  44,  56, 111,  15,  29, 124]],

