
 [[135, 143, 147, 138, 150, 148, 160,  68, 151, 169, 136, 156, 141, 161, 139, 149, 134, 159, 133, 140, 154,  64, 157,  67,  63, 153, 152, 158,  51, 107, 155, 163,  66,  53,  88, 171, 173, 146,  50, 172, 137,  65,  57, 174,  39,  79, 162, 127, 164,  80,  78,  52,  55,  37, 142, 106,  49, 176, 175, 144, 168,  81,  94,  11, 170,  35,  16,  12,  10,  92,  72,  90,  54, 145,  82,  95,  27,  69, 167, 109,   0,   2, 165,  93,  32, 108, 111,  28, 177, 126],
  [ 16,  95,  59,   0,  77,  38,  88, 106, 142,  39, 169,  55,  32,  51, 134, 141,  96, 108,  72,  40,  68,  91,  50,  26,  64,  80,  12, 178,  11, 150, 156,  67, 160,  65, 173, 155, 172, 162, 158, 159,  81,  49,  66, 147,  79,   8, 188, 170, 154,  82, 174, 161,  53,  28, 149, 145, 163, 171, 187, 100,  94, 115, 190,  70,  44, 167, 179, 148, 165,  20,  98,  83, 176, 189,  48, 139,  52, 136, 184, 135,  78,  93, 122, 153, 175,  30,  74, 111,  14, 181],
  [ 53,  63, 149, 137,   2, 162,  69, 127, 148,  50, 156,  81,  52, 169, 157,  66,  65, 139,  68, 174, 153, 173, 172,  79, 168,  80, 160, 176,  93, 175, 158,  72, 151, 150, 135,  78, 161, 152, 163, 164,  64, 170, 155, 177,  51, 171,  67, 140, 154,  26, 136,  92, 159, 167,  35, 138,  25,   9, 143,  57,  55, 147,  82,  36, 141,  90,  49,  12, 133,  16, 109,  94, 111, 166, 107,  37,  43,  95, 144, 134,  76, 146,  10, 108, 186,  34, 165,  88,   0,  39],
  [ 31, 122,  27,  98, 105,  48, 181,  30,  70, 178,  87,  17,  74, 103,  15,  75,   3,  71, 180, 112,  61,  26,  10, 104, 110,  91,  99,  45, 190,  13,  18, 185,   8,  23,   4,  19,   7, 118, 187,  86, 102,   9,   5, 115,  25,  40, 192, 166, 179, 165,  47, 131, 197, 194, 191, 108,  97, 101, 129,  14,  60, 193, 117,  77, 168, 186,  43, 189,  34, 195, 184,  83,  59,  20, 116,  44, 120, 113,  24,  69, 182, 100,   1,   6,  62,  58, 167,  85,   0, 114],
  [ 74,  27,  45,  91,   8, 122, 178,  61, 101, 105, 112,  17, 197,   5,  99,  18, 180,  98,  15,  40, 193, 104, 115,   4, 194,  83,  19, 103,  77,  30,  75,  23, 181, 191,   3,  31, 113, 192, 195, 100, 189, 131, 190,  13,  32, 179, 119, 117, 118,  97,  22,  14, 129, 196,   6,  29,   7, 116,  48,  85, 110, 108, 120,  60,  21,  84, 114,  24,  86,   1, 185,  73,  59, 124, 130,  62,  47, 123,  11,  71,  70,  46, 121,  44, 182, 144,  87, 102,  33,  89],
  [ 74,  91, 122,  27,  45,   8,  98, 101, 178,  15,  99,  17,  77,  40, 112,  18, 115,  61,   5, 197, 105,   3,  83,   4, 103, 180, 108, 181, 113,  30, 193,  19,   1, 194,  75, 190, 191, 104, 189, 192,  23, 195, 131,  14, 144, 129, 117,  31, 100, 179, 124,  84,   6, 118,  29, 119, 110,  73,  48,  11,  32, 196,  13,  22,  59, 120,   7,  97, 116,  60, 114,  85, 123, 182, 102,  38,  33, 130,  21,  88,  86, 185, 187,  47,  87,  71,  46,  62,  70,  39],
  [ 27,  74,  45, 122, 101,  32,  91,   8, 197,  61, 112, 105, 104, 178,  15, 180,  17,   5, 115,  19,  18,  99, 100, 193,  77, 119,  11,   4, 191,  40,  83, 118, 129, 106, 108,  98, 192, 117,  62, 103, 194, 131,  75, 113,  97,  31,  85, 110,   3, 195,  22,   6,  84, 179, 144,   1, 190,  23, 181,  14, 196, 114,  88, 120, 189, 116, 123,  39, 124,  87,  21,   7,  33,  30, 132,  13,  38,  29,  59, 130,  24,  48, 142,  73,  56, 145,  41,  28,  60,  46],
  [ 74,  91,   8,  45, 193,  27, 101,   5, 196,  15,  17,  99,  61,  83, 122, 115,  40,  18, 105, 194, 197, 189,   4, 191, 192, 112,  98, 195,  77,   1, 180,   6, 113,  19, 178,  97, 104,  29,  84,  23,   3,  14,  13,  75, 117, 103, 179, 119, 190, 129,  73,  60,  85, 181,  32, 116,  22,  21, 182, 124, 100,  30, 118, 131,  33,  41,  46, 114, 108,  11,  42, 185,   7,  48,  59, 120,  44,  20,  47, 102,  89, 187, 123, 142,  24, 126,  71,  38, 110,  86],
  [ 27, 105,  31, 103,  45,  91,  75,  74, 122,  30, 101,  61,  17,  97,  73, 104, 180,   4,  18,  48,   5, 191,   3, 194, 129, 118,   1, 193,  15,  85,  13, 102, 112,  99,  19, 131, 110,   7,   6, 181,  14, 119,  98, 192,  47,  87, 117, 196,  23,  71,   8, 100,  60, 197, 190,  83, 185, 115, 178, 113,  34, 116, 189, 179,  58, 195, 182, 120,  70, 165,  20, 121,  62, 130,  21, 108,  86, 144, 132,  44,  41, 123,  40,  84, 114,  89, 106, 145,  29,  24],
  [ 24,  31, 178, 104,  86,  48, 112, 184,  32,  23,  22, 100, 185,  70,  71, 181,  76,  30,  13,  87,  42,  39,   7,  25,  10, 183,  83, 193, 114, 106,  47,  27, 103,  14, 165, 188, 107,  45, 105, 116,  19, 180,  61,  77,   8, 179,  21,  74,  62, 194, 190,  75,  18,   4, 186, 108, 192, 187, 177,  98,   5, 166, 167,  60, 197, 119, 189,  40,  35,  85, 102, 130, 191, 117, 131,  99, 110, 129,  17,  43, 120,  44, 195, 115, 182,  34,  91,  63,  46, 121],
  [143,  78, 183,  35,  92,  43, 151,  64, 186,  57, 125, 128, 141, 150,  58,   9, 148, 163, 152,  76, 140, 157, 175,  54, 106,  42, 177, 134,  72, 147, 149, 153, 158,  41,  66, 162, 146,  50,  62, 172, 174, 132,  68,  90,  65, 160,  56, 159, 161, 167, 171,  12,  10, 138,  79,   0, 176, 133, 156, 111, 109, 173,  87, 123, 155, 196, 136, 126, 188, 170,  20,  95, 107, 187, 164, 154,  81,  89,  82,   3, 166, 114, 102, 127,  80, 169,  13,  36,  67, 145],
  [135,  52,  12,  73, 139,  69, 127,   1, 137, 141,  49, 143, 147, 162, 136,  63, 155, 138, 108,  72,  93, 144,  78,   2, 148,  90,  54, 151, 160,  37,  55, 156, 149,  57,  38, 158, 157, 153, 140, 161,  81,  68, 159, 109, 164,  50, 169,  65, 154,  66, 150, 166, 173,   9, 134, 172,  88,  51, 174,  67,  16,  26,  53,  28, 152, 146,  79, 126, 111,  64, 171,  80,  33, 142, 168, 145, 107,  84,  92, 163, 170,  94, 133, 124,  59,  11, 113, 175,  76, 176],
  [135,  52, 136, 139, 147, 138, 148, 134, 162, 141, 169,  63, 156,  68, 143, 155, 150, 161, 160, 127, 149, 151,  67, 157, 158, 154,  51, 144,  49, 153, 108,  64,  66,  57,  65, 159, 152, 173,  39, 146,  72,   2,  53, 172, 142,  88, 140,  81,  50,  12, 137,  55, 174, 163, 168, 133,  78,  11,  79,  80, 171,   0,  54, 109,  73, 164,  35, 145,   1, 107,  93,  28,  56, 175,  38,  90, 170, 176,  69,  16,  36,  92,  37, 126, 167, 111,   9,  33, 106,  26],
  [ 91,  74,   8,  45,  17, 193, 197, 178,  99,   5, 115,  18, 101,   4,  83, 194,  27,  75, 189, 112,  61,  15, 190,  19, 122, 180, 105,  40,  98,  23, 191,  13, 103,   6, 195,   3, 104,  14, 181,  84, 196, 179, 124, 192, 117,   7, 116, 129, 119, 131,  60,  29,  22, 113, 120, 118,  33,  46,  77,  21, 123,   1, 182,  59,  86,  42,  38, 187, 125,  30,  62,  11, 100,  32,  85,  89,  44,  24,  97,  47, 102, 130,  31, 144,  41, 114, 121, 110, 126, 185],
  [ 77, 122,  74, 108,  91,  40,   8, 178,  98,  27,  15,  88, 144, 113,   3,  11,  45,  16, 101,  99, 115, 142,  48,  32,  55,  17,  30,  31, 181,  38,  39,  59,  83,  73, 100,   5, 194,  18,  70, 112, 165, 192,  87,  82, 130, 102,  26, 179,  53, 105,  61, 124, 189,  37, 110, 190,   4, 193,  28,  19,   2, 131, 133, 197, 195, 119,  23,  29, 103, 118,  13,  33,   1, 180,  22,  85, 117,  44, 185, 191,  24,  14, 114, 168, 137, 104,  52,  72, 145, 106],
  [ 27,  11, 144,  32, 197,  62, 145,  54,  28,  84, 126,  33,  88, 101, 118,  15, 166, 124, 133,  56, 119, 105, 123, 108, 122,  59, 132, 112, 115,   3, 129, 138, 117,  98, 139,  19, 134, 128, 106, 130,  17, 137,   5, 147, 178,  61, 120, 131,   7,  14,  74, 103,  18,  72,  38,  45,  12,  85,  75, 193,  99, 136,   4, 195, 135,   8,  83,  89,   2,  87,  23, 146, 190,  44, 191,   6,  43, 194,  22, 155,  41, 141,  60,  37,  31, 100, 113, 116,  20,  76],
  [ 63, 139,  72, 127, 151, 138, 135, 150, 160, 148, 162, 137, 141, 147,  35, 153,  52,  50, 156, 136, 155, 157, 149,  68, 158, 143, 152,   2, 174,  66, 164,  65, 175, 172, 168, 161,  57,  53,  81, 176,  80, 177, 159, 154,  92, 173, 163,  51, 169,  67,  79, 133,  64, 171,  78, 170, 140,  55,  69, 134, 107,  90,  49, 109, 166, 144, 167,  16, 146,  54, 111,   9,  26,  25,  93,  76,  82,  10,  94, 108,  95,  43,  12,  36, 145,  28,  88,  37, 128,  39],
  [ 74,  27,   8,  45, 122,  91, 112,  15,  40,  17, 178, 101,  77,  99,   5,  98, 197,  61,  18, 105, 193, 115, 194,  83,   3,   4,  19, 181, 180, 113, 192,  23, 191,  31,  32, 104, 103,  30, 189, 195,  48,  75, 100, 179,  14, 190, 117, 119,  13,  85,   6,  24, 118,  22,  97, 131,  73, 196,  59, 129,  60, 108, 116,   7, 114,  86,  84, 185,  29, 120,  44,  11,  21,   1,  70,  87, 124, 130,  71,  38,  62, 110,  33, 123, 102,  47, 182,  46, 106,  89],
  [ 74,  27,  91,  45,   8, 178, 122,  61, 101, 112, 105,  15,  40,  17,  77,  99,  98,   5,  18, 115, 197,  30, 193, 180,   4, 104,  83, 194, 103,   3,  31,  19, 181, 113,  23,  75,  32, 191, 192, 100, 189,  48, 108, 190,  13, 131, 195, 179, 110,  14, 117,  97, 119, 129, 118,  22,  29, 196,   6,   7,  85,  73, 116,  60, 120,  59,   1,  24, 114, 185,  86,  84,  87,  21,  11,  70, 144, 130,  71, 124,  39,  47,  62, 102,  44,  38, 123,  33, 106, 182],
  [ 27,  74,  45,  91,   8, 122, 101,  61, 105, 112,  17,  15,  99, 178, 197, 180,  18,   5, 104, 193, 103,  19, 194,   4, 115,  40,  83, 191,  98,  32,   3, 100,  31,  75,  23,  77,  30, 181, 119, 118, 192,  97, 129, 195, 113, 131, 117, 179, 190,   6, 189,  14,  85,  13, 196,  22,   7, 116, 110,  48, 120,  29,  84,  62,  21,  24,  60, 108,  11,  87,   1, 114, 123,  59,  86,  73, 130, 124,  33, 185,  47,  44, 144,  46, 121,  39,  71,  89, 182, 106],
  [ 27,  45,  74, 197, 104,  32, 101, 100,  62, 106, 118,   8, 119, 117, 131, 129,  22, 144,  97,  11,  61,   5,  19, 178,   4, 191, 115,  18,  21,  83, 145, 108,  85, 193,  17, 105, 195, 122, 123,  75, 180, 120, 192,   6,  33, 179, 116,  91, 194,  99,  84,  14, 103, 132, 190,   7,  28,  41, 196,  98, 130,  29, 124,  38,  39, 113,  13, 142,  44,  23,  73, 112,  46,  56, 134, 110,   1,  40,  31, 189, 181,  59, 128,  60,  89, 114, 126,   3,  15, 121],
  [ 74,   1,  91,  15, 122, 101,  73,   8, 196,  45, 108,  27,  77, 113,  32, 193,  61,  40,  99, 142,  83,   5, 191,  17, 192,  97,  41,  84, 112,  11,  12,  85,   6,  24, 189,  29, 115, 197,  18,  38, 195, 100,  21, 194,   4,  88, 144, 180, 117,  22,  37, 105, 129,  33,   3, 119, 110,  19, 124,  98, 106, 179, 118, 104,  48, 178, 131,  75, 126, 190,  28,  62, 123,  30,  13, 116,  23, 181,  14,  89,  20,  46,  60,  16,  59, 185,  39,  44, 103,  96],
  [ 74, 196, 101, 193,  45, 113,   8,  40, 122, 192,  15,  99,  91,  17,   6,   5,  41, 191,  83, 115,  18, 189,   4,  73,   3, 104,  29,  42, 195,   1, 112,  61,  85,  19, 105,  84,  60,  14, 119, 194, 129,  97, 182, 179, 103, 180,  98,  24,  13,  77,  46, 117, 185,  23, 181, 188,  12, 197, 190, 131, 123, 124,  22,  44, 130, 116,  71,  21,  27,  48, 102, 144, 108,  33, 187,  86,  75,  47, 118, 142,  11, 120,  20, 178, 126,  96,  32, 125, 132,  30],
  [ 91,  74,  98,   8, 122,  45,  17,   3, 101,  99,  15, 102,  77, 105,  18,  40,  30,   5,  73,  83,  27,   4, 193, 103, 115, 181, 178,  48, 113, 192, 187,  14, 194, 196, 190,   1, 191, 185,  29, 104, 189, 180, 195,  60,  23, 108,  71, 182,  19,   6, 179,  61, 144, 112,  97,  13,  42,  75, 117,  31,  47,  86, 116, 197,  70, 131, 119,  85,  84,   7, 100,  44, 124, 120, 118,  26, 129,  46, 130, 123, 188,  22, 165, 121,  33,  89,  58,  21, 125,  59],
  [112,  27,  70,  48,  74,  91, 178, 104, 105, 197,  31,   8, 181, 101, 185,  85,  45, 180,  75, 194,  22, 193,  61, 106, 191,  13,  19,  18,  71,  42, 103,  17,  97,  23,   4,  24,  98, 192,  86,   7, 179,  14,  30,   3,   5,  77,  32, 119, 165,  87, 115,  47,  60, 166, 195, 183,  62,  39, 102,  41,  83, 100, 116,  73,  99, 190, 117, 129, 196,   6,  43, 182,  21,  44, 113,  33, 118, 131,  40, 186,  58,  38,  34, 123, 109, 187, 130,  26,  56, 122],
  [ 30,  73, 187,  48,  98,   0, 185,  94,  83, 102,  71,  86, 184, 178,  99,  14, 165,  70,  60, 188,  47, 181,  96,  74,  40,  26,  91,  22, 189,  93, 182,  34,  52, 100,  21,  44, 108, 186,   1,  25,  42,  23,  77,  13, 113,  18,  43,  17,  63, 168,  46,  49,  29,   7,  59, 190,  39, 167,  75, 194,   5, 116,  38,  16,   4,  76,  97, 192, 171, 103,  80, 170, 121, 115,   8,  95, 179,  24,  15,  72, 117, 114,  50, 191, 166,  69, 129, 124,  45, 125],
  [ 25,  35, 177,  63,  70,  10, 168, 167, 175,  92, 176, 184,  76,  72, 170, 183,  43,  48,  39,  82, 178, 174,  31,  50, 186, 185,  80,  71, 152, 171, 172, 166,  53, 165,  77, 164,  66,  86,  79,  65,  30, 173, 187,  26, 150,  64, 107,   2,  87,  81, 158, 153,  67,  51, 109, 157, 151,   9, 102, 163, 162, 160,  23, 154,  68,  24, 137,  42,  95, 161, 127, 141, 181, 156, 149,   0,  57,  93,  94, 155, 159, 100, 148,  58, 188,  16, 112, 169,  34,  78],
  [197, 105,  62,  61, 196,  13,  19,   6, 129, 191,  20, 194,   4,  45, 180, 118, 104,  75, 131, 103, 190, 114,  17,   5,  18, 125,  27, 193,  58, 128,   7,  84, 195, 123, 115,   3,   8, 120, 112, 116,  41,  60, 119, 117, 124, 189,  99, 132, 179, 130, 102, 182, 106,  46,  23, 122, 101,  89, 192,  15, 121,   1,  97,  47, 145,  31, 183,  91,  44,  42,  38,  83, 126,  85,  14,  33,  59,  29,  71, 181, 178,  43,  54, 187, 186,  86,  21,  74, 144, 184],
  [ 73, 108, 135, 144,  52,   1,  12, 139, 136,  98, 113,  38,   2, 127, 101, 138, 141,  69, 147, 134,  63,  33, 126, 145,  55,  54, 124,  59,  84,  11,  28,  49,  26,  88, 137, 122, 155,  56,  21,  93, 162,  36,  37, 117, 142,  44, 197, 146, 118, 133, 148, 131, 160,  85, 156, 140, 129, 107,  53, 169, 119,  30,  75,  39,  51, 123, 161,  81, 195, 149, 166,  34, 132,  17, 150,  32,  62,  74,  89, 151,  96,  29, 154, 158, 120, 159,  46,  22, 130, 157],
  [ 74,  91,  77,  27,  48,  40,  30,   8, 122, 112,  39, 178,  15, 108, 100, 185,  45,  98, 110,  24,  73,  16,  22, 105,  32,  99,  23, 101, 181,  17,   5,  83,  31,  26, 194, 165,   3,  18, 115, 193, 180, 113,  61,   1,  87,  85,  14, 184, 103,  71, 179,  97, 104,  70,  13,  11,   4, 192, 189,  29,  19,  88, 119,  59, 190, 102,  96, 182, 191,  53, 117,  60, 187,  86, 116, 142, 195,   0,  75,  21,  37,   7,  10, 168, 196, 197, 188,  47,  93,  82],
  [ 77,  48,  70,  40, 178, 102, 185,  16,  74,   3,  82, 165, 187,  26,  30,  71, 184, 177, 186,  25,   8,  53,  98,  31,  91,  42, 122, 168,  23, 181,  27, 176,  94,  13, 164,  87, 112, 188, 103,  96,  45,  99,  93,  86,  39, 115, 183,   9, 110, 166,  17, 105,  15, 113,  47, 193, 137, 108, 170,   5, 175, 189, 182, 194, 190,  83, 104,  10,   2,  18,  95,  80,  60,  29,   0, 130,  72, 167,  58,  81, 100, 114,  61, 101, 171, 144,   4, 179,  67,  19],
  [ 27, 112,   8,  61,   3, 197, 178,  45, 105,  13, 180, 104,  23,  31, 103,  70, 115,  19, 190,  91, 114, 194,  87, 184,  98, 122,  62,  99,  17,   4,   7,  18, 181,  15, 102,  75, 193,  71, 187,  83, 189, 186, 131,  42,   5,  77,  74, 129, 191, 116,  58, 101,  86, 179, 183, 185,  47, 120,  40,  43,  30, 125,  60, 124, 195, 196,  24, 119,   6,  25, 118, 117,  20, 123, 100,  84,  48,   0, 192,  14, 166,  95, 188,  46,  32, 110, 106,  29,  89, 182],
  [ 12,   1, 144, 143, 135,  88, 106, 147,  57,  11,  73, 138,  62, 132,  41,  28, 142, 146, 134, 141,  54, 129,  38, 133,  84,  20,  55, 122, 145, 140, 124, 126, 109, 148,  33, 136, 139,  78, 118, 162, 155, 119,   6, 101,  64, 197,  37, 156, 166, 123, 196,  52,   3,   9, 151, 191, 161, 131, 149,  89,  68, 169,  27, 159, 150,  53, 160, 115,  15, 157,  82, 108, 158, 153, 117, 137,  72,  85,  61,  67, 120,   0,  69,  97, 152, 154,  17, 192,  19,  44],
  [ 73,   1, 108,  12,  98, 122,  38,  52,  84, 113, 101,  74, 197,  11,  15,  69,  85,  33,  41,  88, 144,  32, 192,  17,  91,  96, 129,   6, 196, 142,  99,  28,  21,  62, 191, 117,  77,  93, 124,  26,  37, 195, 193,  83,  40,   5,  45,  55,  20,  44,  89,  24,  59,  97,  18,   9, 119, 115,  54,  16, 189,   4, 126,  29,   2, 118, 112,   8, 180,  27, 123,  22,  46, 194, 181,  14, 182, 190,  53,  48,  75,  60, 166,  39, 109,  56,  49, 179,  19,  30],
  [106,  27,  91,  97, 104,  45,  74,   8,  41, 105,  61, 196, 180, 193, 112, 197, 103, 191, 185,   0,  42, 116,  14,  75, 101,   5,  19,  32,   6,   4, 192,  85,  17,  18, 129, 114, 110, 100,  13, 194,  22, 115, 117, 195,  48, 119,  23, 190, 187,  47,  83,   7, 189,  29,  30, 188,   1,   3,  71,  87, 179,  99,  84,  24,  40,  21,  60, 165,  77, 182, 121, 123,  98, 131, 118, 126, 102,  31,  86,  20,  89,  73,  39,  46, 184, 120, 132, 113,  56, 122],
  [ 12,  42,  41, 188,  97,  90, 196,  22,  21,  33,  84,  54,  73,  96,  83,  85, 195,  28,  69,  60,   6, 182, 126,  29,  11, 113,  46, 191, 192, 128, 186,  94,  34,  93,  38, 123,  76,  44,  56, 116,  89,  52, 193, 119, 117,  74,   1, 194, 142,  99, 179,   5,  59, 118,  17, 101, 137,   8,  23,  20,  72,   9, 190, 120,  14, 185, 181,  18, 121, 124,   4,   7, 111, 109, 115,  78, 104,  19, 189, 129,  25,  86, 127, 114,  47,  71,  68, 106,  36, 169],
  [ 12, 143,  90,  69,   1, 137,  68,  53,  52, 142, 109,  78, 135, 162, 149, 148,  93, 138,  94, 157, 153,  41, 126, 151,  67, 156,  54, 140,  49, 160,  63,  66,  65, 173, 155,  37, 172,  72,  57,   9, 158, 163, 154, 169,  79, 159, 161, 174, 127,  34, 146,  16, 139,  89, 171,  64, 152, 144, 164,  81, 147,  50,  33,  80,  73,  28, 136,  56,  92,  11, 133,  51, 150,  96, 168, 175, 141,  88,  84, 170, 111, 176,  82, 182,  97, 196,  26,  85, 121, 134],
  [143, 148, 151, 138, 147, 149, 139, 157, 135,  78,  57, 150,  64, 141,  68, 160, 156, 140,  35, 152, 163, 153, 169, 136, 162, 158,  66,  92, 172, 161,  50,  65,  63, 174, 155, 173, 107,  79, 133, 175, 159, 171,  51, 137, 154,  81, 134,  72,  67, 127,  80, 177, 109, 164, 176, 170, 146, 167,  49, 168,  12,  90,  52,  53,  82,   2,  95, 144,  69, 111,  55,  10, 145,   9, 106, 183,  54,  94,  76,  93,  36,  28,  43, 128, 142,  88,  16,  25,  26, 166],
  [ 73,   1,  38, 108, 142,  98,  96,  12, 122, 113,  29,  36, 181,  55,  33,  89, 124,  59,  26, 179,  93,  44,  62, 192, 196,  88,  52,  20,   8, 144,  46,  77, 182,  21,  83, 100, 195, 194,  95,  28,  99, 197, 191,  30, 169,  17, 117,  16,  18,  15,  24, 101, 180,  74,   6,  84,   5,  11,   4,  40, 115, 135,  53, 189, 109, 118,  25,  97,  45,  68,  49,  60,  37, 178, 121,  85, 185, 131,  56,  57,  75, 126,  19, 129, 120,  81,   9,   2, 190,  34],
  [ 90,  69, 143, 183,  78, 109,   9,  12, 177, 166, 111,  92,  42, 186,  41, 140,  16,  57, 176, 164, 148,  49, 157,  94, 175,  63, 171, 153, 170,  34,  71,  72,  52,  66, 149,  79, 172,  93, 163,  65, 173, 174,  76,  80, 167, 152,  50,  81, 151, 102, 159,  26, 158, 161, 162, 187, 185,  64,  82, 184,  60, 160,  73,  68,  25, 196,  20, 188, 168,  53,  96, 156,  37,  13, 139,  85,  95, 154, 137, 150,  43, 155, 165, 127,   2, 169, 112, 182,  24, 141],
  [ 77, 178, 166,  98,  48,  26,  74,  70,  40, 181, 112,  16,  91, 122,  31,  30,  53,  82, 168,   3,  72, 165,  39,  59,  99, 108, 115,  15,  27,  71,  52,  73,  87, 185, 177,  38,  17,  88, 102, 164,   8,  25,  69,   2,  11,  23, 101,  10,  24,  83,  86,  18, 176, 113, 103,  60, 137, 190,  45,  44,  14, 186, 162, 155,  43,   9, 144,  94, 175, 179,  55, 187, 194, 180,  22,  80,   4,  67,   5, 184,  81, 100, 167, 170,  19, 197,  13, 192,  32, 105],
  [106,  27,  32,  74,  45,  97, 104,  61, 101,  91,  85, 100, 110, 112,  39, 105,   8,  41, 197, 119, 193, 103,  22,  87,  77, 142, 108, 180,  11, 122, 196, 191, 192,  31,  19,  48,  62, 129,   5, 144,  17, 132,  18,   6,   1, 123,   4, 178, 131, 118, 114, 117,  24,   3, 195, 116,  14,  15, 113, 115,  88,  21, 194, 179,  84,  56,  75,  83,  40,  37,  99, 165,  29, 190, 130, 146, 185,  23, 181,   7, 145, 120,  13,  98,  58,  33,  30,  54,   0,  73],
  [  8,  91, 187, 103,  45,  74,   3, 102,  30, 181,  14, 178,  86, 104,  23,  17, 115, 179,  18,  83, 190, 116,   4,  29, 193, 189,  40, 125,  77,  71, 185, 120,  99, 180,   0,  75,   7, 110,  47,   5,  98,  42,  19, 121, 131, 182,  60, 119, 101,  58,  24, 124, 192, 112, 105, 186, 188, 100,  46,  27,  70,  22, 194,  13, 123, 144, 191, 195,  61,  31, 196, 133,  15,   6, 117, 130, 122, 114, 113,  87, 129, 132,  56, 106,  44,  89,  43, 183, 146,  82],
  [  8,  23,  29, 188, 178, 100,  83, 184,  42, 116,  45, 195,  22,  74,  99, 193, 190,  77, 197, 182, 196, 104,  19,   5,  46,  17, 194, 115, 103,  96, 189,  18,   7,  98, 124, 181, 179, 187, 180,  86,  40,   4, 120, 122,  21,  61,  30, 123, 186,  84, 191,   0, 121,  97,  75,  89,   6, 119, 118,  36,  60,  14, 114,  47,  13,   3, 125,  39,  11, 117,  56, 185,  41, 110, 192, 112, 105,  15,  71,  25,  33, 131, 126,  58,  91,  62, 113, 129,  59,  27],
  [ 74, 108, 178,  98,  30,  22,  77,  40, 113, 101,  73,  39,  45,  17,  99, 122,  27,  91,  83,  18,  48, 100,   5, 193, 115, 181, 192,   8,  85, 197, 195,  86,  21,   4,  29,  31,  32,  44,  75, 131, 144, 179,  15,  14, 103, 117, 194, 104,  19, 190, 119,  97,  59,  23,  61, 112, 191,  11, 118, 180, 189, 130,  60, 105, 116, 110, 129,   7, 120,  33,  26,   3,  13,   6,  24,  84, 123,  46,  62,  71, 121, 124,  47, 142, 185,  96,  28,   1, 182, 145],
  [ 27,  91,  45,  74, 105,  61,   8, 122, 180, 197,  15,  17, 112, 194,  18,   5, 101, 103,   4,  75,  19,   3, 115,  99,  31, 104, 191, 193,  13, 178,  98,  40, 131, 118, 189, 129,  23, 117, 190, 181, 119,   6,  83, 192, 196, 114,   7, 195,  30,  32, 179,  14, 120, 113, 102,  87, 116, 100, 130,  84,  85,  97,   1,  60, 124,  20, 106,  62,  59,  24, 110,  29, 132,  47,  77,  48, 121, 123,  89,  71,  70, 182, 144, 185, 125,  46,  21, 145,  73,  38],
  [ 74,  91,  77, 178,  98,   8, 108,  30,  27,  45, 101,  39, 122,  40, 113,  22, 110,  17,  99,   5,  83, 181, 100,  18, 115,  29,  73,  61, 197,  32, 193, 180,  15,  75, 195,  23, 194,   4, 105, 112, 192, 179, 144, 103,  48,  21, 190,  97, 104,  14,  11, 117, 131, 191, 119, 189,  19,   3,   1,  85,  31,   7,  59, 116, 118, 124, 120,  86, 185,  33, 196,  13,  88, 123,   6,  84, 130,  60, 182, 129,  47, 142, 121,  70,  46,  56,  44,  26, 187,  24],
  [ 74,  77,   8, 178,  91,  45,  40,  23, 112,   3, 104,  27, 193,  30, 103,  99,  83, 181,  61, 105, 115,  42,  17, 185,   5,  98, 100,  18, 194,  15, 187,  13,  14, 101,  22, 189,  19,   4,  48, 110, 190,  86, 180,  31, 179,  29, 122,  71,  70, 184, 102,   7, 192, 195, 116, 114,  39,  60, 113,  58, 188, 191,  32,  24, 196, 131,  47, 119, 182,  97,  75, 197,  11,  87, 120, 130, 186,  82,   0, 108,   6, 165, 123, 117,  46,  21,  85, 124, 129,  59],
  [ 35, 177,  82, 187, 176, 186,  87, 175,   3, 183,  70,  58, 152,   2,  43, 102, 168,  92, 166,   0,  25, 184, 167, 125,  10, 133,  42, 164,  64, 112, 170, 163, 171, 150,  50,  77, 172,  71, 174, 153,  86, 155, 161,  31,  79,  66, 178, 188,  13,  72, 156, 165,  24,  95, 104,  53,  65,  80, 158, 185, 151, 154, 173, 157,  36,  81,  51, 149, 162, 160,  67,  23, 136, 169, 140, 159,  57, 103, 110, 148, 127, 114,   8, 190, 147, 134,  76,  68,  30,  47],
  [143,  35, 107,  57, 111,  78, 163, 151, 148,  64, 157, 169, 149, 152, 150, 136, 109, 161,  92,  68,  36,  50,  66, 172, 175, 174, 158, 138,  65, 153, 147,  90,  79,  49, 156, 160, 140,  67, 159, 135, 171, 173, 139,  80, 176,  81, 134,  51, 154,  55,   2,  63, 170, 177, 133, 155, 162, 167, 127, 146, 164,  10, 141,  72,  58, 142,  82, 168,  53,  76,   0,  95, 183,  39, 106, 128,  41,  12,  94,  34, 137, 132,  62,  87,  52,  37, 145, 126,  93,  28],
  [143,  78, 148,  35, 151,  90,  50, 157,  57, 147, 149, 150,  63, 163, 169,  64, 161, 139,  66,  92, 152, 135, 153, 172,  65, 111, 158,  68,  49, 138, 174, 160, 162, 136, 107,  79, 127, 156, 109, 173,  76, 171, 155, 159, 175,  81,  72, 140,  80,  12,  36, 154, 141, 176, 170,  67, 137,   2,  52,  51, 167, 177, 164, 134,  94,  69, 126,  95,  55, 128,  93,   9, 146, 168,  53, 133, 183,  25,  34,  54,  43,  82,  28, 166, 186,  10, 142,  58,  56, 145],
  [143,  78,  90, 148,  12, 151, 147, 157, 135, 139,  50, 127,  57, 149, 138, 162,  64,  35,  63,  49, 153, 150, 163,  66,  76,  92, 161,  65, 169, 111, 158,  68, 172, 136, 160, 152,  69, 107, 174, 155, 156, 109,  72, 173,  79,  52, 140, 141, 137, 159, 171,  81, 126,   9, 175,  80, 154,  36, 164,  93,  51,  67, 128, 170, 134, 176,  54, 167, 177,   2, 146,  55,  34,  94, 133, 183,  95,  41,  43,  53,  28, 168, 166, 186,  25, 125,  56,  20,  33, 188],
  [ 78, 143,  90,  12, 135,  49, 111, 139,  63, 136, 147, 148, 151,  57, 109, 149, 157,  50, 162,   2, 150, 155, 141,   9, 126, 161,  65,  66, 158, 172,  81, 169,  68,  52, 163, 174,  64, 153, 160, 152, 138, 156,  92,  79,  80, 140, 173, 107, 159,  72,  55, 171,  36,  93, 134,  76, 154,  41, 164, 142, 170,  67,  69, 137, 175, 176,  73, 167, 127,  94,  35, 146, 106,  51,  54,  96, 168,  53, 177,  37, 133,  34, 183,  28,  43,  82,  95,  38, 186,  56],
  [ 78,  63,  50,  64,  66, 174,  65, 172, 175, 162,  79, 151, 157,  72, 173, 171,  35,  80, 158, 152, 168, 148,  92, 167, 153,  81, 149, 176, 161, 150, 177,  68,  52, 170, 160, 156, 163,  90, 155, 141,  57, 169,  67, 159,  49, 143, 154, 137, 164,  51,  53,  94,  69, 147, 109,  10, 107,  76,  93, 127, 135,   9,  82, 111,  25,  95, 166, 139, 140, 136,   2, 138,  26,  16,  12,  54, 186,  43,  36,  37, 183, 165, 134,  55,  34,   0, 133,  39,  56,  87],
  [ 12, 143,  52, 126,   1,  55,  38, 135,  78,  73,  57,  69,  88,  84, 162, 111, 155, 124,  90, 139, 161,  37,  36,  49,  20, 142,  28,  33,   2, 147,  41, 156, 148,  95, 169,  68,   9, 159,  64,  81,  11,  93, 141,  50,  54, 149, 158, 157, 127,  72, 153, 134,  56,  65,  66,  53,  89,  16,  67, 172, 138, 154, 166, 160, 108, 136, 173, 151, 163, 137,  79, 174, 109,  15, 152, 150,  98,   6, 125,  80,  59,  51,  63, 164, 106, 140, 171, 117, 113, 192],
  [135, 148,  35, 143, 147, 139, 169, 149, 150,  78,  52,  64,  53, 157, 156,  50, 136, 162,  81, 163,  66, 151,  65, 161, 167, 158, 172, 173, 160,  80, 174,  79, 141, 140,  57, 153,  68, 134, 152, 138, 127, 171,  49,   2, 109, 155,  36,  51,  67,  63, 137, 159, 154, 175,  95,  12, 170,   9,  92,  55, 176,  93, 107, 133, 168,  25,  26,  90,  72,  69,  82, 111, 142, 164, 177, 146,  43,   0,  94,   1,  88,  34, 145, 144, 108,  16,  10,  28,  76, 126],
  [ 12,   1, 126,  41,  84,  73,  69,  54, 135,  28,  52, 142,  11,  33,  37, 143, 144,   6, 137, 138, 101, 127,  90, 124, 119,  89,  21, 146,  20,  88,  15, 196, 118,  85, 111, 117, 132, 140, 139, 129, 147, 134,  56,  97, 155, 123, 191,  57,  78,  55,  49, 162, 133, 122, 106,  34, 148, 161,  38, 192, 193, 156, 136,  59, 113, 109,  62,  32,  46, 195, 120,  83, 151, 108,  17,   9, 128, 197, 159, 153,  44,  14, 149,  36, 157, 125, 160, 145, 169,   5],
  [143, 107, 109, 128,  78,  41,  90, 135,  12,  34,  76,  57, 148,  49, 134,  62, 147, 136, 139,  92, 141, 151, 138,  63, 127, 157, 145,  89,  54,  20,  64, 132,   9, 149, 140,  68,  35, 150, 169,  36,  73,  56, 162, 161, 146,  66, 158,  43, 126,  65, 160,   1, 163,  28,  85, 152, 111,  52, 183, 118, 173,  21, 106, 172,  50, 121, 153, 156, 159,  79, 174,  69,  33,  72, 123, 119, 155,  44,  93, 133,  97, 171, 144, 116,  81,  84, 117, 167,   6, 142],
  [ 61, 180,   8,  27, 104,  45, 105,  31,  23, 112, 103, 185, 184, 196,  13,  19,  71,   4,  75, 190, 181,  18, 110, 197, 114,   5,  47, 189,  58, 187,   3, 193,  99,  30, 192,  74,   7, 191,  24, 194, 102,  91,  62,   6, 178, 100, 182,  17, 116,  98, 179, 195,  70,  83,  20, 186,  42, 106, 122,  97, 115, 120, 117, 183, 131, 129,  86,  46, 121, 118, 101,  40, 113,  32,  48,  41,  29, 188,  77,  87,  15,  60,  84, 123,  14, 125, 165,  96, 130, 119],
  [108,  11, 122,  73,  28,  77, 178,  74,  40, 142,  15,  83,  38,  98,  88,  99, 144,  22,  59, 113,  44,  52, 101, 100,   1,  17,  33,  16,  21,  39, 115, 181, 192,  32, 119,  85, 124,  55, 118,  86,  14,  62,  18,  12, 197,  60,  84,   5, 179, 117,  72, 129, 195, 193, 131,  19, 166,  45,   4,   8,  29, 123, 120, 191,   2,  96, 189,  48,   6,  54, 139, 190,  97, 130, 145,  26,  30, 127,  46, 138, 112, 137,  24, 194,  93,  53,  23, 116,  91, 134],
  [ 74,  91,  45, 178,  98, 101, 113,  40,  17,  30,  27, 193, 108, 115,   8,  18,  77,  99,   5, 192,  14,  22,  73, 122,  83,  29,   4, 144, 195,  97, 103, 181,  48, 194,  75, 105,  85,  61, 131, 104,  15,  19, 189, 197, 179,   3, 100, 119, 130, 191, 117, 190,  21,  39, 180,  31,  59,  86,   6,  23,  60,  44, 110, 116, 142,  32, 118, 120,  13, 196,  33,   7, 129, 106,  11,  84, 102, 182,  47,  46,  71, 121, 124,  26, 112, 185, 165, 123, 187,  70],
  [ 27,  91,  61,   8, 105,  45, 197, 180,  15, 112,   3, 196, 104,  19, 191,  17,   4, 194, 115,  18,  75, 103,   6, 101, 193,  74,   5, 118,  99,  13, 119, 189, 129, 131,  84,   1, 190, 117,   7, 116,  14, 120, 122, 195,  23,  20,  89, 124, 114,  41,  83, 132, 192,  62, 106,  60, 179,  97, 123, 102,  29,  46, 181, 125,  98,  33, 121,  58,  40, 182, 178, 144, 126, 130,  42,  87,  85,  47,  32,  31, 110,  11, 100,  21, 145,   0, 187,  59, 113,  86],
  [ 45,  61, 104, 197, 180,  74,   8, 101,  27, 105,  97, 191, 112,  99, 195,  98,  18, 103, 196, 122,  75,   4,  19,   5,  62,  17, 118,  23, 131, 100, 192, 113,  30, 181,  83,   7, 194, 178,  29, 116, 179, 129, 117,  31,  22, 193,   6,  21, 190,   1, 120,  13, 115,  15,  47, 114,  86, 123,  84,  46,  85, 110,  41, 189,  42,  14, 121,  32, 119, 185,   3,  91,  20,  60,  77,  48, 124, 182, 132,  40, 130, 108, 188,  89,  71,  70,  73, 184,  34,  56],
  [143,  78, 109,  57, 169,  35,  64, 163,  68,  50, 172, 157, 149,  66, 173,  65,  80,  79,  95,  92, 171, 174, 153, 177, 158,  90, 176, 175,  81, 167, 151, 161,  49, 152, 111,  53, 159, 156, 170,  94,  67, 148,  82, 160,  51, 140,  93, 154,   2, 139, 142, 184, 155,  10, 162,  16, 164, 150, 137,  63,  36, 107,  58,  72, 168,  55, 127,  76,   9, 136,  37,  52,  96, 138,  69,  12, 147, 135, 186,   0, 141,  26,  34, 133, 165,  20, 183,  28, 126,  41],
  [143, 107,  78,  35, 151,  90, 148, 147, 157, 136,  92,  57, 150, 135,  64, 138,  76,  63, 109,  49, 139, 149,  50, 163, 140, 152, 160,  66, 128, 158, 153, 161,  65, 127, 172, 141, 174, 169, 111,  79, 173, 159, 171, 134,  68, 156, 175, 162, 155, 167, 154, 170, 137,  80,  81, 146,  72,  51,  67, 176, 133,  34, 177, 164, 183,  36,  43,  12,  10,  54,  94, 145,  52, 168,  58,  93, 132, 126,   9,  95,  41,   2,  69, 106,   0,  62,  25,  56,  55,  28],
  [143,  78,  90, 151, 148, 157,  63,  50,  92,  35, 149,  57, 163,  66,  64, 150, 172,  65, 152, 174, 107, 111, 153, 109, 158,  68,  49,  79, 160, 161, 175, 162, 139, 147, 173, 169, 136, 127, 156, 171,  80, 135,  72, 138,  81,  76, 159, 140, 141, 176, 170, 155, 177, 167,  67, 154, 137, 164,  51,  52,  69,   9,  94,  12, 168,  93,   2,  36, 134,  53,  10, 128,  25, 183, 146,  95, 133,  43,  82,  54,  34,  55, 166, 186,  16,  37, 126,  26,  96,   0],
  [143,  78,  90, 151, 148,  35, 157,  50,  92,  63, 149, 107,  64,  57, 163,  66, 150,  49, 152,  65, 172, 174, 111, 147, 153, 109, 158,  79, 161, 160, 139,  68, 175, 136, 173, 127, 169, 162, 135, 171,  76, 156, 140, 138, 159,  80,  81, 141, 170,  72, 155, 176, 167, 177, 154, 137,  67,  51, 164,  52,  69,  94,   9,  12,  36, 168, 134,  93,   2, 128,  10, 183,  53, 146,  95, 133,  34,  43,  54,  25,  55,  82, 166, 126, 186,  37,  16,  41,   0,  58],
  [143,  78,  90, 151, 157, 148, 109, 149,  92,  50,  63, 127,  57, 153, 111,  49, 139,  69,  66, 162,  64, 158, 152, 147, 172,  65, 163, 135, 160, 174, 137, 107,  35, 138,  72, 136,  79,  68, 175, 150, 140, 161,  76, 156, 173, 171, 155, 141,  12,  81, 169, 159,  52,  80,   9, 164, 176, 170, 154,  67, 177,  94, 167,  54,  51,   2,  93, 166, 146, 168,  34, 128, 134, 133,  53, 183,  10,  82,  36,  43,  55,  37,  41,  95, 126,  28,  16,  25, 186,  26],
  [143,  63,  78, 127, 151, 135, 148,  90, 147,  49, 107, 139,  50, 157, 136, 111, 109,  57, 149, 138, 160,  68, 150, 158, 162,  52, 153,  66, 161, 152,  92,  65,  64, 141,  69, 155, 169, 172, 174,  76, 156,  72, 163,  12, 159,  79, 173,  35,  81, 171, 175, 137,  80, 140,   2, 154, 134,  54, 170,  51,  67, 164, 176,  93,  36, 167, 128, 168,  94, 177,  53,  55, 146,   9, 166, 133,  34,  37,  10,  43,  73, 145,  28,  95,  56,  38,  25,  16, 126,  26],
  [155, 161, 156, 162,  50,  53, 150,  55, 153, 152, 148, 160, 172, 163, 149, 158, 151, 164,  81,  66,  64,  65, 157, 174,  68,   2,  80, 175, 169, 154, 176, 168,  67,  52, 173,  79, 135, 159, 136, 171,  63,  78,  16,  82,  35,  57, 147, 139, 177,  51, 170, 141, 138, 137, 143,  72, 111,  88,  95, 140,  36, 167, 133,  92,  49,  12, 166,   0, 127, 134,   9, 142,  90,  26, 109,  94, 126,  25,  11, 146,  69,  54,  37,  38,  93,  28, 186,  39,  10, 144],
  [184,  31,  70, 185,   3,  58, 187,  23, 104,  30,  71,   8, 100, 180, 186, 181,  86,  42, 103, 102,  47,  87, 183,  45,  13, 112,  61,  24,   7,  25,   4,  99,  19,  18, 178, 116,  34, 105,  48, 110, 189,  98, 190, 196, 179,  17, 188, 191, 193,  75,  43,  15, 194, 182,   5,  60,  14,  40,  27,  29,  83,  10, 192, 122, 131,  74,  20,  46,  77, 120, 115, 114, 121,  91,   6,  97, 195, 165,  89, 167,  62,  35, 125,   0,  36,  76, 177,  96,  82,  26],
  [178,  70, 185,  74,  48,  30,  77,  31,   8, 104,  91, 181,  23,  71, 112,  45, 103,  42,  27, 187,   3,  40, 105, 100,  86,  13, 184, 102,  58, 165, 193,  61,  18,  83,  47,  22, 110,  99, 179,  98,  39,  14,  87, 180,  17,   7,   4, 115, 194,   5,  19, 190, 186,  29, 116,  75,  97,  60, 192, 189, 101,  24, 182,  82, 188, 195, 114, 131, 191, 122,   0,  26,  25, 183, 113, 130, 108, 196,  15, 119,  85, 177,  10, 197,  44,  32, 120,  46,  21,   6],
  [127,  36,  92,   9,  56,   2, 139,  72, 136, 162,  54, 138,  68,  52,  57,  76,  63,  90, 149, 151, 108, 188, 157,  12,  69, 183,  50,  65, 155, 128,  78, 158, 174, 150, 172, 109,  66,  43, 107, 148, 169, 168, 177,  25, 175, 176,  81,  51, 141,  28, 111, 134, 152, 123, 137,  67, 153, 124, 146,  49,  35,  86, 173, 156,  34, 160,  79,  93, 164, 144, 135, 125, 186,  26,  22,  62, 163, 161,  80,  64, 170, 133,  41, 166, 159, 147, 171,  44, 154,  73],
  [108,  85, 142,  48,  73,  26, 109,  16,  93, 144,  39,  74,  53,  31,   2, 165,  55,  77, 113,  63,  97, 100,  37,  40, 122, 164,  98, 168, 192,  72,  68,  57,  96,  82,  44,  32,  10,  88, 137, 130, 177,  67, 185,   9,  70,  52,  81, 154,  49, 139, 178,  58,  80,  51,  30,  59,  27,   3, 176, 173,  17, 181, 193, 174, 136, 159, 170, 179, 158, 175, 194,  24,  45, 153,   8, 106,  22,  91, 172,  33, 156,  65, 133,  66,   5, 155,  12, 157, 171,  11],
  [112, 122,  15, 166,   3,  40,  27,  31,  74,  24,  87,   8,  77,  98,  16, 181,  17,  99,  91, 102, 178,  88,  38,  70,  45, 115,  48, 189,  18, 101,  71,  13,   1,  19,  26, 194,  60,   5,   4,  61,  23,  82, 105,  59, 180,  83,  73, 185, 193, 103,  72, 192,  95, 129, 119,  44,  10, 165, 191,   9, 186, 113, 131, 179, 124, 190,  14, 114,  32, 130,  53,  11, 177, 197, 184,  86, 144, 104,  85, 118,   6, 108, 117, 168, 187,  25,  20,  28,  30,  37],
  [ 74,  45,   8, 112, 104,  61, 105,  15,  27, 193, 122,   5, 197, 101,  99,  83,  19,  23,  17,  91, 180, 178,  18, 191, 196,   4,  40, 100, 194,  77, 195, 115, 103, 192,  97,   3, 189,   6,  13,  22,  14, 179, 116, 114,  32, 190, 117, 113, 118, 119, 129, 181,  42, 131,  85,  98,  84,  29,  75,  60,   7,  21,  31, 120,  62, 123,  86,  30,  41,  11, 185,  24,  48, 182,   1,  46, 124, 188, 184, 130,  47,  33, 110,  44,  71,  89,  20, 106, 187,  59],
  [196,  41, 193, 192,  97,   6, 191,  74,  83,  45,   5, 189, 195,   8,  99,  29,  46,   4, 104,  18, 113,  17, 116,  21,  84,  19,   1,  42,  85, 197, 180, 188,  61, 117,  22, 129, 101, 179,  20, 100,  60,  14,  96,  23, 194, 115,  44,  75, 182,  40, 126, 118, 105, 190,  62,  33,  15, 122,  13, 131, 120, 119, 103,  32,  24, 185, 114,  86,  73,   7,  47, 121,   3, 187,  91, 181, 112, 123, 142,  89, 184, 124,  12,  28,  98,  11, 178,  71,  30, 125],
  [127,  69, 137,  63,  53,  26,  72,   9, 162,  52, 164, 139, 133,  92, 144, 168, 149, 138, 153, 148, 176, 140, 160, 156, 177, 157, 146,  93,  81, 151,   2, 173,  50,  66, 172, 155, 175,  65, 174,  82, 166, 170, 158,  68, 167,  34,  80, 171, 152, 135,  79,  73,  43,  94, 109, 147, 136, 141, 169, 150, 154,  64,  90,  78, 108,   0, 161, 159, 102,  49,  35,  67,  51, 163, 143,  57,  25,  54, 187, 165,  16, 186,  98,  12,  71, 134,  76, 107,  10,   3],
  [143, 107,  35,  78,  90,  57, 151, 148, 109, 157, 163,  64, 111,  92, 150, 152, 147, 136, 138, 161,  49, 149,  50, 169,  66,  68, 172,  65,  76, 158, 134, 174,  36, 153, 160, 135,  79, 140,  63, 128, 159, 171, 175, 173, 156, 139,  67, 155,  80, 162, 154,  41, 167, 141, 170,  34,  51,  81, 106, 146, 127, 176,  10, 133,  12, 183,  94,  56, 177,   0,  72, 164,  54, 142,  58, 126,  62,  95, 132, 168, 145, 137,  28,   2,  55,  52,  93,  43,  82,  39],
  [143,  78,  35,  92, 151,  90, 148,  63, 157,  50, 107, 149,  64, 163, 150, 152,  66, 172,  65, 174, 147, 153, 175,  79, 158, 161,  57, 160,  49, 173, 171, 140, 136, 169, 167, 111, 109,  68,  76, 156, 139, 162, 170, 138, 177, 127,  80, 176,  81, 159, 135, 155, 141, 154, 164,  67, 137,  72,  51,  36,  94, 168, 183,   9, 134,  43,  69, 133,   2,  93,  53,  52, 146,  34,  10,  25, 128,  82,  95,  58,  12, 186, 166,  55,  54,   0, 126, 188,  56, 125],
  [ 78, 143,  92, 151,  63,  50, 107,  35, 157, 148,  64, 149,  90, 152,  66, 174, 172, 175, 163,  65,  79, 153, 150, 158, 177, 109,  49, 171, 173, 176,  57, 169, 160,  68, 161, 127, 111, 170, 147,  80,  81, 167, 156, 162,  72, 136, 140, 159,  76, 139, 155, 164, 138,  67, 154, 141, 135,  51,  94, 137, 168,   2,  69,  93,  10, 183,   9,  36,  53,  52,  82,  25, 146,  43, 128, 134, 133,  95,  34,  12, 166, 186,  55,  54,  16,  26,  58,  37, 165,   0],
  [ 35,  78,  92,  50, 151,  63, 157, 148,  64, 149, 175, 174,  66, 172, 163, 152, 150,  65,  79, 107,  90, 143, 177, 167, 173, 171, 158, 153, 176, 170,  80, 109, 160, 161, 169,  81,  68,  49,  57, 156, 162, 136, 147, 168, 140, 159,  67, 111, 127, 141,  72, 154,  76, 139,  51, 137, 155, 164,  10,  94, 135, 138,  53,   9,  25,  93,  82,  36, 183,   2,  43,  52,  95,  69, 186, 134,  34, 133, 146, 166,  26,   0,  16, 128, 165, 184,  58,  55, 188,  96],
  [ 35, 143,  92, 127,  63,  78, 151, 107, 148, 157, 109, 149,  64, 147,  50, 140, 153, 175, 152,  66,  76, 167, 150, 174, 163,  90, 172, 139, 158, 160, 137, 173, 177,  65,  79, 136, 171,  68, 156, 170, 138, 135,   9,  57, 141, 162, 176,  49,  10,  34,  81, 161,  80, 168, 169, 146, 133, 164, 159,  43,  69,  72, 154, 128, 155,  67,  94, 183,  51,  53,  93, 134,  58,  25,   2,  52,  82,  54, 111,  26,   0, 145,  36, 186, 166, 165,  87, 144, 102,  12],
  [ 74,  73, 101,  98, 144, 122,  91, 113, 108,  77,  30,  17,  99,  40,  45, 115,  83,  27, 178,   5,  18,   8,   3,  15, 193,   4, 181,  59, 124,  29, 192,   1, 103,  48, 195, 189, 119,  14,  11, 131, 105,  26,  44,  60,  75, 194, 190, 142, 102, 117,  84, 129, 130, 197,  33, 191,   6,  22,  19,  23, 120,  85, 179, 196, 110, 118,  21, 180,  86, 182, 112,  61,  97,  46,  28, 104,  71, 123,  38,  13, 116, 121,  47, 126, 100, 125, 165,  16,   7,  31],
  [  1, 101,  73,  74,  84, 122,  11, 126,  15,  38, 124, 197,  12,  98,  91, 113,  88,  33, 144, 108, 129, 117, 106,  45,  32,  17,   6,  83,   5, 123,  99, 142,  27, 115, 119,  56,  55, 191,  28, 193,   8, 192,  59, 118,  41, 195, 131,  21,  37,  18,  77,  54,   4,  14, 189,  22, 112,  40, 196,  61,  85, 190,  52,  19,  75, 114, 194,  97, 180, 132, 120, 105, 135,   3,  89, 145,  46,  20,  60, 134,  29,  69, 146,  62, 181, 166, 125, 130, 179,  44],
  [122, 112,  45,   8,  74,  27,  24,  61, 104,  32,  31, 180, 192,  62, 100,  15, 101, 191,  99,  19, 179,  17,  18,   4, 193,  91, 129, 197,  97, 196,  40, 108,   5,   6,  83, 118, 105,  85, 181, 131, 117, 178, 194, 115, 119, 113,  41, 189,  87, 103,  98, 195,   3,  75, 190, 116, 110,  13,  23,  22,  20,  21, 123,  86,  14, 114,  11, 120, 185,   1,  77,   7,  84, 106,  29, 132,  30,  60,  44,  48,  46,  89,  73,  39, 130,  71,  28,  88,  38,  42],
  [ 91,  77,  74,  30, 178,  39, 108,  98,  40, 110,  48,  26,   8, 165,   3,  27,  45, 187,  29,  53, 144,  82,  70,  99, 115, 101, 185, 113, 181,  17, 122,  61,  15,  71,  16, 103,  23, 105,  31, 193, 102,   0,   2,  18,  22, 189, 100,  83, 190,   5,  47, 168,  14, 112,  86,  73,  13, 194, 184,   4,  75, 195,  88, 180,  59, 182, 164, 104,  96, 142, 131, 130,  87, 192, 179,  93,  11,  55,  32,   7, 176,  37,  42,  63, 121, 116,  19, 188,  97,  60],
  [125, 124, 114, 196, 197, 104,   3,  13,   8, 119,  42, 126,  19, 120, 123, 116, 188, 132,  41, 191, 194,  20,   6,  61, 118, 128, 190, 184,  46,  45,  89,  23, 186,   4, 115,  28,   5, 131, 102,  84, 112, 106,  60, 179, 195,  83, 193, 117, 105, 130,  12, 180, 122, 183, 189,  18, 129,   7, 121,  17, 103, 134,  62, 101,  38, 143, 182,  99,  76,  15,  11, 133,  33,  29,  24, 145,  56,  44,  58,  95,  47,  27,  86, 187,  57, 192,  75, 181,  40, 146],
  [143, 135, 147,  12,  78, 109, 139,  57,  52, 148, 141,  72,  90, 151, 138,  49, 127, 162, 157, 160,  68,  64, 150, 158, 149, 137, 169, 153,  50,  63, 161, 155, 156, 136, 159,  66, 134, 107,  65,  69, 140, 172, 152, 111,  92, 173, 174,  76, 154, 163, 171,  54,  79,  81,  67, 128,  51,   1,  80,   9,  93, 166, 164,  35, 175,  73,  28,  37, 145,  55,  95,  53,  88, 133, 146,  38,  20, 170, 167,  94, 144, 168, 126, 142,  34, 176, 132,  33,  10,   2],
  [ 73,  74,   1,  27,  85,  97,  91,  32, 101, 122,  41, 196,  45,   8, 197, 191, 193,   5, 113, 194,  15, 192,  17, 106,   6,  48, 105,  83, 117, 108, 119,  21,  11, 118,  18,  33,  38,  84,   4,  37,  22, 195,  98, 180,  61, 100,  77, 115,  99, 112,  19,  40, 129,  12, 104, 142,  75, 179,  14, 116,  24,  89,  20,  44,  96, 185,  88,  60,  59,  29,   3, 190, 189,  13,  30,  28, 181, 123, 114,  23, 103,  54,  62, 188,  56, 144, 124,  46, 131,   7],
  [ 41, 106, 111, 104, 142, 109, 100,  42, 143,  62, 107,  24, 196,  57,  32,  97, 132, 193,  36,  85, 192,   6,  12,  78, 183, 184, 129,  58,  20, 188, 116,  46,  90,  87, 185,  19,  45, 179,  21, 134, 191,  34, 163, 119, 140,   0, 186,  49,  14,  96,  86,  29, 123,  22,  64,  92, 136, 180, 114,  28,   4, 130,  61, 195, 148, 126,  10, 146,   8,  71, 157, 103,  35,  83,  11, 131, 152, 149,  82,  60, 125, 161, 145, 112,  18,  55,  47,  23,   9,  31],
  [ 12, 166,  85, 109,  72, 112,  82,  57,   3,  37,  48,  62,  16,  26, 122,  41, 193,   1,  73,   9,  28, 101,  15,  44,  88,  54, 196,  69,   6,  97, 142,  11, 144,  60,  77,  94, 106,  42, 119, 192, 191, 105, 164, 115,  19,  27,  33,  17, 111,   8,  55, 186, 185,  71,   4,  10,   5, 137,  74, 104, 155,  18,  53,  84,  45,  70,  38,  20,  31, 165, 129,  40, 183, 108, 197, 195, 194, 177,  99, 162, 118,  13,  92,  61, 175, 179,  78, 130,  98,  81],
  [128,  41,  76, 126, 143,  35,  34,  57,  36, 116, 107,  56,  12,  33,   0,  89, 134,  42, 133,   6,  97,  46,  58, 111,  20, 125,  21, 119,  28, 123,  90, 196, 146, 145, 118, 106, 179,  44, 191, 138,  19,  85, 104,  54, 100,  14,   7, 195, 151, 132, 188,  60, 193, 142, 120, 124,  84,  78, 163,  75, 148, 131, 192, 136, 117,  59, 194,  32,   4,  83, 150,  62, 197,  11,  22, 147,   5,  13, 161, 190, 121, 184, 140,  29, 152, 114, 139,  18,  43, 129],
  [177,  92, 167,  63, 176, 183, 175,  25,  26,  42, 170,  82,  70,  71, 186, 168, 164,  94,  43, 185, 140,  69, 174,  79, 187,  48, 165,  80, 171, 152,  35,  81, 172, 149, 184,  53, 107, 188,  93,  50,  65,  86,  66, 150, 157, 137, 173,  90,  76, 163,  10,   2,   9,  30,  64,  47, 153,  72, 158, 151,  78, 109,  77, 133, 111, 160, 148, 166, 146, 156,  36, 127,  67,  51, 104, 136, 161, 162, 154, 102,  34,  49, 141, 159, 155, 138,   3, 169,   0,  68],
  [143,  92,  63, 151,  50,  35,  78,  64, 152, 157, 149, 148, 163, 136, 107, 177, 150, 175, 153, 176,   2, 127, 172, 161,  68, 174,  66, 140, 169, 147, 158,  79, 171, 160, 164,  65,  57, 156, 173, 170, 138, 155,  81,  80, 159, 167, 139,  36, 162, 154,  72, 133,  51,  67,  49, 146, 168,  82, 111, 135, 109, 183,  53,  90,  58,  94,  76, 134,  10, 137, 141,  93,   0,  55,   9, 165, 128,  43,  25, 186,  69,  12, 126, 187, 145, 125,  54, 102,  87,  95],
  [147, 143,  35, 150, 107, 148, 151,  50,  76, 111, 109, 160, 138, 163,  92, 152, 135,  57,  49, 157,  63, 161, 171, 141, 153, 158,  64,  80, 159,  66, 136, 172, 174,  78,  72,  79,  94,  43, 149,  65, 169, 134, 167, 156, 175,  10, 139, 173, 155, 170,  68, 145, 146,  90, 128, 154, 137, 140, 127, 162,  51,  81, 176,  95,  62,  52,  67, 164,  25,  87,  36,  34, 177,  54, 100, 183, 168, 132,  70, 166, 133,  16,  82,   2, 165,  21,  39,  28,  88,  69],
  [108,  63,  39,  30, 127, 100,   0, 146,  86,  22, 178, 144, 133, 107,  77, 104,   2,  74,  14, 138,  48, 137,  93,  31,  58, 165,  26, 145, 110, 130, 139,  53, 101,  70,  21, 168, 136, 103,  73,  91, 181, 120, 164, 131,  56,  40,  98,  83,  44, 179,  34, 128, 105, 123,  25, 140,  97, 192,  85,  82, 113,  71,   7, 134,  94, 119,  99,  11, 185, 116,  42, 187, 176, 175,  18,  23,  92,  29, 160,  17, 121,  72,  47, 170, 177,  60, 106,  35,   3, 150],
  [ 27, 106,  87,  32,  11,  39,  88,  61, 104,  97, 110, 100,  74, 142, 146,  45, 105, 144,  31, 101, 108,  10,   8,  64,  67, 161, 112, 133, 154, 132,  55, 165, 138,  77,  57, 135, 152,  82,  37,  91,  62, 107, 159, 114, 140, 164, 145, 136, 143,  51, 156, 119, 122, 163, 147,  54,  85, 151, 103, 134,  68, 155, 192, 196, 153, 169, 150, 158, 175, 160,   3, 118, 171, 191,  28,  19, 123, 178,  58, 157,  53,  40, 179,  56, 129,  95, 109, 148, 115, 174],
  [  8,  98,  74,  45, 193,  17, 100,  83,  23,  18,  30,  27, 181,  99,   4, 122,   5, 104, 178, 180,  19, 194, 116, 192, 103, 190,  86,  14,   3, 195, 115, 179, 189,  31,   7,  75,  60, 191, 105, 119,  91,  22, 117,  97,  40,  44, 197, 113,   6, 118,  13,  48, 101,  21, 102,  71,  29, 196,  77,  73, 112, 131,  61, 108,  46, 120,  85,  24,  89, 121, 129, 185,  47, 188,  42, 123, 130, 110, 184,  33,  15, 182,  70,  32,  34, 187, 124,  62,  84, 125],
  [ 74, 122,  77,  98, 108,  91,  73, 101, 144, 178,  40,  27,   8, 115, 113,  45,  99,  17,   3,   1,  11,  48,   5,  83,  18,  38, 197,  15, 181, 124,  30,  59, 193,   4,  88, 190, 192, 195,  33, 112, 105,  14,  84,  55,  39,  19, 103,  26,  29,  16, 102, 189,  44, 117, 179, 191, 194,  61,  60,  85, 119, 131,  28,  32, 180,  97,  23, 104,   6, 129,  70, 165,  13,  75, 142, 118, 100,  22, 123,  31, 130,  82,  53,  86,  37, 187, 196,  12,   2, 116],
  [ 31, 105,  27,  74,  48, 112, 104,  61, 180,  45, 122,  97,  13,  85, 185, 191, 101,  30, 196, 103,  99,  17,   5, 194,  18,   4,   8,  71,  19,  24,   3,  91, 192,  47, 197, 181, 193, 113,  75,  73,  23,  15, 118, 195,  70, 179, 100,  22,  40, 117,   7, 190, 183,   1,  42,  86,   6, 178, 184, 131,  83,  29,  98, 129, 116,  60,  41, 130, 115, 182, 121, 123, 102,  62, 110, 108, 114, 189, 188, 119,  21,  77,  87,  44,  20,  69, 120, 187,  26,  14],
  [122,  98,  77,  88,  15,  91,  53,   1,   3,  16,   0,  40,   8,  82, 112,  74, 124,  26,  45,  38,  27,  99, 101, 115,  55,  17, 178,  73, 166, 144,  87,  11,  37, 189, 187,  61, 142, 110, 197,  29, 181,  12, 180,  59,  30, 113,   9, 102, 190,  95, 133, 108, 194,  18, 186, 131,  23,  83,   5,  71, 165,   4, 182,  84,  52, 184, 156, 193,  19, 168, 119, 114,   2, 103,  67,  36, 137, 185, 164,  96,  60, 140, 129,  89,  81, 126, 162, 125,  70,  80],
  [178,  74,  77,   8,  40,  91,  31,  30,  45,  23,   5,  70, 193,  83, 181,  27,  48, 185,  98,  13,  18,   3, 113,  61, 104, 184, 112,  32, 194, 110,   4, 179, 105, 103, 189,  17, 108, 122,  99, 100, 192, 180, 101,  19, 115, 102,  15, 190, 187,  14,  75, 197, 114,  71,  47,  22, 116,  59, 195,  86,   7, 165, 131,  29,  24, 191,  44,  60, 182,  58, 120, 117,  42, 130, 119,   6, 196,  97,  46,  21,  85, 118,  39,  96, 188,  11, 121,  33, 125,  16],
  [ 74, 178,  91,  27,   8,  45,  40, 105,  61,  15,  77, 122, 112,  99,  23, 103, 115, 114,  83,   5, 189,  17,  30, 181, 101,  18, 180,  31,   3, 194, 104, 110,  13,   4,  19, 190,  98, 131,  75, 197,  32, 193, 113,   7, 100, 179,  59,  22,  14, 117, 120, 191, 192, 195,  87, 124, 118,  29, 187, 119, 129,  24,  70, 116,  11, 130, 102,   6,  39,  84,  86,  60,  71, 182, 185,  47,  48, 123,  21,  88, 125, 108,  38, 184, 196, 121,  46,  42,  97,  58],
  [ 91,   8,  74,  45,  27,  61, 105, 193, 103,   3,  17, 180, 178,  18,  99, 104,   4,  23,  40, 115,   5,  30, 189, 194,  29, 112,  19, 101, 196, 190,  75, 179, 110, 122,  13, 120, 195,  83,  15, 181, 116, 187, 131, 191,  77,   7, 192,  98, 197, 102,  14,  31, 113, 182, 117, 119, 121,   6,  47,  71,  86, 130,  60, 125,  42, 185,  22, 118,  46,  97, 124, 100,  24, 123,  58, 114,  70, 129,  89, 144,  84, 106, 188,  59, 184,  44,   0,  48,  33,  85],
  [ 45,  61,   8,  91, 197, 105, 101, 131, 180, 103, 104, 196,  74, 114,  75,   4,  19, 120,   5,  13, 189,  18,  17, 115, 194, 190,  27,   3, 125,  99, 124, 112, 191, 195, 193,   6, 178,  23, 179, 106, 117, 130, 102,  29, 122, 182,   7, 113,  15,  84,  58, 187, 129, 192, 118,  40, 121, 116,  46,  83, 123, 181,  47,  98, 126,  14, 119, 132,  42, 110,  60,  20,  59,  31,  89,  30,  38,  70,  97,  77,  33, 133, 145, 188, 144,  62,  86,  71,  56, 185],
  [ 27,  31,  10,  32,  87,  61, 178, 107, 105,  15, 114, 165, 100, 112, 122,  70,  35, 103,  95, 110, 130,  48, 141, 106,  88,  62, 128, 145,  77,  40, 131, 184,   3, 177, 133,  13, 118,  19,  45, 194,  37, 139,  16,  39,  23, 104,  85,  74,   8, 134,  51, 175, 166,  76,   5, 136, 180, 113, 137, 197, 154,  24, 150, 140,  30, 147,  58, 176, 160,  92, 142, 163,  18,  57,  25,   7, 119,  59,  67, 151,   4,  82, 127, 152, 115, 193, 179,  91,  75, 170],
  [196,   1, 126, 125,  41, 124,  58,  42, 188,  84,  12,  89,  46,  20,  29, 114,   6, 121, 186, 120, 189, 182, 197, 187, 191,   8, 131, 123, 195, 117, 118, 180,  56, 119, 116, 143,  61, 194,  34, 113,  90,   5, 122,  36,  83, 179, 184,  13,  15, 129,  47, 192, 101,  60, 134,  75, 190,  97,  95, 193,  99,   4, 142,  17,  19,  96, 140, 132, 128,  21,  28,  33,  45,  18,  78, 102,   7,   0, 104,  62,  38,   9, 130, 169, 106, 110, 105, 146,  23, 127],
  [ 26,   2,   9,  12,  63, 139,  73, 164,  16,  53,  69,  81,  55, 136,  52, 177, 149, 135, 144,  92,  78, 157, 162, 158, 160, 156, 140, 141,  65,  57, 176, 173, 172,  80,  93, 153, 159, 109,  51, 174, 137,  66, 148,  72,  50, 170,  37,  82,  68, 127, 168, 151, 155,  49,   1,  64,  79, 154, 108, 175, 150, 152, 163, 171, 167, 161, 138,   0,  67,  98, 146,  90,  43, 166, 133,  36, 143, 169, 147, 165,  94,  96,  88, 183,  48,  38,  70,  25,   3, 145],
  [100, 107, 104, 128,  31,  62,  32, 145, 116, 180, 103, 179,  19,   7, 118, 183, 131,  85,  24, 184,  97,  45,  61,  86,  27,   4, 132,  20,  41, 191,  13, 129,  34,  10,  23, 197, 120, 114, 194, 123, 134,  76,  18, 106, 119,  21,   6,  46,   5,  22, 117,  87, 192, 190, 193, 178,   8,  35,  83,  99, 109, 105, 130,  75,  44, 115,  29,  14,  47,   3,   0,  70,  71, 195,  60,  30,  36,  42,  17, 112,  25, 143, 181,  58, 196,  48, 185,  28,  92,  89],
  [143, 126, 106,  58,  78, 140,  89, 102, 137, 133, 147,  90,  91,  57,   1, 105, 125,  41, 148,  92, 146, 138,  27,  64, 141, 196, 151, 153,   9, 159, 157, 132, 109, 121,  61, 128, 160,  12,  54,  20, 152, 163,  43,   3,  35,  13, 162, 150, 183,  95, 135, 182, 164, 154,  66, 114, 167, 161, 155, 171,  65, 124, 173, 156, 158,  76,  84, 149, 175, 172, 177,  68, 186, 166, 123, 134, 174, 176,   8,  53, 197, 119,  34,  79,  10,  42,  50,  82, 180,   6],
  [  2, 169,  55, 149,  36,  68,  53, 156, 138, 135, 139, 150, 163, 148, 136, 157, 160, 143,  50, 161,  81, 151, 172, 147,  63, 158,  66, 174,  80, 153, 152,  65,  79,  67,  52,  51,  82, 155, 162,  12,  64, 111, 164, 159, 173, 154, 176, 133, 175, 140, 171,  57,  35,  69, 170, 127, 137,  78, 168,  94,  92,  49, 134,  88, 144, 142, 108,  72,  93, 141, 146, 177, 107, 167,  39,  16,  11,  26, 109,  37,  95,  90,  28,  54,   0,  77,   9,  25,  56, 165],
  [ 98, 144,   3, 115,   0,  99, 133, 178,  53,  82,  17,  12,  45,  36,   8,  14,  18,  29, 142, 193, 124, 190, 103,  84, 181,   9, 122, 187,   4,  26,  83,  91,   6,  33,  15,  60,  19,  11,  77, 101, 189,  71,  88, 131, 146, 102, 195,  28,  59, 180, 120,   1, 116,  75,  46, 192,  86, 129,  74, 186,  43, 179, 145, 197, 125, 182, 118,  44,   5,  20,  55,  34,  23,   7,   2, 123, 130,  30,  97, 126, 191,  56,  87, 156,  89, 147,  27,  42, 194, 117],
  [108, 122,  98,  73,  77, 144,  53, 142,  55, 165,  39,  26,  74,  88,  93,  40,   2,  82, 178, 100,  11,  48,  52, 113,  37,  16, 181, 109,  31, 164,  27,  30,  91,   1,  85, 169, 137,   3, 166,  67,  32,  81, 101, 112, 154, 133,  99,   8,  80,  58,  70,  94, 192,  15, 110,  45,  28, 156, 168, 146,  51,  68,  17,  97,  44,  59, 155,  18,  83,  62, 153,   0, 135, 176, 173, 160, 170, 115, 185, 158, 159,  96, 171, 129, 136, 138, 180,  95,  87,  79],
  [115,   8,  75,  91,  15, 105,  45,   4,  18,  61, 103, 180,  13,  17, 189, 120, 197, 131,  19,   5,  14, 190, 102, 124,  23,  99,   7, 194, 178,  83, 181, 117,  59,  60,  27, 114, 191, 101,   3,  74, 118, 179, 132, 104, 112,   6, 119, 193,  98, 116, 195, 130,  29, 125,  46, 192,  20, 129,  40,  84,  47, 182, 122,  86, 123,  71,  38, 113, 187,  33,  44,  89, 145, 121,  42, 126,  30,  70, 106, 196,  21,  31,  62,  43, 144, 133,  87,  22,  11, 128],
  [ 74,  91,  15,  98, 122, 101,  99,  17,  40,  73, 115,  27,  45, 178,   5,  59,  18,  83, 108,   8, 117, 189,   4, 197, 193,  14, 194,  30, 113,   1, 124,  84, 181, 180,  75, 129, 192, 112, 190,  19, 191,  33, 105,   3, 131, 119, 118, 144,  77,  38,  11,   6,  61, 120,  60, 195, 103, 179,  32,  44,  23,  13,  21,  22,  29,   7, 123,  24,  31, 182,  88, 116, 130,  85,  48,  86,  28,  89,  46, 102, 104, 100,  20, 121, 196, 145, 114,  47, 125, 110],
  [ 74,  91,  27,  45, 101, 122,  97, 178, 100,  40,  77,  17, 105, 108,  99,  32,   8,   5,  48,  61,  30,  15,  22, 193,  85,  18, 113,  83, 197, 115, 110,  73, 192, 103,   4, 191, 104, 194,  98, 180,  31,   1,  39,  14,  19, 195,  75, 119, 112,  21, 181,  29, 117,   3, 196, 118, 179,  11,  23, 131,   6, 129, 190, 144, 189, 116,  84,  59,   7,  33,  13,  24, 120,  60,  87, 185, 142, 130,  86, 123, 106,  44,  62, 165, 114, 182,  88,  47, 121, 124],
  [ 74,  27,  45,  91, 122, 101,  15, 178, 197,  32,  40,   8,  17,   5,  99, 193,  77,  61, 194,  83, 115, 113, 112,  18,   1,  85,  98,  73,  22,   4,  19, 191,  97, 105, 180,  11, 119, 129, 195,  59,  21, 118, 117, 192, 100, 131,   6,  84, 108, 103, 179, 104,  48, 189,  29,  33,  75,  30, 181,  14,  38,  23,  88, 196, 190,   3, 144,  31,  13,  62, 124, 116,  60,  39, 142,   7,  44, 123, 114, 110, 130, 120,  24, 106,  28,  46,  41,  37, 182,  86],
  [ 74, 101, 122, 197,  45,  91,  27,  15,  61,  17,   5, 113, 191,  97,   8, 180,   1,  99,  18, 131, 118, 194, 196, 195,   4, 105,  19, 129, 119, 117,  75,   6, 193, 192,  83, 115,  40,  85,  32,  84, 112,  73,  62,  29, 104, 103, 179, 178,  21, 189, 120,  22,  59,  98, 124, 116, 190, 181,  30, 100,  14, 123,   3, 114,  41, 108,  33,  38,  77, 110, 144,   7,  23,  13,  11,  31, 130,  46, 121,  60, 132,  44,  20, 106,  89,  24, 182,  47, 145, 142],
  [ 74,  45, 197, 101,  97,  85,  61,  17, 194, 122, 191,  91,   5,  27, 180, 193,  15,  22, 192, 113,  18,   8,  19, 195, 119, 105,   4,  99, 196, 112, 118,  40,  75, 179,  21,  31,  83, 104,   6, 181, 117,  32,   1, 178, 131, 103, 115, 129, 116,  29, 100,  73, 189,  62,  14,  41,  23,  24,   7,  48,  30, 190,  13,  84,  60,  98, 114, 130,  44, 120,  59,   3, 123, 121, 182,  86,  33, 185,  77,  47,  89, 110,  46, 124, 108, 106,  20,  71,  11, 132],
  [ 27,  74,  91,  45, 178, 105, 122,  61, 112,  30, 197,   8, 101,  98,  75, 194,   5, 103,  17,  40, 180,  15,  18, 113,  23,  99, 131,  22, 104,  31,  13,   4, 181,  48,  19, 115,  32,  83, 193, 110,  77, 117, 129, 114, 191,   7, 195, 100, 118, 189,  39, 124,  47, 190,   1,  97, 182,  85,  73, 119, 130, 196, 179,  87, 184, 108, 192,  59,  14,  29, 102, 121,   3,  21, 116, 185,  71,  70,  60, 106,  38,   6, 120, 123, 165,  86,  84, 145,  46, 132],
  [ 74,  45,  97,  27, 194,   8,  61,  91, 193, 197,  85,   5, 178, 180, 112, 104, 101,  17, 196,  40,  32,  48, 105,  18,  19,  22, 191,  23, 100,  83,   4, 103,  99, 181, 195,  30, 113,  31, 192,  15,  77,  13, 122,  21, 115, 184, 179,  75,  29, 185, 119,  98,   6, 116,  14,   7,   3,  47, 117, 131, 118, 189,  60, 114,  42, 129, 190, 106,  73,  41, 130,   1,  71,  86,  24, 182,  96,  59,  70,  46, 110,  44, 121, 120,  39,  33, 102,  84,  62, 188],
  [ 27,  31, 197, 101, 118, 122,  62,  32,  85, 105, 178,  61,  74, 145, 194,  48,  19, 119,  15,  45, 129,  75,   5, 117, 128, 131, 112,  17, 103,  18,  97, 180,   4,   7, 191,  13,  22, 104,  59, 130, 100,  87,  91,  21, 115, 193,  99, 166, 106,   6,  83, 114, 123, 179, 181,  76, 108,  73, 195, 132,  44,  23,  54, 190,  33,   3,  84,  10,  30,  98, 192, 116, 144, 120,  38, 113, 124,  60,  40,  56,  11,  14,   1,   8, 137,  39, 110,  20, 141,  28],
  [ 74,  91, 122,  32,  73,  15,   1,  40, 101,  27, 113, 194,   5,  17,  45,  99,  38,  83,  77,  59,  85,   8,  88,  98, 193, 112, 108, 197, 192,  16,  24,  11,  18, 189, 115,  61,  37, 129,  21, 191, 117,  84,   4,   6,  97, 119, 178, 181, 196,  48,  30, 105,  22,  19, 114, 100, 180,  33, 118, 124,  13,  75,  23, 179, 195,  14, 142,   3,  60, 131,  31,  44, 166, 190, 103,  39,  29,  96, 110, 184,  87,  20, 126,  12,  41, 182,  28, 130,  89, 123],
  [197,  15,  27,  74, 194, 122,  75,   5, 101,  17, 113,  59,  98,   1,  45, 117,  18, 180, 181, 119,  32,  61, 105,  30, 118,  73, 112,   4,  19,  83, 131, 124,   8, 178, 103, 193,  21, 189,  40,  23, 121, 191,  99,  85, 129, 195, 115,   7,  91, 130,  13,  31,  48,  22, 114,  84,   6,  14,  60, 116, 120, 190, 145,  89, 192,  47, 132,  24,  44,  62, 182, 179,  97,  46,  87,  29, 184,  38, 123, 102,  33,  86, 106,  96,  20, 100, 196, 126, 104, 166],
  [ 74, 197, 101,  91,  45,   5, 113, 194,  27, 112, 178,  85,  17,  75, 105,  18, 180,  61,  19,   8,  40,   4, 193,  98,  32, 122, 181, 103, 195, 191,  59, 115,  48,  31, 117,  13,  15,  83, 119,  23,  22, 192, 131,  99,  30,   6, 118, 190,   7, 130,   3,  77, 104,  21, 189,  47,  73, 116, 179, 114,  14,  97,  70,  60, 129,  84,  62, 182, 196, 121, 100, 124,  44,  29,  33, 120, 102, 185,   1,  46, 123, 106,  38,  24,  86,  71, 165, 108, 184,  89],
  [ 85, 197,  97, 194,   5, 193,   1,  45,  61, 191, 112,  74, 101, 192, 113, 196, 195, 180,   6,  41,  18, 105,  19,  21,  32,   4,  17,  48,  13,  73,  15,  62, 119, 189, 117, 121,   8,  91, 130,  75, 131, 118,  83, 181, 116, 114,  31, 182,  60,  44, 106,  40,  59, 104,  27,  23, 129,  47,  24,  22,  46, 100,  29, 185,  20, 122,  84,  14,  99, 103, 184,  98,  33, 179,   7,  89,  96, 190, 115, 178,   3,  38,  42, 123,  70,  71,  30,  58,  86, 120],
  [  1, 111, 113,  15,  96,  85, 112,  24,  59,  41, 122,  73, 196,  40,  38,  32,  16, 192, 191, 197, 166,  74, 101,   6,  69,  22,  20,   5,  62, 194, 184,  12, 195, 117,  19, 180,  37,  55,  90,  99,  44, 182,  83, 179,  97,  93, 118, 114, 189,  33,  49,  60,  84, 185,  46,  95,  48,  21, 129,  18,  17,  88, 109,   4, 181, 124, 193,  52,  61, 142,  77,   8,  72,  28,  29, 119, 121,  13, 131, 188,  89, 115, 141,  31, 116,  71,  45,  47,  11,  91],
  [  1,  91,  15,  32,  74, 142, 108,   8, 196,  88,  40, 122,  11,  83,  21,  84, 189, 113,  27, 194,   5, 192,  24,  45,  99,  33,  61, 193,  29, 101,   6,  28,  17, 117, 115,  59, 191,  89,  73, 179, 197, 100,  18, 195, 118,  97, 110, 119,  38, 180,   4,  77, 124,  22, 126,  16,  20,  85,  37,  41,  12, 129,  19, 114,  62,  95, 144,  52,  44,  75,  46, 116, 178, 131, 190,  55, 120,  96,  13, 121, 105,  56, 112,  98, 181,  60,  23,  39, 123,   7],
  [ 74,  27, 178, 197,  45,   8,  61, 194,   5, 101, 115, 105,  15,  19,  32, 122,  17,  18,  99, 103, 131, 180,  40,  83,   4, 113,  91, 117, 114,  75, 118, 179, 193, 195,  22,  23,  13, 124, 119, 130, 191, 189, 104, 106, 181, 112, 190,   7, 192,  59,  31, 123,  84, 120, 129,  21,  77,   6,  29, 116,  11,  38, 100,  98, 145,  30,  14,  97, 196,  62,  85,   3,  33, 110,  88,  60,  46,  87, 132, 125, 126, 121, 144,  56,  86,  89,  39,  44, 108,  28],
  [197,  74, 194, 122, 178,   8,  45,  40,  27,  15,  17, 180,   5,  99,  61,  19,  18, 181,  98,  91, 115,  83,   4,  59,  75, 189, 112,  23, 118, 179, 193,  32, 117, 119, 195, 190, 191, 131,  13,  31,   7,  22, 113, 124, 103, 116, 192,  21, 129, 105,  29,  30, 184, 101, 114,  60,   6, 120,  38,  24, 100,  85, 130,   1, 104,  84,  62, 121,  46,  44,  89, 182,  14, 196,  77,  33,  20, 123,  86,  97,   3,  47,  11,  71,  48,  88, 145, 110, 102,  73],
  [ 74,   8, 178,  45,  27,  61, 122,  40,  15, 197, 194,   5,  17,  91, 112,  18,  13, 180,  23,  99, 115,  19, 105, 181,   4, 193, 189,  31,  83,  77, 103,  75, 131, 113, 101, 179,  59,  98, 190, 195,  30,   3, 191,  32, 114, 104, 118,  29, 117, 119, 192,   7, 130, 184, 120, 116, 100,  24, 196, 124,  60,  22, 129,   6,  85,  48,  47,  70,  86,  44,  14, 121, 110,  62,  46, 185, 182,  21,  97, 102,  84,  71, 123,  38,  20,  89,   1, 108,  88,  42],
  [194,  74, 197,  45,   5,  61,   8, 193,  27,  19,  17, 119,  85, 118, 122,  18,  40, 180, 178,  15, 101,   4,  75, 191, 113, 195,  32,  59,  22, 115,  91, 117, 131, 196, 179, 105,  13,  23, 130,  99,  83,  97,  29, 112, 192, 189, 181,   6,  21, 103, 104, 116,   7, 114,  31, 124,  89, 120,  60, 100, 121, 190, 129,  62,  84,  44,  33, 123, 184,  46,  24,   3,  41,  30,  14, 182, 128,  98,  77,   1, 132, 106,  20,  47, 142, 145,  88, 110,  86,  11],
  [ 95, 128, 139, 135, 141, 143,  32,  76,  59, 147,  90, 166, 107,  38, 114, 118, 134, 127, 197, 145, 126,  35,  52,  20,  10,  62, 111, 117, 132,  78,  27, 194,  88, 137, 184,  49, 119,  37,  75, 136,  16, 106,  89, 150, 124,   1,  21, 122,  85, 151, 131, 148, 130, 129, 160, 140,  13, 121,  24,  61,  15,  84, 113, 109,   5,  57, 159,  50, 158,  51, 138, 189,   7, 154,  96,  19, 180,  93,  31,  22, 105,  41,  87, 167,  43, 142,  54,  67,  63, 161],
  [197,  59, 118,  21, 117, 194, 119, 113, 128,   5, 195,  22,  62,  75, 130, 120,  85,  19,  38,  32,  44,  46, 121, 131, 124, 191,  33,  18, 193, 179,  89, 145,   4,  29,  84, 116,  83,  13,  17,   7, 132, 189,   6, 123,  61, 180,  41,  60, 192, 101,  23, 115,  20, 182,  74,  99, 129, 122, 178, 196,  45,  40,  73, 190, 126, 181,  24, 114,  28,  96,  86, 100,  15,   8,  14, 184, 134,  76, 105,  47, 139, 125,  97, 103, 104,  30, 112,  11,  27,  98],
  [143, 135, 139,  95, 128, 147,  38, 134, 141,  90,  76,  52, 126,  12, 145,  59,  35, 127, 148, 111, 107, 150,  21,  20,  78, 124, 138,  57,  28,  88, 118,  89, 132,  62, 142, 169, 109,  25, 197,  33, 136,  49,  32, 117, 151, 137, 114,  73,  46,  50,  96,   1,  22, 161,  84, 160,  44,  16, 121,  55,  72, 119, 194, 140,  41, 149,  11,  68, 158, 130, 184, 157, 166, 123, 162, 159,  63, 120,  66,  65,  93, 125,  54, 129,  51,  85, 156, 163,  64, 113],
  [ 90, 143,  76,   9, 128, 127,  78, 139,  96, 111,  12, 109, 184,  20,  25,  95,  93, 135,   1,  38, 141,  73,  59,  41,  69,  52,  49,  89, 166,  57, 148, 137,  16, 182,  24, 126, 134,  44,  50, 121,  85, 107,  62, 177, 149, 145,  46, 186,  68, 151, 136,  34,  35, 130, 118,  63,  65, 169, 113,  72,  66, 167, 147, 157, 158, 174, 140, 150, 183,  21, 194,  60,  92, 132,  37, 188, 173, 117, 172, 196, 162,  47,  80, 189,  79, 123,  81, 163, 124,  64],
  [ 76, 143,  90, 128,  12,  25, 124,  95, 126, 139, 135,  78, 197,  20,   9, 147, 127, 125,  35,  52, 188,  84,  38, 114,  92,  69, 182, 166, 184, 183, 148, 137,  57,  46,  89, 141, 186, 123, 121,   1, 118,  34,  28,  44,  41, 145, 117, 109,  60, 138, 132, 134,  33, 177, 150,  21,  59,  50,  72, 129, 130, 119,  96, 162, 161, 151,  56, 195,  43, 107,  13,  93,   7,   6,  54, 194, 190, 189, 116, 157,  49, 140,  62,  64,  47,  42, 191,  65, 158,  66],
  [139, 135, 127, 143,  12,  52, 128, 147, 134,  90, 141, 136, 138,  59, 126,  38, 111, 145, 137, 148,  76,  73,  88,  16,  69,  95, 150, 107,  28,  78, 151,  49, 166, 124, 160,  54,  21, 140,  63,  55, 149, 142, 132,  33,  93, 169,  57, 162, 118,  20,  50,  84, 157,  72, 158, 109,   1,  96,  37,  68, 161, 156, 130,  44,  51,   9,  32, 155,  62,  85, 159, 117,  65, 153,   2,  11, 113,  66,  22,  89, 119, 129,  67,  41, 163, 172,  46, 154, 123, 174],
  [139, 135, 128, 143,  12, 127,  52,  90,  38,  76,  59,  21,  88, 111,  73, 141,  57,  95, 134,  96,   1,  85,  32, 118, 109, 147,  33,  28,  89,  62, 148,  16, 145, 107, 137,  78,  20, 126,  37, 124, 138, 136,  22,  49, 150, 197,  41,  44, 142,  55,  54, 119, 117,  25, 113, 169, 151,  68, 166,  84, 194,  69,  11,  72,  63,  50, 184, 160,  51, 149, 158,   9,  36, 162,  35,  46,  67,  93, 130, 161, 157,  65, 195, 159,  15,  66, 132, 123, 156,  29],
  [ 95,  90, 143, 128, 139,  35,  76, 141, 135,  59, 107, 111, 184, 127,  25, 114, 177,  78, 134, 150,  16, 147,  63,  96, 151,  22,  52,  32, 148, 130, 121,  10,  50, 109, 160,  49, 194, 137,  38, 166,  21, 136,  57, 158, 163, 174, 145,  65, 175,  66, 157, 138, 149,  24,  85,  68, 172,  51,  67, 167, 106,  80, 154, 159,  39, 182, 153,  88, 142, 161, 169,  79, 118, 173,   9, 152, 140, 176,  20, 117, 119, 132, 170,  92, 126, 197, 156,   7,  93,  72],
  [ 76, 128,  90, 143,  35, 111, 127,  58, 109, 184,  62,  78,  41,  34,  20, 107, 139,  95, 118, 182,  89, 121,  43, 114,  92, 132, 166, 183,  42,  57, 186, 194,  46, 196, 134,  47,  85, 119,  24,  49, 130, 191, 125,  96,  60,   9, 141, 120, 131, 197,  19,   7,  21,   6,  44,  13,  38,  25, 148, 117, 116, 151, 179,  72,  75,  59, 147, 177, 123,  54, 188,  10,  50, 135,  97, 140, 129, 180,  22,  93, 195, 181, 145,  86, 126, 157, 167,  23,  36, 163],
  [141,  63, 145, 166,  76, 139,  43,  25, 130, 128,  48, 183, 135, 136, 147, 127, 106,  73, 134, 109,   9, 107,  31, 177,  70, 137,  69,  26,  92, 132,  85,  30, 140, 138, 165,  90, 150,  59,  72, 121,  10, 151,  52,  44, 146,  71,  86,   2,  39, 168,  38, 144, 103, 160,  93, 131, 102, 167, 175,  16, 148,  22,  47, 170,  27, 178,  87, 113, 119,  75, 158, 118,  13,  49, 174, 162,   7, 149, 123, 157, 133, 143, 108, 152, 176, 164, 181,  94,  78,  98],
  [ 32,  62, 197,  27, 118, 128,  41,  20,  61,  85, 143, 117, 180,  97, 132, 194, 191,  38,  19, 105,   6,  59, 196, 107,  75,  24, 114,  21,  15,  84, 129, 179,   5,  89, 100,  33, 112, 122,  22, 119,   1, 192,  31, 106, 145,  95,  37,   4,   8, 195,  45,  88, 134,  18,  13, 111,  74,  76, 116,  56,  28, 123,  10,   7,  91, 113, 101, 104,  11,  57,  12, 135, 141,  54, 109,  87, 120, 131, 184, 193, 115,  83,  90, 126,  17, 130, 121, 142,  99,  49],
  [ 59,  38, 122, 113, 127, 194, 128,  40,  74,  73, 118,   5,   1, 117, 139, 130,  32,  22,  75, 197,  30, 124,  89,  85,  52, 189,  17,  24,  15,  25,  27,  88,  93,  21, 119,  96,  31, 195, 141, 178, 145, 179,  98,  44, 121, 190,  33,  16,  99, 182, 123,  84, 108, 137,  13,  76, 135, 114, 166,  18,  23,   7, 181,  91, 131,   4,  83,  19, 115,  29,  20,  95, 193,   9, 110, 184, 192,  39, 125,  37, 180,  69,  77, 191, 120, 105,  54,   8,  61,  48],
  [ 59, 197, 194,  74,  40,  32,  15, 122, 178,   5,   8, 113,  27,  83,  61,  17, 189,  38, 118,  99, 181,  75,  18, 117,  45,  19, 115, 180, 124, 131,  13, 119,  23,  21, 114,   4, 179,  22, 112, 195, 193,  30,  29,  88,  91,  98,  24, 184, 191, 130,   7, 129, 192, 190, 101,  31,  60, 103,  77, 105,  84,   1,  85,  62,  44, 120, 100, 116,  46,  89,   6, 121,  33,  11,  95,  20, 145, 123,  73, 196,  96, 182,  16, 110,  14,  28,  39,  86,  97,  47],
  [ 32, 194,  59, 184, 128, 113,  85,  24,  22,  61, 118,  15,  95,  40,  21, 117, 114, 119, 189,   5, 193, 197, 139, 130,  31, 122,  74, 121,  27,  75,  13,  89, 110, 180,  19, 196,  90,  41,  97,  88,  20, 105, 179, 182, 106,  76,  16, 131,   7,  96, 195, 191,  37,  39,  17, 192,  38, 112,  10, 178,  84,  91,  23, 166, 127,   6,   4,  18, 132,  62,  29,  44,  30, 120,   1,  45, 181, 141,  87,  99,  83, 107, 135, 142, 129, 145, 124, 116,  93,  60],
  [128, 143, 139, 126, 135, 118,  59, 134, 145,  21, 138, 147,  76, 127, 107,  95,  28,  90,  38,  20,  33,  12, 117,  84, 114, 124, 130,  89, 197,  46, 132, 120, 121,  32, 131, 119, 141, 194, 111,  62, 123,  41,  44,  35,  22, 142,  54,   6,  85,   5, 125, 116, 195, 182,  57, 136,  29, 148,  13,  11, 191, 189, 169, 150,  19,   7,  75, 113,  88,  60, 129,  83, 151, 179, 137,  52,  15, 196,   4,  56,  61,  97, 192,  55, 140,  34,  96,  18,  49, 160],
  [ 90, 143, 111,  78, 139,  49, 141, 107,  63, 148, 135, 127, 151,  76,  50, 149, 128,  68, 109, 150, 174,  93,  66,  65, 157, 169,  95, 158,  52,  57, 172, 160, 163, 136,  79,  72, 173,  16, 147, 175, 137,  80,  96, 162, 153,  35,  92,  67, 152, 159, 161,  64, 170, 171, 156, 138,  81, 177, 140, 134, 154,  51, 176,  69,  25, 167,   9,  94,  12,  10, 155,  37, 142, 168,  54, 184,  59, 166,  55,  38,   2,  89, 145, 164,  41,  88, 126,  34, 121,  85],
  [143,  78,  90,  35, 151,  63, 148,  50, 157, 139, 107, 150, 149, 111,  92, 135,  66,  49, 147, 174, 163,  65, 109, 127, 158, 172,  57, 152, 160,  64, 153, 175, 141,  76, 136,  79, 161, 173, 162, 156, 171, 177,  68,  80, 169, 140, 159,  81, 170, 176, 167, 137, 138,  52,  67,  72, 154, 155,  51, 168,  69, 164, 134,  93,  10, 128,  95,   9,  94,   2, 166,  25,  53,  36,  43,  12,  55, 133, 146,  34,  54,  37,  16, 183,  82, 145, 126,  96, 186,  56],
  [143,  90,  78,  76, 139, 148,  57, 128,  12, 135, 109, 111, 127,  35,  95, 150, 147,  25,   9, 151,  50,  49, 141, 107, 157, 149,  92,  66, 169,  68,  65,  52,  96, 163,  72,  64, 174, 172, 158, 137, 134, 161,  63, 162, 138, 160, 140,  79, 173,  20,  93, 136,  80,  89, 153, 184, 159, 152, 156,  16, 167, 175, 126,  81,  34, 171, 177,  41, 170,  69,  67, 176, 183, 154,  43, 186, 145, 142,  51, 125,  36, 155, 121, 166, 124,  38,  94, 132,  46,  10],
  [143,  78,  90, 139, 111, 148,  35, 107, 151, 135, 147,  57,  50, 157, 149,  76, 150,  49, 141,  64, 163, 127, 169,  66,  92, 136, 109,  65, 158,  63, 161, 172, 174,  68, 152, 160, 153, 138, 162,  79, 140, 134,  95, 173, 156, 175,  12,  52, 159, 171,  80, 128,  81,  72, 155, 167, 137, 154,  67, 170, 177, 176,  51,   9,  69, 126,  93,  25,  36, 166,  54,   2,  55,  10,  94, 183, 168, 164,  41,  34,  43, 133,  16,  28, 145, 132,  20, 142, 146, 106],
  [143,  78,  90,  35, 148, 151,  50, 149, 157,  92,  64, 147, 139, 107, 150, 163,  66,  65,  63, 111, 172, 174, 135,  49, 169,  57, 158, 152,  76, 153,  79, 127, 162, 161, 160, 173, 140, 136, 175, 141,  68, 171, 156, 167, 109, 138,  80,  81, 170, 177, 159, 176, 155, 154,   9,  72, 137,  69, 134,  95,  51,  67,  52,  12,  36,  93,  43, 164,  94, 168, 128, 126, 183,   2, 133,  25,  34,  53, 186,  10, 166,  55, 146,  54, 125,  82,  41,  96, 188,  20],
  [143,  78,  90, 151,  35, 148,  50, 157, 149, 107, 147,  92,  64, 139,  63, 111,  49, 163,  66, 150,  57,  65, 158, 172, 153, 135, 152, 127, 174, 169, 160, 161, 162, 141,  79, 175,  76, 136, 173,  68, 109, 171, 156, 138, 140, 159, 177,  81,  80, 155,  72, 170, 167, 176,  69, 154, 137,  52,  67,  51, 164, 134,  12,  95,   9, 168,  93,  36, 128,  94,   2,  54, 166,  10,  43, 133, 183,  55, 126,  53,  34, 146,  25,  82, 186,  37,  41,  16,  56, 145],
  [143,  78,  90, 107, 151, 147,  35,  50, 148, 139, 157,  92,  49, 149, 127, 135,  64,  63,  76, 111, 141, 150, 153, 158, 163,  66, 136,  65, 160, 152, 172, 174, 109,  57, 138, 169,  79, 171, 175, 140, 173, 162, 161,  68, 159, 156, 137, 177, 167, 170,  69, 155,  81,  80, 176, 154,  72,  51, 128,  52,  67, 134, 164,  95,  93,  10,  94,   9,  43,  54, 166, 168, 183,  12,   2, 133, 146,  36,  34, 126, 145, 132,  55,  25,  53,  58,  37,  41, 106,  62],
  [143,  78, 139, 148, 147, 151, 135, 150,  50,  63, 141, 149, 136, 157, 162, 111,  35,  57,  90, 161,  66, 158,  65, 160, 163, 152,  64, 172, 174, 156, 153, 138, 127,  72, 155, 169,  68,  49,  76,  79,  92,  12,  52, 173,  81, 175, 159,  80, 140, 171, 134,   2, 137, 154, 107, 170, 176, 177,  67,  51,   9,  95, 109, 167,  55, 164,  36, 168,  25, 166, 126,  69,  43, 133,  93,  53,  16,  54, 128, 183,  38,  94, 146,  28,  82, 125, 145,  88, 142,  10],
  [143,  78,  90, 148, 139,  63, 151, 147, 135,  35,  50, 157, 107, 127, 149, 150,  49,  76, 141, 111,  66,  64,  92,  65, 136, 158, 163, 160, 172, 153,  57, 174, 162, 161, 169, 109, 152, 138,  79,  68, 173, 156, 137,  52, 140, 171, 175,  72, 159,  80,  81, 155, 167, 170,  69, 154, 177,  67, 134, 176,  51,  93,  12, 128,   9,  95, 164, 168,  94,   2,  36,  25,  43,  54, 166, 133,  53,  34, 126,  10, 146,  55, 183, 145,  16,  37,  28, 132,  96,  82],
  [143,  78,  90, 107, 148,  35, 151, 157,  92, 111, 109,  49, 149,  76,  50,  57, 139,  63, 163,  64, 150, 147,  66, 135,  65, 172, 127, 174, 152, 140, 136, 158, 153,  79, 161, 160, 169, 141, 173,  68, 175, 162, 171, 138, 167, 156, 159,  80,  81, 170, 128, 177,   9, 134, 176, 155,  69, 137, 154,  67,  12,  52,  72,  93,  51,  34,  95,  36,  94, 183, 126,  41, 164,  43,  10, 168,  25, 146, 133,  54,   2, 186,  53,  96, 132, 166,  55,  58, 145, 106],
  [143,  78,  90,  35, 151, 148,  50, 157,  92, 107, 111,  64,  76,  63, 149, 109,  57,  49, 163,  66, 150,  65, 147, 172, 174, 158, 152, 153,  79, 139, 169, 161, 175, 173, 135, 160, 162,  68, 127, 171, 141, 136, 167,  80,  81, 156,  72, 159, 177, 170, 140, 138, 176, 155,  69,   9,  52, 154, 137,  67,  12,  51,  93,  94, 164, 128,  95,  36, 134, 183, 168,  43,  25,   2,  34,  10, 166,  54,  53, 186, 146,  55, 126, 133,  41,  82,  96,  58,  37,  16],
  [143,  78,  90, 148,  35,  57, 109,  92, 151, 107, 157, 147,  64, 149,  76, 139, 135,  50,  49, 150, 163,  66,  65, 111, 141, 158, 172, 174,  68,  63, 152, 153, 162, 140, 169,  79, 136, 160, 173, 127,   9, 161, 138, 167, 171, 175,  12, 156, 159,  81,  72, 128,  80, 177,  52, 170, 134, 155,  69, 183, 154, 176,  67,  51,  43, 137,  95,  34,  36,  93,  41,  10, 164,  25, 168,  94,  54, 146, 126, 133,  62,  20, 132, 186, 145,   2,  53,  55, 166,  58],
  [143,  90,  78, 139, 148,  35, 147, 151, 135,  76, 111,  50, 127,  57, 157, 107,  49, 149, 109, 150,  64,  92, 141,  66,  63, 163, 169,  65, 158, 172, 162, 153,  52, 161, 174, 160, 138, 152, 136,  68,  79, 173,  12,  95, 140,  72, 156, 171, 175, 159, 134, 128,  80, 137,  81, 167,   9,  69, 155, 177, 170, 154, 176,  51,  67,  93, 126,  36, 166,  25,  43,  94,  34, 164,  54, 183,  55, 168,   2,  41,  20, 133,  10,  28,  53,  96, 145, 125, 146, 186],
  [143,  90,  78, 139, 148, 151, 147, 107, 135, 127,  63, 136, 157,  49, 149, 138,  50, 150,  35, 140, 111, 163, 160,  76,  92, 141, 153,  66, 158,  65, 152, 169, 161, 172, 174,  64, 162, 156, 137,  57,  79,  68, 173, 159, 171, 134, 175, 155, 128, 126,  69, 154,  81,  52, 170,  12, 109,  72,  80,  36,  51, 176, 133, 167, 164,  67,  54, 146,  93, 177,  43,   2,   9,  34,  94,  95, 168,  55,  56, 145, 183, 132,  41, 125, 166,  58,  53,  37,  25,  10],
  [ 78,  63,  90, 143, 151, 111,  50, 107, 157,  49,  92, 109, 148,  66,  57,  35, 174, 149, 152,  65, 172, 158,  76,  64, 163, 139, 153, 150, 175, 136,  79, 160, 162, 141, 161, 173, 171, 147,  80, 177, 170, 155,  81, 159, 135, 156,  68, 176,  72, 127, 169, 167,  67, 154, 137,  52,  51, 140,   2, 168, 138, 164,  10,  93,   9, 166,  69,  94, 134,  36,  54, 128,  95,  53,  12,  25,  43,  37, 183,  82,  16,  55,  34, 146, 133, 165, 126,  26, 186,  56],
  [143,  78,  90, 148, 147, 151,  35, 107, 157, 135, 149,  50, 150,  64, 163,  63,  92,  49,  66, 139, 140, 111,  65, 169, 172, 160, 152, 174, 153, 158, 161, 109,  79, 138,  57, 127, 173, 136,  68, 156, 171, 162, 175, 141, 167,  76, 159,  80,  81, 137, 170,  69, 134, 154,  52, 155, 176,  67,  51, 177,  94,  12, 128,  72,  93, 164,  95,  36, 133,   9, 146,  34, 168,  53, 126,  43,  54, 183,  55,  10,   2,  25, 132,  41, 106, 145,  37, 166,  82,  58],
  [ 35,  78, 143,  64,  50, 167, 148, 177, 149, 151, 163, 175, 157,  92, 172, 150,  66, 174, 147,  65,  79, 152, 158, 153, 173, 139, 176, 171, 170, 156, 169,  81, 161, 160,  80, 136, 162,  95,  63, 141, 107, 127, 140, 111,  76,   9,  90, 135,  68,  57, 159,  49, 155, 154, 168,  51,  25,   2,  43, 137,  67, 164,  10,  53,  72, 109, 138, 183, 134,  36,  69, 186, 166, 133,  52,  82,  93,  94,  16, 126,  55, 125, 187,  26,  12, 184,  58,  34, 146, 128],
  [ 35,  58, 177,  92, 175, 176, 107, 163, 152, 167, 151, 164,  50,  64, 183,  82,  10, 133, 157, 170, 153, 171, 174, 143, 172, 140, 149,  79,  66, 150, 127, 158, 169,  43,  70,  78,  65,   0,  80, 111, 173, 160,  42, 186,  68, 148,  94, 159,  36, 146,  81,  76, 168, 156,  57,  51, 184, 138,   2, 161, 154, 187, 109,  63,  67, 147, 104, 165,  31, 136,  72,  90,  71,  87, 137, 155,   3, 185,  53,  34,  95, 162, 139, 166,  49,  69, 128, 102,  25, 110],
  [ 36,   2,  63, 163,  12,  55, 111, 139,  53,  35, 164,  82,  50, 151, 156, 153,  80,  81,  90,  34, 149, 161, 160, 148, 133, 150, 143, 157, 172,  94,  68,  49, 170,  79, 174,  66, 142, 152, 138, 169,   9,  65, 159, 158, 187, 173, 155, 175,  92, 126, 154, 176, 162,  58, 171, 136,  96, 144,  64,  78, 140,  72,  57, 146,  42, 147, 186, 167,   0,  76,  46,  86, 137,  69,  14, 183, 168, 135,  29,  54,  33,  26,  44,  28, 177, 127,  98,  56, 107,  25],
  [ 42, 186,  35, 183, 184,  76,  92, 188,  25,  58,  78, 187,  71,  64, 167, 107, 104, 177, 102,  94, 185,  70, 143, 175,  90, 106,  95,  10,  82,  50, 171, 150, 163,  57, 152, 176, 128,  23, 125,  79, 114,  13,  86, 172, 151,  47,  34, 170,  66, 109, 174,  80, 157, 148, 161, 140,  65, 111,  36, 173, 147,  41,  60, 149, 182, 116,  43,  87,  68,   0, 153,   7, 169, 158,  96,  46, 196, 133, 103,   9,   3, 159, 126,  81, 193, 168,  20,  97, 160, 156],
  [143,  78,  35,  92, 148, 151, 157,  90,  50,  57,  64,  76, 163, 149, 150, 152,  66, 153, 172, 175,  65, 162, 174, 158, 161, 177, 127, 160,  79, 140,   9, 139, 173, 147, 156,  63, 171,  68,  72, 176, 138, 111, 136, 167, 155, 159, 170,  43,  80,  81, 109,  49, 137, 107, 164, 169, 141, 183,  36, 154, 186,  12, 133, 135, 168,  67,  51, 134, 146,  25, 126,  82,  69, 128,  10,  94,   2, 125, 166,  34,  53,  95,   0,  54,  58,  52, 188,  42, 187,  93],
  [ 63,  78, 143, 147, 148, 135,  90, 107, 151, 157, 149,  50, 150, 136, 139,  92,  49, 138,  64,  66, 169,  65,  35, 172, 152, 174, 161, 160, 153, 158, 163, 141,  79, 162,  69, 140, 173,  81, 156, 109, 171,  68, 127, 155, 170,  93, 175, 167,  80,  57, 111,  12, 159,  76,  52, 137,   2, 176, 154,  94,  51, 164,  36,  67, 177,  72, 134, 183,  43, 168, 146,   9, 128,  53,  25,  55,  95,  34,  54, 133, 166, 126, 145,  82,  26,  73, 132,  10,  16, 144],
  [ 35,  78, 143, 151,  50, 163,  92, 157, 149,  64, 148, 152, 175, 172,  63,  66, 174, 153,  65, 150,  79,  90, 158, 107, 177, 171, 176, 169, 160, 173,  68, 170, 161,  80, 156, 167,  57, 111,  81, 140,  49, 162, 159, 147, 164, 109, 138, 136, 154,  67, 139, 155, 127,  72,  94,  51, 168, 137,  82, 141,  76, 135,  53,   2, 133,  36,  10, 183,  58,  69,  93, 146,  95,   9,  43, 134,  52,  55, 186,  25,  34,   0, 166, 165, 128,  54,  16,  26,  12, 187],
  [143,  78,  35,  90, 151, 148,  92,  50, 157, 107, 163,  64, 149, 150, 147,  63, 152,  66,  57, 111, 172, 153,  65, 174, 158,  49, 161,  79, 175, 160, 140, 169, 139, 138, 136,  68, 171, 173,  76, 127, 156, 109, 162, 159, 135,  80,  81, 176, 167, 170, 177, 155, 164, 154,  72,  36, 141,  67,  51, 137,  94,  12, 134,  69,   2, 133,   9, 128, 183, 146, 168,  52,  43,  93,  95,  53,  55,  58,  82,  10,  34,  25,  54, 186, 126,   0, 166, 125,  41,  37],
  [143,  78,  90, 151, 148,  35, 107, 157,  63,  92,  50, 149,  64, 163, 150,  57,  66, 152, 172,  65, 174, 147,  49, 127, 153, 111, 109, 158, 139, 160, 161,  79, 175, 136, 169,  68,  76, 173, 162, 171, 135, 138, 156, 140, 159,  80,  81, 170, 176, 141,  72, 167, 155, 177, 137, 154,  67,  51, 164,  36,  69,  52,  94, 168, 134,   9,   2,  93, 128,  12,  10, 133, 146,  53,  34, 183,  43,  95,  25,  54,  82,  55, 166, 126, 186,  58,  37,   0,  16, 145],
  [143,  78,  90, 151, 107,  92,  63, 157, 148,  35,  50, 149,  64, 163, 109, 152,  49,  66,  57, 111, 150, 172, 153,  65, 174,  76, 158, 147, 175,  79, 160, 161,  68, 171, 127, 173, 136, 140, 138, 139, 162, 169, 177, 156, 159, 170,  80, 135,  81, 176, 167, 141, 155,  72, 137, 164, 154,  67,  51,  94,  69, 128, 168, 183,   9,  36,  93,  52, 134,  10, 146,   2,  12,  43,  34,  54, 133,  53,  25,  58,  95,  82, 166,  55, 186,  41, 126, 106,  37, 145],
  [ 78, 143,  35,  50, 151, 148, 157,  64,  90,  92, 149, 163,  66,  63, 172, 174, 152,  65, 150, 153,  57, 158, 175,  79, 161, 107, 169,  68, 173, 160,  49, 171, 111, 147, 162, 156, 109,  80, 176,  81, 177, 127, 170, 159, 167, 139, 136, 135, 155,  72,  76, 140, 141, 154,  67, 138,  51, 164, 137, 168,  94,  52,  69,  36,   2,  93,  10,  95,  53,   9, 134,  12,  82, 183,  25,  43, 133, 128,  55, 146,  34, 166,  54, 186,  16,  37,   0, 126,  26,  58],
  [ 35,  78, 143,  50,  64, 163, 151, 148,  92, 157, 149,  66, 172, 175, 174,  65, 152,  79, 167, 150, 153, 158, 173, 171, 177,  63, 161, 176,  80, 170,  90,  81, 160, 156, 162,  68, 169,  49, 111,  57, 159, 147, 107, 155, 154, 140, 168, 164, 136,  72, 109,  67, 139,  76, 141,  51,   9, 127,  36,  53,  94, 135,  69, 137,   2,  43,  82,  95, 138,  10,  25, 183, 186,  52,  93,  12, 133, 166, 134,  34,  55,  16,  26, 146,   0, 187,  54, 165,  58, 184],
  [ 35,  78,  50, 143, 148, 151, 150, 163,  64, 149, 157, 152,  92,  66, 172,  63, 174, 175,  65, 153, 160, 161, 158,  79, 156, 162, 177, 147, 176,  68, 173,  57, 171, 169,  80, 136, 139,  81, 170, 167, 155, 159, 140, 138, 141,  90, 154, 164,  72, 111, 135,   2,  51,  36, 107,  67, 168, 127,  49,  76,  95,  53,  82,  25, 137,   9,  43, 133, 183, 109,  94, 134,  52, 186,  55,  69,  12, 166,  10,  16, 146,  93,   0, 187,  26,  54, 126, 125, 128,  34],
  [ 35,  50, 175,  64, 177, 176, 163, 172,  78, 152, 174,  66,  65, 167,  79,  80, 170, 173, 162, 171, 153,  82, 149, 157, 148, 151,  81, 161, 156, 150, 158,  92, 186, 168, 169,  53,  72,  57,  68, 155, 160,  36,  25,  95, 159,  67, 164,  63, 154,   2,  51, 111,  16,  10,   9, 187, 143,  94,  43, 166, 141,  26, 183,   0, 147, 184,  49,  76, 136, 127, 140,  90, 139, 137, 133, 109,  52, 138,  70, 188, 107,  69,  55,  42, 102,  71,  93, 125, 135,  12],
  [ 15,  77,  40,   3,  74,  99,  98,  30, 178, 122, 112,   8, 189, 181,  17,  23, 102,  83,  48, 115, 187,  71,  13,  70, 185,  26,  16, 113,  60,  73,   5, 101, 103,  91,  18,  86, 184, 186, 190, 194,  45,  59,   4,  42,  25,  29, 166, 193,  38,  44,  31,  24, 180, 188,  47,  96, 105,  14,  69, 179,  19, 182, 124,  61, 191,  82,  46, 120,  27, 108, 192,   7, 131, 195, 130, 197, 114,   6, 116, 104, 125, 183,  75,  11, 165, 196, 144,   1, 117, 100],
  [ 74,  91, 101,  27,  45, 122,   8,  15,  17, 108, 193,  77,   5,  61, 119, 178,  73,  85,  40,  18, 115,  32, 100, 112,  99, 105, 191, 197,  83,  97,   4,  98, 192, 113, 194, 104, 196,  19, 180,  22,  14, 195,  30,   3,  48,  75,   1,  29, 117, 181,  21, 103,   6,  87, 179, 118, 144,  11,  84,  23,  31, 189,  39, 129,  33, 110, 116, 131, 142,  24,  60, 124, 190,   7,  41,  13, 120,  89, 185,  62,  37, 123, 130,  59,  88,  86,  44, 182, 132,  46],
  [ 27,  45,   8,  61, 112,  74, 105, 197, 180, 104,  91, 122, 103, 101, 194,  17,  19,  18,   5,   4,  75,  23, 191, 193,  99,  13, 115,  31,   3,  15, 181,  98,  83, 178,  97, 129,  87, 100, 196, 114, 119,   7, 131, 117, 190, 116, 118,   6,  30, 179, 192, 195, 189,  40,  32,   1,  14,  62, 106,  60, 185,  48, 102,  47, 120,  77,  85,  29,  24,  42,  71, 110,  70, 184, 124, 123, 132,  84,  20,  86, 113,  89,  22, 121, 182,  41, 130,  21,  46, 187],
  [ 74,  27, 100, 112,  87,  48,  24, 185,  77,  91,   8, 104,  30,  45,  31,   3,  40,  15, 105, 178, 181,  23,  61,  32,  97,  70,  85, 122, 103,  83,  73, 193,  71, 101,  14,  86, 165,  99, 180,  17,  18, 191, 108,   5, 192,  42,  19, 194,   4,  13, 196,  22, 184,  60, 179, 110, 115, 189,  26, 119,  16,  39, 102, 113,  98, 116,  82,  47,  10,   1,  96,  21,   7, 131,   6, 114, 197, 188,  29, 187,  94, 129,  75, 166, 195, 106, 117, 186,  62,  37],
  [ 74,  91,  77,  45,   8, 101, 178, 193,  98, 122,  48,  83, 105, 104,  40,  27,  17,   5,  42, 115, 194, 181,  99,   3,  13, 113,  18,  61, 112,  15, 103,  23,   4, 197,  30, 192, 190, 195, 108,  14,  22,  19, 185, 119, 179,  32, 191,  97, 189, 102,  29, 180, 196,  75,  85, 130, 131, 100,   6,  70,  31,  60, 116, 188,  73,  71, 117, 106,  47, 114,  21, 187,   7,  86, 124,  87,  59,  11, 165,  84, 129, 142, 123, 182, 118, 110, 184, 120,  44,  46],
  [ 91, 178,  70,  58,  30, 185,   8,  74, 187, 110,  45, 181,  98, 184,  39,  23, 104,  31,  61,  77,  27,  42, 103, 180,  47,  71,  48, 100, 102,  40,  75, 165, 105,   7,  13,  22,   3, 194, 190,   0,  29,  86,  18,  14, 189, 193,  17, 112,  99,   4, 115, 116, 179, 182,   5,  87,  97, 192,  83,  19, 195, 114, 188,  32, 186, 121, 197,  34,  25, 167, 191, 196, 113,  24,  43, 120, 131, 101, 183,  53,  46,  21,  82,  60,  36,  35, 130, 177, 168, 117],
  [ 86, 103, 187, 178,   8, 102,  14,  42, 104,   0, 106, 120, 125,  30, 116, 190,  45, 115,  29, 181,  23,  83,  71,   3,  60,  47, 144,   7,  18, 131,  77, 105,  98, 133,  91,  13,  17,   4,  70,  46, 146, 186, 121, 193,  74,  75, 195, 189,  25, 119, 124,  99,  58, 179,  43, 130, 182, 101, 188,  19,   5, 123, 183, 185, 180,  44,  22, 129, 132, 145,  40,  61, 197, 194,  82, 134, 100, 117,  27, 191, 112,   6, 192, 114, 110,  21, 126, 142,  26,  97],
  [ 58,  70, 104,   3, 185,  31,  87, 100,  91,  48,   0,  42,  82, 110, 165, 112,  77, 103, 178,  30, 187,  27,   8,  45,  74, 105,  10,  23,  86,  71, 102, 181,  97, 183, 186, 168,  61,  13, 184,  14, 177, 164,  47,  39, 101, 180,  92, 176,   7,  26, 193, 146, 116, 175, 179, 167,  18,   4,  53,  24,  19, 188,  17,  34, 133, 190, 170,  94,  99,  40, 108,  43,  36,  83, 191, 115, 196, 131, 192,  22,   5,  98,  35, 152,  60, 194, 107,   2, 171,  75],
  [ 91, 165,   0,  63, 168,  39,  58, 164,  48,  30, 176,  82, 187, 178,  77,  22, 175, 170, 110,  94,  74,  53,  70, 100,  56,  14, 185,  35,  10,  92,   2, 152,  86,  42,  34, 177, 171, 133, 155, 153, 167,  87, 154, 174, 163,   3, 108, 104, 103, 107,  80, 105,  79,  23,  36, 172,  31,  67, 102, 173,  50, 160,  66, 159, 137,  65,  71,   7, 161, 111, 157, 156, 101, 151, 181,  54,  47, 188,   8,  81,  93,  83,  76, 158,  51, 162, 146, 127,  43,  27],
  [ 77,  70, 165,  82, 187, 185,  48, 102,  30,   0, 178, 164,  74,  26, 168,   3,  16, 177,   2, 176,  91,  40,  53,  71,  42,  94,  39, 170,  98, 186, 175,  80,   8,  55,  81, 181,  63, 171, 188, 167,  72,  86,  14, 108, 174,  79,  23, 154, 166, 155, 110, 152,  93, 112,  47,  67, 172,  50, 173,  25, 103, 156, 104,  58,  65, 153, 161,  66, 133,  13,  87, 137, 184, 162, 159,  83,  51, 115, 160, 183, 163, 144, 190, 150, 158, 100,  64,  45, 105,  96],
  [ 77,  74, 108,  91, 178,  82,  48,  39,  40,  16,  70, 165,  53,   3,   2, 166, 168,   8, 164, 101,  11,  98,  30,  26, 137, 187, 112,  27, 181,  88, 185,  23,  83, 115,  72, 102, 155,  14, 176, 122,  45,  87,   0,  94,  67,  55,  99, 175,  22, 177,  15, 100, 144,  86, 113, 105,  25,  17,  71, 154, 133, 103, 188,   5, 142,  42,  32,  31,  63, 193, 162, 170,  18,  73, 186,  13,  80,  37, 190,  81, 156,  51, 152,  56,  59, 171, 192,  60, 153, 104],
  [ 74,  91,  27,  77, 101, 112, 178,  48, 105,  40,  45,  15, 122,   8, 108,  73,   3,  98, 113,  61, 115,   5,  17, 165,  32,  14,  39,  99,  70,  38,  18, 197,  88,  11,  85, 193, 144,   1, 104,  59,  22,  83, 192,  37,  97, 181,  31,   4,  16, 166, 191,  30,  13, 103,  33,  55,  19,  23,  75,  26, 180, 194, 195, 185, 117, 179, 106, 131, 164, 100,  60,  82,  87, 190, 129,   6, 189, 119, 130,  84, 110,   2,  44, 118, 196, 102,  71,   7, 124,  21],
  [ 74,  91, 122,  98, 101,   8,  17,  99,  27,  45,  83,   5, 193,  18,  40, 113, 192, 115, 181,  15, 178,   4, 112,  73, 105, 108, 197, 189, 194,  77,   3,  14,  23,  75, 191, 117,  30,  19, 190, 180,   6,  61,  32,  59, 195,  84, 119,   1, 103,  60, 104,  13, 129, 179,  22,  11, 118, 100, 124,  21,  33, 131,  48, 196,  85,   7,  31,  44,  38,  24, 116, 102,  97, 120, 182,  29,  86, 123,  46, 130, 114, 185,  89, 187,  47,  71, 110,  28, 126,  20],
  [ 27,  74,  45,   8,  91, 112,  61, 122, 104, 105, 101, 180, 193, 178,  17, 197,  98,  18,  99,   5,  15,   3,   4, 103,  31,  19,  77,  23, 115,  40, 191, 194,  83, 181,  75,  30, 192, 196, 100,  32, 189, 110, 190,  97,  13, 195, 129, 179,  48, 131,   6, 113, 117,  14, 119, 185, 116,  24,   7, 108,  87,  29, 118,  62,  85,  22, 120,   1,  86, 114,  84,  60,  71,  47,  70, 106, 102,  42,  21, 123, 187,  46, 124,  41, 130, 182, 184, 121,  73,  11],
  [ 74,  27,  91,  45, 101,   8, 122, 112, 178, 104,  77,  98,  61, 105,  17, 108,  99, 193,   3,  40, 197,  18,  83, 115, 180,  15,  32,  31, 103,   4,   5,  30,  19, 119, 100, 181, 191, 192,  22,  48,  97, 113, 195,  23, 131, 194, 144, 179, 129,  85,  11,  75,  14,  73, 110, 117, 190, 118,  62,   6,  87, 116,   7,  13, 196, 189,  24,  29, 120,  86,  60,  39,  21, 185,  70,  84, 130,   1, 123, 106,  33,  44,  71, 124, 114, 132,  47,  42, 165,  28],
  [ 74,   8,  45,  98, 101,  27, 112, 122,  17, 178,  77, 115,   3,  18, 193,  99,  83,  40, 197, 104,   5, 103,   4,  91, 105, 181, 113, 192,  19, 190, 119,  15, 195,  23, 180,  61,  14, 179, 191, 108,  11,  86, 144, 116, 189,  60, 194,  22, 117, 131, 124,  75,  13, 123,   6, 118,  30,   7, 129,  44,  31,  84, 120, 130,  85,  33, 100,  29,  73,  48, 102,  71, 185, 106,  32, 196,  46,  42,  28,  97,  70,  21,   1, 114,  24,  59, 125, 187, 188,  62],
  [ 74,  45,   8, 197,  27,  17, 101, 193, 191,  61,  18,   5, 115, 180,  19, 104,   4, 105, 122,  99, 112, 194, 192,  91,  83, 195,   6,  15, 178, 103,  75,  98, 196,  40,   3, 129,  62, 119, 117, 113,  85, 118, 181, 179, 189,  23, 190,  97,  13, 116, 100, 131,  32,  14,  84,  31,   7, 120,  60,  22,  21,  29,  41, 124, 114,  46,  44,  77,  86,  33, 123,  24,  11, 106,   1, 130,  20,  30,  48,  89,  59,  73,  42, 185, 108,  47, 121, 132, 144,  71],
  [ 74,  45,  27, 122,  91,   8,  98,  15, 101,  30,  77,  99, 112,  17,  40,  61, 193, 178, 180,  83,  18, 103, 104,   5,   3, 181,  23, 105,  48,   4, 115, 197,  19,  29, 100, 194, 113, 191,  97,  31, 192, 189, 110, 195, 185, 108,   1, 196,  75,  14, 190,  73, 131, 179, 119, 129,  22, 116,   6,  71,  86, 117,  60,  13,   7,  47,  24,  85,  87, 118,  32, 182, 120, 187,  21,  42, 124, 184, 121, 102, 114,  84, 188,  46, 130,  96,  11,  26, 144,  39],
  [ 27, 106,  74,  32,  45,  91,  61,  87, 110, 100,  31, 105,  97,  39,  77,  48, 101, 104, 112,  85, 108, 103, 165,   8, 178, 122,   3, 180, 197, 144,  15, 119,  37, 193,  19, 196,  11,  88, 142,  82,  40,   5,  10,  62,  18,  17, 146, 194,  58, 191,   4,   1, 185, 115, 118, 192, 114,  70, 129,  14,  99, 130,  75,  30, 145,   6, 195,  23, 131,  54, 132, 181,  22, 179, 116, 164, 117,  94, 133, 109,   7,  67,  84,  41, 113,  24, 123, 154,  83,  21],
  [ 45, 197,   8,  61,  15, 180,  17, 122,  27,  98,  18,  19,   4,   5,  99,  75, 193, 101,  74, 191, 105,  83, 194, 104, 181, 103, 112,  23,   6, 115, 189,  91, 190, 195, 118,   3, 192, 116, 129, 117, 119, 131, 196,  62,  84, 120,   7,  13,  97,  14, 178,  20, 179, 114,  29, 124,  60,  31, 100,  89,  30,   1,  46, 113,  32,  86,  47,  41,  21,  40, 123,  87, 121, 182,  42,  77, 132,  59,  85,  44, 130,  71, 106, 110, 187, 184, 125, 185,  24,  22]]]


