 [[143, 127, 142,  57,  90, 109,  52,  28,  85, 137, 126,  32,  41,  69, 138,  37, 107,  24,  34, 135, 128,  68, 146, 169,  12, 119, 100,  72, 140,  20, 147,  11, 118,  78, 139,  92,  93,  95, 132, 157,  94,  54, 134,  73, 155, 129, 122,  96, 145, 148, 153, 151,  76,  89, 123, 154, 161, 149, 160, 136,  21,  67,   6,   9,  88, 105, 150,  66, 133,  16, 159, 144, 172, 158,  65, 156, 152, 162,  49, 141, 131, 117,  84, 176,  10, 171, 174,  44, 173,  80],
  [ 11,  28,  12, 108, 122,  36, 139,  57,  72,  88,  32,  68, 142,  16, 138, 144, 136,  54,  33,   3, 125, 133, 135,  69, 143,  40,  34,   2, 127, 119, 148,  89,  56, 126,  84, 124, 197,  55, 150, 145, 146, 189, 132,   6, 134, 161, 169, 115,  99, 120,  10,  91,  44, 196, 151, 149, 123, 179, 118, 162, 156, 155,  63,  46, 113, 100,  37,  53,  73,  67, 128, 191,  21,  83, 137, 109, 141, 147, 101,  87, 159,  29, 110, 157, 194,  64,   8, 152, 158,  95],
  [ 89,   1, 100,  34,  58,  57, 109,  85,  76,  41,  28, 128, 143, 119, 126, 121, 104,  62, 142,   8,  91,  21, 134,  20,  33,  27, 102,  32,  54,  24,   9,  90, 118, 116,  11,  25, 194, 144,  60,  35, 105, 169,  23, 123, 191,   7,  68, 192,  44, 138,  38, 145,  73,   6, 166, 117, 147,  84,  19,  52, 129, 146,   4,  18,  83,  17,  45, 195,  37, 140,  46, 180, 196, 179, 154, 130,  14, 182, 190, 133, 197, 157, 155, 112,  78, 151,  53, 148,  12,  86],
  [ 48, 127, 107,  69,  37,   2,  15, 108,  94,  93, 137,  74, 169, 110,  55, 176,  10, 164,  39,  16,  87, 175,  68,  49, 142,  97, 168,  67,  72,  32, 101, 111,  56,  64,  50, 149, 174,  63, 161,  79, 172, 138, 155,  54,  90,  22,  66, 105, 165, 128, 154,  65,  51, 153,  81, 146,  92, 171, 196, 126, 158, 177, 173, 152, 159, 151,  61, 170, 157,  82, 188,  31, 156, 106,  95, 163,  40,  28, 160, 133,  80,  21, 185, 162, 114, 109,  78,  85,  11, 139],
  [110, 127,  72,  48,  97,  49,  56,  22,  94,  55,  39, 107,  51,  10,  69,  93, 111,  37,  50,  87,  67,  63,  90,  36,  32, 101,  54, 168,  74, 113,  21, 164,   2, 174, 175, 159, 188,  79,  65, 171, 158, 172,  81,  66,  84, 170, 153, 165, 173, 137,  31,  15, 176, 161,  68, 163, 155, 196, 151,  52,  61, 152, 154, 160, 149,   6,  64,  41,  85,  80,  78, 156,  12, 157, 169, 128,  33, 126, 162,  40,  59,  75, 193, 103,  11, 194,   5, 108, 105, 118],
  [ 72, 127, 110,  94,  48,  49,  55, 107,  51,  93,  97,  37,  10,  56,  67,  50, 111,  39,  63,  69, 164, 159, 168,   2, 174,  22,  87, 175,  79,  65, 171,  36, 165, 101,  90,  32, 172, 158,  54,  66, 153,  81, 170, 173, 176,  74,  68, 163, 161, 160, 149, 155, 137, 152, 151, 154, 156,  80, 113, 157, 169,  64,  78,  84,  31,  82,  61, 150, 188, 162,  52,  21,  15, 196,  95,  12, 108,  16, 126,  40,  27,  41,  85,  88, 105,   6, 136, 177,  92,  59],
  [110, 127,  97,  56,  72,  48,  49,  36, 113,  69,  22,  87, 107,  10, 101,  43,  51,  75,  55,  31, 188,  61,  74,  32,  63, 111,  39,  54,  94,  59,  50,  84, 103,  37,  67,   6,  21, 196, 168, 193,  15,  93,  90, 159,  41,  12, 164, 165,  81, 170, 158, 174, 171,  79,  33,  65,  27,  40, 175,  47, 194,   5, 118,  13,  99,  78, 172, 173, 153,  66, 163, 126, 191, 195, 151, 160,  85, 128, 105,  62, 149, 117, 180,   2, 189,  76, 152, 192, 156, 167],
  [ 22,  56,  97, 110, 113,  72, 188,  36,  21,  49,  55,  48, 101,  54,  84,  39, 127,  33,  38, 196,  62,   6,  74, 193,  75,  94,  90, 195,  32,  59,  99,  51,  61,  87,  76,  12,  83, 194, 107,   5, 111,  63,  41,   7, 191, 192, 197, 179,  93,  50,  31,  67,  10,  14,  11, 117,  69, 180, 103, 189,  43, 182, 118,  35, 178, 128,  40,  13,  15,  17,  85,  47,  52, 120,  19,  45, 181,  70, 116,   4,  18,  95,   2, 171, 159, 174, 190, 129,  79, 168],
  [ 94,  72,  48,  93,  49, 107, 110,  55,  10, 111,  51, 127,  37,  67, 168, 176, 175,  50,   2,  68,  39, 174, 164,  79, 169,  65, 172, 155, 171,  69,  97,  66, 161,  90,  64, 173, 159, 158, 153, 165, 170,  87,  32,  63, 152, 151,  81,  56, 154, 163, 157, 149,  80, 108, 101, 156, 137, 160,  78,  22, 162,  52,  15,  82,  16, 142,  95, 150,  54,  53, 138, 177,  92,  74, 109,  57, 188,  36,  31, 148, 167,  88,  85, 136, 106, 141,   0,  11, 135,  27],
  [ 69, 109,  12,   9,  85,   1,  26,  92,  78,  16,  37,  96,  10,  48,  34,  73, 177, 166,  25,  49, 185, 194,  54, 184, 186, 128,  90,  32,  24,  76,  31,   3, 175, 137, 111,  41,  71, 176, 127,  87, 165, 130,  58,  81, 122,  42,  13,  57,  66, 168,  52,  53, 112, 119, 102,  68,  64, 158, 173, 164, 172, 174,  20, 170, 153,  80, 191, 157,  40,  27,   6, 154, 135,  94, 151,  65,  79, 149, 159,  82, 106, 171,  50, 162,  99, 183, 152,  21, 143, 113],
  [102, 186,  25, 166,  71,  30, 187,   9,  96,  26,  70, 183,  95,  86, 165, 177,  73,  82,  16,  77,  98, 141, 185, 178, 147, 167, 181, 108,  23,  92,  42,  60, 145,   0, 112,  40, 184,   3, 170,   2, 136, 124, 168,  80, 162, 122, 139,  81,  24, 134, 132,   8,  39, 149,   1, 133, 150, 106,  53, 188, 140, 189, 148, 176,  29, 123, 175,  64,  47,  38,  43, 125,  79, 171,  46,  63, 190,  13, 172, 104, 156, 173, 114, 174, 131, 161, 130, 155,  66, 152],
  [ 35,  91, 141, 140, 106,   0, 142,  55,  36, 143, 133, 124, 131, 147, 145, 134,   8,  98, 114, 105, 187,  15, 126,  56, 146, 110, 150,  77, 148, 167, 122, 180,  27,  45, 115, 125, 132, 138,  43, 104,  82,  26,  30, 144, 101, 129,  47,  87, 103, 121,  53,  75,  88, 163, 112, 102, 190, 156, 107, 182,  51,  59, 179, 178,  58,  14, 149, 168, 120,  84, 135, 160,  24,  10, 152, 136, 161, 193,  19,  61,   5,  20, 192, 164, 116,  83, 155,  18, 176, 177],
  [ 26, 106,  43,   3,  96, 112, 103,  59,  91,  16,  47,  75,  82, 140,  24,  77,  98, 131, 141, 165, 167, 186,   9, 142,  71,  36, 111, 122, 129,  31, 185, 101, 102, 113, 166,  40, 184, 187,  58, 115,  15, 177,  27, 170,  53,   8, 146, 114, 104, 193,   0, 164,  17,  70, 168, 133,  13, 156, 188, 192,  78,  19,  30, 149, 130,   4,  99,  88, 116,   5,  55, 132, 190,  20, 160, 173, 153,   1, 176,  29,  65, 175,  81,  45, 136, 171, 158,  10,  51, 145],
  [ 55,  56,  39, 127,  51,  94,  72, 110,  22,  50,  67, 107,  49,  54,  63,  97, 161,  36, 164,  93, 169, 155,  52, 159,   2, 174,  37,  90, 111,  79, 171,  65, 172, 163,  68, 158,  48, 168,  66, 126, 153, 175, 154, 160, 152, 137,  11, 156, 151,  88,  87, 150,  38,  64, 173,  81, 157, 162, 108,  32,  80, 176, 149,  21, 170,  84,  74,  10,  95,  33, 138, 136, 101,  78, 147, 165, 135,  57,  12, 113,  61, 148,  82,  15,  28,  76,  92, 139,  69, 128],
  [110,  48,  97,  22, 188, 127, 107,  74,  87,  56, 101,  31,  10, 103,  94, 105,  30,  49,  93, 196,  61,  21,  39,  72,  55, 113,  47,  40,  15,  13,  70, 180,  51,  63, 168,  50,   5, 114, 194, 137,   6,  99, 192,  45,  84,  69,   2, 120, 185, 179, 129, 187,  36, 115, 178, 193, 128,  75, 165, 195, 117,  67,  32,  83, 175,  14,  43, 191,  17, 189, 184,   7, 164,  27,  79, 174, 170, 118,  18,  37, 108,  29,   4,  19,  81, 176, 116,  54,  41, 131],
  [ 48, 101,  61,  22,  74, 113,  97,  13,  58, 110,  75, 185,  31, 111, 105,  47,  69,  62,   5,  85, 193,  21, 165,  84, 112,  40,  54,  39,  15,  42, 188, 178, 189, 186,  93, 103, 196,  94,  45, 127,   7,  41,   6, 180,  70, 195,  99,  38, 191,  49,  24,  90,  37, 104,  55,  19,  71,  51, 194,  63, 126, 187,  30,   4, 182,  17,  29,  87,  43,  18,  56, 164, 114,  77, 117, 166,  27,   2, 197,  76,  10,  33,  32, 192, 177, 184, 115, 129,  23,  59],
  [109, 142, 143, 140, 108, 146, 134, 138, 177, 141, 137,  37,  57, 147, 145, 133, 144,   9, 102, 107, 176,  53, 106, 105, 148, 100, 126,  93,  92,  16,  68, 169, 135,  96, 166, 149, 139, 157, 121, 164, 185,   2, 132,  82, 161,   1, 136, 156, 130, 175, 131, 155, 152, 160, 153, 163, 172,  28, 150,  24, 165, 154, 104, 173,  66,  80,  65,  26, 119, 174, 151,  78,  64, 158, 170,  85,  94,  79,  52, 168,   8, 159,  77, 171, 111,  58,  67,  81,  50, 128],
  [127,  97, 110,  48,  22,  72,  49,  56,  69, 107,  55, 113,  21,  93, 101,  90,  87,  10,  74,  94,  54, 188, 111,  37,  32,  51,  39,  85,  84,   6,  41, 196,  36,  31,  50,  12,  67, 194, 128,  61,  63, 193, 168,  59, 103,  75, 164,  40,  33, 159, 174,  15,   5, 118,  81,  65,  79, 175, 126, 195, 117, 191, 158, 137, 192, 172,  66,   2, 170, 171, 165,  52, 173, 180,  47, 153, 105,  43,  13,  76,  99, 176, 163,  78, 184, 179,  17, 161, 151, 149],
  [127, 110,  48,  72,  97,  49,  94,  22,  56,  55,  39, 107,  93,  51,  10, 111,  50,  69,  67,  37,  63,  36, 101,  87,  90,  74,  54, 168,  32,  21, 164, 188,   2, 113, 174, 175,  79, 159,  65, 171, 172, 158,  81,  66, 170, 165, 173, 161, 153, 137, 176,  84, 163,  15,  68, 155,  61, 196,  31, 151, 149,  52, 160, 152,  80, 154,  12,  64, 156,   6, 169,  85, 157, 126,  40,  78, 128,  41,  33, 162,  59, 103, 108,   5,  75, 105, 150, 193,  88,  11],
  [127,  49,  72, 110,  48,  94,  93,  69,  97,  51,  39,  50,  67,  10, 111,  63,  55, 168, 107,  37,  87, 174, 175,  81,  79,   2,  90,  65,  22, 171, 164, 165, 172, 159, 170, 158,  56,  66, 173, 188, 176, 113, 153, 149, 163, 137,  36,  80,  78,  74,  68, 160, 151, 161, 156, 152, 101, 154,  64, 162,  52, 157, 155,  54,  32,  15,  31,  16, 169,  40,  82, 150,  21, 167,  12,  43,  95, 196, 177,  61,  26,  88,  59,  70, 136,  84,  92, 103,  85, 126],
  [ 72, 127,  69, 111,  49, 110,  51,  63,  43,  48, 107,  36,  94,  97,  50,  55,  59, 101,  39,  90, 165,  56,  75,  67,  10,  93,  87,  37, 159, 113,  31,  32, 164, 170,  65, 171, 158, 153, 160, 175, 168,  81,  52,  79, 174,  78,  22, 103, 151, 172, 163, 173, 149,  62, 155,  66,  54,  12, 137,  21,   2, 156,  74, 176, 152, 162, 128, 136, 154,  85, 126, 188, 157, 106,  80,  61, 161,   6, 167,  15, 139,  40, 135,  84, 129,  41,  47, 150, 146,  27],
  [ 56, 110,  97,  36,  22,  54,  33,  35,  76,  84,  72,  21,  43, 127,  75,  32,  62,  39, 197, 107,  27, 113,  51,  49, 101,   6,  59,  10,  41,  38, 118,  11, 128,  52, 193,  34, 194,   7, 159, 196,  85,  91, 126, 195, 180,  99,  87,  55,  90,  88, 117,  12, 188,  67,  17,   5,  61,  14,  50, 129, 191, 116, 160, 103, 151,  19, 105, 192,  45, 155,  83, 158, 163, 161,  31,  74,  89,  98, 135, 120, 153,   4, 179, 189, 171,  65, 156, 168, 154, 150],
  [110,  36,  56,  22,  97,  35,  49,  72,  39,  51,  54,  10,  55,  87,  50, 113,  52,  67,  48,  94, 159,  76,  90, 188, 171,  21,  43,  84,  63,  79, 168,  38, 173,  65, 127, 167, 158,  33, 174,  81, 163,  66,  75, 172,  91, 170, 153, 161, 196, 151, 107, 162,  80,  64, 155,  62, 152, 160, 164,  93,   2, 156,  78, 157, 154,  88, 111,  32, 150,  11,  68, 175,  59, 197,  99, 169,  95,   6, 149, 101,  37,  34, 176,  14,  27,  31,  30, 195, 193, 178],
  [ 48,  94,  49, 110,  69,  72,  10,  93,  39,  51,   2,  67, 111, 107, 127, 168,  37, 175,  50,  55, 176, 164, 174,  87,  79,  97,  63,  68, 171,  90, 172,  65,  66, 170, 173, 165,  64,  81, 158, 155, 169, 159, 153, 161,  22,  78,  54,  80, 163, 152,  32, 154,  56, 151, 149, 157, 188, 162, 156, 160,  16, 177,  52, 108, 101, 137,  92,  82,  31,  95,  74, 167,  53,  36, 150,  15, 196, 113,  21,  88, 185,  12,  70, 109,  11,  27,  41,  61,  40, 105],
  [ 69, 127,  56,  97,  54,  32, 110,  22,  84,  37,  48,  41,  90,  55, 126,  74,  49,  72,  94, 101,  11,  68,  21, 196,  51,  10,  15,   6,  85,   2,  67,  33, 108,  12, 107,  87, 155,  52, 113, 168,  50, 128,  28,  36,  39, 164, 175,  63, 118, 111, 122,  65, 117, 174,  31, 169,  61,  66,  34,  93, 172, 162, 158, 159, 176,   5,  81,  78,  40,  57,  79, 191, 149, 153,  88, 151, 173, 194, 179,  92, 157, 161, 171, 105, 193, 156, 154,  64,  99, 137],
  [ 94,  48,  93, 169, 175, 176,  50, 111,  39,  49, 161, 109,  64,  67,  68, 171, 168, 108, 174, 172,  51,  66,  80, 170, 164,  79, 155,  55, 173,  90,  65,   2,  63,  95, 153,  52, 165, 158, 154,  78, 166, 177,  69, 157,  53,  81, 152,  92, 163,  10, 162,  16,  37, 107, 151, 159,  82, 156,  25, 160, 149, 167, 185,  70,  88, 188,  57,  72,  77,   0, 186,  87,  22,  54,  11,  32, 150, 183, 148,  96,  28, 136, 184,  62,  97, 106, 187, 138, 110, 142],
  [109,   9,  85,  96,  69,  25,  73, 185, 119,  12,  34, 100, 121, 102,  90,  92,  41,  24,  89, 128,  37,  93,  57,  28, 108, 142,  68, 177,  29,  52, 194,   1, 137,  21,  94, 130, 186,  42,  71,  58,  48, 166,  54,  76,   8, 181, 169, 176, 127, 184, 187, 182, 175, 117,  60,  78,  16, 183,  20, 118,  46, 191,  77, 125,   6, 116, 157, 123,  53,  11,  66,  80,  17, 196, 192, 105, 126,  10,  81,  26, 164,  40,  32,  83, 172,  86, 143, 107, 138, 174],
  [  2,  39,  95,  94,  72, 108,  93, 110,  63,  51, 168,  67,  48, 188,  55,  70, 150, 147, 127,  79,  50, 174,  87,  81, 175,  49, 170, 149, 111, 169, 155, 176, 165, 172, 162, 171,  82, 161, 141,  65,  64,  80,  15, 136,  74,  66, 173, 156,  68,  56,  22, 163, 186,  16,  30, 152,  97,  40, 107,   0, 164, 187, 139, 178, 158, 148, 160,  36, 154,  35, 167, 153, 151,  77, 113, 138, 159, 157, 133, 101,  38,  11,  88, 177, 166, 124,  53, 132, 125,  10],
  [ 91,  36,  27, 143,  35, 141,  55,  88,  10,  56,  51, 110, 106,  87, 160, 159, 126, 163, 147, 150, 156,  67, 140,  37, 153, 152,  32, 168, 158, 155,  50,  57, 167, 151, 154, 161, 164, 107, 171, 148,  65, 135, 173, 149,  53, 157, 133,  79,  43,  75, 172,  82,  64,  66, 134, 170,  59, 142, 136, 114, 176, 105, 175,  80, 174,  61, 138,  49,  68,  72,  78, 165, 169, 162,  33, 122, 112, 139, 146, 145, 111, 127,  15,  81,  58, 177,  16,   8,  84,  11],
  [ 97,  85,  22, 127,  21,  41,  90,  54,  72, 110,  62,   6,  49,  32,  84,  56, 128,  48, 101,  93,  33,  12, 118,  76, 194,  34,  94, 113, 196, 195,  55, 119,  69,  52,  37, 111, 107, 126, 191,  10, 193, 117, 192,   5, 188, 116,  51,  39,  89,  36,  11,  31,  28,  75,  17, 109,  74, 180,  67,  68,  19, 179,  50,  20, 100,  83,  99,  59, 103, 137, 159,   7,  65,   4,  44,  78,  38,  14,  18, 182,  66,  57, 158, 105, 153, 164, 120, 174, 197,  29],
  [ 22,  21,  97,  93,  48,  94,  90, 127,  54,  39,  85, 128,  49, 196, 188,  41,  62,  69, 108, 110,  72,  12,   2,  84, 107, 113, 101, 111, 169,   6,  73,  56,  52,  63,  74, 182,  55,  38, 195,  68,  32, 137, 119, 194, 192,  50, 100, 181, 117, 118, 179,  83,  37,  29,   5,  67,  33, 191, 121,  31,  28, 185, 105, 109,  40,  10, 174,  86, 175,  30, 164,  51,  76,  34, 116,  79,  66,  65, 176, 120, 172,   7, 103, 126,  11,  42,  81,  14,  87, 173],
  [ 94,  39,  48,  49,  63, 168,  50, 165,  67, 175,   2,  69, 170,  79, 174, 176, 171,  51,  93,  81, 127, 172, 164,  37, 161,  66,  64,  80,  65, 154, 173, 155,  87,  95, 158, 153, 149, 159, 152, 169,  72,  10, 162, 163,  68, 177, 107, 156, 110, 166, 160,  92,  82, 111, 157,  52, 151,  78,  16,  90, 108, 137,  74, 150, 167, 186,  22,  97,  55,  70,  15,  53, 136,  88,  32,  56,  54, 148, 147,  77, 188, 113, 184,  40, 185, 141,  26,  11,  61,  27],
  [ 51,  67,  72, 171,  50, 155,  10, 160, 159, 141, 158,  39, 110,  94, 168,  49,  87, 156, 153, 149, 152, 162, 154,  79, 163, 173, 164, 172,  65, 151, 170, 147, 150, 174,  91, 165,  35,  66,  88,  64,  95, 161, 176, 175, 166, 157,  63,  81, 107,  80,  78, 136,  37,  56, 106,   2,  82, 167,  27,  15, 111,  55, 139,  52,  68, 148,  36, 140, 127,  48,  16,  93,  97, 126, 169, 177, 138, 143, 135, 137,  57,  90, 133,  32, 146,  43,  92, 142,  31,  11],
  [ 56, 110,  97,  36,  91,  75, 196,  84,  59,  15, 180,  43, 188,   6, 193, 103, 101,  35,  33, 194, 113, 195, 116, 192, 120, 115,  19,  41,  98,  17,  45,   5,  72, 131, 179,  47, 191,  22,  14,  31, 122,   4, 118,  99, 126, 125,  20, 129, 117,  55, 127, 197,  74,  61, 105, 124, 182,  83,  18, 189,  10, 190, 107, 114,  30,   3, 132,  21,  89, 106,  24, 145, 133,  34, 121,   7,  32,  27,  13,  29,  87,  54,  44,  40,  46,   8, 142, 104, 144, 128],
  [ 69,  10,  31,  97,  49, 184,  43,  72,  62,  48,  87, 188, 109, 167,  78, 186,  41,  34,  32, 193,  35, 183, 113, 112, 122,  75,  20,  24,  90, 165, 111, 110,  85,   6,  27,   3,  94, 196,   9, 197, 103,  71,  99, 166,  76, 181, 185,  19,  16, 170, 171,  47,  40,  61,  26, 189, 194,  81,  95, 191, 180,  12,  50,  59, 106,  44,  73, 173, 127, 168,  60,  64,  92,  80,  51, 192,  70, 174,  14,  13,  79, 175,  86,   7,  65, 129,  66,  42, 172, 177],
  [ 89, 197,  44,  46, 121, 195, 116,  75,  86,  60,   7,  62, 120, 181, 123,  34,  23, 180, 190, 191,  43, 179,   4,  19,  29, 119,  17,  98,  18,   6, 188, 194,  58, 125, 182,  20, 192,  21, 117,  83,  41, 132,   5, 100,  14, 196, 189,  47,  59, 193, 124, 131,  76,  99,  33,  35, 130, 104, 118, 183, 103, 128, 115,  45,   3,  73, 184, 122,  36, 129,   9, 102,   1,  42,  24,  84,   8, 145,  71,  85,  30, 113,  28, 112,  22, 186,  40,  25,   0,  12],
  [182, 195,  75, 121,  58,  43, 116, 180,  23, 196,  47,  86,   7,  89,  46,  44,  41,  62,  60,  19, 191, 192, 181, 183,  29,   1, 194,   4,  34,   6, 190,  98, 112,  17,  59,  18, 179, 120,  91, 113, 197,  20,  99, 193,  21, 117, 189, 103, 188,  35,  33,   9,  14,  30,  84, 101,  76,   5,  71,  45, 184,  73, 186,  83, 119, 130, 128, 124, 185, 104, 115,  36,  85,  22,  42,  56,  97, 118, 100, 125, 131,  38, 123,  24,  31, 102, 129,   8, 178,   3],
  [  9, 112, 133, 144, 145, 166,  57, 142, 102, 106, 119,  44, 139,   3,  89, 134,   1, 109,  24, 140,  28, 122, 124, 130,  96,  41,  60,   8, 138,  25, 123,  85,  91, 104,  34, 132, 141, 146, 116, 100,  73,  98, 125,  71,  20,  46, 121, 136,  92, 155,  23,  43,  17, 108, 131,  19,   4, 162,  18,  86,  29, 129,  76, 135,  11, 118, 120, 186, 147,  12,  27, 177,  33,  77, 190, 197,   0,  15, 193, 115, 117,  13,  38,   7, 196,  42,   6,  53,  26,  59],
  [ 56, 126,  36,  84, 124,  33,  91, 144, 131, 105,  59,  83, 125,  55, 129, 196,   5, 192,  75,  45,  15, 110, 179, 118,  28,  22, 117,   6,   1,   0, 190,  17, 101, 195, 115, 191, 193,  14,  20,  18,  58, 142,   4,  32,  99, 182, 104,  11, 194, 146, 145, 116, 120,  89, 128, 134,  98,  74,  21,  12,  19, 189, 197,   8, 108, 121, 133, 130,  27,  88, 114, 123,  61, 107, 113, 138,  54,  46, 122, 103, 180, 132,  44,  38,  97,   7,  41,  13,  29, 141],
  [ 52,  38,  88, 162,  55,  35, 169,  51,   1, 155,  68, 141,  39, 158,  73,  54, 154,  57,  11, 164, 160, 159, 161,  66, 151, 153, 173, 150,  80, 157, 156, 163,  50, 171, 172,  65, 152,  67,  64, 174, 176, 168, 166, 148,  79, 147,  90,   2,  77,  81, 111,  58,   0,  53,  94,  91, 136,  49, 175, 170, 134, 149,  78,  22,  76,  63,  28,  72,  95, 138, 167,   9,  62, 135,  25, 100, 139, 108, 143,  89, 142, 109,  82,  93, 178,  33, 183, 126,  92,  10],
  [ 93,  55, 127,  37,  94,  48, 126,  90,   2, 107,  49, 110,  97, 164, 108,  56,  54,  22,  68,  67,  72, 169,  51, 142,  39,  50, 175, 176, 105, 174, 168, 101,  15,  65, 137, 111,  74,  84, 159, 172,  79, 149,  66,  10,  32, 155,  69, 161,  52,  41, 153,  81, 158, 196,  63, 157, 173,  21, 171, 163, 156,  12,  85, 154, 170, 152, 160, 151,  80, 138, 165,  64, 162,  78,  11,  92, 177,   6, 146,  87, 128,  57,  82,  28,  33,  61,  16, 185, 118, 113],
  [ 69,  43,  10,  87,  31,  49, 110,  72,  48,  97, 127,  78, 113,  26,  75, 167,  76,  27, 168, 165,  81,  91,  34,  51,  12, 188,  41,  32,   3, 122,  37, 106, 170, 158,  50, 184, 173, 111, 107,  54,  63, 103, 171,  61, 194, 174,  65, 175,  85,  79, 159,  90,  92, 193,  59,  36,  66,   6, 151,  94, 172,  24,  67,  80,  99,  13, 196, 153, 162, 164,  64,  47, 176, 149, 152,  62, 109, 186,  52,  56, 177, 160,  35, 112,   9, 163, 157,  16,  20, 166],
  [ 94,  97,  22,  48,  39,  49,  90,  36,  93,  56,  63,  50, 110,  72,  51,  67,  55, 111,  21,  76,  70, 175, 170, 171, 174, 188,  62,  81,  79,  80,  10,  37,  65,  66,  12, 168, 185,  64,  78,  69, 113, 173, 172, 164,  52, 196, 184,  95, 158,  41,  85,  68, 165, 176,  61, 107, 159, 169,  32,  84, 161,  33, 127, 195,  87,  54,   2,  38, 153,   6,  31, 186,  75, 157, 152, 183, 167, 163, 162, 191,  13, 154,  74,  42, 193,  92, 101,  11,  47, 151],
  [ 69, 194,  85,  21, 113, 181, 191,  12, 196,  31, 195,  73,  97,  29, 188, 182,  22,  41, 130,   6, 121,  34,  99, 180, 119,   1,  90, 128,  40,  48, 183,  13,  86,  62,  42,  76,  89,   7,  38, 185,  72,  19, 117, 189, 116,  54, 192,  46,  44,  17,  71,  30,   4,   9,  47, 118,  18,  20, 184, 186,  60, 193,  23,  70,  74,  75, 120, 179,   3,  43, 103,  58,  61,  59,  25,   5,  96,  14, 197, 100, 127,  83, 101,  87, 112, 125, 109,  45,  24,  33],
  [127,  49,  10,  72, 107,  50,  93,  90,  55,  94,  67,  51,  87,  37, 110,  65, 158,  69,  48, 159, 172,  66, 111, 126, 163,  79, 173, 168, 174,  81, 153,  56, 164, 171, 175,  78, 157, 149,  97, 151, 143,  52, 176,  68, 160,  80, 109, 152, 156,  64,  63, 170, 161,  22,  36, 154,  32, 150,  92, 162,  39, 148, 137, 155, 169, 135,   2, 167, 128,  53,  57,  16, 165,  88,  54,  21,  35, 138,  82,  76, 146, 136, 177, 106,  12,  85,  41, 142,  91, 140],
  [110,  48,  94,  72,  39, 127,  49,  51, 107,  97,  55,  22,  93, 111,  63,  67,  50,  87,  56,   2,  10,  37, 168, 175,  69, 174, 164,  79, 171, 165, 170,  90, 101,  65,  36, 176, 172, 159, 161,  54,  32,  66,  81, 158, 155, 173, 153,  74, 169, 163, 188,  80, 152,  52, 113, 154, 137,  68, 151, 160,  64, 108, 156, 149, 157,  31,  21,  61,  78, 162,  84,  15,  95, 150, 105,  82, 167,  40,  88,  11, 196,  27, 103, 136,  70, 177,  92,   6, 193,  33],
  [110,  97,  48,  49,  56,  22,  72, 127,  10,  94,  55, 107,  69,  32,  51,  36,  90,  54,  21,  50, 111,  37,  87,  39,  67, 101,  63,  93, 188,  31, 164,  84, 159, 168, 175,  85,  41, 174, 171,  65,   6, 158,  61,  79, 196,  66, 172, 113, 128,  78, 173, 153,  74,  62,  12, 170,  33,  68, 194,  52, 163, 176, 151,  81, 161,  64, 126,  27,  75, 165, 137, 152, 169, 154,  80, 155, 157,  76, 160,   2, 118, 105, 191, 195, 103, 180,   5, 156, 193, 149],
  [ 94,  48,  69,  22,  39,  49,  54,  90, 110,  97,  63,  21,  72, 127,  56, 111,  93, 107, 113,  50,  12,  55,  51,   2, 188,  85,  67,  87,  10,  62,  32,  76, 175, 174,  52,  37, 101, 171,  79,  84, 164,  81, 128,  38,  66, 165, 170,  31,  68,  65, 196, 172,   6, 173, 158,  78, 159, 169,  74,  41,  61,  64, 168,  70, 137,  80, 176,  36, 153, 108, 161, 195,  33, 154, 194, 151, 163, 191, 157, 185, 162, 155,   7,  11, 152,  95,  40, 118, 183,  99],
  [165,  94,  39, 168, 177, 170,  82, 175,  48,  50, 166,  80,  63, 176,  81, 171,  79,   2, 174,  64,  70, 172, 173, 164,  67,  95,  66,  92,  16, 154,  51, 161, 152,  25,  65, 158, 169, 149, 156,  26, 159,  77, 160, 153,  49, 163, 155,  69, 108,  37,  68, 162,  87, 157, 150,  10, 167,  53, 137, 186, 141, 151,  78, 187, 185,  93, 107, 178,  52,  96,  71, 147, 111,  30,  88,  27, 183, 136,  74, 148, 184, 102,  73,  13,  42,  61, 106,  40,  55, 114],
  [  1, 102,  25,   9,  73, 183,  60,  98, 145,  71,  86, 130,  23,   3,   8, 166, 144,  44, 134, 181,  34,  43,  46, 112, 147, 100, 190, 124,  96,  35,  24, 121,  58, 140, 123,  30, 132, 186, 131,  14, 119, 197, 133,   7, 141,  76,  29, 139, 104,  89, 116, 146, 187,  26, 189, 109,   4, 129,  20, 106, 136, 178, 184, 120, 125, 143, 135,  17,  91,  18,  62,  47, 182, 115, 148,  12,  42,  19,  45, 167, 138, 185, 103,  13, 122,  38,  99,  28,  70, 177],
  [  1, 102,  25,   8,   9, 124, 134, 112,  60,  23,  98, 130, 145, 183,  86,  71, 144, 190,   3,  58,  73, 166,  46, 104, 123, 187, 121,  44,  89, 133, 131, 125, 197,   0, 181,  77, 147, 141, 140,  91, 178, 132, 100,  29, 186,  30, 114, 182,  24,  96,  18, 115,   4, 106,  45,   7, 116, 120,  14, 129,  28, 142, 189,  42, 119, 139,  20,  17,  19, 146,  83,  26, 185, 179, 122,  35,  13,  38,  47, 143,  34, 138, 136,  99, 177,  70, 108, 180, 192, 148],
  [  1, 134, 124,  89, 102, 144, 133,   8, 121, 145,  25, 123, 142,  28, 125, 130,  44,  60, 100, 122, 190,   9, 140,   0, 141, 147, 131,  46,  98, 132, 119,  24, 139,  91, 104, 115, 138,  23, 143, 146,  86,  73, 120,  29, 197, 112,  11,  58,  77,  14,  18, 116,   3, 114,  57,  20,   4, 178,  83,  17,  45, 118,  33, 187,  19, 179, 189, 117,  35, 129, 182,  38, 135, 181,  42,   7,  84,  34, 148, 192,  71, 136,  88, 126,  96, 105,  99,  30,  59, 191],
  [  1,  89,  91,   8, 102,  98,   3, 112,  24, 197,  20, 190,  23,  58,  35, 134, 124,  27, 145, 122,  19, 100,   4,  60,  34,  46, 121,  45, 180, 130, 143, 104,  99, 116, 194,  18,  75, 115, 131, 118,  17,   7,  44, 114, 123,  33,  28, 191, 129, 119,   0, 132, 179, 144,  14,   9, 133,  62, 125,  59,  83, 189, 193, 117, 192,  25,  57,  43,   6, 182, 120,  84,   5,  38, 141, 195,  29,  71, 181, 140,  76,  11, 105,  41,  36,  13,  32,  86, 184,  61],
  [  9, 109, 102,  96,  25, 121,  73, 142,  24,  71, 100,   1, 130, 119, 185,   8, 183,  89,  26,  58,  60,  34,  44,  29, 106, 186,  86, 122, 134, 144,  42,  46, 140,   3, 112, 104, 133,  85,  41,  77, 145, 116, 132, 181,  30,   0, 131, 146, 125, 166,  57,  20, 114, 123,  16,  23, 187, 177, 184,  18,   4, 120, 124,  28, 192,  19, 115, 180,  17, 182,  98, 143, 129,  47, 196, 117,  92, 191, 179,  53, 128, 141,  45, 105, 190, 194,  82, 138, 118,  14],
  [ 56,  91, 197, 193, 124,  89,  33,  14,  84,   8, 192, 114,  45, 179,  61,  97,   1,  17, 115, 190, 104,  19,  83,   4, 113, 117,  42,   6,  99,  98, 123, 191, 112,   3, 101, 116,  18,   7,  36, 180,  23, 118, 178,  60, 120,  74,  75, 196,  24, 125, 122,  41,   5,  46,  44,  11, 194,  13,  86,  15, 189, 187,  22,  35,  54, 182,   0, 105,  27,  34,  20, 110, 195, 131, 103,  59,  28, 129, 133,  77, 188,  47,  29, 130, 144,  32,  31,  43,  38,  88],
  [141, 142, 144,  77, 140,  91,   8, 147, 133, 106,  82, 134,   3, 146,   0, 114, 124, 102, 131,  15, 145, 150, 138,  26,  27, 104, 105,  16,  96, 100, 136,  30, 115, 177, 108, 139,  88,  36,  43, 130, 156, 160, 148, 112,  53,  98, 122, 135, 178, 132, 165,   1, 143, 152, 149, 154,  95, 103, 169, 164, 129,  45,  35, 159,  70, 163, 137,  37,  57, 176,  59, 166, 161, 167, 153, 187,  23,  80, 170,  55, 168, 125, 157,  47, 107, 151, 158, 126,  58,   4],
  [ 35,  43,  75,  36,  62,  47, 197,  56,   7,  76, 110,  59, 188, 195, 193,  98, 182,  86, 190,  58,  23,  22, 113, 167,  97,  14,  19, 180, 112,  91, 116, 103,  33, 191,   6,  99, 192, 183,  84,   4, 181, 189,  17,  46,  61, 120,  18,  42, 196,  60, 178, 179,  44, 194,  21,  45, 104, 124,  83,  20, 184, 101,   5,   0,  89,  41, 117, 115, 187, 186,  38, 126, 131,  29,  71,  70,  13,  31,  34,  30, 118, 129,   3, 125, 111, 123, 121,   1, 132,  95],
  [  9, 102, 106, 109, 112, 140, 166, 145,   1, 122,  91, 143, 141, 132, 147, 134,  43,   3, 133, 167,  26,  24,  35,  71, 139, 131,  57,  53,  27, 184,  16, 148,   8,  98, 177,  20, 146,  96, 142, 136, 104, 186,  92, 135,  78, 129,  82, 138, 183, 130,  60,  44, 100, 121,  34, 150, 185, 197,  25,  58,  23,  10, 125, 149, 165, 124,  64,  19,  75,  31, 116, 187,  15,   0, 190, 103, 156,  47, 144,  95, 152, 114,  46,  88,  80, 157, 162, 160,   4,  59],
  [ 69,  72,  12, 127,  49,  54,  78, 107,  37,   2,  41,  63,  43,  32, 137,  90, 109, 110, 169, 138, 139,  39,  93,  56, 151,  34,  36, 133, 135, 111, 136,  81, 159, 157, 174,  67, 149,  65,  68,  85, 128, 153,  79,  66, 158, 146,  64, 172,  94, 175, 154, 160, 156,  57,  76, 152, 171, 173,  97, 162, 163,  10,   6,  50, 176, 155,  80, 170, 108, 161,  51,  15, 168, 164,  21, 113, 140,  96, 165, 196, 132, 147,  92, 144,  52,  82, 150, 122,  20, 148],
  [127, 142, 126,  93,  72, 146,  55,  97,  90, 121, 107,  56,  41, 140,  12,  85,  21, 133,  37, 194, 110,  74, 125, 144, 128,  84, 182,  49,  22, 101,  59,  48, 120, 118,   6,  69, 180, 119, 195,  15, 138,  29,  26, 137,  10, 117, 143, 139, 113, 131, 149, 135,   2, 196, 130,  54, 111, 164,  33, 159, 122,  89, 134, 116, 132, 105,  58,  65, 188, 191, 148, 109,  94,   5,  87,  81, 106,  40, 193,  91, 136, 153, 158, 157,  31,  16, 141,  67,  17,  34],
  [ 49,  55,  72,  90, 110,  22,  94,  36, 127, 111,  51,  97,  48,  50,  93,  56,  10, 107,  39,  67,  63,  69,  65,  87,  79,  52,  37, 174, 158, 164, 159, 171,  66, 172,  81, 163, 175,  21, 173, 168,  78, 153, 170,   2, 161,  54, 176, 151, 157,  80,  68,  32, 152,  64, 155, 126, 160, 169, 156, 149, 188, 154, 167,  35, 162,  41,  76, 143,  62,  12,  84,  33, 150, 165, 128,  88,  85, 148, 196, 109,  92,  57, 101,  31,  43,   6, 195, 137, 184,  53],
  [ 39,  94,  51,  55,  63,  72, 110,  22,  50,   2,  49,  93,  56,  67,  48, 111, 127, 164, 155,  52,  36, 161, 174, 168, 175,  54,  79, 171,  90, 159,  65,  81, 170, 172,  66, 162,  97, 153, 107, 158, 154, 152, 176, 169, 163,  80, 173, 151, 156, 160,  95, 113,  38,  37, 108,  68, 157, 101, 149,  64, 165, 150,  11,  74,  69,  88,  87,  21,  84, 137,  78,  10, 136, 188, 126,  82,  33, 177,  92, 167,  15,  77,  70, 178,  12,  61,  76,  32, 148, 138],
  [ 69, 110,  10, 127, 168,  87,  67,  49,  16,  72,  68,  63, 164,  88, 154, 155,  51, 175, 158, 153,  32,  50, 171,  64, 161, 159,  37, 174,   2, 162,  39, 149,  66, 172,  48, 156, 160, 173,  79, 151,  81,  54, 152,  91,  56,  65, 176,  94, 137,  27, 165, 170,  11,  78, 136, 113,  82, 163, 169, 157,  80, 107, 122, 135, 188,  36, 141, 166,  53, 139, 150,  92,  12, 111, 177, 108,  26,  74,  52,  55,  40,  31, 138,  57,  15,  97, 167,  95,   1, 133],
  [ 25,   1, 183,  35, 102, 147,   9,  62, 144, 100,  57,   3, 141,  95,  23, 134, 106,   8, 142,  44, 197,  58,  98,  86,  43,  73, 124, 166,  60,  96, 108, 109, 148, 169,  76, 129,  28, 138, 181,  34,  82, 140, 130, 136, 145,  89, 116, 167, 139,   0, 154,  46, 146,  20, 135, 190,  71, 132, 112, 133,  53,  12, 143, 155, 162,  77, 152,  91, 131, 151, 160, 150, 157,  64,  78, 156, 125,  70, 182,  16, 121, 161,   4, 104, 153,  18, 119,  14, 163,  63],
  [102,  25,   1, 166,   9, 183, 112,  71, 147,   8,   0, 134, 106, 186, 145,  86, 124, 187, 141,  23,  98, 140,  60, 181,  73,   3, 130, 190,  26, 167,  53,  58,  35, 131,  95,  77, 177,  96, 178, 104,  70, 136,  44, 132, 133, 148,  46, 143,  43, 123, 144, 139,  16, 185, 108,  30, 197, 129, 184,  82, 135, 125, 109, 150,  62, 114, 100,  47, 146, 138, 182, 121,   7,  91,  88, 142,  18,  38,  29,  24,   4,  92, 165, 189,  80,  45, 115, 170, 103, 116],
  [  1, 102,   9,  25,   8, 112, 109, 134, 121,  89,  60,  71, 130,  73,  24, 145, 100, 166,  58, 183,  23,   3,  86, 124,  44,  98,  96, 140,  34,  46, 133, 123, 104, 119, 144, 122, 181,   0, 190, 132, 143, 125, 141, 186,  57, 187,  20, 142, 131, 147,  91, 106, 116,  29,  26,  28, 197,   4,  18, 185,  42, 182, 139, 146,  19,  77,  53,   7,  92,  35,  30,  17, 177, 184, 115, 114, 120,  45,  14, 148, 129, 180, 189, 138, 178, 179, 135,  62, 167, 136],
  [  1, 102,  25,   9,   8, 112, 134, 166, 109,  60,  71, 145, 183,  89, 130, 121, 124,  86,  23,  98,  73, 140,   3,  24,  58,  44,   0, 100, 104,  96, 133, 141, 147,  46, 123, 144, 190, 187, 186, 132, 106,  34, 181, 143,  57, 125, 131, 122, 119, 197, 142,  91,  28,  26,  53,  77,  20, 139,  35,  42, 177, 116,  29,  18,   4, 146, 185,  92, 148, 114, 184, 182,   7, 138,  30,  19, 115, 178,  14,  45, 136, 129, 135,  17, 120, 167, 189, 179, 180,  83],
  [  1,   9, 102, 134,  25, 140, 112, 141, 166, 133, 121,   8, 147,  89, 145, 143, 124, 142,  60,  24, 109,   0,  73,  91,  98, 183, 144,  58,  35,  71, 122, 132, 130, 100,  44, 104,  57,  86,  23, 125,   3, 123,  96, 190, 139, 131, 148,  77, 146,  26,  34,  46, 187, 138,  53,  28, 177, 186, 106, 135, 136,  30, 167,  20, 197, 182, 119,  29,  42, 115,  92, 181,  18, 116,   4, 189, 120,  82,  19,  16, 150, 114, 185, 184,  88, 129,  14,  45,  95, 178],
  [  1,   9, 109, 102, 140, 106,  96, 142, 112,  26, 166,  24, 143, 141, 134, 145, 177, 133,  57,   8,  53,  25,  71, 104, 146, 130, 147, 121, 132, 122,   3,  16,  34, 131,  58, 100,  82, 185,  92, 144,  91, 183,  73, 148, 138, 139, 187,  20,  60,   0,  89, 186, 184,  44,  78, 105, 136, 119, 135, 167,  77,  42,  98, 176, 125, 124,  46, 129, 108,  86, 149, 157,  37,  41, 116,  23, 123, 165, 114,  28,  30, 156,  27, 152,  29,  47,   4, 115,  80,  19],
  [  3,   8, 114,  23, 124,  98, 102,  25, 115, 197,  45,  46, 178, 181,  38, 190,  99,   4, 113,  17, 187,  29,  19,  60,  18, 189,  24, 116, 112, 125,  71,  33,  13,  83,  89, 196,  14, 123, 130,  77,  96,   7,  61,  44, 191, 144, 192,  11, 179,  28,   5, 119, 193,  62,  91,  20, 195,  12,   6, 118, 129,  84, 104,   1, 120,  70, 180,  86, 182, 186,  42, 185,  40,  30, 117, 103,  73, 194, 101, 145,  56, 183,  75,  74, 131, 106,  47, 121,  59,  58],
  [ 94, 169,  39, 176,  63,  93, 175, 108,  64,   2, 164,  50,  37, 161,  68, 168, 174,  79,  67, 170, 171, 172, 107,  49,  48,  66, 154, 155, 111, 177,  80, 173, 165, 153, 152,  65,  81,  69, 157, 137, 158,  78,  92, 149, 163,  90,  51, 159, 166, 109, 156, 151,  53,  82,  95, 162, 160,  16,  10,  55,  52,  87, 147,  72, 150,  57, 138, 148, 185, 167, 183, 136, 142, 135, 186,  32, 106,  54, 110,  70,  15,   0, 127,  88, 141,  77, 184, 140,  96, 128],
  [ 94,  48,  69,  39,  49,  63,   2,  93,  90,  55,  22, 108, 175, 111,  50,  37, 169, 164,  54,  68, 176, 127, 174,  67, 168,  51,  52,  79, 110,  12, 107,  66,  81, 172, 171, 170,  64,  65,  97,  21,  72, 161, 155, 165,  10, 173,  80, 158, 154,  92, 153, 162, 185, 159,  56, 137,  78,  32, 157,  74, 188, 152, 151, 177,  87, 101, 149, 163,  85,  11,  70, 156, 113,  95, 128,  16, 160, 186,  84,  15, 196,  40,  31,  38,  73, 183,  82,  61, 109, 184],
  [ 91, 102,   1,   8, 134, 121, 114,  26, 133, 130, 122, 145, 141, 144, 124, 125, 187, 140,  71,  24,  30,  77, 131,   3,  25,   9, 142, 112, 132, 115, 146, 104,  96,  29, 106,  15, 105,  23,  98, 126,  74,  58,  16, 147,  45,  13,  27,   0,   4, 180,  42, 100,  89, 194, 177,  18, 120, 186,  70,  61, 179,  17,  19,  46, 143, 178, 139,  82, 190,  60,  83, 135, 185, 119,  40, 189,  20, 181, 129, 182,  47,  92,  99, 103, 148, 192, 116,   5, 184, 138],
  [143,  41,  90,  32, 109, 126,  62,  34, 107,  54,  20,  84,  56,  28, 128,  57,  21,   6,  12, 127,  85,  10,  33, 138, 196,  69,  37, 118,  52,  22,  78, 169,  68,  49,  36, 100,  72,  89,  97,  76, 111, 194, 129,  35,  55,  11, 108, 182, 191, 151, 192, 155, 153, 135,  87, 157, 105,  50,  67, 163,  88,  65, 158,  51, 148, 110,  14, 117, 116, 146, 142,  93, 119, 145, 161, 180, 195,  66,  64, 173,  94, 156, 172, 160, 159,  19,  58,   1,  91,  31],
  [127,  55,  22,  93,  56, 107,  97, 110,  72,  94,  51,  48,  74,  37, 101,  39, 126,  67,  49, 164,  54,  84,  50,   2, 159,  21, 105,  52,  77, 142, 161, 137,  33,  15, 155,  38, 113, 168,  90, 174, 153,  68,  65, 169,  63, 158, 160,  79, 172,  36,  10, 154,  66, 156, 163, 108, 171, 173, 175, 111, 176, 151,  11,  85, 149, 152,  81, 144, 157,  32, 150, 170, 165, 118, 196,  61, 138,   5,  80,   0,  59,  12,  88,  87, 162, 146,   6, 178, 128, 115],
  [ 97, 127,  72, 113,  69, 110,  22,  21,  49, 188,  48,  90,  12,  41,  54,  85,  56, 101,   6,  93, 196,  84, 194, 128,  31,  74, 111,  87, 107,  10, 193, 120, 117,  75, 195, 191, 118,  94, 119,  34,  59,  40,  55,  32, 192, 180, 103,  33,  47,  17,  43,  73,  14,   5,  39,  76,  29, 116,  42, 189,  63,  99, 122,   2,  37,  62, 182, 179,  61,  52,  13,  19,  15,  44,  81,  78,  51,  20, 121,  89,   7,   4, 126, 137, 181,  38,  67, 174, 125,  36],
  [ 56,  87,  35, 197,  97,  75,  91, 193, 110,  76,  43,   7,  10,  31, 194,  32,  14, 180, 188,  84,  22,  20,  27, 196, 182,  34,  21,  98,  89,   6,  36,  72, 184, 191, 179, 128, 181,  62,  33, 190,  61,  99,  19, 195,  23, 117,  83, 192,  60,  59,  69, 167,  38,  41,  54,   4,  63,  45, 116,  13, 113,  18,  17,  44, 178, 183,  86, 189,  49, 107, 120, 103, 118,  64, 129, 145,  48,  46, 112,  47,   5, 124,  39,  78, 106,  11,  90,  28,   1, 123],
  [ 94,  93,  48,  37,  77,   2, 142, 169, 107,  68, 108, 176, 109,  92, 175, 168, 164,  67, 177,  10, 185, 161,  55, 155,  82,  64, 187, 105, 172, 174, 173,  66,  53,  28, 165,  65,  79, 153,  50,  80,  51, 157,  96, 170, 171,  16, 154,  57, 158, 126, 152,  32,  49,  90, 138, 141,  74,  69,  39, 111, 149,  81, 156,  85,  95, 159,  42, 151,   0,  22, 100, 163, 137,  11, 160, 101,  84,   8,  25, 178, 127, 110, 106,  78, 104, 140,  15, 166,  56,  87],
  [  9,   1, 102,  25, 166, 112, 109, 183,   3,  71, 186, 106,  73,  26, 140,  60, 145, 130,  43, 134,  58,  96,  86, 181,  24, 139,  44, 167,  98, 122, 177, 132, 147, 141,   8, 133, 136, 143,  23, 197,  34,  92,  46,  53, 185,  78,  20, 184, 190,  57, 135,  16,  62,   0, 148, 131, 123, 146,  35, 121, 187, 125, 124, 119, 144, 129,  70, 104,  82, 138, 100,  91,  69, 189,  89, 162, 116,   4,   7,  47,  29,  19,  12,  31,  18,  30, 120,  17,  80,  42],
  [  1,  25, 102,   9, 166, 112,   8, 183, 134, 109,  71,  73,  60,  86,  23,   0, 141, 145, 186,   3, 130, 140, 147, 177,  89,  98, 104, 187, 124,  96,  58, 121, 100,  53,  77, 133,  24,  57, 144, 123, 106,  44,  92, 185,  46, 190, 181,  26,  34, 178,  42, 132, 143, 197,  28, 125,  91,  30, 167, 148, 139, 184, 131, 119,  35, 136, 142,  82, 108, 182,   7, 122, 138, 114, 146,  18,  70,  29,   4, 135,  16,  27,  20,  45,  14, 116, 115,  19,  95,  64],
  [  1, 102,  25,   9, 109, 134,   8,  73, 166, 112, 145, 130, 100,  96,  71,  60, 121, 183, 140, 144,  24, 141,  86,  89,  23, 133,   3,  44,   0, 147, 119,  57, 104, 123, 124,  28, 142,  58,  46,  98, 132, 106, 186, 143,  26,  53,  77, 139, 108, 177, 187,  34, 146, 185, 181, 138, 190, 122,  92, 131, 125, 135, 148,  20,  29,  16,  30, 136,  18, 114, 184,  42,   4, 116, 178, 115, 129, 182,  91,   7, 197,  82,  45,  19,  14,  17,  27, 167, 120, 179],
  [102,  25,   1,   9,   8, 112,  60,  73, 121,  96, 130, 100,  23,  71,  98,  86,  89, 134, 109, 183,  44,   3, 124,  46, 144,  58, 145, 166,   0,  77, 187, 181, 190, 104, 119,  29, 123,  24, 186, 116, 185,  28, 142, 125, 133,  18,   4, 131, 197, 115,  34,  30, 140,  20, 182, 106, 178,  57, 141,  42,  26,  17,   7, 132, 122,  19,  91, 184,  45, 114,  53, 120, 108, 147, 179,  83, 177, 189,  14,  62, 146, 129, 192, 143, 138,  70, 191, 139,  47, 180],
  [109, 177, 166, 108, 102,  16,  25,   9,  96, 176,  82,  53, 142, 169,  26, 185,  92, 106,  68, 141,   1, 175,   2, 186,  77, 165,  64, 140, 187,  95, 168,   0, 147,  80, 134, 170, 138, 149, 183, 154, 173,  94,  37, 172, 164,  73, 122,  66,  79,  71,  57, 174,  78, 155,  81,  69, 112, 157,  24, 171, 156, 133, 148, 152, 162, 153, 137,   8, 161,  65,  30, 111, 151,  48,  93, 158, 145,  15, 160, 167, 146,  67,  70, 139,  10, 184, 150, 163,   3, 105],
  [110,  56,  36,  22,  49,  55,  51,  39,  97,  72, 127,  94,  63, 107,  50,  48,  67, 159,  54,  90,  10,  93, 111,  37,  21,  32, 171, 163, 164,  79,  65, 158,  87, 126, 153,   2,  84, 174, 168,  35, 161, 173, 170, 160, 172,  66, 155,  75,  33,  52, 151, 101, 152,  76, 154,  43, 175, 156,  81, 165, 157, 169,  27,  68,  64,  74,  80, 176, 113,  61,  59, 167,  78, 196, 149, 188, 162, 150, 128, 105, 195,  38,  62,   6,  88,  91,  69,  41,  11, 137],
  [ 56, 110,  97,  36,  75, 113,  84, 101,  55,  22, 193,  59, 127,  72, 188,  61,   6,  43,  33, 103,  74,  35,  99,  31, 118,  47,  87,   5,  48, 194,  54,  62, 115,  19,  21,  51, 107, 120,  45,  49,  32,  17, 197, 192, 117, 195, 190, 191,  14, 180, 196,  27, 178,  13,   7, 189,   4,  83,  10, 116, 179,  40,  41,  18, 129,  12,  20, 111,  15, 125, 122,  91, 131, 126,   3, 124,  98,  76, 114, 105, 123,   0,  38,  29,  50,  67,  88,  58,  42,  46],
  [ 10,  49,  69,  72, 168, 127,  78,  51,  67,  50, 158, 149, 173, 107,  16,  65, 171,  81, 172,  66,  37,  79,  87,  64, 159, 151, 174, 162, 153, 156, 160, 175, 176, 170, 152, 154,  80, 157, 164, 163, 139,  94,  68, 165,  39, 155, 141,  82, 150, 137, 161, 135, 106, 110,  52, 109,  92,  48,  63, 148,  57, 136, 167, 138, 111,  26,  93,  90, 140,  97,   2, 166, 177, 147,  32,  88, 169,  91, 122,  27,  53,  43, 133,  54,  31, 146,  12, 143,  35,  55],
  [ 48,  22,  94, 110,  10,  39,  49,  97,  87,  56,  50,  36,  63, 107, 188,  67, 168,  21,  32,  51, 175,  69,  37,  64, 171,  79, 174,  90,  61, 184, 170, 161, 164,  76,  27,  66, 127, 176,  55, 172,  68, 173,  80,  81,  65,  93,  70,  92, 158,  74, 165,  54, 163, 169,   2, 196, 159, 152, 185, 194,  31,  83, 167,  95,  11, 153,  78, 114, 154,  99, 177,  84, 111,  52, 157, 128, 105, 155, 178,  42,  33,  72, 151,  34,   7,  45, 191, 187,  88,  13],
  [ 86, 186,  71, 181,  42, 104, 166, 183,  43,   7,  30,  23, 178,  13,  60,  22, 113,  58,  47, 188,  46,  70,  39, 103,  25, 102,  73,  74,  75, 112, 196, 189,  29,  18,  38,  61, 184,  44,  99,   4,  40,  24, 120, 193, 187,  48,  83, 105,   5, 130,  97,  76,  17,   9, 191, 195, 179, 132,  62, 129, 190, 123,  21, 185,  14, 197,  19, 114, 101,  85, 192, 182,  98,  45, 165,  31, 119,   0, 117,  41, 125,  15,   6, 121, 131,  96,  59, 116, 194, 128],
  [142, 140, 141, 133, 106, 146, 143, 102,   9,  26, 177, 134, 109, 147, 131, 145, 122, 132,   0,  16,  24,  77,  96,  53, 138, 112, 125, 148,  82, 136, 124,  93, 144, 139, 105, 187, 166, 176,  15, 130,  58,   8, 121, 104, 126, 185, 149, 167, 150, 135, 108,  71,  37,  92, 114, 156, 107, 115,  30,  35,   1, 184, 164, 157,  47, 120,  57, 152, 165, 100, 103,   3, 186, 111, 170, 153, 175, 163, 129,  80, 160, 168, 101, 161, 172,  98, 182, 151, 173,  65],
  [ 97,  41,  62,   6,  85, 188, 193,  72,  34,  75, 196, 194,  21,  22, 191,  76, 195,  90,  31, 116, 180,  20,  19,  32,  43, 192, 109,  69,  49, 127, 110, 113,  48,  84,  44,  17, 119, 128,  10, 197, 184, 118,  12, 103,  24,  14,   5, 179,   4,   7, 117,  56,  59, 181,  87,  99,  35,  47,  89,  54,  33,  42,  36,  46, 120, 122,  58,  18,  60, 101, 189, 182,  83,   9,  86, 111, 125, 129, 186, 190,  78,  61,  40,  45, 132,  13,  93,  71, 121, 167],
  [  1,  34,   9,  35, 109,  43, 167,  78, 143,  57,  76,  10,   3, 197, 183,  91, 166,  27, 112,  92, 122,  87,  20,  98, 184,  62, 106,  31,  73, 141, 102, 140, 147,  60,  24, 148, 139,  89,  64,  75,  26,  44, 132, 135,  71,  58,  41,  69, 151, 162, 177, 136, 152,  52, 157, 173, 100,  12, 145,  80, 171, 158,  53,  82,  23,  19, 133,  81, 180,   7, 160,  16, 186, 170,  66,  32, 159, 150, 156, 129, 153, 154, 134, 163, 181,  25, 194, 172, 149, 189],
  [ 41,  90,  72,  54, 127,  93,  97,  84,  22,  21,  85, 101, 111,   6, 125,  55,  12, 113, 126, 196,  89,  56,  33, 128, 195, 120,  15,  34, 142,  52,  62, 119, 193,   9, 182, 121, 118, 194,  69, 110,  28, 191,   2,  44, 117,  49, 116, 192,  48, 179,  58, 180,  31,   5,  32,  17,  59,  38,  20,  75,  29,  46, 188,  76,  19,  86, 105,   0,  14,  42, 146, 189, 123,  37,  24, 162,  74, 132, 124,  73, 138,   4, 155, 107, 109,  18, 115,  83, 133,  78],
  [166,  25,   9, 112, 109, 183,  86, 181, 186, 102, 167,  71,  73,  23, 197,  35,  57,  60,  95,  62,  70,   1, 177,  53,   8,  80,  38, 100, 162,  52,   0,  98,  64,  76, 147,  43,  82,  78,  58, 185,  88,  92,  44, 170,  89,  39, 171, 152, 154, 155,  46,   7,  81, 148,  11, 157, 136, 178,  96, 169,  42, 165,  63,  36, 106,  66, 104, 161, 141, 175,  77, 172, 174, 173, 123, 150,  34,   3, 108,  79,  65, 139, 156, 176, 190, 184,  26, 160, 163, 158],
  [109,   1,  57,   9,  34,  92,  37, 143,  52,  78,  68,  85,  10,  90,  69, 100, 154, 157, 166, 151,  64, 153, 169,  27, 158, 177,  54,  66, 159,  76, 176, 152, 155, 162,  32, 173, 160, 128,  58,  80,  53, 164,  89, 172, 171, 175,  28, 161,  65,  12,  41, 156, 163, 174, 148, 135,  25,  79, 140,  81, 137,  73, 149,  67, 141,  94, 119, 107, 147, 168, 138,  50, 170, 136,  82,  11, 165, 142, 134, 167,  49,  24, 139, 106,  88, 146, 102,  51,  63, 194],
  [  1, 102, 147, 141, 108, 177, 166,  25,  16,  82,  92, 134, 165, 140,  64, 133,  27,  53, 169, 106, 145,   3, 154, 176,  57,   2, 144,  26, 148, 109, 152, 183, 137,  96, 139,  68, 170,  71, 149,  80, 112, 138, 160, 136,  95, 135, 161, 175, 156, 150, 155,  73, 104,   9,  63, 157, 171, 173,   8,  79, 146,  37, 185, 164,  78, 167, 168, 151, 105,  24, 153, 130, 132, 174, 143,  77, 172,  81,  66, 187, 186, 162, 100,  70, 163,   0,  30, 114,  69, 107],
  [177, 176, 143, 164, 140,  63,  53, 152, 157, 161, 147, 163, 153, 175,  78, 154, 170, 155,  92, 151, 171, 167, 160, 166, 109,  37,  52, 172, 156, 174, 173,  66, 148,  79, 158, 149,  80,  65, 165, 169,  64, 159,  50, 168,  51,   2, 141, 162,  81,  68,  94,   9, 111, 136, 150,  90,  67,  93,  57, 146, 135,  82, 108,   0, 138, 106,  58,  39, 107,  49, 142,  69,  10,   1,  87, 137, 139, 133,  16, 134, 126,  55, 183,  88,  35, 102,  48,  26, 105,  95],
  [ 69, 109,  85,  12,  37,  68, 127,  96,  16,  41, 111, 142, 119, 128,  94,  57,  32,  90, 108, 137,  93,  49, 107, 185,  10,  72,  78, 143,  73, 138,  28,   2, 101,  48,  34, 175, 176, 122, 100, 146,  53,  40, 118,   6, 149,  65,  66, 164,  92,  67, 157,  24,  54, 169,  21,  55, 174, 172, 173, 135, 158,  20, 153, 165,   3,  11, 159, 144,  81, 194,  26, 106, 117, 177,   9,  97, 130, 151, 140,  64, 155,  50,  52,  79,  80, 156, 154, 168, 139,  51],
  [ 43, 127,  39,  72,  93,  49,  26,  81, 110,  51, 111,  63,  36,  50,  97,  59, 188, 170,  52, 167,  80,  48,  76,  65,  79, 107, 174,  69, 137, 150,   9, 158, 149, 184,  30, 103, 173,  12, 172, 135, 171,  66, 156, 163, 113, 151, 159,  78, 160, 175,  75, 153,  67,  87,  35,  62, 139,  22, 168,  90, 157,   2,  47, 165, 164, 152, 146,  94,  98, 176, 162, 140, 120, 147,  31, 136, 148,  10, 128,  21,  73, 177, 133, 138,  54,  55, 141, 154,  29,  82],
  [ 48,  49,  90,  39,  94,  72,  93,  63,  54,  22, 111,  56,  55,  69,  97, 110,  21, 107,  51,  52,  37,   2,  32, 164,  50, 128, 101,  67, 108,  10,  85, 169, 175, 155, 168,  84, 176,  68, 127,  65, 153, 174, 159, 171, 172,  79,  66, 158,  12, 170,  62, 161, 154, 173,  64,  41, 165, 151,  78,  81, 163, 162, 188, 113, 157, 196,   6,  87, 160, 152,  80,  31,  74,  33,   0, 156, 195,  28,  38, 194,  11,  76,   5, 109, 149, 137,  36, 192, 118, 182],
  [110, 127,  97,  22,  56,  55, 101,  48,  72,  74, 107,  49,  54, 113,  84,  93,  21,  94,  32,  51,  36, 196,  37,   2,  39,   6,  33, 105,  90,  69, 188,  61, 164,  67, 126,  41,  63,  15, 111,   5,  10,  85,  12,  50, 118, 108,  40, 159,  11,  31, 195, 128,  68, 117, 174, 168,  87, 155,  65, 193, 161, 175, 191,  79, 169, 194, 103, 153,  83, 192,  52,  99, 137, 158,  59,  38, 172,  66,  81, 179, 171,  45, 115, 163, 165, 176, 149, 120, 160, 151],
  [ 69,  10, 109, 127, 107,  37,  87,  48,  49, 110,  32, 137,  72, 168,  68,  94, 176, 128,  90,  92,  97, 122,  85,  78, 149,  93,  41,  34,  65, 172, 139, 173, 175,  66,  67, 146,  57, 140, 138, 174, 157,  79,  27, 158,  64,  52, 151, 165, 135,  39, 171, 143, 153, 133,  81,  51, 155,  50, 145,   2,  16, 164, 169,  31, 154, 159, 160, 152, 105, 162, 108, 156, 148,  80, 170, 142, 163,  54, 141,  53, 136, 100, 177, 132, 161, 106, 150, 147, 119,  63],
  [ 56,  22, 110,  97, 113, 101,  48,  61,  84,  74,  54,  55, 188,  99,  21,  33, 127, 114,  94,   6, 196,  38,   5, 126, 193,  49, 107, 194,  45,  32,  10,  39, 189,  31,  72,  27, 118,  62, 117,  51,  87, 178,  13,  67, 192,  15,  83,  40,  19,  11, 191,  75,  36, 179,  37,  17,  41, 105, 195,  14, 103, 164, 111, 115,  18,  50,  95, 180,  85,  77,  90, 129,  70,   4,   7, 124,  12, 190,  59, 125,  47,  91, 120, 159,  93,  88, 116, 197,   0,  63],
  [ 69,  94,  48,  49, 111, 107,  90,  63,  93,  37,  72,  39,   2,  55, 175,  50, 127,  32, 169,  21,  10, 108, 176, 109,  22, 165,  51,  12,  79, 174,  67,  78, 110, 170,  54, 128,  85,  97,  87,  65,  68, 172,  64,  66, 164, 171,  81, 173,  41, 137, 168, 161,  80, 153, 159, 158, 163, 185, 188, 101, 157,  56, 151, 152,  52, 196, 155, 154,   6,  62,  31,  36,  70,  92, 149, 160,  61,  16, 177, 191,  74, 156, 195,  47,  84,  53, 167, 103,  13, 183],
  [127,  22, 110,  48,  97,  74,  39,  21, 113,  49,  69,  55,  94,  56, 101, 107,  54,  63,  61,  72, 137,  51, 188,   2,  90, 111,  40,  13,  85,  37,  93,  50, 128,  32,  87,  84,  12,   6, 164,  67, 117, 103,  38,   5, 118,  31,  10,  33, 196, 175,  15, 165, 194, 174,  70, 159, 105,  79, 168,  81,  83, 178,  47, 191, 193,  99,  29,  59, 192,  42,  11,  68, 195, 171,  66,  65,  36, 158, 170, 161, 108, 172, 114, 126,  76,  52, 154,  14, 173,   7],
  [110,  94,  39,  48,  51,  49,  50,  72,  67,  63,  10,  87, 168, 127,  97,  22,   2,  93,  79, 174, 171,  55,  81, 175,  65, 107, 172,  80, 173, 170,  66,  56, 164, 158,  64, 165, 159, 176,  68,  37, 152, 161,  36, 154,  52, 163, 169, 149, 153, 162, 151, 156, 155,  82, 150, 157,  95, 160,  90,  70, 111,  74, 188,  69,  78, 137,  88, 167,  92, 108,  31, 113,  32,  61,  54,  11,  27, 136,  21,  35,  16,  53, 148, 177,  38,  40,  30, 101,  15, 185],
  [127,  74,  55,   2,  56,  22, 110,  72,  97, 113,  39,  51,  36, 137,  11, 101,  38,  61, 178,  40, 108,  33,  48, 107,  70,  77,  93,  84,  63,  13,  94, 115, 144,  67,  21, 150,  59, 120,  50, 123,  29,  54, 168, 169, 136,  88,  83,  15, 161,  49, 174, 155,  30,  81, 133,  42, 175, 138, 164, 159,  32, 188, 193,  37, 139,  14,  28,   5,   3,  79, 118,  65, 156, 187, 111,  87, 124, 149,  80,  68, 189,  66, 117, 125, 172, 160,  95, 162, 152,  12],
  [140, 146, 133, 134, 144,   9, 139, 148, 147, 136, 106, 109, 145, 135,  26, 137, 138,  53, 142,  25, 150,  73, 121, 141,  58, 102, 126,  63,  81, 143, 149, 151,  30, 157, 169,  80, 156,  35, 127,  96, 154,  29, 162,  89, 163, 160,  34,  82,  52,  92, 173,  43, 152,  98,   2,  66,   8,  65, 100,  78, 158,  57, 153, 167,  93, 172,  64,  79, 174, 130, 164,  68, 119, 120, 170, 108, 161, 132,  76,  91, 159, 176, 122, 185, 131, 175,  50,  71,  16,  90],
  [134, 147, 144, 124, 133, 145, 123,  25,   8,  35,  38,  98, 136,  11, 139,  89, 197,  28, 178,  56,  23, 138, 150, 114, 132,  86,   7,  46, 120,  36, 190, 141, 121, 146,  14, 131,  60, 148, 181, 125,  33, 135, 100,  29, 116, 102,  83,  44, 140,  95, 119, 187,   3,  91,  77,  18,  45, 115,  30,  70,  88,  43, 108,  27, 130, 126, 104, 189,  39, 179, 129, 169,   4, 118,  62,  76,  75, 117,  71, 161, 195,  84,  61,  19, 113, 103,  82,  57,  17,  99],
  [ 91, 155,  88,  67,  27,  57,  56, 154, 161, 159,  68,  11, 164,  95,  51, 169, 152, 141, 160, 153,  37,  36, 163,  35, 171,  50,  94,  64, 158, 156,  55,  82, 168, 166, 172,  10, 126, 143,  66, 157, 175, 151,  79,  80, 147, 176, 150, 173, 174,  65, 162,  32, 114,  38, 170,  52,   0,  87,  54, 177,  53,  39,  77, 165, 100,  92,  33, 148,  28, 149, 142,  22,   8, 167,  84, 136,  63,   2,  81, 124, 111,  78, 107, 138, 110, 105, 106,  72, 108,  62],
  [109,   9,  78,  69, 166, 106,  57, 165,  64,  10,  92, 162,  80,  16, 173, 176,  49,  81, 177, 157, 170, 171,  66, 149, 158, 175, 172, 154,  65,  90, 151, 153,  79, 167, 140,  82, 139, 174,  52, 160, 152,  68, 168, 159, 136, 156,  37, 148,  26,  53, 141,  67,   1,  50, 143, 163,  94, 164, 155,  96, 135, 147, 169, 111, 137,  63,  72, 150,  51, 161, 138,  34,  93,  73,  87, 122,  91, 146, 186,  39, 185, 133,  43,  95,   2,  27,  85,  88, 134, 112],
  [ 86, 181,  71, 178,  47, 183, 186, 110,  30,  61,  23,  87,  42,  97, 103,  70,   7,  48,  60, 104,   0,  25, 188,  22,  14, 167, 187, 105,  36,  43,  31, 114, 184,  24,  13,  18, 113, 124, 189, 102,  75,  45,  83, 166,  95,  98,  35, 123,  46, 193,   4, 196,  39, 190,  99, 132,  27,  74,  73,  29,  19, 120,  40, 165, 192,  58,   5,  17, 115,   3, 182, 197,  44,  38, 179, 147, 125,  26, 177,  62, 107, 195, 131,  77, 170, 130,  21, 185, 191, 101],
  [  1,  57,  91, 166, 141, 177, 140,  34,  37, 109, 164, 106, 136,  92, 152,  82, 144, 154, 133, 159, 112, 155, 157, 142, 160, 151, 153, 156,  53,  27, 139, 176, 137, 143,   3, 135, 158,   8,  10, 146,  77, 138,  78, 134,  68,  54, 168,  64,  69, 162, 149,  24,  73, 148,   9, 161,   2,  66, 175, 163,  80, 173, 172, 147, 126,  76,  89,  88,  65,  25, 174, 100, 150,  58,  67, 171, 102,  28,  16,  26,  81,  11,  79,  85, 130,  52, 170, 169, 104, 165],
  [  2,  48,  94,  93,  39,  72, 164,  69, 176, 175,  63, 168,  37,  49,  10,  67, 174,  51, 107,  79, 165, 111, 171,  50, 170,  81, 172, 152, 161, 155,  66, 177,  65,  64, 154,  80, 173, 159, 108, 158,  82,  68,  55, 153, 110, 169, 157, 149, 151,  87, 162,  16, 163, 156,  92,  90,  78, 160, 127,  70,  77,  15, 137,  95, 166,  52, 136, 185, 141, 150,  32,  56,  22, 106,  31,  53,  57,  97,  74, 148, 188,  54, 167, 186, 101,  88, 183, 184,  11, 109],
  [ 55,  56, 127,  97, 110,  22,  48,  84,  72, 101,  54, 107,  37,  32,  12,  93,  94,  21,  74, 126, 196,  33,  36,  49,   6,   2, 113,  51,  41,  67,   5,  10,  85, 164,  15, 118, 188,  11, 108, 105, 142,  90,  61, 192,  68,  40,  31, 194, 191,  50, 111, 117, 195,  69,  83,  63,  28, 115,  45, 159, 193, 169, 161,  99, 128,  17, 179,  87, 153, 174,  39,  88, 168,  65, 189, 175, 158, 155,  14, 176,  66, 172,  19,  52,  79, 125, 103,   4, 163, 180],
  [110,  39,  63,  94,  55,  48,  22,  51,   2,  56, 107,  49, 108,  50, 101, 164, 161,  93,  97,  67, 174,  79, 168, 175, 155, 111, 171, 176, 170,  74,  87,  90,  64,  37, 169, 172,  81,  66, 163,  65, 152,  61,  36, 154, 173,  21,  72, 159,  80,  95, 158, 151, 165, 153, 157, 150,  68,  10,  52, 160, 127, 188, 156, 149,  69,  38,  54, 162, 113,  84,  70, 126,  15,  92,   0,  11,  82, 187,  77, 178, 136, 105,  32,  78, 148,  88, 167, 147, 137, 183],
  [ 55,  56, 110,  22,  97, 127,  48,  49,  72,  51, 101, 107,  94,  93,  90, 111,  39,  54,  67,  84,  74,  21,  50,  36, 126, 164,  37, 113, 168,   2,  65,  32, 188, 161, 174, 175, 159,  68,  10,  33,  52,  63, 158, 155,  79, 172,  66, 153, 169, 163,  87, 171,  69,   6, 173, 176, 151,  11, 128,  41,  81,  85, 160,  15, 170, 137, 156, 105, 118, 149,  61, 157, 196, 154, 152,   5,  64, 138, 117, 162,  38,  88,  59,  80, 108, 193, 179,  12, 192, 195],
  [110,  97, 127,  72,  49,  48,  22,  10,  87,  94,  93, 111,  51,  90, 107,  56,  69, 188,  55,  39,  36,  43,  50,  31,  32,  67,  21, 101, 113,  37,  54, 168,  65, 171, 159, 174,  79,  41,  75, 158,  85,  63, 175, 128, 137,   6,  81,  78, 172, 103, 173, 170,  66,  59, 165,  74,  62, 164, 153, 196,  61, 163, 194,  84, 151, 167,  52,  80, 176, 149,  76, 193,  40, 160,   2, 157, 195, 152,  47, 118, 180,  64,  35, 156, 126,  15, 191, 154,  68, 161],
  [ 97, 110, 127,  72,  22,  56,  36,  49,  75,  21, 113,  90,  48,  84,  55,  41,  43,   6,  62, 101,  10, 188, 126,  59,  33,  51, 196,  94,  87,  93,  32, 195, 193,  85, 107, 194,  54,  31,  76, 111,  74, 118,   5,  61,  50,  35, 191, 180,  12,  67, 103,  37,  52,  99,  69, 117, 128,  63,  38, 159,  39,  40,  17, 116,  19,  65,  47, 192,   7, 158, 197,  20,  34, 168, 120, 174,  14, 189, 171,  79,  81, 179,  27, 153,  66,  78, 173, 129, 163, 172],
  [127, 110,  72,  97,  56,  36,  49,  22,  55,  51, 107,  87, 188,  10,  48, 113,  67,  74,  59,  50,  43, 101, 126,  93,  94,  39,  75,  32, 150, 159,  35, 168,  84,  65, 137,  40, 149, 174, 158, 122,  33,  21,  81,  79, 136,  88, 103, 111, 163, 172,   6, 160,  90,  37,  66, 171,  31,  63, 156, 173, 193, 139, 153,  91,  61, 161,  11, 164, 151, 118,  15, 135, 152, 120, 196,  54,  41, 175, 146,  80,   2, 143,  27, 170,   5,  69, 162, 157, 132,  82],
  [ 49, 110,  72,  90, 127,  97,  10,  87,  35,  51,  78,  52, 168,  65,  36,  50,  67, 158,  94,  43, 167,  69,  66, 173, 171, 172,  79, 111, 159,  22, 174,  81,  93, 163,  48, 153, 151,  41,  56, 107, 175, 162, 170, 157, 149,  37, 143,  80, 160,  64, 109, 156, 152,  55,  32, 161, 150, 154,  68, 176, 148, 164,  34, 155,  76,  92,  54,  21, 135,  62, 188,  39, 137,  85, 126,  57,  53,  31,  75,  63, 128, 165,  88,   6, 139, 136,  82, 169,  59, 194],
  [ 97, 110,  48,  22, 127,  49,  55,  94, 188,  87,  56,  93,  72,  10,  36,  90,  74, 101,  51, 113,  21,  50,  31,  70,  67,  75, 111, 168,  43,  61,  47, 107,  69, 103, 174,  63,  37, 175, 194,  81,  65,  79,  39, 180,  41,  84,   6, 170, 196, 195, 164, 193, 165,  66,  85, 172,  40, 158, 159,  80, 171, 173,  54, 167, 114, 163, 185,  26,  62, 191,   5, 137, 176, 126,  78, 181,  99, 105,  82,  32,  59,  30, 117, 153, 192,  29, 120, 149, 184,  33],
  [ 97,  69,  41,  90,  85,  48, 188,  34,  21,  49,  62,   6,  22, 110,  31, 109, 194, 127,  76, 180, 184, 191,  72,  47,  75,  93, 193, 196, 113, 195,  42,  87, 181, 185,  43, 103, 111, 183,  10,  58, 186,  20,  24, 192, 116, 119,  54,   9,  14, 128,  78,  12, 121,  86,  19,  94,   7, 182, 118, 197,  17,  84, 117,  46,  71,  61,  32, 101, 120,  96,  29, 189,  89,   4,   5, 107,  18,  44,  73,  99,  13, 167, 179,  40, 129,  60,  52,  70, 105,  92],
  [127,  41,  85,  97,  90,  93,  22,  48, 126, 121,   6, 119,  21,  58, 109, 128,  72, 118,  49, 142,  37,  84, 101, 105, 110, 194, 196, 117, 195,  32, 107,   5,  24,  74, 191, 180, 143,  20,  31,  69,   9, 122,  94, 111,  55,  34, 116, 125,  29,  87,  89,  10, 193,  62, 100, 120,  52,  17,  12, 192,  40, 182,  19,  75,  54, 185, 179, 103, 137, 132, 188,  18,  61, 146,   4,   0,  47,  33, 131,  96, 129,  15,  56,  28, 123,  46,  78, 130, 113,  59],
  [ 97, 110,  22, 188,  75,  56, 127,  61,  31,  48, 103,   6,  87, 193,  84,  21, 113,  47, 180, 194, 192, 107, 101, 191,  14, 118, 196,  74,   5, 114,  45,  36,  49,  99, 129,  62,  19,  10, 195, 120,  72,  41,  20,  17,  32,  59, 117, 116, 105, 197,  43, 189,  13,   7, 179,   4,  33,  55,  40,  18, 181,  83, 115, 190,  27,  15,  70, 131,  76,  85,  54, 122,  94, 128, 125,  35,  58, 126,  24,  98,  42,  90,  29,  51, 178, 123,  91,  69, 182,  46],
  [110,  87,  48,  49, 107,  10,  97,  22,  94,  43,  51, 167, 188,  35,  39,  55, 111,  36,  72,  50,  90,  93, 168,  56, 127, 164,  63, 163,  79, 171, 174,  61, 159, 170, 175,  75, 101,  31,  58, 176,  67,  47,  37, 105, 103, 158, 165, 152,  65,  27, 153, 173, 137, 172,  66, 161,  78,  53, 151,  21,  80, 157,  81, 150,  69, 160,  64, 143,  76, 180, 154,  70,  54,  32, 156, 149, 140,  82,  74,  52, 177, 184, 126, 169, 136, 148,  26, 193, 104,  92],
  [110,  97,  87,  22,  61,  48,  41, 127, 180,  56,  75,  36, 188, 196,  21,   6, 103, 101,  58,  47,  31,  74, 191, 194,  49,  32, 195,  10,  85,  90, 181, 193, 192, 114, 117, 107,  45,  84,  34,   5,  19,  69,  24, 105,  55, 113,  15,  17, 116,   7,  20,   4,  43, 118,  94,  37,  76, 126,  54,  62, 120,  42, 128, 185, 179,  18, 129, 184, 197, 104,  27,  72,  13,  29,  83,  99,  93, 143,  14,  70,  33, 131,  40, 121, 115, 167, 182,  89,  78,  46],
  [ 58,  43, 110,  34, 180,  75, 121,  41, 132,  87,  31, 140,  35, 146,  47, 120, 143,  97, 103, 131,   9, 130, 101,  89,  10, 194,   6, 125, 193, 109,  24,  26, 167,  85,  21, 191, 116, 196, 105, 119,  69,  76,  29, 195, 133,  90,  17,   7, 197,   4, 122, 188,  45, 107, 117, 183, 182,  19, 144, 128,  20,  72, 127, 129, 118,  61, 113,  18,  14,  46,  54,  62, 145,  30,  84,  42,  15,  48, 106,   0,  86,  49,  71, 192,  91, 123,   5, 181,  78, 112],
  [121,  89, 119,  29,  58,  41,  85, 116, 180, 144, 123,  46,  17, 126, 195, 120,  33,  34, 130, 124, 194, 117,   6, 118,  21,  84,   8, 197, 122, 100, 125,   4, 191,  44,  18, 182, 190,   9,  38,  91, 179,  19,  98, 192, 181,  24, 196, 113,   5,  97, 134,   7,  45, 128,  28, 115,  99,  20,  12,   1, 133, 101,  60,  73,  83,  14, 142, 189,  75, 193,  59,  74,  23,  62, 131,  42,  54, 102,  22, 145, 114, 129, 132,  11, 146,  56,  25,  76,  96,  86],
  [ 43,  59, 197,  98, 120,  75,  97,  36, 129, 131, 188, 116,  91, 132, 103,  56, 145, 124, 180, 196, 195, 110, 133, 193, 114, 181,  17,  14,  33,  44,   6,   3,  15,  19, 189,  20,  46,   4, 179, 126,   7,   5, 115, 106,  45,  35, 190,  18, 125, 113,  99,  61, 192, 118, 191, 144,  72,  47,  62, 139,  29,  83, 122,   8,  13,  22, 194,  60, 134,  41, 119,  23, 127, 123,  30,  40, 117,  84, 130,  74,  88, 121, 182, 150, 101,  38, 147,  12, 146,  95],
  [127, 110,  43,  63,  49,  72,  51,  39, 107,  97, 113,  75,  22,  94,  48,  87,  55,  59,  36,  50,  69,  90, 111, 137,  21,  93,  81,  52, 163, 165, 188,  56, 159, 160, 158,  79,  65,  67,   2, 170, 150, 136, 174, 103, 173,  26, 135, 151, 149,  58,  31, 171, 164,  74,  47, 146, 167,  54,  66, 153,  35, 172,  80,  10,  61,  78,  70,  38,  62, 156, 154, 175, 157, 168, 162, 101,  40, 152, 139,  30, 126,  12,  76,  13, 129, 148,  29,  84, 195, 147],
  [ 22, 127,  97, 110,  21,  56,  41,  93, 126,  90, 188,  48,  74,  49,  85,  39, 107,  72, 195,  15, 101,  84,  54,  34, 120,  94,   6, 194,  36,  76, 137, 196,  87,  37,  10, 119, 117, 180,  33, 128, 121, 193, 103, 116,  89,  55, 191, 118,  62,  29,  75,   5, 146, 105, 114, 125,  17,  67,  32,  51, 142, 113,  50,  83,  14, 100,  61, 179, 129, 168,  47,  65, 111,  52,   7, 182, 164, 163, 174,  19,  43,  31, 175, 197, 159,  79, 123, 144,  45, 192],
  [127,  97,  22, 110,  21,  56,  74, 137,  90, 107, 126,  85,  48,  72,  49,  87,  61,  54,  41, 128, 113,  93,  94, 196,   6,  39,  32, 118,  55, 194, 101,  84,  75,  10, 119, 195,  31, 180, 117,  51,  38,   5,  33, 120,  37, 188, 191,  58, 105, 181,  36,  40,  50,  52,  76, 103, 121, 193,  29,  67,  62,  63, 192,  17,  59,   7,  13,  15, 159, 146,  89,  45,  83,  69, 116, 129, 114,  27,  12, 179,  18,  65,  19, 164,  47, 100, 174,   4, 158, 163],
  [ 22, 181,  97, 188,  75, 121,  58, 110, 180, 120,  29,  43,  47,  21, 127, 195, 103, 191,  62,   7,  17,  61, 125,  40,  14, 116,  46, 193, 113, 197, 194,   6, 119,  70, 182, 131,   4, 189,  71,  18, 196, 114, 126,  19, 132,  24,  41,  30,  74,  45, 129, 192, 179,   5,  89,  98,  31, 117,  23,  42,  86,  83,  99, 118,  85, 123,  87, 130, 190, 187,  59,  13, 184,  34,  20, 186,  76, 124,  60, 183, 185,  44,  15,  38, 101,  36, 100, 115,  56,   8],
  [121,  89,   8,  29, 120, 116, 119,  58, 130, 144, 180,  46, 100, 134, 131, 124, 181, 123,  44, 197, 132,  17,  24, 195, 117,   4,  98, 142, 146, 114,  41,  18, 145, 125,  19, 118, 133, 191,  60,  34, 194, 190,  45,  75, 102, 115,  14,  85, 104,  43,   7,  23, 192,  25,  47,  86, 103, 179,   9,  71, 129, 193,  21,   6, 122,  20,  62,   5,  83, 140, 182,   3,  42,  59, 143, 112,  33,  96,  30, 126,  35,  76,  91,   0,  26, 189,  22,  97, 109,  74],
  [121,  89, 144, 134,  58, 130,  29, 120, 116, 132, 119, 131, 145, 180, 100, 181,  75, 197, 146,  46, 195, 123,   8,  43,  17, 124,  91,  44,   7,  62, 126, 129, 117,  21,   4,  18, 118,  98,  59, 133, 143, 125,  19, 191, 190, 179, 114,  45,  20,  60, 194,  23,  41,  34, 140,  22,  14, 103, 102, 182,   6, 192,  24,  47,  33,  35, 104, 115,  97,  83, 128,  85,   9, 122,   5,  86, 193, 139,  30, 142,  76, 189,  71,  99,  38,  25, 196,  73, 105,  36],
  [121,  89, 144,  58, 134, 100, 124, 130,   9, 119, 132,   8, 146, 143,  35, 145, 116, 102, 133, 142, 120, 131, 140, 197,  44,  46,  98,  29, 123, 125,  34,  43, 181, 180,  60,  62,   1,  25, 139,  17, 190,  23,  91, 126, 195,   4, 129,  86,  18,  24,  75, 147,   7,  14,   0,  19, 182,  20, 135,  41, 118, 141, 104, 122,  28,  73, 148, 109,  45, 114,  76,   3, 191,  71, 112, 136, 117,  33, 138, 179, 115,  59, 194, 192,  83,  57,  85,  96, 193,  26],
  [ 89, 100, 121, 134, 102,   9,  58,  25,   8, 130, 144, 119,   1, 145, 181, 143, 124, 109, 123, 132, 133, 146,  34, 142,  24,  35,  23, 116, 140,  44,  46, 197, 131,  60, 125,  98,  29, 114,  91, 120,  62, 147,  17, 190,   7, 139, 180,  73,  96,  18,  71,   4,  86, 122,  28,  76, 104,  19,   3,  14, 129,  85,  57, 135, 117,  20, 126,  45, 141, 195, 118, 112, 115, 138, 182, 128,  41, 191, 194,  83, 179, 148, 192, 136,   0, 137,  75,  21,  38,  33],
  [ 89, 121, 124, 125, 134,   8, 123, 102,  14, 180,  24, 181, 120,  46, 116, 197,  34, 145,  20,  45, 119,  98, 130, 182,  41, 114, 179, 131,  18, 105, 132, 190,  60,   7, 193,  19,  86,   4, 117,   9,  17,  83,  29,  42, 187, 192, 191, 194, 195,  84, 118,   6,   1, 104, 129,  15,  23, 189, 196,  71,  28, 100,  44,  58,  91,  25,  61, 122, 144, 143,  21, 115,  33,   5,  22,  99, 133,  30, 183, 128,  97, 126,   0,  35, 178, 103,  47,  75,  13,  62],
  [ 35, 134, 121,   8,  91,  98,  89, 140, 143,  58, 144,  43, 124, 102, 145,   9, 100, 133, 146, 142, 131, 130,  25, 197, 132, 147, 141,   1, 116, 180, 181,  29, 112, 120, 114, 148,  24,  26, 126,  46, 190,  23,  71, 125,  75, 139,  44, 182, 106,   0, 150, 123,  17, 135,  59,  62, 119,   3,   4,  60,  30,  45, 187,  18,  19,  20,  14, 195, 129,   7,  34, 122, 104,  76, 136, 115,  47,  77,  86, 179, 167, 194, 138,  53, 109, 193,  83, 192,  33, 191],
  [121,  89,  58,   8, 124, 116, 119, 181, 180,   9, 100, 125,  98, 120,  34, 197, 134,  46, 130,  29,  24, 102,  17, 195, 123, 126, 143, 131,  41, 145,  91,   4, 132,  20,  62, 190, 144, 194,  19,  75,  18,  44,   7,  23, 191, 182,  60,  45,  35, 114, 117, 179, 129,  14, 118,   6, 192, 193,  83, 122, 133,  33,  76, 115, 142, 146,   1,  43,  71,   5, 189,  21,  25, 104,  85,  86,  99,  28, 196, 103,  59, 128,  84,  47,   3, 140,   0, 109, 112,  38],
  [121,   9,  89, 181, 102,  58,  25, 100, 119, 130,  44,  46, 116,  29,   8,  71,  60,  62, 134,  98,  86,  34,  24, 197,  43, 132, 120, 144, 109, 123,  23, 145, 124, 125, 131, 180, 190,  17,   7,   3, 195,  73,   4,  76, 183,   1,  96,  18, 112,  35,  19, 182,  20,  75, 146, 191,  41, 143, 129, 122,  14,  47, 140,  85, 194, 133,  26, 118, 104, 103, 117, 179, 193,  30, 142, 192, 114,  45,  42,  59, 139,  83, 115, 189, 184,   6, 186,  91,  28,  99],
  [121, 102,  25,   8,  89,  29,   9,  58, 134, 181, 144, 125, 124, 130,  71, 187,  46, 145, 123, 131,  98,  86, 120,  24,  30, 132, 119, 116,  23,  60,  96, 190, 100,  42, 180, 182, 183,  47, 104,   0, 140, 133,  73,  18,  14,  34, 114,   1,   4,  17,  44, 146, 179, 122,   7,  26, 186, 185,  45, 109, 142, 115, 197,   3, 117, 103, 129,  83, 195,  19, 192,  20, 191, 189,  91,  35, 188,  77, 112, 178,  70, 184, 194, 143,  75,   5, 147, 126,  43,  41],
  [109,   9, 143, 140,  58, 100,  26, 141, 146, 134,  24, 142,  53, 121, 135, 127,  10, 148, 137, 133,  57,  35, 167,  96,  43, 177, 145,  85, 147, 106,  78,  37,  91, 157, 139,  92, 132, 166, 136,  34, 138, 163, 149,   1, 160, 122, 158, 151, 153,  27, 173,  80, 176, 156,  65,  82, 102, 165,  76,  52, 150, 152,  66, 159,  87, 119, 172, 126, 112, 130,  93,  81,  41,  71, 170, 154,  90, 175, 144,  79, 168,  68, 174, 171,  89, 128, 107,  69,  16,  62],
  [132,   9, 145, 121, 133, 122, 144,  34, 140,  24, 146, 130, 131,  43, 119, 109, 134, 102, 139,   3, 197,  41, 120, 180, 106, 143,  58,  89,  46, 100, 129, 116,  44,  71, 112,  98, 104,  29,  96, 123,  26,  20, 125, 103,  91,   8,  17,   4,  60, 136,  19, 142,   1,  30,  18,  75,  85, 118,  47, 181, 135,  31, 105, 141, 183, 124, 147, 117, 191, 114,   6, 195,  86,  45,  62,  14, 138,  73,  35, 148, 193, 184, 190,   7,  23, 189,  57, 115, 194, 196],
  [121, 100,  89, 116, 144, 119,  29,   8, 180, 195, 130, 120, 194,  17, 118,  75, 131,  59,  62,  46, 192,   4,  58, 134,  18,  21, 117, 103, 124,  19,  98, 115,  83,  44,   6, 125,   5, 179,  33,  45, 114,  24,  22, 191, 145, 181, 132,  85,   7, 129,  20,  43,  14, 123,  23, 197, 190, 142, 126,  41,  91, 193,  76, 182,  47, 146,   3, 104,  99, 128,  35,  34,  84,  28,  97,  74, 196,  30,  60,  56,  96, 122, 102, 127, 133, 105, 178, 189,  71,  86],
  [ 58, 144, 121, 127,  43, 126,  75,  59, 120,  29, 100, 131, 146, 134,  91, 181, 132,  22, 195, 180,  21, 129, 119, 116, 145, 130,  62, 114,  97,  17, 103,   8, 137,  98, 133,  74, 194, 197,  47, 143, 123, 118,  46, 125,   4, 191,   5,  89,   7,  18, 124,  38, 142,  33, 140,  30,  85, 117, 113, 188, 139,  45, 190,  36,   6,  35,  76, 110,  19, 128,  40,  44, 136, 115,  20,  83,  14, 192, 179, 135, 189,  99,  41, 150,  24,  23, 196, 122,  56,  70],
  [121,  89,  29, 119,   8, 116, 181, 120, 130,  46, 197, 100,  17, 180,  98, 144,  44, 123, 124, 131,  14,   4, 114,  23,  18, 190, 195,  24,  60,   7,  58, 125,  19,  25, 115, 194,  45, 103, 117, 132, 192, 102, 191,   3, 118,  75,  86,  83, 129, 179, 145,  71, 134,  30,  62,  43, 122,  21,  59,  47, 189,  34,   6,  99, 193,   5,  20,  73, 104, 182,  42,  91,  85,  76,  33, 188,  41, 178,  96,  22,  74,  97,  13,  40,   9, 146, 126, 187, 133, 113],
  [121, 102,  58,  25, 134,   8,  89, 130, 144,  29,   9, 145, 132,  46, 124, 181, 131, 120, 100,  71, 123,  98,  86, 119, 125, 116, 180,  44, 146, 140,  23, 197,  60, 133, 183, 112,  30, 190,  43,  24,   0,   7, 143,  47,  18, 104,  26, 114,   4,  35,   1,   3,  73, 187,  17, 182, 195,  45,  42,  14,  34,  62, 142, 129, 103, 109,  75,  96,  19, 122, 115, 179, 117, 191, 139, 147,  20,  83,  70, 141, 189, 148, 186,  91, 118,  77, 192, 185, 136, 194],
  [102, 121,   9,  25,  58,  89,   8, 130,   1, 100, 181, 119,  46,  71,  60,  24, 134, 109,  98,  44, 116,  34,  29, 145,  23, 132,  86,  73, 124, 131, 120, 144, 123, 183, 180,  96,   3, 112, 125, 197, 190,   4,   7, 104,  18,  17,  62,  20,  19, 143, 140, 133, 182, 122,  43,  14,  35, 146, 129, 114,  47,  26,  42,  30, 195,  45, 186, 191, 179, 115, 187, 192, 194, 117, 103,  75,  76, 185,  41, 184, 189, 142,   0,  83,  91, 118,  85,  28,  99, 193],
  [102,   9,  25,   1,   8, 121, 130,  58,  71, 134,  24, 112,  96,  89, 100, 109,  98,   3, 145, 181,  73,  23, 144,  60, 140, 124,  29,  26, 183,  46,  86, 119,  44, 132, 123, 125, 131,  34, 133, 190, 187, 104, 142, 122,  30, 143, 186,   0, 116, 197, 141,  77, 185, 146, 166,  91, 114,   4,  18, 120,  17, 180, 106, 147,  42, 182,  19,  20, 115,  45,   7,  47, 129,  35, 139,  14,  62,  53, 184,  43, 178,  57, 189, 148, 177,  70,  28, 136, 192, 191],
  [102, 121,  25,   8, 124, 130,  58, 134,   9,   1,  89, 181, 100, 144, 125, 131,  71,  46, 145,  98,  23,  60,  86,  29, 119, 132, 120, 123,  24, 116, 112,  44, 190, 114, 104, 187, 183,  18,   0, 180,   4, 197,  73, 142, 182,  45, 140,  17, 133,  30, 146,   7, 129,   3,  14, 143,  19, 115,  83,  77, 179,  96,  47,  42, 122,  20, 195, 109, 178, 103, 192,  62, 117,  35, 189,  91, 191,  26, 147,  34,  28, 194, 186,   5, 141,  99, 118,  43, 184, 193],
  [102,   1,  25,   9,   8, 134,  98, 121,  89, 112,  71, 145, 130,  60,   3, 124,  23,  35,  58,  24,  44, 140, 181,  86, 132, 144, 133, 100,  46,  91, 183, 197, 190,  73, 123, 109, 131,  43,  26,  34, 122, 116, 141, 104,  96, 119, 147, 125, 166,  29, 120, 143,   4,   7,   0, 187, 139, 146,  18, 114,  30,  17,  20,  14, 106, 180,  19, 129, 186,  42, 142,  45, 115,  76, 182,  77, 184, 178, 148, 135,  47, 136,  62, 167, 189,  53,  57, 179,  75,  28],
  [ 25, 102,   1,   8,   9, 112, 134,  71,  98,   3,  23, 145, 183,  60,  86, 130, 124, 166, 144, 141, 140, 147, 121,  73,  44,  77, 104, 100,  91,  35,  26,  96, 181, 187,  89, 133,  46, 190,  30,  24, 132, 123, 178, 131, 197,  58, 186, 109,  43,   0, 106, 114,  29, 139, 125,  53, 116,   7,   4,  18,  70,  42, 122, 142, 146, 115,  14, 148, 136, 120, 119, 185,  45, 167,  47, 129, 184,  19, 177,  17, 143, 135,  20,  82, 182,  34,  57,  28, 138,  83],
  [  1, 102,  25,   9,   8, 134, 112, 145,  71,  98,   3, 140,  89,  60, 124, 121,  24, 130, 133,  23, 144, 141, 183,  86,  44,  96, 104, 147, 132, 166, 123,  91, 109,  46,  73, 131, 190, 100, 187,  58,  35, 125,  26, 122, 197, 181, 142,  34, 143,  77,   0, 139,  29, 106, 186, 116, 146, 119,  30,  42, 114,   4, 115,  18,  20, 120,  57,  14,  53, 148,  19,  28, 178,  43,   7,  45,  17, 182, 184, 136, 135, 129, 138, 180, 177, 185, 189,  47, 167,  92],
  [  1, 102,  25,   9, 134, 112,   8, 140, 145, 141, 147, 124, 133, 166,   3,  35,  71,  98,  60,   0, 130,  24, 183, 109, 132, 143, 144,  23, 131,  86, 142,  89,  26, 104, 121, 122, 123, 187,  44,  96,  53, 100, 190, 139,  91,  77, 146, 125, 106, 148,  46,  73,  58, 186, 135, 136, 197, 167, 138, 181,  57, 177, 184,  30, 114, 178, 115, 116,  43,  20, 120,  42,  14, 150,   4,  18,  28, 119,  29,  82,  16, 129,  45,  19,  34, 182,   7,  92, 185,  17],
  [  1, 102,   8,  25, 134,  98, 124,  91, 145, 112,  35,  23,   3,  58,  89, 130,   9, 140, 141, 144, 133,  71, 147,  60, 121, 190,  24, 114, 104, 131, 123, 100, 187,  77, 132, 143, 178,  46, 197, 125, 166,  44,  45, 181,  86,   7,   0, 115,   4, 183,  18, 116,  30,  43,  26, 122,  73,  29, 120,  27, 146,  20, 106, 139,  19, 142,  14,  17, 180, 129,  83, 148, 136, 189,  42, 135,  53,  75, 182,  57, 179, 119,  38,  47, 167,  76,  34,  99,  13,  96],
  [102,   1,  25,   8,   9, 134, 121, 130, 112, 124, 145,  89,  98, 144,  71,  58,  24,   3,  60, 133,  23, 140, 131,  46,  44, 100, 125, 104, 123, 132, 190,  86, 142,  29, 187,  96,   0,  91, 181, 122, 116, 183, 119,  77,  73, 141, 109,  26, 120, 114,   4, 115, 197, 143,  18, 146,  30,  20, 147,  45, 182,  17, 180,  19,  35,  34, 106,  42,  14, 129,   7,  28, 178, 179, 186, 166, 139,  47,  83, 185, 192, 189, 117,  53, 138, 184,  43,  57, 191, 148],
  [  1, 102,   9,  25, 112,   8,  89, 134, 121,  71, 109,  98,   3,  60, 145,  24,  23, 130, 100, 183,  58,  44,  86,  35,  34, 197, 181,  96,  73,  46, 140, 132, 124,  91, 190, 133, 123, 166, 144, 122, 119, 104, 143, 147, 141, 116, 131,  20, 186, 125,  43,  26,  29,   0,   4, 106,   7,  57, 139,  18,  19,  62, 187,  14, 180,  30, 120, 182,  17, 114, 146,  42,  28, 167, 129, 148,  53,  76, 184, 142, 185, 115,  45, 189,  47, 135, 136,  77, 178, 179],
  [  1, 102,   9,  25,   8, 134, 112, 121,  89,  60, 130,  71, 145, 124,  98,  73,  86, 183,  24, 140, 109,  23,   3,  44, 144,  58, 133, 166,  96,  46, 123, 100, 104, 132, 190, 141, 125,  34, 181,   0, 131, 122, 187, 147, 197,  91, 142,  26, 119, 143, 186,  29, 116, 106,  35, 139, 146,  30,  42,  77,  20,   4, 182,  18,  57, 120,  28, 114,  14,  17, 184,  19, 115,   7, 148,  45,  53, 185, 129, 178, 189, 177, 180, 138, 135, 179, 136,  43,  92,  47],
  [  1, 102,   9, 134, 145,  25,   8, 124, 133, 112, 144, 140,  89, 121, 130,  60, 147, 132,  98, 141, 122, 123,  44, 131, 142, 125,   3,  24,  23,  86, 139,   0, 100, 146,  71, 104, 166,  35,  91, 190, 109, 143,  46, 183, 197, 119, 138,  28, 120, 116, 181, 106,  34,  73,  58,  57, 187, 115,  18,   4, 148,  30, 135,  29,  20, 136,  96, 114,  19,  77,  17, 129, 182,  26,   7,  14,  45, 186, 179,  43, 178,  53, 184, 189, 180,  42,  83, 150, 177, 117],
  [102,   8,   1,  25, 134, 124, 121,  89,   9, 145, 130,  98, 144,  60, 112,  23, 123,  46,  44,   3, 131, 125,  71, 133, 132,  86, 190, 100,  24, 197,  58, 104, 116,  29, 181, 120, 140, 119,  91,   4, 114,  18, 142, 187, 183, 115, 122,  17,  45,  14, 146,  73,   7, 147,  19,  35,   0, 141, 180,  96,  30,  20, 182,  34,  28,  77, 143, 129,  42, 179,  83, 178, 139, 189, 195,  43,  26,  47, 117, 109, 192, 191, 106, 186, 118,  99, 193, 103,  75, 138],
  [102,  25,   8,   1,  35, 134, 112,  98, 124,  23, 147,  86,  60, 145, 183, 104,  58,   0,   9, 190, 197, 140,  89,  71,  91, 187, 141, 100, 131,  46, 166, 123, 121,  44, 143,  43, 181, 133,   3, 144, 132, 178,  77, 130, 116,   7, 106,  53,  14, 167, 148,  73, 114, 182,  18,  30,  29,   4,  24, 120,  45,  42,  62, 115, 186, 125, 129,  47, 180,  20, 146,  96, 139,  19, 109,  83, 136,  75,  28, 179, 150, 142,  17,  26, 135,  57,  76,  38, 138,  70],
  [  1, 102,  25,   9,   8, 112,  24,   3,  71,  58,  98, 130,  23, 124, 121,  60,  89, 134, 122, 187,  26,  91, 181, 190,   0, 145,  46, 114, 125,  96, 109, 104, 183,  73,  86, 186,  44, 131, 140,   4, 100, 143, 166, 123,  42, 184,  29,  20, 197,  45, 115,  77,  18,  34, 132,  19,  17, 116,  30, 180, 185, 133, 119, 189,   7, 141,  99,  35, 106, 182,  47, 144, 120, 178, 179, 129, 194,  14, 192,  13,  83,  53, 142, 191,  75,  27, 193, 167,  43,  70],
  [  1, 102,  25,   9, 112,   8,   3, 130,  60,  86,  71,  23,  98,  44, 183, 104, 121,  89, 134, 145, 144,  24,  46,  58, 124, 123, 197, 190, 100, 132,  73, 109, 166, 140, 131,  34,  96, 133, 119, 116, 181,   0,  43,  29, 186,   4, 125,   7, 141,  26,  18, 122, 120,  77,  30,  91, 115,  19,  35,  17,  42, 187, 147, 184,  20, 146,  45,  14, 180, 129, 106, 182,  47, 178, 185,  28, 142, 139, 114,  76,  62, 143, 189,  57, 179, 103,  13,  53, 191,  75],
  [ 25,   1, 102,   8,  77,   3, 141, 134, 112, 144, 166, 147, 140,  26, 145, 133,  71, 130,  82,  96,  98, 106, 104,   9,  23,  91, 114, 177, 178, 124, 183, 187,  60,  53,  73,   0,  16, 142,  30,  86, 100, 139,  24, 136,  70, 138, 131,  27, 108, 150,  57,  44, 148, 135, 146, 115, 190, 132,  42,  95,  13,  88, 154,  43, 152,  46, 197,  35,  45, 186, 160, 123, 156, 109, 167, 129,  18, 169,  92,  14,   4,  64,  28,  80,  29, 105, 165, 185, 121,  89],
  [  2, 108, 166, 169,  25, 177,  68, 176,  16,   1, 109,  92,  69, 175,  39,  64,  53, 155,  94, 154, 147, 162, 137, 161,  80,  73,  63,  82, 174, 172, 149,  66, 152, 157,  81,  57, 168, 141,  79, 171, 173, 156, 164,  95, 170, 138, 153, 165,   9, 151,  78, 136,  37,  96,  52,  65, 160, 158, 139,  67, 148,  50, 102,  93, 163, 150, 186, 135, 142, 159, 111, 134, 183,  77, 140,  28, 185,  11, 107,  51,  26,  12, 133,  88,  90, 146, 187,  70,  49, 144],
  [  1, 177,  63,   2, 166, 152, 164,  64,  57,  53,  69, 176, 155,  78, 157, 154, 162, 169, 175,  81, 163,  80,  92, 109, 151, 153,  79,  66,  82, 161, 174, 156, 172,  68, 148, 158, 170, 173, 160, 171, 149, 159, 183, 106,  65, 143, 168,  37,  50,  25,   9,  16,  55, 111,  67, 167, 141, 140, 136,  91, 150, 112, 108,  52,  90, 147,  88,  73, 135,  94, 139, 165,  12,  70, 102,  51, 134,  95,  35, 138,  26, 185, 187,  39,  34,  10, 184, 186,  49,  77],
  [  1,  25,  73, 183, 102,  60, 181,  86,   9, 186,  23,  71, 166,  46,  44, 130,  42, 184, 185, 190,   7,  12, 109,   3,  34,  58, 123, 189,  70,  89, 187, 112,  13,  69,  38,   8, 197, 121,  28, 125, 182, 119,  18,  20,  83,  99,  98,   4, 178, 108,  14, 191, 192, 100, 179, 124,  62,  30, 104,  76,  19,  29,  24,  92,  45, 129, 196,  95,  96, 188,  17, 114, 145, 116, 194,  31, 128,  11, 120,  47, 117, 193, 132, 134,  16, 195,  40,  61,   0,   5],
  [ 25, 102,   1,   9,  71,   8,  73, 166, 187,  60, 183, 112,  86,  42,  23, 186,  24,  77,   0, 124, 181,  96, 104, 134, 130, 185, 121, 178,  98,  46,  95, 177,  30, 114,   3,  44, 190, 100,  89,  58,  70, 109, 123,  26,  13, 184, 125,  29, 189, 147, 141,  18, 145,  16,  38,  45, 132, 131,  14, 106,   4,  92,  83, 115,  53,  20, 140, 182, 119,   7, 122,  82,  19,  47,  99, 142, 192, 179, 197,  57, 129,  17,  28, 116, 144, 133,  91, 143, 105, 167],
  [102,   1,   8, 112,  25, 104,  23,  58, 124,  98,  71, 130,   3,   9, 114, 145,  24, 166, 134,  91,  60, 190, 187, 183, 121,  46,   0,  86, 131,  45,  89, 123,   4,  18, 125,   7, 100, 197, 181, 132, 116,  20,  27, 178, 129,  44,  19, 144, 106,  77, 180, 115, 179, 186, 133, 185, 182, 141,  47,  17, 105,  83,  42, 143,  29, 192,  13, 140,  30,  14, 120, 184, 119, 147,  96, 191, 189, 103,  35,   5, 122,  99,  62,  75, 109,  28,  34,  26, 117,  43],
  [  1,  25, 102,   9, 166,  73, 183, 112, 109,   8,  60,  86,  71, 134, 186, 108, 177,  23,   3, 130,  96,  77, 187,  53,  92, 147, 141, 145, 185,  57,  89, 100, 144,  44,  28, 123, 124,   0, 140, 104,  98, 133,  46, 181,  24, 178, 121,  42,  34, 190,  16, 139,  26, 138, 136,  30,  82, 106, 148,  70, 184,  58, 119,  95, 169,  64, 125,   2, 135, 142,  29, 162,   7, 182,  11, 167, 132, 155, 176,  13,  38,  68,  18, 143, 146, 154, 197,  80, 131,   4],
  [  1, 102,  25,   9, 134, 166, 183,   8, 112, 147, 141, 145,  73,  71,  60,  86, 109, 187, 124, 140, 130,  23,  24,   0, 133, 186, 177,   3,  98, 143,  89, 104,  53,  92, 123, 106, 144, 125, 121, 148, 132, 190, 139,  57, 100, 181,  35,  46,  58, 131,  28,  77, 108,  44, 136,  26,  96,  42, 185, 122, 178, 135, 167,  30, 114,  34,  16,  95, 184, 138, 146, 197, 142,  82,  91,  14,  20, 182, 189,  45,  64,  18, 150,  70,   7, 119,   4,  27, 129, 115],
  [  1, 102,  25,   9, 112,   8, 134, 166, 109,  71, 183,  60, 130, 145,  73, 121,  86,  23,  89, 140,  24,   3,  98, 124,  58,  96, 104, 100, 141,  44,   0, 186, 133, 187, 144,  46, 147, 123, 190, 106,  34, 181, 132, 125,  26, 143, 131,  57, 119,  77, 122, 177, 185, 142,  53,  42,  91, 197,  28,  92,  29,  20, 139, 146,  30,  18,   4, 116, 184, 114, 148, 182,   7,  35, 178, 115, 138,  19,  45, 136, 167, 129,  14, 135, 120,  17, 189,  82,  47, 179],
  [  1, 102,   9,  25, 109, 134,   8,  60, 183, 112,  73,  89, 121,  86, 145,  71, 166, 130,  24,  23, 140, 124, 123,  44,  96,  46, 100, 133,  98, 147,  58,  34,   0, 186, 132, 104, 181, 190,   3, 187, 143, 119, 144, 131, 125, 141,  28, 122,  20,  57,  29,  53, 182, 197,  42, 116, 185, 139,  92, 142, 106, 146,  26,  35, 184, 138,  18,   4, 148, 177,   7,  14,  30, 120, 135,  19, 115, 167, 129,  77, 136, 189,  17,  45, 179,  91, 178, 108, 114,  47],
  [  1, 102,  25,   9,   8, 112,  60, 134,  71,  23, 166,  86, 183, 130,  89,  73, 124, 121,  98, 104, 145, 109,  58,  96, 100,   3,   0,  24,  46,  44, 144, 123, 187, 190, 181, 186,  77, 140, 119, 125,  34, 133,  29,  42, 197, 147, 141,  28, 131,  18, 116, 106,   4,  57, 185, 178, 114,  91,   7, 132,  30, 142, 115,  20,  26, 182, 177,  45,  53, 122,  19, 143,  17, 184,  14,  83, 179, 120, 146,  92, 129, 189, 139, 192, 138, 108,  13, 148,  47,  35],
  [ 25, 102,   1, 166,   8,   9, 112, 134,  77, 141, 177,  71, 147, 183,  73, 140,  96,  53, 109, 187, 186,  60,   3,  23, 106, 145,  82, 133,  86, 124,  57,   0, 130, 104, 144,  92,  26,  98,  95, 142, 108,  16, 178, 100, 185, 139, 148, 114, 136,  24, 138,  70,  64,  30, 181, 123,  91,  42, 167, 169, 150,  44, 154, 135,  28, 121,  89, 143, 190,  88,  80,  58, 152,  46, 176, 162, 155, 156, 146,  27, 161, 184, 132, 157, 122, 131, 125, 165, 160, 149],
  [  1,  25, 102, 166, 112,   8, 134, 141, 177,  77,   9,  57, 147,  71,  23,   3, 144,  92,   0, 104,  73, 183,  53, 140,  27, 145, 109, 106, 130, 108,  82, 100,  60, 124,  96,  91, 133,  58, 154, 178, 136, 155,  86, 186, 114, 187,  64, 139, 185, 152, 165, 169, 148,  95,  70, 142, 123,  38,  26,  98,  16, 176, 160, 138,  28,  88,  80, 150, 161,  89, 157, 162, 156, 143, 135, 167, 181,  42,  24,  68,  11, 190,  44, 164, 151, 146,  46,  13, 170, 153],
  [166,  25, 177,  92,   1,  64, 102,  82, 108,  95, 176, 165,  16, 169, 175, 154,  80,  53,  73, 185, 168, 155,  94, 106, 183, 170,  68,  57, 162, 164,   9, 171,  77, 152, 141, 109,  79,  81, 173,   2, 186, 174, 187,  66, 161, 172,  78, 157,  70,  71, 149, 147, 156,  69, 153, 158,  37,  67,   8,  50,  65, 160, 151,  63,  96,  26, 148, 112,  39, 163, 150,  52, 134, 159, 167,  88, 140,  48,  10, 136,  27,  42, 114, 137,  30, 178,  11,  87, 184, 139],
  [ 22,  56,  55,  39, 110,  94, 127, 169,  51,  49,  63,  52,  67,  48,   2,  50,  54,  93,  68, 161, 107,  21,  90, 155,  97, 164,  72, 126, 168,  37,  11, 154,  84, 174, 153, 159,  66,  79, 158, 172,  38,  65, 163, 171, 108, 173,  32,  64, 175, 151, 157, 160,  36,  74, 152, 176, 162,  10, 156, 128,  33, 137,  81, 170,  80,  87,  88, 149,  28, 111, 101, 150, 138,  77, 188,  83, 105,  95,  12,  76, 113, 165,  57,   0, 148,  78,  69,  53,  85, 142],
  [110,  48,  97,  49,  94,  55,  22,  51,  72,  56,  10,  39,  36,  93,  50, 111, 127,  67,  87, 101,  90, 168, 107, 188, 171,  63, 170,  79,  37, 174, 175,  65, 164, 113, 159, 165, 172, 158, 173,  66,  32,  81, 176,  95, 163,  31,  61, 153,  15,  74,  69,  80,  64, 161, 196,  84,  52, 167,  78,  21, 155,  54,  68, 152, 151,   2,  75, 160, 156, 154, 149, 157, 126, 184,  88, 169,  59, 105, 162,  40,   6,  27,  62, 193,  43,  35,  33,  70, 103,  99],
  [110, 127,  72,  49,  97,  94,  48,  39, 107,  93, 111,  69,  51,  22, 101, 188, 113,  63,  90,  10,  50,  56,  32,  67,  55,  54, 165,  21,  87,  37,  62, 171,   2, 174, 175,  31, 168, 170,  79,  65, 172,  85,  78, 173, 159,  66, 164, 158,  68,  36, 128,  81, 103, 161, 196,   6, 153, 176,  41,  64,  74,  12, 137,  52, 151, 163, 108,  84, 169, 155,  80, 154, 149, 162, 160,  75,  40,  43, 157, 118,  38, 152,  59, 156,  61,  70, 193,   5,  47,  16],
  [ 49,  69, 111,  48,  90,  94, 127, 110,  63,  93,  39,  50,  37, 175, 164, 168,  55,  51,  10, 174,  54,  79, 170,  65,  81,  52,  67,  78,  97,  66,   2, 176, 172, 173, 171, 158, 159,  72, 153,  68, 107, 165, 163, 161,  22,  64, 157,  12, 151, 113,  80,  21, 154, 149, 155, 101, 152, 160, 156, 162,  16,  56,  87, 188,  92, 137, 167,  85,  36, 169, 184,  26,  32, 177, 109,  53, 128,  76, 185,  41, 135,  73,  82, 186,  43, 196, 108,  74,  31,  34],
  [110,  54,  69,  36,  10,  49,  56,  48,  72,  37,  22,  97,  87,  32, 107, 127,  21,  55,  94,  90,  41, 111, 101,  34,  51,  12,  84,   2,  85, 196,  63,   6, 159,  50, 188,  31, 174,  68,  33, 128,  67, 164,  39,  76,  79,  35, 168,  65, 175,  66, 161, 158,  78, 163, 194, 172, 171, 176,  61, 153, 173, 151, 191, 152,  81, 113,  62, 157,  52,  64,  27, 170,  93,  11, 180, 155, 195,  75, 109, 118,  80, 169, 105, 154,  74, 193,  57, 167, 143, 160],
  [ 94,  69,  39,  48,  63,  49, 175,  50,  64, 170, 171, 176, 165,  79, 111, 174,  80,  10, 168,  87,  78,  67, 169, 166, 172, 173,  66, 161,  51, 164,  81, 177, 167, 158, 154,  65,  68, 107, 152, 153,  92,   2, 163,  16,  37, 157, 108,  90,  82, 151, 155,  95, 109, 159,  70,  52, 183,  93, 162,  53, 156, 160, 149, 110, 186, 185, 184, 137,  32,  54, 188,  31,  72, 150,  25,  88,  73,  55,  27, 148,  22,  62, 136,  76,  57, 147,  12,  61,  26,  97],
  [ 39,  69,  63,  94,  52,  90,  49, 111,  72,  51,  50,   2, 159,  37, 155, 164,  67, 171, 153, 158, 174, 154, 175,  66,  68, 172,  65,  48,  79, 165, 176,  78, 170, 161,  93, 173,  81, 152, 157, 151,  54, 162,  80, 163, 160, 168,  64,  10, 166, 169, 127, 156, 107,  55,  32, 177,  76, 149,  85,  57,  12,  38, 108,  22,  21, 109, 137,  92, 167,  87,  88, 136,  53,  62,  36, 150, 110,  11, 128, 148,  16, 135,  82,  56,  97,  95, 143, 139,  41,  73],
  [ 94,  69,  48,  49,  39,  37, 175, 176,  10,  63,  68,  67,   2, 168, 111,  50, 171, 165,  64, 174, 164,  51,  78, 170,  90, 155, 107, 169, 108,  79,  66, 172, 173,  92,  93,  65, 161, 158,  80, 154, 153, 177,  81,  52, 159, 152, 157, 166,  72, 109, 151, 162,  32,  87, 149, 163, 160,  54, 156, 110,  55,  53,  82,  57,  16, 137, 185,  95, 167, 127,  12,  31,  97, 186, 183,  85,  11, 101,  88, 106,  22,  27, 184, 150, 136,  70,  56,  34, 138, 105],
  [ 69,  94,  48,  49, 111, 185, 175,  90,  92, 109, 176,  63, 183, 186, 177,  39,  64, 165,  78, 170,  50, 174,  68,  37, 164, 166, 171,  12,  25,  79,  80,  66,  93, 172,  81, 168, 173,  10,  53, 184, 169,  67,   2,  70, 161, 107,  65, 158,  51, 157, 188,  52, 108, 153,  73,  42, 154,  54, 152,  82,  16,  85, 167, 155, 163, 159, 187, 151,  55,  32,  95,  86,  87,  61, 162,  96, 149,  13, 110,  21,  71, 101,  34,  31,  22, 156, 160,  97,  76,  47],
  [ 94,  48,  55,  93,  63,  49, 111,  69,  22,  39,  90,  37, 175,  50,  97, 164,   2, 169, 185, 176, 174, 165,  70,  51,  67, 170, 108,  54,  21,  79,  68, 168, 107, 110, 101,  74,  12, 171,  81,  72,  80,  66, 172,  95,  65, 161, 196,  64, 173,  10,  52, 188,  61, 113, 153, 127, 158, 177, 159,  85,  87,  56, 155, 154,  77,  32,  78,  40,  31,  13, 137, 186, 163,  42, 157, 152, 187, 183,  84,  38,  92,  82,  53,  73, 151,   0,  47, 105,   5,  15],
  [ 48, 110,  97,  22,  61,  69, 101,  94,  49,  31,  21,  55,  87, 107,  74,  54,  56,  32,  10, 113, 105, 188,  84, 127,  63,  13, 111,  39,  90,  51,   6,  70, 196,   2,  37,  85, 175,  50,  47, 192, 185, 191, 164, 194, 128,  93,  40,   5, 117, 165, 118, 114,  45,  72,  41,  99, 103, 168,  42, 174, 176,   7,  67,  12, 180, 179, 183, 193, 178,  27, 189, 170, 171,  33,  79, 195,  14,  83,  75, 187,  64, 108,  66, 115,  68,  81,  18, 186,  19, 158],
  [ 55,  56,  22,  48, 127, 110, 101,  54,  97,  84,  21,  72, 107,  32,  49,  69,  74,  94,  51,  90,  37, 126, 111, 113,  93,  33,  61, 164,  67,  12,  85,   6,  36,  50,   2,  39,  52,  10,  87,  63,  41, 108,  11, 105, 155,   5, 118, 161, 159, 175, 196, 174, 168,  38, 193, 128, 117,  68, 153, 188, 194, 195,  65,  31, 158,  66, 176,  79,  28,  40,  83, 172, 191, 171, 151,  88,  99, 163, 192,  13,  45, 169,  15,  62, 154, 179,  81, 152, 137, 157],
  [ 55,  56, 110, 127,  97,  22,  49,  72,  48,  94, 107,  36, 101, 111,  51,  93,  84,  32,  54,  67,  39,  74,  50, 113,  90, 188,  21,  37,  87,   2,  61,  69, 164, 161,  63, 126,   6, 159,  33, 174,  79, 175,  10, 171,  65, 169, 168, 158,  12, 153, 155, 172,  59, 163,  15, 196,  66,  11,  68,   5, 170, 173, 193,  64, 128,  95,  40,  88, 118, 151,  81, 176,  75, 192, 154, 160, 152, 137, 156,  83, 103, 117,  41, 194, 191, 157,  31, 149, 165, 105],
  [110,  72,  49,  48,  94,  10, 107,  56,  97,  39,  51, 127,  87,  69,  63,  50,  55,  67,  37, 168, 111,  93, 164, 171,  36, 174, 175,  79,  22, 159,  32,  65, 170,  90, 158, 172,  81,  54,   2,  66, 173, 176, 165,  64, 153, 161,  78, 152, 163, 155, 151, 101,  31, 154,  80,  68, 149, 160, 113, 188, 156, 157,  15, 162, 169,  61,  74, 137,  52,  84,  21, 196,  82, 167,  27, 150,  43,  12,  92,  88,  95,  41,   6,  16, 177, 108,  70,  11,  75, 105],
  [ 48,  49, 110, 127,  72,  94,  51,  10,  39,  37,  69,  50,  93,  67, 107, 111,  63, 168,  97,  55, 164, 175, 174,  79, 159,  65,  87, 171,   2,  81, 158, 170,  56, 172,  90, 176,  66, 173,  22, 153, 165, 163,  80,  36, 152, 161, 151, 160, 155,  78,  54, 149, 154, 156,  52, 157,  64,  32,  68, 162, 101,  74,  15, 137, 169, 113, 177, 188,  82,  31, 167,  21, 150,  92, 126,  84,  16,  12,  61,  88,  41,  43, 196,  53,  95, 105,  27, 108,  76, 128],
  [127,  72, 110,  49,  97,  56,  51,  22,  48,  55,  39,  94,  54,  93,  67,  50,  90,  36,  37,  10,  52,  87, 111,  69,  63, 168, 159, 164, 107,  65, 174, 158,   2,  81, 153,  79, 172,  66, 175, 155,  21,  84,  32, 171, 173, 151, 163, 161,  74, 162, 113, 170, 160,  68, 154, 152, 156, 176, 157, 137,  80, 126, 149, 101,  12,  78,  33,  76, 169,  64,  41,  11,  85, 165, 196, 128,  15,  88,  59, 188,   6, 150,  31,  75,  38, 194, 138, 193,  43, 167],
  [ 72,  97, 127, 110,  56,  49,  22,  90,  55, 107,  39,  54,  51,  36,  93,  48, 111,  21,  32,  94,  87,  50,  10,  69,  52,  67,  63,  41,  84, 159,  37, 101,  65, 113, 128, 196, 174, 158,  12, 168,  79, 172,  78, 155, 153, 171,  66, 151,  81,   6,   2, 163, 126, 162, 164, 188, 173, 175, 161,  33, 169,  59, 160,  85,  62, 157, 170,  64, 149,  68, 156,  43, 152, 176,  75,  31, 154,  15,  76,  74, 137,  38,  80, 195,  35,  11, 118, 193,  88, 139],
  [110,  97,  72,  49,  48, 127,  10,  56,  94,  22,  93,  90,  55,  69,  54,  87,  51,  50, 107, 111,  37, 113, 188,  67,  39,  21,  36, 168,  32, 159,  65, 174,  31,  79, 171, 158,  81, 175,  63,  12,  66, 172, 194, 173, 101, 164,  85,  76, 196,  78,  41, 170,  74, 153,  84,   6,  52,  68,  64, 176, 163, 165,   2,  43, 151,  80,  75, 128, 161, 157,  61, 193, 152, 162,  33, 154,  15,  59, 149, 184, 160, 156, 155, 167, 195,  70, 191, 180, 169,  40],
  [ 48, 110,  69,  72,  97,  49, 127, 113, 111,  31,  94,  22,  10,  87,  93, 101, 188,  54, 107,  63,  51,  56,  39,  43,  90, 196,  37,  55,  41,  12,  36,  61,  21,   6,  32, 103,  75,  50, 165,  74, 168,  81,  84, 175, 170, 174, 164,  67,   2,  47,  78,  85,  79, 171,  65,  40, 193,  15, 176, 105, 158, 159, 173,  62,  66, 172, 184,  13, 194,  59, 195, 191, 137, 153,  99, 118, 192,  80,   5, 185, 151,  34,  52, 167, 189, 163, 149,  30,  26,  33],
  [ 72, 110,  48,  49, 127,  94, 188,  97,  69, 107,  87,  10, 111,  63,  56,  93,  55,  22,  39,  51,  50,   2,  67, 168, 174, 113, 164, 175,  79,  37,  81, 171, 172, 176, 158, 170,  64,  65, 101,  66, 161, 173, 165, 159,  90,  31, 153,  36, 163, 152, 151,  70,  74,  78, 149,  80,  12,  15,  68, 157,  32, 154,  82, 137,  21,  16, 160, 162,  35, 155, 156, 167, 103,  54,  61, 193, 150, 184,  40,  43, 169,  47, 136,  92,  84, 106, 185,  26, 196,   6]],


