65 70 17 85 2 52 59 79 61 37 43 56 6 88 45 1 32 49 50 48 71 22 28 95
91 90 29 73 46 33 40 24 53 27 42 39 78 5 93 64 35 16 18 15 77 75 0 30
84 30 16 15 54 93 72 44 5 0 64 77 63 81 68 3 35 76 23 39 14 51 67 75
60 81 14 93 77 75 84 15 5 74 63 54 92 72 64 76 16 44 35 67 3 68 51 0
15 54 93 16 77 0 63 5 30 84 3 64 44 72 68 39 35 76 81 57 14 51 75 67
28 17 48 6 31 70 1 45 37 65 69 85 47 22 79 82 61 43 56 20 32 52 49 19
78 12 27 31 22 48 6 69 19 29 47 45 17 82 52 1 20 28 37 79 62 70 86 41
65 56 61 17 70 1 32 85 6 45 52 37 59 22 49 2 79 88 48 50 43 71 31 69
48 89 13 38 52 47 19 85 74 17 86 31 6 9 70 45 28 69 37 79 43 65 88 41
90 73 29 46 33 91 27 40 53 42 78 35 24 5 39 12 64 72 51 30 76 93 16 44
93 44 63 54 15 84 30 16 77 35 72 3 14 5 76 64 0 81 51 68 23 39 75 92
0 16 15 30 5 54 84 93 72 39 68 57 63 77 81 64 35 44 76 3 18 51 23 36
29 46 90 40 73 33 91 27 53 78 12 89 42 62 24 94 6 88 25 9 79 76 48 70
38 74 34 60 23 92 14 88 9 75 8 44 35 55 73 51 62 77 76 63 52 48 13 81
70 17 65 37 48 85 52 45 6 56 1 61 28 49 43 47 79 2 32 88 69 31 22 50
65 17 70 79 45 1 52 37 56 6 59 71 32 49 2 85 69 61 43 20 22 19 48 47
17 70 65 45 37 1 48 85 6 28 56 61 52 31 69 47 43 32 79 49 22 82 20 19
68 39 81 84 83 0 15 93 16 30 72 67 18 64 5 54 76 41 21 86 57 77 3 19
21 83 20 82 41 26 19 69 86 39 57 31 71 18 1 68 32 0 45 56 89 47 81 28
75 50 51 14 34 92 2 63 77 60 74 35 88 44 73 95 3 8 23 87 76 54 62 5
17 70 65 1 6 37 61 85 56 45 48 43 28 79 52 32 69 49 31 22 47 2 20 82
31 82 20 28 69 41 26 21 83 47 36 18 19 32 48 29 43 45 22 89 6 1 86 12
14 92 51 35 74 34 60 63 75 44 77 23 76 3 54 5 93 8 30 9 72 15 84 38
11 80 4 58 10 66 67 3 95 8 7 13 44 23 34 12 64 30 54 22 84 16 68 87
86 41 19 69 83 20 82 21 47 1 45 37 89 31 32 26 49 71 56 28 81 6 25 18
51 14 63 54 35 15 93 5 44 84 72 77 64 16 30 68 76 3 0 92 39 75 81 23
1 56 45 32 37 65 71 69 17 70 49 20 82 2 6 85 79 61 43 52 28 19 26 21
58 10 13 67 3 8 80 44 93 11 95 64 84 81 76 15 30 54 16 63 0 39 72 23
44 54 30 84 72 16 64 15 63 93 35 77 5 23 3 0 76 14 68 51 81 39 75 92
1 45 37 56 17 65 70 69 32 6 82 85 20 28 49 48 79 31 61 52 43 47 22 19
12 27 78 90 53 29 46 62 73 18 42 94 24 23 55 35 33 39 40 34 92 91 72 6
84 30 72 16 15 93 81 44 54 68 0 64 23 39 76 5 3 77 63 35 14 67 18 92
69 1 31 20 82 37 45 19 48 28 17 6 47 70 79 65 56 49 32 52 61 89 85 86
39 0 15 84 68 16 93 30 72 54 5 81 64 57 76 77 63 67 3 18 44 83 35 14
29 90 33 73 62 46 40 78 42 89 27 25 6 53 12 91 55 24 32 94 61 70 48 69
51 14 35 63 44 75 77 34 54 92 3 5 23 76 15 93 30 8 72 74 64 60 16 84
16 54 15 93 0 5 84 30 39 68 63 77 64 57 3 81 72 44 35 76 75 14 51 67
2 65 70 32 17 85 6 37 56 45 61 1 52 43 59 50 79 71 49 48 69 88 28 20
44 63 51 14 35 3 77 54 84 76 30 15 72 93 23 8 92 64 5 68 74 16 81 0
23 44 35 51 14 63 34 77 72 30 54 92 75 5 84 76 64 3 16 74 15 93 0 81
80 58 10 4 11 13 8 95 22 79 19 48 31 43 49 52 38 47 88 1 9 70 17 28
44 81 84 30 23 3 77 93 15 54 63 76 16 14 72 35 68 74 0 64 92 5 75 51
56 1 65 32 45 71 37 17 85 59 2 70 79 6 49 61 52 69 20 43 82 19 22 31
54 16 15 84 93 30 72 5 0 64 63 44 77 68 39 3 76 35 81 14 23 51 67 57
25 62 73 32 6 89 40 2 60 45 85 24 61 1 91 49 56 5 37 29 65 70 48 17
35 92 14 60 90 51 74 77 8 93 63 23 72 75 30 44 15 84 5 27 76 54 12 94
51 14 44 63 35 77 72 54 23 84 76 34 30 92 64 93 3 8 5 15 74 75 16 60
51 14 44 72 35 77 63 54 23 30 84 76 5 64 92 93 15 34 3 16 75 0 60 74
23 44 14 92 74 35 34 77 63 75 3 51 76 72 30 84 54 81 93 64 60 5 15 8
63 54 14 51 64 29 94 93 5 15 35 76 16 62 60 57 84 0 30 68 77 8 44 72
30 72 84 44 23 16 54 64 15 93 0 77 3 63 35 81 5 76 68 14 39 51 67 92
37 70 65 85 17 1 45 56 43 28 32 69 48 6 49 2 61 52 82 79 20 31 47 59
1 19 47 45 48 31 56 82 26 37 49 61 22 69 17 6 52 20 21 32 86 70 65 85
80 4 58 8 11 10 3 87 66 7 91 40 55 27 44 22 23 13 34 95 77 75 42 15
56 1 32 37 45 65 70 17 2 85 6 61 49 71 69 52 20 79 43 82 48 26 59 28
69 20 82 41 28 31 47 19 37 45 43 86 1 32 6 89 22 17 56 79 48 49 83 70
30 72 84 16 15 81 44 0 93 23 54 77 3 64 76 5 68 39 63 35 14 67 92 18
23 64 16 0 39 18 54 3 84 15 30 44 81 36 13 72 68 67 93 75 5 66 76 77
4 80 55 66 87 11 22 10 58 34 23 67 13 59 3 44 79 43 36 12 30 42 54 16
74 38 60 14 23 92 34 8 44 51 35 63 76 77 9 75 72 3 73 88 13 84 64 30
23 68 18 30 81 4 0 39 44 9 55 16 83 84 3 15 34 74 76 72 5 41 77 66
19 69 41 82 20 86 47 31 28 45 1 37 6 89 48 22 49 32 79 83 21 17 56 70
90 29 73 62 33 46 35 5 78 40 24 25 27 72 51 30 93 91 16 54 39 64 76 14
75 63 77 14 44 3 54 51 35 34 5 16 15 64 23 93 76 84 30 92 0 72 81 57
23 30 72 84 44 35 54 64 16 15 93 77 0 3 5 68 81 63 76 39 14 51 34 92
93 15 84 16 54 0 39 68 30 5 81 63 77 72 64 76 3 44 35 14 67 57 75 51
50 43 58 65 10 13 70 56 85 17 7 95 52 88 2 49 61 37 48 59 79 1 80 4
39 72 84 68 81 0 83 18 30 16 64 93 15 41 67 5 76 54 57 86 44 21 36 23
73 62 90 40 25 33 18 29 91 5 24 39 89 78 27 68 16 83 77 42 0 72 46 53
25 62 5 60 77 76 63 72 84 73 93 81 44 54 67 16 14 30 15 35 57 0 51 92
35 14 75 51 63 94 74 77 92 44 73 5 60 34 91 93 54 76 90 3 15 23 8 62
54 15 5 16 63 93 0 35 51 64 84 57 30 72 68 77 3 44 14 39 76 66 75 81
93 54 15 16 84 5 30 63 0 72 77 68 64 44 76 35 39 3 14 51 81 57 67 75
10 49 58 48 88 85 38 80 65 70 8 52 37 1 6 17 91 9 29 11 61 56 19 40
3 44 67 93 58 54 30 15 84 63 16 77 64 76 0 72 81 10 14 39 68 51 23 8
73 29 90 33 46 40 91 27 24 62 78 53 89 42 25 6 55 18 12 32 5 35 94 48
58 4 13 10 80 7 87 3 67 43 11 8 66 95 81 28 47 19 56 75 22 71 50 57
80 87 4 10 53 55 67 58 66 11 44 3 73 7 24 16 63 68 34 30 22 77 42 15
65 43 59 70 17 2 85 79 56 52 61 37 6 1 50 45 32 71 88 49 28 22 95 48
54 30 16 15 5 84 44 72 93 35 64 77 63 0 23 3 14 51 76 39 68 81 75 34
51 63 14 35 54 77 44 75 5 3 15 93 16 30 23 34 76 84 64 72 92 0 68 81
44 77 63 54 35 14 3 30 51 75 23 15 93 16 84 5 76 72 92 0 81 64 34 74
30 84 15 16 54 72 93 44 5 0 77 63 81 64 35 68 3 76 23 39 14 51 75 67
84 30 64 44 54 72 16 15 93 23 3 0 63 76 77 81 35 68 39 5 14 67 51 75
72 84 30 64 16 15 54 93 23 44 0 68 81 39 5 76 77 3 35 63 14 67 18 51
44 23 54 35 30 63 84 77 72 3 14 93 16 15 64 76 5 51 81 0 68 75 92 34
52 88 70 48 17 38 85 65 50 6 79 37 95 74 61 45 43 2 9 49 47 22 1 60
48 47 38 28 85 52 70 37 6 17 31 45 19 86 88 65 69 1 22 61 43 82 49 79
69 31 19 82 28 20 45 47 1 37 86 48 6 32 41 85 17 22 70 43 49 56 65 79
54 93 15 84 5 16 30 72 63 77 0 68 64 76 39 35 44 14 81 51 3 75 67 57
31 41 82 19 20 13 86 47 83 69 36 28 21 26 10 58 22 18 39 67 48 95 80 12
30 23 72 84 64 3 81 0 44 16 68 67 39 76 18 15 54 93 63 66 5 35 74 77
51 14 63 35 92 44 75 77 74 3 34 54 23 76 60 5 15 93 8 84 30 72 81 16
8 58 10 95 11 46 67 91 49 80 13 9 93 94 76 3 21 26 19 78 12 40 27 15
70 17 37 65 45 85 56 61 52 48 43 50 1 2 6 32 47 69 49 88 20 28 22 31
17 37 70 45 65 1 6 85 56 52 69 48 32 28 79 61 43 47 49 31 20 22 82 2


25 44 0 8 75 28 55 58 10 51 79 16 94 80 87 11 78 60 40 13 47 89 2 91
39 18 31 38 67 74 32 65 84 23 9 61 22 62 34 33 15 48 27 72 12 36 82 54
88 10 94 13 14 73 80 11 75 51 85 2 24 26 28 49 4 0 47 57 79 58 56 77
39 18 31 84 67 72 74 23 38 9 32 22 15 61 65 34 33 12 54 62 44 48 81 36
16 20 10 13 55 2 75 94 93 49 28 88 57 0 11 73 14 56 79 66 25 4 85 24
55 10 58 94 16 75 13 80 25 85 2 28 88 47 11 49 51 73 14 0 66 79 24 78
78 29 79 26 94 1 88 73 11 35 41 20 49 21 19 60 5 13 10 2 14 83 72 57
78 16 5 10 49 26 75 13 58 28 66 80 11 29 0 51 73 86 55 94 2 85 88 43
28 0 20 79 11 25 2 66 19 10 94 88 40 27 57 13 6 14 73 51 89 8 4 54
20 26 10 88 14 0 43 81 73 51 13 24 57 28 2 94 80 11 4 47 66 75 6 56
0 85 51 14 75 80 24 73 13 4 2 10 94 11 26 57 88 28 47 70 8 6 79 1
24 14 51 80 10 79 13 73 94 0 47 28 2 11 75 58 57 56 85 88 71 4 20 16
39 84 27 18 62 74 34 53 61 31 68 60 38 9 23 82 65 32 67 30 36 69 44 22
10 13 94 80 75 73 2 11 0 28 47 57 88 58 14 16 85 79 51 25 55 4 66 24
93 20 45 56 66 57 16 40 95 91 22 63 28 2 36 10 42 88 89 43 29 13 0 79
8 55 10 25 94 0 85 13 75 58 80 28 51 16 11 2 1 79 78 87 57 66 14 73
64 36 63 76 84 15 42 61 95 65 22 67 38 18 39 45 31 33 32 23 7 62 74 50
10 94 80 75 51 25 13 47 88 73 89 69 24 14 85 11 0 55 58 6 49 30 27 28
18 74 32 38 39 31 67 65 62 82 9 61 12 33 23 84 30 48 68 15 53 22 34 54
51 53 86 69 80 68 6 26 14 12 73 82 85 30 11 7 24 4 70 88 47 10 75 79
87 56 68 7 70 30 69 95 48 81 86 53 63 50 45 52 83 82 57 4 24 47 23 65
11 47 80 88 73 57 94 79 10 13 53 14 58 51 4 28 25 64 2 85 49 1 86 0
88 10 13 73 2 94 47 80 11 75 14 57 0 28 58 85 26 51 56 4 16 24 49 25
22 31 9 67 61 38 18 74 39 65 84 23 32 33 72 34 62 82 19 54 36 35 27 48
88 10 26 13 73 2 11 57 94 0 75 14 47 28 80 20 56 58 49 79 16 85 24 4
20 75 90 29 88 70 10 2 0 16 93 49 27 14 13 73 28 37 6 41 94 82 26 21
93 22 36 63 45 34 21 61 55 92 89 48 95 16 42 54 81 70 29 33 67 60 20 31
51 24 57 4 14 88 85 73 80 6 0 11 94 10 13 79 2 28 56 75 58 47 26 1
58 55 25 80 85 51 47 13 10 75 2 11 94 8 87 24 14 1 79 73 57 28 0 88
34 22 23 65 39 18 61 38 31 67 84 32 9 74 48 62 33 45 63 95 36 15 72 93
88 10 13 11 73 26 2 94 57 58 80 47 0 14 85 75 28 79 1 51 56 24 4 55
12 53 76 51 68 86 30 24 80 77 6 69 14 85 15 17 91 54 27 4 82 7 64 43
28 2 8 79 58 80 0 75 13 55 11 94 47 10 16 85 25 51 66 14 73 40 44 87
58 85 80 55 47 8 51 75 77 13 86 87 24 79 94 68 11 69 14 2 1 28 25 62
39 18 31 84 23 22 9 67 65 38 15 74 81 48 61 33 12 43 54 34 72 32 36 62
88 10 75 13 2 94 16 49 73 28 80 11 47 85 0 14 55 58 26 57 66 20 25 4
13 73 94 10 11 80 85 75 2 47 28 14 88 57 4 58 79 24 0 51 55 16 56 1
13 2 94 11 73 85 10 80 47 88 58 14 28 75 4 57 56 1 79 24 0 55 16 66
5 76 70 27 83 79 35 4 93 21 78 7 56 48 82 46 81 37 86 45 54 63 19 28
88 73 26 11 80 14 85 13 28 10 51 75 94 2 57 6 0 4 47 79 19 86 49 53
17 90 77 75 71 15 24 10 13 59 16 28 49 0 89 94 63 42 44 2 14 29 55 20
38 65 61 23 67 32 62 9 33 39 18 31 34 74 84 22 15 54 72 12 82 36 48 44
10 55 13 94 75 88 80 0 11 2 28 58 25 85 73 16 14 51 57 66 47 79 49 24
10 94 75 2 80 73 28 16 4 51 13 11 20 25 14 88 57 79 0 47 85 49 55 66
65 23 38 61 67 62 9 33 39 34 18 31 32 22 74 84 15 54 44 36 48 45 82 92
85 13 51 80 58 79 1 14 94 26 73 11 8 55 10 88 2 87 47 66 57 24 75 0
67 38 61 65 31 9 23 18 74 39 33 22 84 32 62 34 15 54 72 48 82 36 12 92
13 10 88 94 73 11 2 14 47 75 85 0 80 28 58 57 55 24 79 4 26 51 1 56
51 80 10 88 73 14 11 13 26 0 85 75 94 2 57 47 24 58 79 28 86 66 6 25
91 66 39 72 50 67 44 31 38 84 76 53 74 19 18 32 56 65 45 35 3 95 61 5
62 65 34 38 23 33 61 32 9 67 39 18 36 60 74 22 84 31 45 95 44 82 8 15
21 22 92 25 93 61 95 18 43 9 72 20 74 50 31 91 67 34 33 23 5 39 35 60
65 23 9 38 62 67 18 74 33 31 27 61 39 34 84 22 82 32 44 15 68 92 12 17
13 11 10 73 94 28 80 85 47 2 58 75 14 79 57 88 0 1 51 4 55 24 66 56
7 81 70 15 48 82 4 14 46 17 52 51 27 86 24 56 63 50 54 37 47 59 43 76
77 90 75 51 14 6 80 73 24 88 47 94 85 86 13 17 26 10 2 82 81 59 19 0
47 13 73 58 80 10 11 85 2 94 88 75 14 28 57 79 4 56 24 55 51 0 66 1
77 75 10 85 94 55 13 88 80 2 49 47 73 16 14 11 51 28 58 24 0 90 6 26
95 63 48 7 68 30 40 70 84 34 87 69 52 22 23 57 43 37 92 90 31 20 24 65
93 21 22 89 48 36 16 63 70 90 34 45 42 95 20 41 5 81 29 55 2 35 88 94
10 13 73 11 94 2 80 75 28 47 88 85 57 14 79 0 4 58 51 16 24 55 56 49
55 10 94 25 13 88 28 58 2 75 80 0 66 11 51 85 16 14 79 73 8 57 47 24
10 75 13 88 94 11 55 49 16 25 80 85 28 73 2 58 0 5 66 57 26 77 47 20
11 73 28 79 0 85 80 13 57 1 87 14 94 47 2 10 8 4 75 58 66 51 40 88
88 94 13 47 19 10 55 77 85 75 73 2 72 93 26 1 89 56 24 20 14 64 42 80
39 22 43 18 93 36 34 63 84 95 45 48 26 32 31 61 42 72 38 21 56 23 74 67
13 10 94 11 73 75 85 80 2 28 47 14 57 88 79 58 0 4 51 55 16 24 66 1
46 16 47 28 89 4 57 75 2 10 49 11 13 79 20 73 85 56 59 0 5 94 70 83
51 80 0 73 85 75 14 10 13 94 88 11 28 2 57 47 24 58 79 4 25 86 49 78
29 64 15 60 71 50 95 16 68 44 83 63 59 17 69 45 89 49 43 36 52 92 67 3
80 51 85 69 73 86 6 58 11 53 75 94 10 47 0 25 14 88 13 79 78 24 19 28
57 10 11 13 0 73 94 80 4 14 28 88 2 20 79 47 51 56 24 16 66 75 25 49
16 90 3 50 86 75 46 21 29 41 5 49 77 44 55 52 71 36 37 69 80 10 88 94
67 38 65 61 31 33 23 9 18 74 39 32 22 62 84 34 48 15 82 54 92 72 27 12
77 19 41 86 29 90 64 6 52 80 69 25 75 59 8 60 5 82 50 49 68 72 55 94
13 11 58 94 85 47 28 2 80 73 10 79 75 57 14 55 88 4 0 1 24 56 66 51
85 87 58 80 51 1 53 73 86 69 11 79 14 47 68 75 8 24 12 26 62 57 7 77
18 39 38 65 67 31 23 84 61 48 9 32 33 62 74 22 82 45 34 76 95 72 63 15
71 68 69 51 12 17 82 80 30 14 24 90 44 86 43 27 46 50 48 15 70 87 64 59
13 73 10 11 94 14 28 2 88 80 57 47 0 85 79 4 75 24 56 51 58 66 1 20
12 41 53 82 86 68 9 69 30 74 62 67 6 90 38 65 15 31 33 23 18 32 19 39
11 73 10 57 88 13 0 20 51 14 80 94 24 75 26 85 47 2 4 28 79 58 49 66
88 77 2 94 75 13 85 14 10 28 73 11 80 47 24 4 58 0 55 51 49 57 26 1
10 13 55 2 94 88 75 28 58 11 16 1 25 57 73 93 47 0 79 85 14 49 56 26
88 10 2 57 11 73 94 13 56 28 0 25 79 75 4 70 85 80 47 66 20 58 49 19
51 4 57 5 70 53 86 11 80 79 10 85 73 13 75 28 76 47 2 69 7 58 6 56
31 18 67 74 9 39 61 38 84 15 33 22 81 23 65 72 82 32 27 48 43 12 54 7
92 74 31 22 67 61 9 23 18 38 65 84 81 39 27 82 48 34 33 54 20 95 44 15
65 38 23 33 39 32 62 67 61 18 9 34 84 31 74 22 15 54 12 44 72 60 82 48
33 8 62 65 38 32 61 67 23 9 45 54 34 22 82 15 63 48 35 87 31 74 18 39
10 13 11 80 73 94 28 75 2 47 85 14 57 88 0 58 79 51 4 24 16 55 56 66
64 57 4 24 47 73 2 76 88 80 30 14 85 51 11 56 53 94 7 70 68 82 13 6
70 90 14 71 50 82 2 75 64 59 51 68 48 24 57 80 6 49 47 30 16 73 43 29
7 76 91 48 44 39 43 18 15 54 27 3 40 53 22 34 79 33 84 36 87 81 17 26
13 10 11 94 73 80 2 28 75 47 85 57 88 58 14 79 0 4 55 51 16 24 66 56
10 13 0 88 75 85 80 94 73 11 2 51 14 57 28 47 58 79 24 25 1 55 4 16


89 77 28 75 19 87 59 88 9 91 54 43 21 58 42 73 32 66 49 95 6 70 84 37
59 75 89 95 58 42 6 88 87 91 77 73 49 9 21 43 19 28 66 54 32 84 70 76
51 93 3 45 61 60 31 14 50 4 5 11 52 67 86 8 44 39 90 82 65 2 23 46
33 0 62 65 68 8 51 24 4 72 29 67 41 60 22 40 93 12 31 10 3 61 55 44
41 7 33 0 65 12 40 62 86 78 68 5 46 51 64 37 3 32 61 93 47 72 76 35
0 33 40 79 62 85 65 51 7 1 61 3 81 47 25 44 60 50 38 4 11 72 37 82
67 31 11 60 4 8 50 14 93 3 61 24 23 51 2 44 17 45 18 22 90 27 94 74
31 60 50 14 4 67 11 8 3 93 61 51 23 2 90 45 17 24 57 44 39 52 27 94
86 93 5 45 61 31 3 4 60 51 24 14 50 8 67 11 74 23 41 2 65 16 36 83
86 64 82 53 84 5 70 15 52 46 93 58 72 73 90 51 88 45 39 57 75 47 77 74
86 45 52 5 39 57 93 82 14 90 64 51 3 46 23 61 50 31 44 60 11 70 94 16
33 65 12 68 62 40 38 0 61 41 45 56 3 4 5 60 50 82 11 8 10 93 31 14
34 80 63 94 62 55 41 85 45 37 22 82 52 39 79 92 61 83 50 14 47 2 8 3
60 31 67 4 11 50 8 14 3 51 61 2 93 17 23 90 24 44 45 74 57 27 18 94
69 58 75 74 73 84 59 30 89 32 42 95 72 9 53 81 47 86 88 6 19 0 49 87
46 15 90 78 17 36 18 13 38 7 26 16 92 86 24 57 93 30 23 67 3 12 31 8
75 59 9 89 95 88 87 58 19 6 32 49 28 91 77 42 73 54 21 43 66 76 84 40
45 52 16 39 93 14 86 57 94 61 31 5 51 50 4 3 60 82 2 23 8 44 63 34
11 50 60 4 3 14 61 31 8 67 90 45 27 93 2 51 94 39 23 16 17 57 24 74
4 60 11 31 8 67 50 61 14 2 24 3 93 51 74 23 90 17 45 44 94 18 22 63
69 58 30 84 53 16 74 86 70 59 75 73 5 89 39 32 42 95 0 6 36 78 81 57
11 4 60 67 50 8 90 31 2 61 3 24 17 14 18 74 27 93 23 16 94 57 13 51
31 60 11 67 4 8 14 50 93 3 61 51 45 24 2 44 90 23 17 94 18 82 57 22
19 9 89 28 54 88 75 87 77 59 43 42 91 21 49 95 73 6 32 58 66 37 84 76
89 75 59 9 19 88 87 28 77 54 91 43 95 49 6 42 21 58 73 32 66 84 76 70
54 6 95 87 66 91 19 9 77 49 89 28 59 75 21 88 43 79 32 76 42 71 58 73
31 60 67 4 11 50 8 14 3 93 61 51 2 24 17 23 90 44 45 94 74 18 22 82
8 4 11 67 31 60 24 50 61 2 14 3 93 23 51 17 94 45 44 22 18 74 90 27
28 88 21 87 77 91 19 9 54 49 95 66 59 75 6 89 32 43 76 42 40 71 73 64
64 77 58 21 73 66 87 75 89 59 91 88 70 28 32 42 49 43 71 9 6 95 84 19
41 62 55 83 86 72 65 7 51 12 40 47 79 0 61 33 32 64 5 38 82 3 37 45
45 3 86 61 5 52 14 93 51 39 60 50 31 23 90 11 57 82 4 44 8 2 7 67
95 6 49 59 9 88 75 87 91 19 77 54 89 21 66 28 73 43 32 42 58 76 84 69
50 60 11 4 2 31 61 14 3 8 67 74 82 51 93 90 45 23 44 94 24 39 63 52
41 65 33 40 68 55 0 86 73 12 38 47 64 75 74 58 89 79 19 42 21 32 5 46
90 3 60 50 31 11 61 4 14 8 67 51 93 41 45 2 24 74 82 94 63 44 52 57
89 77 28 88 87 9 59 19 75 91 54 43 21 42 66 49 6 95 58 73 32 70 84 76
26 27 16 63 57 36 83 48 38 13 80 90 17 14 30 94 18 11 39 52 23 93 45 31
89 28 58 75 19 77 88 87 70 9 59 32 42 73 84 43 54 91 37 21 53 66 49 6
74 24 4 11 2 8 61 60 67 50 69 31 72 23 3 18 86 27 93 14 16 90 30 17
10 83 38 48 26 56 62 80 72 41 12 55 82 45 81 2 52 61 3 68 14 27 16 25
86 93 5 45 3 61 14 50 31 60 39 4 11 51 52 90 23 67 74 8 2 57 82 44
59 21 77 91 75 88 89 87 66 9 28 49 54 95 19 6 43 42 73 58 32 70 84 76
71 66 54 21 26 91 70 95 77 6 87 59 64 19 75 43 49 28 16 9 89 73 13 38
24 67 8 17 4 18 16 11 31 30 36 60 13 2 23 3 61 74 93 90 78 50 14 51
86 5 58 64 70 84 45 53 69 74 16 73 61 39 32 93 89 75 52 41 59 68 83 26
18 72 81 12 76 95 24 54 30 49 66 10 17 6 38 71 91 83 21 48 26 36 92 67
56 10 33 65 12 62 68 61 0 4 48 2 74 8 38 50 11 60 55 40 82 22 23 45
6 66 54 95 91 59 71 49 42 87 21 1 77 75 89 43 88 19 9 28 78 58 76 15
8 67 11 31 60 4 50 14 93 61 3 24 51 44 45 17 2 90 23 94 18 82 22 57
13 30 27 7 1 16 80 26 36 81 43 94 83 48 10 39 25 63 22 17 57 72 23 3
60 4 11 31 50 67 8 2 14 61 3 24 93 51 23 90 17 74 44 45 18 94 82 22
89 75 58 73 84 59 28 88 42 9 77 87 19 21 70 32 53 91 37 66 49 95 43 54
60 61 74 50 11 4 93 5 3 31 14 45 86 2 67 8 51 90 82 23 24 44 41 39
59 9 89 88 77 19 75 87 28 54 91 21 95 73 66 49 58 43 32 6 42 84 70 76
61 60 50 3 14 31 4 11 93 45 51 2 67 39 23 52 8 90 74 82 5 57 94 44
14 11 31 60 67 4 45 8 50 93 61 3 44 51 23 90 39 57 17 24 27 94 2 52
24 67 17 8 4 18 31 11 60 23 2 16 50 27 3 14 22 93 36 61 51 30 74 90
75 89 58 59 73 88 9 84 87 77 19 28 42 32 91 70 43 21 53 95 49 54 6 66
31 60 14 50 93 45 4 51 11 61 3 67 8 44 90 23 2 52 39 82 94 24 57 17
45 52 82 5 39 61 86 41 14 50 93 60 51 3 44 11 31 90 4 94 46 8 2 64
9 75 19 88 95 59 89 54 87 49 6 28 91 77 43 42 32 21 73 66 58 76 37 84
89 19 9 75 59 88 87 54 28 77 91 43 95 49 6 42 21 58 73 32 66 84 70 76
33 65 40 68 12 62 0 38 41 5 47 85 61 55 82 35 45 52 56 39 64 46 22 20
60 50 4 11 61 31 2 14 8 67 3 51 45 74 93 94 23 90 24 44 82 52 63 39
32 89 75 58 19 59 9 87 28 73 42 88 95 77 6 54 91 43 49 21 66 40 84 76
33 40 65 41 0 47 12 38 84 79 37 58 68 5 70 53 85 15 42 28 46 32 89 75
61 3 60 4 31 50 11 8 67 14 93 51 45 2 44 74 24 23 90 5 82 39 52 94
67 17 4 31 60 90 11 8 3 50 93 18 46 23 24 14 2 78 61 44 51 74 57 13
41 0 65 62 51 33 61 79 7 12 81 47 3 40 83 60 5 31 35 55 72 14 50 8
60 31 11 50 4 67 8 14 61 3 93 51 2 24 90 45 23 44 17 74 94 82 18 22
8 67 31 4 60 24 11 94 2 14 50 61 17 3 51 27 22 63 23 93 18 80 44 16
7 80 1 30 13 94 39 43 51 62 3 0 52 83 84 34 53 47 63 61 70 26 27 10
32 58 89 75 19 73 42 59 28 9 87 95 88 54 6 79 84 43 40 77 37 91 49 81
24 67 8 4 31 11 17 60 2 93 61 23 16 50 14 3 18 74 27 51 22 90 94 44
58 32 89 75 59 19 9 87 88 28 95 77 73 6 91 84 40 49 54 42 43 70 66 53
54 19 9 43 28 77 91 21 66 88 49 87 76 95 89 6 59 42 75 37 73 32 71 58
58 32 89 75 84 73 59 70 86 42 69 88 53 87 28 77 95 19 9 47 6 40 91 43
60 31 4 67 11 50 8 14 61 3 93 51 2 24 23 17 90 45 44 94 74 18 82 22
31 60 67 93 4 14 8 50 11 51 3 61 24 2 45 44 23 90 17 94 82 74 18 57
13 16 27 1 30 36 17 7 57 26 80 94 18 43 34 63 48 23 90 25 39 81 78 6
4 11 60 31 61 8 67 50 93 14 24 3 2 74 45 23 51 90 44 17 94 18 22 5
95 49 87 6 88 91 77 21 28 54 9 19 59 75 66 76 42 32 89 43 40 73 71 58
78 68 7 86 64 38 33 93 65 3 36 12 13 23 5 46 48 39 16 17 83 31 24 61
31 60 4 11 67 50 8 14 93 3 61 51 2 24 45 23 90 44 17 94 74 82 18 57
67 31 8 4 11 60 24 50 14 61 2 51 17 3 93 90 18 23 44 94 45 74 27 22
65 33 40 35 12 5 68 46 86 0 64 62 41 55 32 85 28 47 76 23 21 20 77 87
89 28 75 19 77 88 59 9 87 43 54 91 21 42 58 73 49 66 32 6 95 70 84 37
33 0 65 40 62 12 68 5 41 10 38 56 45 61 51 47 46 55 37 32 79 86 64 82
89 59 75 58 87 77 28 88 19 32 9 91 73 42 43 54 21 95 6 49 66 70 84 40
60 31 50 14 4 11 61 3 93 67 8 51 45 2 90 23 24 44 82 17 94 52 74 57
11 60 4 50 31 67 8 61 93 14 2 3 23 24 74 90 51 17 18 45 94 44 27 22
0 15 33 48 65 56 1 23 68 53 57 85 13 84 64 62 30 58 72 3 10 39 61 69
31 60 67 51 50 14 93 4 8 11 3 61 2 24 17 90 23 45 44 94 82 18 57 22
59 89 75 9 19 54 88 43 87 77 91 28 95 6 58 73 49 21 66 42 32 84 70 53
60 31 67 11 4 8 14 50 61 3 93 51 2 24 44 45 17 23 90 94 57 18 82 22


92 62 63 64 49 75 27 34 13 89 47 78 84 2 19 6 22 55 0 9 65 10 36 1
95 45 12 72 4 60 11 46 50 73 3 37 70 82 15 80 52 33 21 56 61 77 28 85
2 27 47 84 19 1 36 6 42 49 34 17 9 10 76 22 0 54 59 13 86 93 55 31
0 17 22 78 10 76 19 1 6 31 93 59 34 38 89 9 30 54 36 28 84 41 27 13
0 22 78 17 10 19 1 6 76 59 34 89 31 93 9 38 30 54 84 36 27 13 28 47
36 10 17 19 76 1 88 34 78 0 22 6 47 27 9 13 38 31 54 30 59 93 84 28
18 65 21 88 61 94 91 16 7 20 40 79 92 70 29 51 75 77 63 3 33 49 50 47
49 42 75 65 92 62 51 83 57 86 64 68 35 63 14 80 85 40 16 77 52 24 79 2
45 12 72 60 56 53 26 95 69 15 82 50 4 73 80 77 52 85 33 83 90 70 46 57
35 39 5 79 88 94 66 29 16 7 55 65 60 4 82 44 75 61 32 77 83 51 91 85
0 22 78 19 6 34 10 1 89 17 76 27 59 9 84 93 47 13 38 36 54 28 31 30
92 68 64 49 2 62 71 14 29 65 75 63 5 86 42 55 20 79 40 21 18 61 33 51
77 85 7 80 16 61 50 79 33 70 20 91 60 21 72 24 56 90 12 83 4 52 69 25
90 70 33 72 74 21 50 61 20 60 91 15 80 52 77 7 85 56 24 73 51 46 69 12
49 92 62 42 65 75 64 68 86 63 2 14 27 51 57 71 24 83 5 40 29 13 55 84
70 91 61 21 90 50 72 33 74 20 60 77 7 15 16 51 85 80 4 73 79 46 52 12
34 27 47 63 13 84 19 6 2 81 78 22 28 0 89 1 36 10 9 62 54 59 76 93
2 55 93 34 78 1 6 76 10 41 30 0 22 17 59 5 19 89 9 31 84 48 81 27
12 7 77 16 79 24 20 94 33 50 4 85 18 72 80 60 61 56 14 70 21 3 91 69
31 17 30 76 10 59 93 38 0 41 22 78 1 19 9 34 89 6 58 54 48 36 28 13
45 60 44 95 4 50 82 80 72 26 32 46 85 12 87 8 77 3 90 15 70 73 25 91
83 85 80 77 52 16 7 53 35 79 15 61 51 91 60 70 25 72 56 33 90 66 50 69
72 60 12 4 50 85 80 77 70 61 33 91 7 15 45 21 56 90 69 95 16 73 20 79
31 17 59 0 30 22 76 38 78 93 10 1 89 19 6 9 41 58 54 48 84 34 55 13
10 76 19 1 78 17 0 22 93 34 59 30 6 31 9 36 38 2 28 27 41 89 84 47
61 91 70 77 50 21 85 7 60 72 80 33 16 90 20 79 15 74 51 4 52 12 56 24
52 83 57 69 86 43 56 68 73 15 26 14 90 51 12 61 42 37 3 70 45 77 91 21
26 43 69 73 45 90 52 15 72 12 83 57 60 56 70 74 5 91 61 85 77 50 95 21
70 69 33 61 21 90 91 20 7 77 50 80 85 72 56 15 16 60 74 24 14 51 12 52
37 18 74 90 20 73 15 70 21 4 33 72 48 29 91 24 50 56 41 81 61 51 65 92
70 61 21 91 50 33 20 77 90 7 72 60 85 16 80 79 15 74 4 24 56 51 12 52
60 72 12 50 4 95 80 33 46 70 3 45 56 77 21 82 20 61 85 79 7 90 91 24
90 70 91 21 33 61 74 50 72 20 60 15 77 80 7 85 51 73 4 16 56 52 24 25
17 76 10 78 0 19 1 31 22 59 30 9 93 34 38 6 54 36 41 89 84 13 27 28
60 50 72 4 33 80 77 70 20 12 7 21 61 85 79 91 90 56 16 24 45 15 46 25
77 7 85 16 80 79 61 20 91 50 33 56 21 70 94 24 60 72 83 12 4 14 69 90
74 90 15 73 70 61 66 91 58 60 52 21 50 72 8 82 51 25 46 48 85 43 33 77
93 76 10 0 1 78 22 59 19 6 28 34 2 17 30 41 9 31 38 89 27 48 36 81
85 77 16 80 83 91 35 7 60 50 61 79 56 70 20 72 69 12 21 4 33 94 24 82
53 28 87 86 26 69 45 67 57 71 27 4 82 33 47 13 24 54 6 60 72 56 50 2
79 33 50 20 7 72 77 70 61 16 80 21 4 60 85 56 91 24 12 90 14 51 29 15
43 52 95 66 91 72 60 70 61 50 8 74 73 77 46 21 45 15 3 90 12 4 11 85
70 61 91 21 50 77 7 33 72 60 85 90 20 80 16 79 15 4 74 51 12 52 56 24
76 10 17 1 0 78 19 93 22 30 59 31 34 6 38 9 36 41 28 2 89 27 54 47
95 87 82 26 86 57 44 4 32 80 71 60 69 50 89 46 53 11 6 38 72 3 73 67
79 7 85 80 77 16 33 20 53 60 50 25 72 21 70 61 24 91 4 90 35 12 69 56
44 58 53 45 32 23 38 83 89 66 35 26 52 31 85 8 43 80 39 54 69 0 48 25
75 27 54 0 78 6 22 17 1 93 19 59 62 84 2 76 36 42 9 30 28 65 34 48
45 95 12 3 72 60 4 11 52 28 56 50 73 24 46 77 15 80 53 85 38 83 70 90
58 74 48 43 66 41 23 90 8 51 73 91 52 30 83 61 31 25 40 85 70 15 80 77
53 35 83 12 94 16 7 79 85 77 80 60 3 52 56 4 24 72 14 45 20 50 69 33
89 22 84 6 78 59 19 0 1 47 36 27 17 34 88 10 54 13 63 62 9 76 55 31
77 7 61 85 50 70 80 33 20 91 60 16 21 79 72 90 56 24 4 12 51 52 69 14
0 17 78 22 10 19 76 1 6 34 59 31 9 93 89 54 38 30 36 84 13 27 28 47
50 16 79 91 20 21 70 80 33 61 7 60 77 4 25 85 90 72 74 82 51 40 24 29
61 70 91 21 77 50 7 33 20 90 85 16 72 60 80 79 15 74 51 24 4 56 52 12
91 61 70 72 21 77 50 7 16 60 85 20 33 80 4 90 79 12 51 15 52 24 74 25
72 60 61 52 91 77 70 50 85 12 90 21 4 80 51 33 7 56 15 16 20 73 83 79
45 95 11 28 38 26 54 53 12 23 57 44 35 60 76 6 52 10 0 58 36 19 43 22
34 28 78 0 6 19 22 1 27 10 13 54 84 76 47 2 89 93 9 17 36 38 59 81
90 20 74 33 37 70 21 56 18 24 50 91 72 61 73 15 51 60 25 77 52 14 29 79
17 76 10 78 31 1 0 19 30 22 59 93 38 9 36 6 34 89 55 41 54 84 13 27
38 0 22 17 89 78 31 10 6 93 76 19 59 1 30 28 11 9 54 34 41 36 84 44
78 0 6 22 76 19 10 17 1 34 54 93 28 27 59 89 84 9 13 38 2 31 36 30
17 76 10 0 78 31 1 19 38 22 93 30 59 9 36 41 34 6 54 89 58 13 28 55
53 13 27 47 54 63 84 34 28 36 62 94 19 6 88 78 2 86 22 0 71 35 89 87
5 68 44 81 39 92 40 64 29 23 63 32 66 89 43 71 55 14 9 67 8 34 38 62
56 33 50 77 20 69 80 60 7 72 70 85 79 24 21 61 90 12 91 16 4 87 14 15
87 26 69 86 53 5 67 25 57 15 80 79 71 64 33 90 7 51 75 85 16 60 73 50
52 45 95 43 8 12 60 58 72 3 66 65 46 91 61 50 74 70 44 77 83 15 90 56
70 91 90 61 50 72 21 33 77 60 80 85 15 74 7 20 69 52 16 51 12 46 56 4
75 49 65 18 42 51 90 74 92 93 4 63 2 11 27 64 87 43 67 62 78 24 84 30
70 61 91 21 50 90 72 33 60 77 74 7 20 80 85 15 16 51 4 79 52 46 12 56
0 22 6 78 19 1 10 38 34 93 17 89 76 28 59 9 54 31 30 84 27 13 36 47
28 95 57 27 42 2 6 54 84 93 0 86 22 36 76 19 4 1 75 78 17 53 49 12
58 43 17 30 76 31 10 5 88 11 41 93 38 55 59 1 36 8 9 23 19 78 44 48
83 85 80 56 77 53 7 79 16 94 60 61 12 72 91 14 35 50 52 70 3 24 33 20
92 64 49 62 65 63 75 29 51 68 42 40 79 16 18 94 20 7 55 14 91 66 24 74
87 71 26 53 69 86 37 81 57 67 89 25 6 33 82 56 48 80 44 0 32 73 28 22
43 31 17 58 30 59 54 9 10 1 93 76 22 0 78 48 83 38 19 8 84 68 65 41
90 33 73 72 60 70 74 50 45 61 21 25 15 91 77 80 20 4 95 46 12 85 52 37
0 78 22 19 10 6 1 17 34 76 89 59 9 93 31 38 54 36 30 27 84 13 28 47
0 22 78 19 17 10 6 1 34 54 76 89 59 9 84 31 38 27 13 36 93 47 30 28
94 75 63 79 20 16 14 4 61 7 21 88 50 49 92 24 65 29 33 3 91 70 60 77
53 54 13 47 27 35 79 84 34 88 94 63 81 6 19 28 89 45 0 86 22 36 44 78
78 0 10 19 22 34 6 1 17 76 9 89 59 27 2 36 93 31 47 38 13 30 84 54
0 22 6 17 1 78 10 76 19 38 31 54 89 93 30 9 59 34 36 28 13 84 41 27
61 90 91 70 52 72 77 85 21 60 50 33 80 15 69 7 12 74 20 51 56 83 73 16
6 22 78 19 34 0 1 10 27 89 47 84 17 54 13 9 76 28 36 59 2 93 38 31
95 32 11 36 27 44 46 28 6 4 47 84 19 75 3 54 2 38 0 60 22 37 76 10
0 22 78 17 6 19 1 10 59 76 34 93 54 89 9 31 84 30 38 27 13 28 36 2
70 61 91 21 50 77 33 72 7 90 60 85 20 16 80 15 74 79 4 51 52 12 56 24
70 91 61 21 50 90 72 33 20 77 60 7 85 80 15 74 16 4 52 56 12 51 24 79
0 78 22 19 10 6 1 17 76 34 54 93 9 38 89 59 31 28 36 84 13 27 30 47
30 17 76 31 93 59 10 41 0 1 22 38 78 19 9 58 6 48 89 34 36 54 55 11
63 55 84 94 47 13 88 36 75 65 19 17 78 1 27 9 34 62 43 54 10 22 31 89


