
17 85 13 65 19 9 37 70 31 89 28 45 43 47 2 1 86 88 6 48 59 69 49 38
91 90 40 73 29 27 46 33 24 78 53 42 5 77 75 18 62 44 79 81 35 55 16 34
44 75 81 77 63 74 23 92 84 16 14 72 35 60 3 54 52 76 34 93 30 5 8 73
14 60 38 52 75 74 44 92 8 63 50 35 88 77 93 84 81 62 72 34 23 73 67 54
0 77 54 81 16 15 57 30 75 79 18 3 63 5 84 92 67 44 76 59 93 41 11 83
31 28 65 85 82 1 48 32 89 26 47 37 17 56 2 19 45 21 68 13 20 69 64 49
78 27 12 29 62 46 40 17 38 88 42 53 94 52 22 33 86 90 59 70 73 91 9 6
65 56 1 26 31 48 50 32 70 89 17 6 82 21 85 61 28 88 11 68 45 49 47 71
19 85 31 17 37 13 45 89 86 1 47 28 2 48 69 65 82 32 49 9 64 6 20 68
90 73 29 27 46 33 40 91 78 53 42 24 12 35 62 5 72 55 75 44 77 74 14 34
44 63 92 77 75 14 84 72 60 54 8 74 35 93 81 23 34 30 52 16 76 3 95 5
0 16 81 57 54 30 77 15 41 18 79 5 75 92 84 44 63 55 72 59 23 66 83 76
40 73 27 29 46 78 91 90 42 33 53 62 12 25 94 24 7 6 55 89 79 59 5 74
14 38 52 74 60 23 44 88 34 92 75 35 8 9 63 77 95 55 76 73 70 3 79 62
48 28 85 65 31 47 56 26 37 13 70 82 64 1 68 89 17 2 51 32 88 19 21 50
59 79 52 74 81 75 22 41 57 23 86 17 62 92 35 60 3 44 55 77 69 9 73 45
31 85 28 48 65 17 47 1 13 37 19 82 45 32 89 26 2 64 56 70 21 69 68 49
68 83 39 21 26 20 82 32 69 1 15 45 19 0 56 57 37 86 71 84 25 31 61 30
83 20 21 39 69 71 82 32 57 1 68 0 56 26 45 19 2 61 15 37 41 89 49 18
14 75 34 92 77 44 60 95 63 8 52 23 72 74 54 35 3 50 51 81 84 76 67 73
65 31 28 56 48 82 85 1 26 32 47 89 17 2 21 37 68 61 13 70 19 43 45 20
26 82 56 21 31 32 28 68 20 39 2 65 1 48 64 36 61 71 85 51 47 89 83 69
92 14 60 52 44 74 75 23 34 35 77 63 95 81 38 55 8 79 72 76 3 62 54 93
3 34 80 7 22 66 4 55 11 95 44 8 23 77 75 67 42 54 18 63 79 76 14 52
69 83 19 20 45 1 37 86 82 32 21 68 89 41 57 39 71 2 49 47 25 61 31 56
51 26 68 56 50 21 48 39 15 72 64 82 28 31 25 32 12 84 47 30 29 85 37 65
1 82 45 32 19 21 37 31 2 69 20 56 65 89 71 26 68 85 17 28 39 49 13 47
10 58 93 67 13 8 60 44 3 84 63 76 7 15 74 16 81 80 72 11 57 91 14 54
44 72 34 84 14 77 63 23 75 8 92 54 35 30 60 16 74 5 3 76 81 93 52 55
20 83 57 69 79 59 61 22 71 56 0 81 1 41 18 70 32 82 11 21 45 77 54 65
12 78 27 29 53 55 46 18 23 34 90 59 73 66 7 79 22 70 92 62 52 75 40 17
44 92 77 75 63 72 84 81 23 74 54 14 34 60 35 30 8 16 52 3 76 95 93 5
27 69 89 46 20 78 19 1 29 32 45 82 17 40 91 37 31 21 12 90 33 65 83 53
15 0 39 16 30 84 54 83 5 57 93 21 68 72 18 71 36 51 26 56 63 67 20 76
29 27 40 46 90 33 78 73 42 53 91 12 62 24 6 25 89 94 55 32 65 48 85 61
44 77 92 75 34 14 54 72 23 63 35 60 8 84 52 95 74 81 30 16 55 76 5 3
57 0 16 15 81 83 54 71 59 39 79 18 41 5 77 30 3 20 67 11 75 84 93 63
65 48 85 28 31 17 2 89 26 47 32 70 37 82 56 29 1 6 43 42 64 45 25 68
84 30 15 72 0 54 63 77 81 16 44 76 5 92 8 36 67 93 57 3 11 51 18 41
38 14 23 34 44 74 8 88 9 72 35 60 63 95 52 92 75 64 48 5 73 55 42 76
80 4 58 38 88 8 10 9 74 13 3 22 52 7 60 94 86 23 44 85 40 14 48 19
44 81 75 77 74 92 23 63 3 52 35 34 60 14 54 84 16 79 76 72 67 30 55 41
19 85 31 1 37 45 32 17 65 89 2 82 28 47 13 69 48 21 86 68 26 64 20 56
84 54 72 16 44 63 93 77 5 30 14 8 75 92 35 15 60 81 76 34 67 3 74 23
24 25 91 73 40 29 89 5 45 43 93 62 1 32 2 76 67 6 37 90 69 60 56 49
60 27 38 14 74 93 92 35 91 52 62 63 94 12 88 78 75 40 6 72 90 8 23 44
51 72 48 8 14 50 30 64 28 84 34 88 93 9 95 85 38 5 63 60 54 15 26 68
51 72 14 8 34 50 84 60 30 54 92 44 95 63 77 93 35 38 5 88 23 75 76 15
44 14 23 74 75 92 52 60 34 35 77 63 8 38 81 95 72 3 76 84 55 54 73 79
62 25 29 57 49 94 71 78 0 59 46 16 54 39 83 11 81 63 79 73 21 67 76 84
44 23 74 63 92 72 35 38 77 81 8 84 34 30 3 14 60 75 76 52 55 41 73 16
31 85 28 37 48 1 82 65 47 19 13 32 89 2 26 45 68 17 64 56 21 69 20 49
50 51 54 84 14 15 77 8 60 56 26 11 88 72 67 38 93 62 75 63 73 5 25 48
80 4 8 7 3 87 58 40 10 49 91 11 77 34 75 50 55 61 15 88 66 76 36 95
56 1 21 82 20 32 26 69 71 45 83 37 68 2 65 39 19 31 89 61 49 25 17 47
41 79 69 59 20 83 17 57 43 23 61 22 70 18 81 19 4 2 0 47 45 55 74 49
77 44 75 92 34 54 63 72 23 81 14 84 60 30 74 16 35 3 95 8 52 76 55 5
20 83 57 69 71 59 61 0 21 82 32 1 39 18 79 2 19 41 45 22 11 4 56 49
4 80 58 10 22 87 3 11 66 55 13 23 49 34 67 43 59 47 7 50 28 79 8 44
38 9 88 48 85 13 14 64 28 47 74 8 86 60 52 35 23 70 31 6 44 17 93 63
19 1 31 82 37 89 47 68 32 69 45 20 2 28 85 21 13 65 17 26 56 83 49 61
86 19 69 45 37 17 41 1 89 47 20 13 49 74 6 32 82 31 85 83 2 9 70 79
29 27 78 46 33 73 90 40 24 62 91 12 42 53 25 5 35 72 18 89 30 51 55 0
75 44 77 92 81 23 14 34 52 54 3 74 63 60 35 8 16 55 84 79 76 67 95 73
23 34 55 44 35 30 72 74 92 66 18 8 14 63 77 42 75 3 38 84 52 60 22 95
93 39 15 57 63 21 16 83 71 81 19 68 45 84 9 0 62 25 5 67 1 76 86 78
80 7 50 43 4 10 3 13 70 58 34 8 65 48 49 88 51 56 87 28 95 9 14 85
86 19 69 45 83 41 82 37 20 32 68 84 47 31 78 21 39 57 25 91 1 89 13 93
40 90 73 91 27 29 42 33 46 5 62 78 24 77 18 75 79 55 53 81 0 57 59 16
67 93 60 84 5 63 76 72 10 25 44 62 54 30 16 77 14 92 15 81 57 0 8 36
94 74 60 91 52 35 44 63 14 93 62 53 46 38 75 92 73 40 81 23 9 5 78 27
54 15 30 0 16 18 51 84 72 36 39 5 77 57 66 50 83 42 21 12 56 7 71 90
15 16 30 84 93 54 0 5 72 39 51 63 36 77 57 67 76 18 83 81 8 21 44 11
76 8 67 10 38 73 14 44 93 60 9 74 88 24 91 63 80 84 52 92 58 29 75 72
58 94 91 10 60 3 93 63 11 6 67 15 44 53 13 46 51 74 5 84 89 16 54 39
40 29 90 73 27 91 46 78 33 42 53 24 62 89 6 7 25 5 94 12 39 18 64 48
4 80 7 3 58 42 87 10 13 66 67 8 43 22 84 95 75 55 77 61 16 54 79 81
10 80 43 58 4 3 87 11 67 24 55 22 44 6 13 34 77 63 89 60 81 50 8 54
65 85 31 17 28 2 43 13 89 1 37 48 19 82 47 42 32 45 70 56 64 71 26 69
34 54 77 30 44 72 75 16 23 92 55 5 84 35 14 63 18 66 95 8 15 81 73 76
54 77 34 75 92 16 30 44 63 0 95 15 18 81 72 23 55 79 14 5 35 51 84 76
77 75 92 44 54 81 34 23 63 16 95 14 52 74 35 72 60 79 30 3 84 55 76 0
44 77 81 75 63 92 74 23 84 35 16 72 54 3 60 14 76 52 30 34 5 8 93 55
44 54 84 72 77 92 75 30 63 16 23 8 81 34 3 35 14 67 60 95 15 93 0 74
72 51 84 30 8 34 14 54 44 63 5 93 36 16 15 35 92 60 76 77 23 38 50 95
44 75 23 77 92 74 63 81 35 34 14 60 72 84 52 3 54 8 76 16 30 55 95 93
74 52 92 75 44 60 14 23 81 38 77 35 79 34 63 3 95 55 73 8 22 76 70 67
48 85 28 64 13 31 88 47 38 37 65 9 17 86 19 70 26 89 6 45 68 82 50 1
31 19 85 1 37 82 28 45 32 47 89 13 2 48 68 65 69 26 17 21 64 86 20 56
15 84 54 72 30 51 93 16 5 63 0 77 76 8 14 36 92 18 44 67 60 34 39 35
20 82 21 26 83 69 32 56 71 61 39 1 31 2 68 36 45 19 57 37 89 0 65 43
3 63 44 84 76 72 58 23 7 30 81 4 74 55 41 0 67 34 16 8 77 66 57 87
44 81 74 92 75 77 23 63 52 35 60 3 84 14 72 34 54 76 16 79 8 95 55 41
93 46 67 91 76 78 49 15 8 40 73 84 53 94 63 27 39 21 80 10 71 7 16 19
77 54 92 81 75 0 72 95 51 50 15 34 30 11 36 44 84 18 57 67 55 63 16 60
17 37 31 1 65 19 85 45 32 82 69 28 89 47 48 2 20 70 13 26 86 21 56 6


75 10 0 8 47 28 25 85 58 80 79 87 55 16 13 11 2 14 73 44 60 77 94 51
39 18 38 67 22 43 74 31 65 61 84 20 81 7 9 34 27 23 15 12 42 92 48 91
88 14 77 94 80 75 2 11 24 85 90 49 55 10 13 73 63 17 58 8 12 15 26 68
38 39 72 67 18 31 84 15 22 12 9 23 74 61 81 43 33 44 54 20 32 65 19 1
92 20 22 74 67 61 81 31 55 42 50 43 18 60 17 36 93 25 90 7 78 71 39 10
55 75 16 94 58 80 2 8 14 10 85 87 11 77 13 88 28 79 47 73 86 0 49 24
78 29 21 79 1 69 26 23 19 73 5 41 35 94 11 70 60 25 87 72 62 44 86 58
78 16 75 10 58 80 5 21 69 13 11 85 86 87 2 28 1 55 79 8 70 82 73 29
28 79 27 34 11 0 2 8 87 25 7 45 75 10 55 19 14 78 54 13 94 23 3 58
81 67 18 43 44 22 39 31 7 20 74 38 91 65 61 82 92 9 23 72 40 60 78 15
1 85 10 80 26 2 47 87 58 88 13 0 75 73 14 11 62 8 4 94 16 49 53 24
24 51 71 17 79 54 80 60 47 14 90 69 82 56 58 89 23 13 73 64 8 26 27 85
39 18 22 38 67 61 84 74 31 20 43 9 34 92 65 23 27 82 68 62 42 44 15 6
80 75 58 10 85 47 0 13 2 73 16 11 94 87 8 55 28 88 14 79 1 25 69 51
22 20 67 31 92 61 18 39 74 38 9 84 43 34 65 23 44 81 40 95 91 36 66 15
8 10 87 55 85 80 75 13 58 2 11 94 0 16 14 28 73 88 47 1 79 62 66 57
42 36 76 84 63 68 64 15 95 57 40 7 24 45 48 50 39 43 4 61 12 38 67 18
27 89 30 94 69 6 25 88 41 47 72 75 10 17 5 82 80 59 51 73 54 90 19 26
30 67 18 31 74 22 81 39 38 43 82 20 61 92 68 69 63 4 76 46 91 95 48 90
70 53 51 7 30 27 5 6 35 82 2 86 68 69 29 80 16 11 0 85 26 94 87 73
56 57 24 68 30 87 69 63 47 95 13 14 7 86 51 70 4 53 83 0 11 93 50 80
47 64 88 11 80 73 1 94 53 57 72 87 58 13 8 85 89 2 14 49 79 46 5 10
88 94 73 10 80 47 49 2 19 36 75 77 16 0 37 72 14 85 29 6 25 64 90 93
19 72 94 88 47 73 29 25 41 35 49 9 1 70 59 5 80 89 78 90 16 75 31 46
26 49 58 46 56 53 2 19 76 90 3 5 55 88 35 43 47 89 29 94 57 24 70 16
22 18 67 31 20 9 74 61 39 38 23 27 82 92 84 72 81 19 41 70 34 43 29 15
61 22 92 93 74 31 20 36 67 34 38 9 18 42 43 55 48 54 63 21 35 39 83 70
76 24 4 28 85 0 2 12 14 77 53 11 58 57 36 94 87 13 6 51 75 88 79 56
58 55 87 2 85 80 75 8 11 16 10 94 13 14 47 0 73 1 88 28 79 24 62 66
22 20 18 67 38 61 39 31 65 74 23 34 92 9 43 81 84 27 48 82 95 7 63 30
85 58 80 87 13 11 75 1 73 2 10 8 47 0 94 14 55 28 88 26 79 16 62 24
76 12 24 91 42 53 68 64 30 4 51 17 54 43 77 7 40 14 84 87 57 47 89 15
44 34 45 28 79 40 91 90 66 2 71 23 89 54 55 16 25 50 62 8 0 47 82 58
58 13 85 80 62 55 47 75 87 28 94 2 8 1 11 16 0 14 79 10 24 26 56 45
38 18 39 67 81 43 26 22 23 48 65 84 31 74 33 9 20 56 12 61 54 1 44 4
88 29 49 77 19 72 90 80 75 16 36 94 50 41 2 89 73 64 15 44 26 85 55 10
94 75 80 87 85 11 73 2 13 8 58 47 16 14 55 10 88 0 28 24 1 57 79 49
2 94 13 85 80 58 47 88 14 75 73 11 87 16 55 8 77 1 24 10 0 49 56 28
76 5 4 82 27 79 48 46 83 70 24 53 86 63 35 51 81 7 78 28 59 37 6 57
72 19 36 32 76 77 35 42 91 81 74 67 39 31 18 88 9 41 54 28 64 15 92 84
17 90 15 77 71 60 63 59 52 75 44 24 43 49 50 68 54 89 95 81 80 51 47 92
61 22 67 74 38 18 31 39 20 9 65 23 84 34 92 72 12 81 15 43 54 60 17 27
55 10 80 75 58 94 85 2 8 13 87 0 11 16 14 88 73 28 47 1 66 24 79 77
92 10 16 2 25 20 88 94 55 8 61 75 53 36 49 11 66 86 14 6 78 9 79 83
67 39 20 18 22 61 38 23 34 9 92 74 31 65 84 43 44 60 25 36 27 42 21 35
8 87 55 13 58 62 85 94 33 79 28 80 0 11 1 2 14 32 75 45 73 16 66 47
61 38 65 31 9 74 22 67 23 18 39 20 84 33 92 15 34 43 72 81 27 54 12 82
7 27 10 42 26 51 0 35 85 86 28 13 87 83 80 58 48 94 21 55 75 70 6 1
2 11 87 10 75 88 16 73 8 80 14 85 55 94 53 0 58 79 28 24 86 47 66 13
66 44 72 91 39 19 74 31 67 38 56 18 50 84 60 20 22 35 3 81 9 43 61 54
62 58 66 55 16 34 36 3 45 60 69 91 65 40 86 78 50 44 29 28 13 32 23 25
61 31 92 9 67 25 74 20 22 72 18 38 43 82 44 21 50 41 19 81 39 60 91 90
27 20 92 23 65 9 82 22 74 61 44 34 90 68 17 18 31 38 43 71 67 39 77 6
13 85 80 87 75 58 11 28 8 0 73 47 14 94 2 1 10 55 79 16 24 57 88 66
70 15 82 48 81 51 86 46 4 7 27 57 2 76 28 63 79 29 52 90 41 56 47 83
90 81 72 31 18 67 74 22 77 17 9 82 43 39 84 19 61 54 6 15 20 92 38 71
13 80 47 85 75 58 73 11 2 94 14 24 87 0 28 10 55 56 1 16 57 77 88 49
77 75 94 55 85 10 36 2 58 80 16 49 11 47 14 88 13 0 73 87 24 28 3 86
68 95 63 30 40 82 69 23 48 57 84 31 67 4 52 22 92 90 18 81 76 38 34 37
41 88 89 94 72 70 6 27 77 5 42 35 48 29 90 49 26 80 75 36 21 54 93 10
85 80 10 47 73 58 13 87 75 2 11 0 1 94 14 8 16 79 28 88 55 57 26 49
55 8 2 94 87 75 80 16 10 11 85 58 14 13 88 28 0 73 66 47 79 53 77 1
21 77 88 5 75 49 36 94 85 41 55 10 80 19 25 35 11 29 90 16 2 68 6 66
87 85 8 80 11 73 13 1 0 58 75 2 47 28 14 79 10 16 94 88 66 55 57 53
72 19 88 54 94 47 35 73 80 26 29 85 89 75 77 6 13 10 1 5 55 41 59 14
39 62 38 18 26 84 43 67 22 1 68 56 63 32 58 48 31 61 40 34 95 82 15 65
85 75 80 87 11 13 10 2 58 8 73 94 14 55 0 16 28 47 88 79 1 24 57 66
46 91 53 30 57 40 16 66 47 3 49 44 87 68 78 76 8 0 94 95 13 58 45 59
80 0 85 75 73 28 58 13 2 88 10 14 47 11 51 87 94 8 77 1 16 55 79 57
29 15 36 83 16 50 49 59 71 69 64 75 45 3 90 77 17 60 63 80 66 43 46 89
19 80 47 25 73 88 6 72 94 69 0 58 85 78 75 77 55 8 53 10 35 5 64 84
20 31 81 92 23 30 65 67 22 74 18 63 69 61 4 68 9 84 38 25 43 39 12 34
50 90 16 88 72 44 41 29 86 80 5 3 71 46 52 36 69 75 17 74 14 19 77 73
38 74 67 61 31 18 22 65 39 9 20 23 81 33 92 84 43 82 48 54 72 34 27 42
19 72 41 90 25 88 29 77 52 49 94 80 86 75 9 5 73 50 1 15 59 69 2 47
13 28 87 58 85 32 80 11 47 94 45 2 0 55 8 75 56 14 79 73 1 57 24 62
85 80 87 58 75 11 13 2 8 73 14 47 0 10 16 28 94 1 79 55 88 62 24 26
19 82 38 25 9 39 56 43 67 18 31 22 29 69 65 41 86 23 70 72 78 95 79 48
71 90 17 69 89 50 51 48 70 46 81 43 52 29 59 44 82 63 95 80 56 68 30 31
13 80 14 87 85 11 28 73 47 24 94 8 75 0 58 2 56 88 10 79 55 57 1 77
41 12 90 82 21 25 86 19 50 5 15 6 77 9 29 60 94 74 72 88 31 11 75 26
92 31 67 74 20 43 18 81 84 39 22 61 27 82 95 6 42 9 38 17 68 34 44 70
77 36 88 94 19 2 75 14 15 49 85 64 47 55 80 28 10 58 13 0 24 72 11 54
55 8 87 2 94 75 1 11 10 58 16 88 85 13 14 80 73 79 47 28 33 62 66 45
19 70 25 82 29 90 88 5 50 73 2 52 80 21 75 1 93 72 0 10 11 49 85 56
53 30 76 57 46 82 69 5 70 40 78 91 4 79 68 16 66 87 86 3 2 13 1 11
85 75 73 10 1 88 2 14 11 80 87 79 86 47 62 4 49 8 94 33 28 7 58 26
22 20 67 74 31 61 92 18 38 81 39 9 23 43 65 84 82 27 34 48 44 95 70 69
38 39 67 18 61 22 31 65 74 23 9 84 20 34 43 92 81 72 12 33 44 15 54 32
8 87 33 75 55 85 79 80 73 2 14 94 62 58 11 13 1 16 45 28 88 66 47 10
13 80 85 87 75 58 10 11 2 0 28 16 14 55 47 94 8 73 24 79 57 88 77 53
57 64 24 47 88 4 76 30 63 2 73 53 87 84 68 95 56 85 11 80 14 94 70 82
71 90 82 50 44 14 70 48 59 40 64 2 16 79 69 30 57 51 46 75 68 45 43 81
7 76 42 39 48 51 91 28 3 43 27 18 67 38 40 79 83 53 36 81 84 32 35 26
80 13 75 11 85 87 58 2 10 55 0 94 16 28 47 8 14 73 79 88 24 57 1 66
85 10 80 75 0 2 87 73 1 88 11 13 58 8 16 94 14 47 55 28 79 57 24 49


9 87 19 28 64 75 77 49 37 89 43 88 70 21 66 59 71 6 84 73 91 95 39 53
16 26 74 30 27 93 18 17 31 81 23 67 59 22 4 8 2 14 24 11 60 3 61 36
51 65 60 61 93 50 31 46 33 10 67 3 81 4 86 68 74 83 52 12 2 8 0 40
68 33 8 61 4 93 31 81 67 24 60 65 74 12 11 22 3 40 35 86 0 62 55 29
7 40 33 46 12 41 65 68 5 51 62 86 83 0 32 78 38 76 3 64 72 61 28 81
0 33 40 79 7 81 51 1 85 65 43 23 61 25 56 38 63 13 12 46 83 72 52 4
67 4 60 8 11 31 18 81 93 74 24 23 61 2 3 27 22 14 35 30 50 44 94 48
50 60 4 67 8 74 11 27 31 24 2 30 93 52 14 23 17 18 61 3 81 13 22 57
4 60 74 11 8 67 93 81 31 61 18 2 3 14 24 22 23 50 86 41 27 94 63 30
82 75 64 84 70 89 77 53 86 9 28 58 88 73 72 21 87 49 47 37 59 91 66 43
45 64 86 70 39 9 87 53 73 84 82 58 69 75 88 71 21 5 37 43 28 77 57 49
33 40 65 68 12 38 0 56 5 41 61 55 62 35 81 85 32 10 22 74 48 47 46 8
34 63 80 94 62 55 41 92 73 61 14 52 37 79 3 45 84 60 81 22 29 32 51 50
50 16 17 24 30 36 51 86 78 44 27 90 46 71 69 67 13 23 57 60 45 2 4 7
74 11 4 60 86 50 2 24 58 67 8 61 30 81 23 52 27 18 3 41 22 93 14 31
46 90 15 38 78 36 17 26 16 7 75 13 86 6 95 49 77 71 21 87 66 73 1 88
74 4 11 81 60 67 8 24 61 86 93 18 30 31 2 23 27 3 58 14 50 22 0 65
16 58 84 69 53 70 39 73 59 86 45 71 50 9 75 64 37 36 88 51 80 52 26 34
50 30 60 4 11 67 3 24 8 27 14 52 74 2 16 90 18 61 31 7 17 93 78 23
11 4 60 8 74 67 31 93 61 81 18 2 14 3 24 23 22 50 94 27 63 41 30 52
74 4 11 8 67 60 81 2 61 31 93 24 18 23 3 50 27 22 14 30 65 52 13 94
60 11 4 67 18 8 74 31 3 2 93 50 30 14 61 81 90 24 27 13 52 17 23 7
8 4 67 60 31 11 93 61 18 14 24 74 3 50 81 2 23 30 27 22 94 17 63 52
9 87 19 28 37 75 89 77 64 49 70 43 88 84 21 66 73 39 47 53 59 71 91 6
9 87 19 28 75 49 89 77 37 64 88 43 21 59 70 66 6 95 91 73 84 71 39 53
79 29 27 54 20 18 17 6 30 35 22 44 67 34 95 24 8 85 76 11 90 55 57 80
31 93 60 8 4 67 11 74 61 18 81 14 3 2 24 22 23 27 94 50 63 52 17 41
81 11 8 67 4 60 31 74 18 93 2 61 3 14 22 27 94 23 30 24 13 63 85 56
28 87 77 21 49 64 91 9 88 75 19 6 95 66 71 43 89 59 32 1 72 82 47 46
64 9 87 71 75 21 77 49 88 66 73 43 28 19 39 53 70 6 59 37 69 84 95 91
83 55 41 61 62 10 51 12 72 80 40 7 86 92 32 65 79 81 33 48 3 76 64 14
70 64 58 16 86 43 7 84 39 73 9 45 53 87 88 51 75 59 82 69 5 1 71 77
2 80 16 59 95 74 26 34 91 6 94 18 49 88 93 63 66 8 83 77 21 22 11 4
74 60 11 4 93 61 31 14 8 2 52 3 50 67 18 41 81 63 94 23 85 34 22 90
41 65 68 33 40 73 5 55 12 15 75 37 69 86 89 92 64 38 47 84 53 58 46 32
3 90 14 60 41 31 93 11 4 8 74 79 61 67 18 7 81 2 63 85 50 15 62 52
9 87 28 19 77 49 64 75 21 88 66 43 37 89 59 6 71 95 91 70 73 84 39 53
27 78 18 13 17 26 30 11 16 60 67 4 93 31 7 8 90 3 81 63 74 14 2 36
9 28 75 37 89 87 19 70 77 84 64 49 58 73 47 88 21 43 59 66 53 91 95 6
86 11 24 4 74 60 8 50 2 67 30 61 58 23 18 81 27 22 16 3 14 44 41 5
10 83 72 38 48 56 26 12 25 45 55 47 92 80 41 61 94 82 52 62 3 2 7 40
93 60 31 4 74 11 61 8 3 14 67 2 50 18 86 81 52 23 24 27 41 22 94 63
77 21 66 64 75 59 91 9 87 28 88 49 6 53 95 89 84 19 71 70 39 73 69 37
71 87 70 64 39 9 6 95 19 75 16 43 1 49 77 28 66 21 45 58 5 69 32 57
67 8 81 4 11 60 18 31 74 24 93 3 30 2 61 27 14 13 23 17 78 22 90 7
58 86 70 84 69 73 5 16 45 89 32 53 64 75 9 39 37 59 72 87 47 88 40 43
26 83 91 95 66 12 71 10 54 77 72 87 49 21 92 6 48 18 88 19 64 82 38 46
56 33 61 65 10 81 4 8 68 11 74 12 60 31 2 67 93 0 48 40 38 85 23 52
6 71 36 95 66 87 59 49 21 78 19 54 1 16 91 88 9 28 77 75 39 17 70 64
11 8 4 60 67 24 61 18 14 30 23 27 74 31 22 50 93 3 81 25 2 44 52 86
7 13 1 36 30 43 81 16 80 26 23 27 62 83 94 72 17 25 3 48 52 61 63 14
60 4 11 8 67 74 2 31 61 93 50 18 24 14 3 81 23 30 27 22 52 86 94 63
75 84 89 70 73 9 37 53 64 58 28 69 39 87 88 47 19 21 77 45 32 86 5 59
74 65 68 5 41 11 33 86 60 61 4 12 93 2 8 14 15 50 31 3 24 52 23 40
59 9 77 89 66 91 88 49 19 95 53 84 21 87 28 37 64 54 75 6 69 43 70 73
53 64 52 82 39 45 70 84 5 86 14 75 3 7 93 61 23 78 77 57 13 73 38 47
27 30 39 44 70 17 16 56 13 50 45 36 1 20 52 23 67 71 48 57 82 24 90 78
67 8 4 60 11 31 81 18 93 74 24 61 14 3 2 23 22 27 30 17 50 94 63 13
75 84 89 53 64 70 9 77 28 47 87 88 37 73 59 39 21 19 82 66 49 91 58 43
60 4 31 67 8 74 61 93 11 50 81 14 18 2 3 24 22 30 52 23 44 27 94 63
64 70 39 9 45 82 73 37 84 53 87 47 75 5 19 58 86 88 28 71 77 21 40 43
75 28 89 77 87 42 49 19 91 9 54 66 59 88 6 95 21 43 37 64 47 84 70 53
9 87 19 89 28 75 49 88 77 37 43 70 59 64 6 95 21 66 73 84 91 71 47 39
33 65 40 68 12 5 0 38 85 55 61 62 41 56 22 35 79 32 47 81 74 46 20 76
74 52 60 2 4 61 50 11 8 94 67 14 63 31 3 34 18 93 41 86 24 22 80 81
32 89 58 37 47 40 75 19 79 9 73 84 41 5 76 70 55 28 0 62 69 33 68 42
40 33 5 75 37 28 89 65 84 9 70 32 64 47 73 68 69 39 19 53 58 87 38 42
61 3 60 33 62 31 4 50 8 65 12 11 67 74 93 2 81 41 40 52 83 14 0 46
67 78 46 17 18 4 60 31 93 8 27 11 3 13 36 23 74 24 7 81 90 50 14 38
41 81 61 74 3 14 31 65 68 60 93 79 8 11 55 67 33 12 4 62 94 25 83 51
60 4 11 8 67 31 74 93 61 14 18 2 3 81 50 24 22 23 52 94 27 63 41 86
81 8 67 4 60 31 11 61 74 93 2 14 18 94 3 22 30 24 27 80 23 63 34 50
7 51 1 43 80 30 83 3 62 94 32 52 84 63 70 39 47 23 13 53 81 16 61 72
11 8 81 4 74 60 67 61 41 18 31 93 3 14 79 24 30 0 68 2 27 22 80 10
24 30 67 4 8 81 16 2 60 31 11 17 50 23 74 18 93 27 22 36 61 86 3 14
58 89 9 32 59 37 75 19 87 47 95 88 70 49 84 28 69 77 73 40 6 91 64 53
54 66 76 91 19 95 6 71 77 49 21 28 9 59 43 42 37 87 88 1 36 75 64 53
11 74 4 61 60 8 86 2 67 18 81 93 23 14 3 24 41 27 58 31 22 63 50 80
60 4 8 11 31 67 93 74 61 14 18 3 81 2 24 23 22 50 27 94 63 52 30 41
31 93 8 67 14 61 60 4 3 24 74 11 81 18 2 50 51 68 17 23 65 63 22 41
13 17 7 16 36 1 27 30 78 43 90 26 3 80 23 6 48 59 67 94 63 18 57 95
4 60 11 8 74 67 31 93 61 81 18 2 24 14 3 50 23 22 30 27 86 94 41 63
11 27 18 8 44 78 46 60 3 22 91 6 35 4 2 67 77 95 13 14 86 17 87 24
7 78 68 17 38 36 13 46 12 3 33 23 64 86 24 65 93 75 39 16 15 48 21 53
60 31 8 4 11 93 67 74 61 18 14 81 3 2 24 23 22 27 50 94 52 63 41 30
67 8 4 11 60 18 24 31 81 61 74 93 14 30 2 22 27 3 94 17 44 50 23 63
33 65 5 12 68 40 35 55 23 46 86 20 22 41 32 24 82 15 74 29 85 0 76 71
9 87 28 75 19 77 64 89 49 37 43 88 70 21 66 84 59 91 6 95 53 73 71 39
33 65 40 0 68 5 12 56 32 38 46 10 79 55 62 86 41 72 47 61 76 35 37 81
9 87 89 19 75 70 58 28 37 49 64 59 88 43 77 84 73 32 95 6 21 71 47 66
50 60 4 86 24 61 14 93 8 31 67 11 74 3 2 52 51 23 18 17 30 94 90 22
11 4 60 8 74 67 93 31 61 18 2 14 3 81 24 23 50 22 27 52 94 86 30 63
23 85 57 48 8 56 65 33 4 11 93 61 74 38 31 81 60 3 67 2 13 12 15 68
31 93 14 67 60 8 51 61 4 3 50 17 24 18 81 74 2 11 94 22 23 52 65 36
9 59 19 87 43 49 28 66 75 77 6 89 95 88 37 64 70 84 21 91 39 53 71 73
67 4 60 8 11 30 24 31 17 61 18 14 27 3 81 44 50 93 23 22 16 13 74 90


63 92 62 64 75 27 49 89 34 47 13 79 20 82 19 2 24 94 55 16 22 84 78 6
95 72 12 4 60 45 50 11 28 82 73 80 46 70 56 52 44 26 33 77 91 35 61 37
2 86 49 54 1 27 36 19 34 69 76 93 9 84 17 59 0 10 78 30 6 42 48 11
0 78 76 93 17 22 59 30 10 31 19 48 1 41 38 34 6 81 89 58 2 36 9 11
0 22 78 93 10 76 59 17 19 30 31 1 38 48 34 6 41 89 81 2 36 9 58 11
88 66 17 73 36 30 41 76 6 10 31 93 18 55 8 3 58 1 43 38 15 59 11 78
61 91 16 7 79 77 21 94 70 50 4 35 20 65 40 60 51 85 72 33 80 83 46 73
49 42 75 62 65 51 92 83 86 57 64 14 68 80 7 16 91 63 85 61 77 35 70 33
12 56 72 82 60 26 50 77 4 80 83 52 85 28 33 73 35 45 95 87 46 70 53 7
79 61 7 91 70 16 77 33 50 21 60 4 72 35 20 94 85 51 80 83 46 14 73 40
0 78 22 19 93 10 59 76 17 34 30 89 31 6 1 38 81 48 2 36 41 9 53 55
68 71 2 92 64 86 62 49 5 14 69 57 63 42 40 55 20 65 6 47 75 23 10 34
77 7 16 80 91 85 50 35 61 33 79 70 60 20 21 72 4 83 56 46 12 51 94 40
76 93 48 41 78 30 0 17 59 10 58 31 38 66 81 2 34 19 22 36 11 1 89 15
49 42 62 86 75 65 92 64 2 57 69 63 27 24 68 83 14 84 54 25 51 71 56 13
70 61 21 91 50 72 4 90 51 7 60 73 77 33 46 16 80 35 85 74 20 79 40 12
34 19 78 0 36 22 81 93 13 76 10 2 59 27 89 84 6 1 30 63 9 31 17 54
2 78 76 93 0 55 59 10 17 22 30 19 34 31 48 41 1 6 81 89 38 71 11 5
77 16 7 33 50 79 4 20 61 80 12 85 91 70 60 72 21 35 94 56 46 83 14 24
31 30 10 76 17 93 59 41 38 48 58 0 81 78 22 1 19 8 34 66 44 9 89 43
44 45 60 26 32 95 87 38 46 50 3 82 4 8 85 72 80 12 43 73 11 39 28 53
83 85 52 80 77 7 51 61 16 91 46 35 70 79 33 56 72 14 60 4 40 50 21 42
72 4 60 70 91 61 50 77 80 33 21 7 35 85 12 73 46 79 90 16 56 20 83 25
31 59 30 93 22 17 48 0 76 58 38 41 10 78 1 6 89 11 19 9 66 55 81 32
93 76 30 78 10 59 0 17 31 48 19 22 41 1 2 34 38 36 81 58 11 6 9 55
61 91 70 77 50 21 7 80 72 60 85 4 16 33 35 46 83 51 79 90 56 20 40 52
43 83 52 86 56 51 57 61 68 69 65 73 14 29 90 42 91 5 40 35 77 54 12 26
26 43 73 45 90 83 52 69 56 12 60 72 85 61 3 91 70 77 95 37 44 57 87 58
70 61 91 7 77 85 80 21 33 50 56 35 83 69 16 46 4 72 90 60 20 26 40 51
15 93 76 30 59 48 36 78 0 31 41 19 81 34 10 2 1 38 22 17 11 9 58 84
91 70 61 77 50 7 21 72 33 80 16 4 60 85 20 35 79 46 83 51 56 90 40 12
60 12 72 95 50 4 26 45 80 56 46 77 85 33 82 35 70 21 61 28 91 73 87 7
90 70 91 50 21 72 61 4 60 33 77 80 74 51 46 7 20 56 85 16 35 73 12 40
76 30 93 48 58 41 31 1 10 17 59 0 78 2 38 22 19 11 9 81 66 15 34 55
60 4 50 80 77 72 33 70 91 7 12 85 61 79 21 35 20 46 56 16 52 83 25 45
77 7 16 91 80 33 61 85 50 70 79 56 20 21 35 60 4 72 83 46 94 12 40 51
58 74 41 48 90 66 8 30 31 5 44 76 26 38 43 11 59 93 45 17 32 81 73 15
76 93 78 0 59 48 30 19 10 41 22 31 17 1 34 81 38 2 58 89 9 36 13 11
7 91 77 80 50 16 70 60 61 85 4 21 33 72 20 35 56 79 46 12 83 82 94 40
28 53 27 87 6 13 34 19 84 0 54 22 36 26 78 47 89 69 2 38 10 59 81 1
50 4 79 33 77 72 80 7 16 56 60 20 70 91 61 85 21 35 12 83 14 46 24 40
43 52 72 83 50 60 95 91 61 46 70 4 77 12 85 21 73 35 45 90 7 8 56 37
91 70 61 77 50 7 21 80 72 60 85 33 4 16 35 46 79 83 56 51 20 90 52 12
76 93 30 59 78 0 10 17 31 48 41 1 22 19 38 58 2 81 34 36 11 9 6 15
95 26 87 86 82 57 3 11 71 80 53 6 89 69 38 60 84 28 46 50 72 73 33 4
79 53 16 7 35 85 80 77 33 20 60 82 50 94 4 25 72 91 75 63 46 83 92 47
66 44 58 38 53 89 31 17 32 41 0 22 6 48 30 76 78 45 93 26 8 59 81 23
75 54 27 62 42 65 49 6 95 2 86 9 72 82 12 78 36 0 57 59 93 22 63 32
12 95 28 45 3 72 60 52 4 11 50 56 82 24 83 73 46 77 80 27 54 70 14 85
74 58 66 73 8 23 51 41 43 90 61 83 70 91 31 48 46 85 40 68 30 21 35 5
7 77 16 35 85 12 60 79 80 83 56 52 4 50 61 72 33 91 70 20 21 46 94 14
79 77 16 61 91 33 80 50 70 7 85 51 21 4 35 60 20 72 73 94 46 83 82 14
77 91 7 61 70 80 50 85 33 35 16 60 21 72 79 4 56 20 46 83 51 12 52 40
0 78 76 93 17 10 22 59 30 1 19 31 48 41 34 38 2 81 6 58 89 36 9 66
79 16 80 50 70 91 20 33 4 21 51 7 77 61 60 92 82 72 46 85 40 62 94 64
61 91 70 77 7 21 50 16 33 80 60 85 72 4 35 79 20 46 83 51 90 56 40 52
70 61 91 21 72 4 50 7 33 77 51 35 60 90 16 79 80 20 73 46 12 85 94 40
72 60 4 61 50 70 73 91 21 77 95 12 52 33 90 35 80 45 79 7 51 56 83 16
45 28 26 11 95 38 44 12 54 52 60 53 56 37 43 73 72 81 87 4 57 83 32 50
0 78 19 22 34 76 93 10 59 1 17 30 81 36 6 38 31 2 48 89 13 54 41 84
93 76 30 48 78 41 36 59 0 15 31 19 34 81 17 38 2 1 22 11 89 10 58 55
17 76 30 93 41 31 78 59 0 10 1 48 22 66 58 38 19 2 55 36 34 6 89 11
0 38 22 11 78 93 31 10 17 76 59 30 6 89 19 48 81 1 41 58 9 34 36 44
78 0 76 93 19 2 22 59 48 41 17 30 6 34 1 27 10 54 38 13 36 31 53 9
17 76 93 10 30 0 31 78 59 41 22 1 48 38 58 19 2 66 34 81 6 36 89 9
79 7 33 56 16 77 20 80 94 4 12 85 35 50 60 72 91 14 61 83 24 47 52 70
5 44 68 81 8 39 23 40 29 71 32 89 92 38 43 31 45 64 58 55 20 10 34 66
56 87 77 50 26 12 60 80 85 33 35 83 7 20 16 4 72 52 91 21 79 46 24 61
87 26 69 53 13 27 67 86 62 2 34 75 64 56 24 28 25 80 84 33 94 5 57 0
45 43 52 44 95 8 12 38 60 72 58 32 73 83 3 37 66 54 65 61 50 11 56 74
70 91 61 90 50 72 80 77 60 21 4 85 46 7 73 33 35 83 51 56 16 12 82 74
75 42 27 17 49 22 2 78 62 93 0 30 19 55 41 11 63 59 48 18 1 36 76 84
70 61 91 50 21 77 72 60 7 80 4 85 35 33 46 90 51 16 83 73 79 20 56 40
19 22 0 78 53 34 84 13 6 27 54 59 89 1 93 28 10 38 76 9 36 31 17 87
75 27 42 49 86 28 95 2 57 72 24 12 54 82 6 84 53 4 62 36 0 93 15 78
74 43 61 90 21 70 5 8 52 91 58 46 60 83 45 65 40 73 51 50 56 77 11 66
83 77 7 91 61 80 85 70 60 50 72 33 56 16 79 35 4 21 46 12 52 20 51 73
92 62 49 64 65 63 75 51 68 29 16 42 79 40 20 18 34 2 94 74 55 5 7 24
87 26 53 71 69 89 86 6 0 22 57 84 13 28 44 80 82 25 67 78 19 59 85 37
43 8 65 83 68 52 5 66 58 31 23 54 74 3 30 56 17 59 48 51 32 85 44 9
11 95 38 45 6 31 93 30 48 17 89 41 76 58 25 59 0 28 22 81 53 78 15 19
0 78 22 93 76 19 10 59 17 30 31 1 34 38 6 48 89 81 41 36 2 9 58 54
22 0 19 6 10 78 59 93 34 17 1 76 89 31 38 30 54 9 53 2 48 81 84 36
61 91 7 77 70 50 16 21 79 33 4 20 60 72 85 80 94 35 46 51 83 56 14 40
53 34 54 19 13 84 22 27 78 0 6 89 81 36 47 10 28 9 38 1 63 2 59 93
0 78 10 22 19 76 34 93 59 17 30 2 81 1 6 31 89 36 48 9 41 38 55 27
0 78 76 93 22 17 10 59 30 19 31 1 38 48 41 6 34 81 36 58 89 2 54 9
61 91 70 83 52 77 21 43 73 90 46 85 72 35 7 60 50 80 51 12 33 56 4 57
78 0 22 19 34 93 6 59 10 76 17 89 1 30 2 36 31 38 81 48 53 54 9 41
95 32 44 28 36 11 27 82 60 6 54 87 3 26 38 19 75 72 22 78 0 37 10 76
0 22 78 19 59 93 17 76 10 1 30 2 34 6 31 48 89 41 53 54 9 38 84 27
61 70 91 21 50 77 7 72 60 33 4 80 16 85 35 46 90 51 83 79 20 73 40 56
70 91 61 21 50 72 7 77 4 90 60 33 20 80 16 46 85 35 51 56 12 73 83 79
0 78 76 93 22 19 10 17 59 30 34 1 31 38 48 6 81 36 41 2 89 9 54 58
41 30 48 31 58 93 17 76 59 10 38 0 66 78 1 11 22 2 74 81 55 19 9 6
61 7 91 16 77 79 70 94 50 21 85 35 20 4 60 72 33 83 51 80 46 12 73 56


