
17 59 65 70 61 89 88 1 56 2 36 22 11 43 51 37 26 32 49 20 34 82 28 79
90 53 46 76 5 91 93 81 33 18 63 40 7 54 84 67 77 16 35 75 64 15 14 24
74 14 84 38 35 64 44 60 75 93 63 54 23 9 13 77 18 52 67 85 92 81 5 73
14 60 38 75 74 35 9 44 85 23 92 64 77 52 84 13 50 48 93 63 73 67 54 62
71 21 26 1 82 20 2 32 83 36 56 39 57 0 69 19 89 68 45 49 15 37 59 61
17 65 89 61 1 56 59 36 26 82 20 32 37 88 22 2 70 49 19 51 21 11 71 69
62 52 78 38 94 14 12 48 60 27 92 35 9 85 74 75 93 23 6 47 50 64 77 84
22 59 61 11 65 55 17 88 80 89 29 1 34 42 66 79 56 87 43 36 7 70 4 26
64 13 63 31 75 84 54 35 93 74 85 14 23 18 5 3 67 60 77 76 48 38 44 9
90 53 46 76 33 18 64 35 40 93 38 14 75 5 84 74 63 62 77 9 7 54 6 91
74 14 84 38 35 93 44 60 75 63 9 92 52 64 54 77 67 81 23 76 85 13 5 3
0 57 39 83 71 16 15 21 30 20 69 68 32 36 26 2 82 19 86 41 56 1 45 72
90 46 53 76 33 7 12 40 62 93 94 6 18 35 50 75 77 81 92 48 9 63 43 5
38 14 60 85 23 9 52 74 48 75 35 44 92 34 77 13 73 64 8 79 88 28 63 50
28 48 70 88 34 85 6 47 79 65 9 52 75 17 92 60 23 14 38 43 8 50 13 77
15 5 81 93 16 57 54 39 0 84 76 63 62 68 71 30 25 35 92 45 95 3 83 21
48 85 23 13 34 38 75 88 14 60 9 28 64 52 44 47 50 35 6 74 8 77 92 79
81 15 54 84 16 93 5 68 86 76 63 0 67 30 39 18 57 3 64 77 72 35 24 45
21 20 82 26 83 71 32 2 36 69 56 1 19 39 41 57 89 0 37 45 61 68 49 86
75 50 77 14 60 92 9 85 6 38 47 13 48 35 74 52 93 63 23 67 62 76 44 73
65 17 61 89 70 88 28 22 56 43 1 59 51 37 36 26 32 20 82 34 49 2 11 6
39 26 0 20 21 71 82 36 61 19 31 68 89 32 83 57 1 51 2 56 16 69 59 15
14 60 38 74 9 52 75 35 92 44 23 85 48 63 77 13 34 64 73 84 93 50 8 62
67 10 8 7 3 13 44 9 64 38 35 80 23 14 74 63 90 84 75 58 93 43 92 54
81 93 84 5 15 54 16 63 76 30 3 86 74 67 18 35 68 57 0 92 77 14 60 62
14 38 60 35 74 64 75 9 84 93 77 44 63 92 50 23 85 54 13 48 81 52 73 18
21 56 82 71 1 32 20 26 83 69 2 36 37 19 41 89 39 57 45 0 49 61 86 68
58 10 8 13 67 3 44 93 64 76 80 84 74 14 38 81 9 63 60 24 54 85 75 48
14 38 74 44 64 35 75 60 23 84 13 63 9 77 85 52 93 54 18 92 73 48 67 50
65 17 37 56 89 70 1 41 61 69 32 26 82 20 36 28 45 88 49 43 2 22 21 71
12 94 53 27 78 18 23 34 62 42 50 6 48 7 31 47 75 52 55 64 90 92 59 38
38 14 74 35 60 44 84 75 64 52 9 93 23 63 92 85 77 13 54 18 67 48 73 81
46 53 49 7 90 12 89 91 41 65 17 40 19 28 37 27 26 69 20 48 56 31 82 88
0 39 57 15 68 30 16 83 21 71 86 19 69 82 41 20 72 26 32 2 36 81 56 1
40 62 90 33 25 29 12 42 27 78 94 89 73 55 5 70 18 17 65 35 34 79 59 88
38 14 60 75 74 44 35 92 52 23 9 77 85 73 64 63 84 93 50 48 13 34 8 54
39 71 0 57 21 83 20 82 26 2 32 19 36 68 69 1 56 15 16 30 41 89 61 45
89 32 56 2 36 37 69 20 26 1 82 71 83 21 41 45 65 61 17 19 51 25 57 59
68 11 3 30 15 66 84 86 8 31 39 63 81 95 0 19 10 54 93 16 64 80 57 24
14 38 75 64 35 74 60 44 23 13 84 63 9 85 93 77 52 18 54 48 92 67 76 73
44 38 14 60 23 74 85 9 8 73 75 52 48 58 13 34 35 92 80 79 55 77 64 88
84 74 44 93 81 35 14 54 38 63 64 18 75 60 67 9 5 77 3 52 92 76 23 13
1 49 56 11 21 66 26 32 82 2 20 61 71 19 45 36 83 37 95 39 17 69 89 59
84 54 93 81 74 63 35 5 64 14 44 38 67 18 75 60 77 76 3 13 92 52 9 16
45 67 93 24 76 62 25 60 81 92 6 91 35 9 29 84 5 70 89 14 15 37 86 75
60 38 14 74 75 23 35 92 52 9 85 48 93 44 77 8 64 84 13 73 63 62 34 47
48 85 38 14 60 9 23 34 88 28 52 75 74 35 13 92 44 8 77 64 6 79 73 47
38 14 60 85 48 9 23 75 52 74 35 92 44 34 77 13 64 73 8 28 50 88 47 63
14 38 74 75 60 44 35 23 9 52 64 85 13 92 77 84 48 63 93 73 67 18 34 50
56 2 32 89 36 82 1 20 83 37 26 21 71 69 19 33 61 41 65 29 45 0 57 86
38 14 44 74 60 35 23 75 64 9 85 52 84 13 48 77 63 92 73 93 18 67 34 8
65 89 17 37 56 1 61 36 70 26 82 2 32 20 49 69 28 43 88 19 11 51 21 41
14 38 77 60 75 50 35 84 64 74 93 92 85 52 48 9 13 54 44 23 63 67 81 73
80 58 4 8 10 3 55 34 11 66 22 42 23 87 79 44 59 7 40 94 13 77 88 73
56 32 20 2 26 82 1 36 69 21 83 71 37 89 41 19 45 39 61 57 0 65 49 86
18 13 31 47 23 72 53 80 34 16 7 4 67 44 58 43 3 75 87 64 28 54 48 84
14 38 75 44 74 35 60 84 9 23 77 52 64 63 92 13 93 67 18 54 81 85 48 50
61 26 19 20 36 82 71 21 1 89 32 56 2 39 59 83 0 51 31 68 69 57 11 49
4 80 66 22 55 11 58 42 59 34 79 23 73 87 10 31 12 3 44 13 94 61 88 95
38 14 60 85 74 23 9 75 35 44 48 52 13 64 92 77 34 63 73 84 8 93 50 47
20 36 82 2 26 21 71 83 32 19 1 56 69 89 39 37 41 0 57 61 59 68 11 30
84 81 93 74 52 67 38 14 9 60 92 44 76 35 75 72 18 63 5 47 54 77 86 62
62 25 29 33 40 90 5 78 27 12 18 93 35 42 45 54 73 91 16 84 94 92 60 52
14 75 38 44 74 77 60 35 84 64 63 23 93 54 13 52 67 73 92 9 85 18 50 81
38 35 74 23 14 60 44 64 9 85 75 52 13 84 48 63 92 93 18 34 77 8 73 54
93 84 14 74 60 35 38 63 64 9 75 54 44 77 85 81 92 52 67 13 76 5 73 23
43 10 65 70 80 58 7 17 34 28 88 87 4 50 89 51 49 79 56 61 13 48 1 37
64 84 13 93 38 35 14 54 18 63 74 67 75 44 60 76 81 5 85 77 23 9 48 3
90 62 33 25 5 18 16 40 53 45 63 81 76 46 72 6 93 7 68 54 15 39 35 0
25 62 5 60 24 73 93 35 85 84 63 14 76 74 38 77 44 92 81 6 45 91 67 54
35 74 60 14 38 93 75 44 63 84 9 64 52 92 23 77 13 85 18 5 54 81 94 76
54 16 15 84 5 81 63 3 93 30 68 0 57 18 64 12 39 77 42 50 94 35 90 62
83 30 0 57 21 39 86 71 69 41 32 82 2 15 20 26 68 56 19 36 1 16 37 72
80 34 79 23 44 8 55 58 73 48 38 85 14 52 28 9 88 13 60 75 74 92 67 4
58 66 3 11 80 10 44 67 8 49 4 13 22 73 27 91 55 24 79 95 87 74 23 64
90 46 53 33 40 76 91 43 89 7 6 51 45 62 5 18 25 29 70 93 35 37 32 69
10 4 3 58 80 67 87 13 7 43 16 63 31 42 54 53 77 15 8 49 81 57 84 68
53 80 87 4 55 58 43 7 6 44 34 3 67 79 13 18 23 22 42 10 77 59 31 75
36 2 56 20 82 26 32 1 89 71 21 69 83 37 61 59 19 65 41 17 49 11 39 57
64 23 35 75 18 44 14 38 74 77 63 60 13 54 5 84 34 73 9 85 52 93 92 62
51 13 59 64 31 34 61 88 23 48 75 17 50 85 68 42 54 63 6 7 77 18 80 87
54 16 81 18 84 3 63 67 5 93 15 75 76 74 77 35 44 0 64 57 14 30 13 52
84 81 93 5 54 74 63 35 44 18 38 14 3 64 16 76 67 60 52 92 75 77 15 9
64 13 84 44 38 14 35 74 75 23 60 63 54 93 67 9 77 18 85 3 81 48 76 52
38 14 60 74 35 23 44 75 64 85 9 13 84 48 52 77 63 93 92 18 73 67 54 34
74 38 44 14 35 64 60 84 23 75 63 9 13 93 52 85 77 73 92 54 18 67 48 3
38 14 60 23 85 75 48 9 52 74 44 92 35 34 77 13 73 64 8 50 79 88 63 28
38 14 60 85 9 74 23 75 48 52 44 35 92 13 64 77 34 8 84 73 63 47 93 50
64 85 13 31 23 38 84 9 35 74 44 60 48 14 63 93 8 76 67 73 18 28 47 75
84 93 54 5 81 63 16 15 76 35 74 18 67 64 14 77 62 3 60 68 38 75 30 44
21 20 82 26 71 39 36 83 19 2 32 0 69 57 1 56 68 41 49 89 30 61 11 37
74 64 38 44 84 14 35 23 63 60 13 9 85 3 75 67 52 18 54 73 93 48 76 77
5 15 54 81 93 63 84 3 16 76 35 64 74 50 67 44 77 75 92 57 60 14 0 18
66 8 10 11 49 95 27 91 3 58 93 67 78 80 24 94 73 30 84 9 68 92 40 74
37 56 69 41 20 32 26 89 36 2 82 65 1 83 21 71 61 19 17 49 45 86 51 70
65 89 37 17 56 36 1 20 26 32 82 69 61 2 41 70 21 19 83 49 71 22 45 59


92 51 25 33 61 9 74 20 67 44 31 18 81 84 78 22 4 8 43 15 10 91 54 38
20 18 4 67 73 81 22 43 74 91 84 31 39 93 95 56 92 54 7 76 50 48 82 17
94 58 88 85 26 55 11 13 66 62 80 27 2 56 45 36 49 24 83 75 10 28 0 8
72 39 18 22 84 15 7 12 67 4 40 38 20 54 3 31 61 46 48 44 74 73 76 91
22 20 92 74 67 61 81 31 18 4 33 48 9 93 15 54 25 84 38 44 63 43 51 17
55 94 58 62 8 27 25 10 85 66 13 1 26 49 88 93 21 2 78 45 75 16 80 28
62 13 79 45 58 28 26 85 56 14 75 66 94 55 72 2 11 57 16 27 47 77 5 80
58 13 75 85 27 11 80 26 28 56 55 62 16 45 57 66 0 2 79 14 47 49 24 5
28 27 79 34 11 88 0 66 45 58 40 72 13 3 57 55 26 62 6 2 1 85 87 7
81 20 92 4 67 51 18 31 61 7 74 22 15 17 54 33 9 82 60 63 12 10 76 14
13 26 62 58 45 72 85 75 28 66 56 55 87 2 94 79 11 47 32 34 16 5 57 27
14 71 80 24 57 13 47 75 85 28 56 79 16 58 11 45 62 26 60 73 77 2 66 64
55 49 66 10 28 58 88 80 27 85 11 43 2 57 25 94 79 62 13 42 47 86 5 6
58 85 13 75 80 55 16 62 0 11 66 26 79 28 57 56 71 27 45 47 40 94 2 24
22 20 93 95 61 67 92 18 31 84 4 81 21 43 74 63 33 42 38 73 48 91 29 44
8 10 25 78 0 55 88 87 33 21 1 94 51 19 9 92 49 23 44 80 83 29 43 69
36 95 83 84 69 42 56 43 25 64 68 57 0 50 40 78 88 6 44 77 8 53 66 15
27 30 94 43 10 25 89 85 58 80 8 55 21 73 24 47 88 11 49 12 41 69 90 0
74 31 67 18 92 61 4 38 81 22 20 12 33 84 54 9 15 48 76 82 68 30 17 70
19 26 53 85 11 58 27 86 80 94 2 49 66 62 88 35 55 24 51 75 13 28 59 41
56 14 45 62 79 13 47 57 16 58 24 69 32 26 75 87 11 71 2 77 5 34 66 28
11 80 86 88 53 26 58 85 28 49 66 47 68 55 46 72 94 13 62 79 16 57 12 59
10 88 73 80 4 49 24 2 20 42 25 0 94 81 47 11 43 57 70 30 6 29 85 19
83 78 19 21 36 25 94 43 73 8 88 10 29 27 95 90 56 69 80 49 0 58 42 66
13 58 26 85 62 66 45 28 56 75 11 55 2 79 47 72 80 16 94 27 57 24 88 14
75 58 13 62 85 28 45 26 79 27 56 11 55 16 14 47 2 66 57 80 73 77 94 5
22 61 31 92 67 74 18 33 20 38 81 9 84 4 54 93 48 21 63 95 15 44 43 82
69 36 6 56 14 57 79 0 88 26 77 37 58 85 82 28 75 13 80 66 62 51 40 24
58 55 13 62 85 26 2 45 66 28 11 94 75 56 88 79 47 80 57 27 49 1 10 87
61 67 22 92 31 18 74 38 20 33 84 9 81 4 95 23 48 54 82 21 93 60 15 7
58 13 85 26 62 28 45 66 55 11 56 75 2 79 94 47 80 57 88 27 16 24 72 0
12 53 76 68 15 86 89 43 19 80 30 66 51 24 85 26 91 11 84 4 74 21 59 49
28 55 62 45 13 66 58 34 94 2 85 79 75 27 11 87 8 65 16 80 47 26 19 89
13 62 58 85 45 75 28 56 26 66 55 47 2 79 16 11 80 94 27 24 57 5 14 72
1 14 77 28 56 79 73 88 11 45 0 13 47 57 36 26 93 3 94 58 64 40 62 66
94 13 88 80 85 2 28 66 58 26 55 29 49 45 11 16 75 62 47 10 72 27 89 19
13 85 58 55 28 94 45 62 2 75 66 11 80 56 47 26 57 16 24 79 88 73 0 49
13 94 2 58 85 45 62 30 26 55 56 47 66 28 75 11 88 57 16 49 80 24 59 14
76 59 5 56 35 70 79 93 47 24 83 4 81 54 60 82 22 57 48 63 72 89 45 27
28 13 26 85 58 66 2 75 72 11 62 79 80 56 45 55 94 14 47 88 24 57 77 16
15 17 63 90 71 77 60 52 54 75 68 0 59 24 10 81 41 87 8 48 50 3 29 89
32 39 65 38 23 34 61 72 12 31 18 84 22 67 82 54 77 15 17 62 60 33 5 70
55 58 10 26 88 13 66 0 94 85 8 25 11 62 80 75 2 27 28 87 45 49 56 72
92 74 61 67 31 20 33 22 18 81 4 9 84 38 54 51 25 15 43 82 44 48 21 76
38 61 33 67 18 31 92 22 23 84 9 74 65 44 54 20 91 39 82 7 34 81 76 60
13 62 45 55 58 85 28 75 26 66 56 79 87 94 2 16 11 47 80 57 14 72 27 24
38 32 65 39 23 31 61 33 18 34 22 67 9 84 12 54 74 82 15 17 1 72 76 77
7 27 42 26 72 34 87 3 13 88 83 79 10 29 55 28 86 58 1 93 0 45 5 40
10 51 80 0 25 24 81 88 4 73 92 20 86 43 53 42 49 6 68 74 76 69 19 57
66 57 79 91 40 39 72 3 11 58 56 53 85 73 62 5 45 65 1 28 87 32 83 13
62 58 55 45 13 66 28 85 26 11 94 27 75 16 56 87 79 2 34 1 47 65 32 80
92 67 61 18 33 31 74 20 22 38 84 9 4 81 15 43 54 21 51 25 44 12 48 17
0 16 80 81 27 10 28 77 68 25 42 71 51 86 21 44 49 92 43 47 20 90 53 24
13 58 62 85 28 45 55 66 26 56 11 79 75 2 94 47 80 27 57 16 72 88 24 87
14 17 82 81 54 70 77 56 71 7 51 60 24 50 76 47 64 57 79 12 16 75 46 37
19 77 94 86 75 24 26 85 90 52 72 29 41 46 80 13 88 73 47 14 63 3 28 6
73 4 47 20 56 42 43 80 24 72 49 81 89 10 14 16 79 35 66 19 2 70 76 26
13 75 26 85 58 77 45 55 28 94 62 16 88 56 80 66 47 2 11 72 24 27 10 86
95 30 68 84 31 82 69 60 52 37 92 90 70 22 67 57 63 61 4 18 23 6 48 71
29 21 34 93 94 89 48 41 83 27 22 88 63 43 90 95 10 5 35 42 49 78 30 73
80 85 47 2 11 13 28 58 10 73 57 66 55 0 75 94 88 79 56 49 24 26 16 62
55 25 8 94 0 10 2 66 88 87 13 58 28 62 80 85 75 23 1 78 16 45 26 49
21 43 63 29 15 89 10 8 19 35 25 94 93 55 49 88 78 27 48 66 1 58 20 34
13 58 62 45 28 85 66 11 79 26 75 55 56 47 16 87 27 57 80 2 94 72 40 0
19 29 63 94 88 43 90 72 15 46 10 48 37 22 4 21 83 89 42 35 20 74 41 3
58 56 47 13 45 26 85 11 62 66 28 57 2 73 75 79 24 27 55 16 49 88 71 93
13 85 55 58 28 2 75 80 11 94 66 45 62 47 26 57 0 56 88 10 16 79 24 27
47 89 16 59 58 13 66 85 45 11 24 2 62 94 28 57 56 63 75 71 55 49 46 80
27 0 80 83 26 78 58 88 69 85 11 25 51 66 75 56 13 94 55 57 10 79 40 62
69 95 36 29 83 15 52 43 90 0 68 16 75 80 88 10 46 42 50 59 56 3 86 71
78 36 83 8 69 58 25 19 88 55 94 43 21 10 27 66 0 91 62 11 85 95 53 26
81 92 20 31 74 4 67 25 22 61 33 51 9 18 84 0 30 43 82 68 69 6 10 95
29 89 52 86 63 50 90 16 21 19 46 94 68 41 15 49 30 80 5 70 10 74 43 4
67 61 31 18 38 74 92 22 33 20 84 9 81 54 4 82 48 15 39 17 44 12 7 60
21 19 29 43 8 52 15 27 78 83 90 94 30 86 41 55 10 88 59 49 26 63 65 40
62 45 13 58 28 55 85 26 66 56 79 75 11 94 47 2 87 27 72 32 16 57 34 5
62 58 13 45 85 26 75 28 56 79 66 11 55 47 16 2 27 72 94 57 80 14 24 32
56 79 69 66 57 58 45 13 36 73 26 95 62 24 85 27 11 28 75 72 83 86 80 53
69 68 90 19 51 36 6 44 80 82 84 43 26 86 95 71 53 50 75 78 30 0 52 8
13 56 28 58 85 66 11 2 79 80 45 47 26 55 57 75 62 94 24 0 73 88 16 72
12 41 68 53 15 86 51 80 90 74 9 24 6 19 30 67 18 84 4 31 59 29 92 43
58 27 85 55 62 11 75 45 47 13 26 32 66 52 43 89 65 5 21 28 40 95 87 83
36 77 88 94 26 58 45 13 62 85 6 56 75 55 64 28 2 72 1 14 19 66 79 11
93 8 34 1 55 87 23 65 45 33 94 63 9 25 22 62 32 21 2 95 13 48 75 29
70 14 57 82 56 93 7 2 45 28 13 79 47 34 5 73 72 75 24 17 50 62 54 6
56 6 76 53 24 57 85 26 14 5 69 75 58 13 70 30 82 62 79 66 16 28 2 68
73 81 14 80 10 57 85 7 2 4 24 75 11 51 0 49 20 47 50 79 88 28 42 64
92 20 81 74 31 33 67 61 22 4 9 25 51 18 43 8 82 69 84 54 95 38 44 78
61 38 67 18 31 33 22 84 74 92 20 9 54 39 15 23 4 44 12 81 65 60 21 82
33 38 61 31 9 74 22 65 92 23 67 18 54 8 81 32 82 15 44 63 84 12 48 34
13 58 85 55 28 11 62 66 80 47 26 2 45 75 94 56 16 24 57 79 27 88 0 49
14 82 64 57 6 76 77 37 56 71 17 50 75 70 24 32 5 30 60 2 51 26 16 40
69 6 82 36 14 64 37 95 56 57 50 71 75 79 51 77 90 0 44 88 60 28 54 73
7 44 91 82 76 33 1 54 38 53 64 39 3 79 65 61 60 87 93 18 51 23 14 92
13 58 28 85 55 66 62 45 11 2 75 47 26 80 56 79 94 57 16 27 88 24 0 10
0 88 10 80 25 26 57 85 13 55 11 58 24 87 75 94 8 51 1 2 66 28 71 6


28 77 9 75 66 89 49 87 76 21 91 19 54 43 64 6 72 88 95 37 84 70 59 53
30 16 24 36 81 8 74 45 2 11 18 50 4 67 58 32 23 22 17 60 27 86 31 3
60 50 45 8 4 11 24 31 67 86 2 81 93 30 23 74 3 16 61 69 65 36 18 17
86 3 31 61 93 60 8 67 4 50 23 22 11 74 45 68 5 24 2 36 81 35 48 65
7 5 51 0 37 65 55 68 40 73 32 61 41 86 33 92 78 64 12 46 44 35 19 15
33 0 12 40 62 56 61 65 32 15 51 25 46 43 1 42 38 23 35 47 90 58 7 37
11 8 24 4 30 45 67 18 50 60 81 31 2 16 23 17 93 22 44 36 74 27 71 85
11 60 8 50 4 67 45 24 2 31 30 16 18 81 23 17 74 22 93 36 27 3 86 44
8 24 4 11 45 50 60 67 30 81 31 2 74 16 18 23 93 86 36 17 22 3 41 27
64 77 49 75 76 66 28 9 72 21 87 91 88 43 89 19 53 6 82 84 52 37 54 95
64 57 86 82 52 51 39 76 77 21 53 66 28 5 49 70 72 90 84 75 43 87 29 14
61 33 40 3 12 62 35 92 65 56 15 52 73 38 69 5 53 68 64 72 47 0 39 43
63 94 34 80 7 83 29 47 37 84 19 73 85 70 88 79 53 55 44 43 75 51 39 41
60 11 50 4 8 2 67 31 45 16 24 17 23 30 86 74 36 18 81 22 93 3 69 27
50 4 8 11 60 45 24 67 2 31 30 81 74 16 23 18 93 86 22 17 36 3 27 41
46 90 15 12 38 33 18 65 17 92 85 13 40 7 16 57 42 71 67 36 93 1 78 25
74 30 24 8 2 4 16 81 58 45 11 50 69 60 18 23 67 36 86 32 41 22 31 0
45 4 16 50 24 8 58 60 2 30 11 86 69 74 31 36 23 67 22 18 61 5 93 80
50 11 60 8 45 4 67 24 31 30 2 81 18 16 17 93 23 36 74 22 3 27 86 41
4 8 60 50 11 45 2 24 31 67 74 30 81 86 23 16 18 93 22 3 17 36 41 69
24 8 4 11 30 50 45 60 67 2 81 16 31 74 23 18 36 22 17 3 86 93 69 27
24 8 50 11 4 45 30 60 67 2 16 18 81 31 74 23 17 36 22 93 3 27 86 69
11 8 67 45 50 4 60 24 31 18 30 93 81 17 2 23 16 22 44 36 74 71 86 41
28 77 76 9 66 75 49 21 87 91 43 89 54 19 64 72 6 88 37 95 84 53 82 73
77 75 9 89 28 87 49 91 66 19 21 54 6 76 95 72 88 43 64 59 37 84 70 73
18 79 85 24 71 81 30 67 11 8 44 45 17 4 42 34 50 16 32 93 60 20 23 22
31 60 67 93 11 50 4 8 86 45 2 17 24 3 23 81 18 22 30 74 36 16 14 94
8 11 24 4 81 67 45 50 30 60 2 31 18 16 23 74 17 93 22 36 3 27 44 41
17 93 24 81 67 18 30 8 32 11 23 71 44 36 22 79 31 45 50 4 60 42 46 85
64 9 66 77 75 28 76 53 49 84 21 87 70 43 91 89 72 19 52 6 88 82 73 54
83 55 51 80 7 41 65 63 32 34 62 61 86 12 73 58 94 69 5 38 40 10 74 48
45 50 24 16 4 23 7 86 8 58 60 2 11 30 74 69 5 67 31 18 17 36 22 81
74 2 69 59 16 30 80 24 58 95 4 22 8 83 18 81 27 68 26 48 11 23 45 50
50 60 11 45 2 31 4 93 8 74 41 67 81 3 23 94 86 39 69 24 14 65 82 90
73 55 41 92 75 65 84 64 47 89 88 9 19 53 37 21 77 76 28 87 66 49 15 72
41 15 90 92 79 50 60 45 93 31 11 81 4 8 85 65 62 3 67 24 2 14 47 74
77 28 66 9 75 49 76 87 21 91 89 19 64 43 54 6 72 88 95 37 84 59 70 53
27 16 18 30 81 17 11 26 67 36 24 45 60 8 4 50 2 78 74 31 23 83 85 20
89 9 19 28 75 87 77 54 37 91 84 70 49 66 88 21 6 72 95 59 76 43 73 64
24 8 4 45 30 50 11 2 60 74 81 16 67 18 31 23 22 36 17 86 93 41 69 3
10 48 26 83 55 80 38 56 45 92 14 74 73 32 84 82 58 2 61 70 62 94 3 79
50 60 4 45 86 11 8 31 24 67 93 2 74 23 30 81 17 18 16 22 3 36 5 27
77 66 21 28 49 64 75 76 91 87 9 89 43 6 54 19 72 88 95 59 37 84 70 73
71 79 18 20 85 1 25 32 70 54 44 83 13 58 6 24 29 95 66 78 27 57 16 30
67 8 30 16 24 11 81 4 60 31 2 18 36 50 17 45 23 74 22 93 27 86 3 42
69 58 61 84 86 59 70 5 73 72 64 74 52 75 53 89 95 26 49 48 87 88 80 19
66 76 12 77 21 64 91 49 87 43 72 9 54 6 28 95 75 19 10 82 88 89 59 33
61 56 3 33 8 4 11 50 60 45 23 30 62 2 81 24 16 67 31 22 74 65 12 35
18 24 30 85 8 11 79 67 16 45 17 4 44 50 81 23 71 36 34 27 60 78 2 31
67 11 8 24 45 50 4 60 81 93 30 31 17 18 44 23 22 2 36 16 71 41 3 25
13 7 36 94 1 26 81 27 30 3 63 16 25 43 83 14 17 48 38 39 67 23 80 31
60 11 50 4 31 67 8 45 2 24 93 18 81 30 17 23 74 86 22 16 3 27 44 36
53 84 52 64 73 37 75 28 82 9 47 77 76 70 88 89 21 49 66 72 87 39 91 92
86 5 93 61 65 3 41 31 74 60 50 15 11 4 45 14 35 68 39 67 92 69 8 2
75 72 9 77 89 49 66 91 19 87 28 59 54 84 21 95 64 76 6 88 52 70 43 82
64 52 77 76 66 75 28 49 53 21 84 43 9 72 87 82 91 51 89 70 19 88 37 6
45 24 11 8 30 50 4 67 81 60 18 16 17 93 31 44 23 36 2 22 71 27 25 85
67 8 11 24 30 16 18 81 4 60 31 17 50 45 36 2 22 23 93 71 27 74 42 86
84 59 69 73 75 72 89 52 70 53 88 47 58 87 19 9 49 77 95 64 91 6 82 28
11 50 8 45 60 4 24 67 31 30 2 81 16 18 23 74 93 17 22 36 86 41 3 44
39 82 53 51 70 52 5 64 84 47 14 55 44 37 93 40 46 25 94 76 29 90 92 43
59 95 54 6 89 91 19 87 88 75 49 9 72 77 21 28 66 73 43 1 76 37 32 58
9 75 54 77 87 89 28 91 49 19 66 6 21 95 72 88 76 43 59 64 37 84 73 70
33 61 40 12 62 65 64 56 15 52 92 53 76 37 84 72 35 73 28 43 77 47 9 89
52 84 73 53 82 75 64 72 70 77 49 69 47 88 9 89 87 59 66 37 91 19 28 21
32 58 89 19 59 75 70 54 40 95 6 73 1 9 37 84 87 88 79 91 28 72 55 0
28 75 84 89 77 76 64 9 19 73 66 21 49 87 72 53 70 40 37 54 91 88 15 47
61 3 60 50 33 31 4 65 11 8 45 67 86 62 69 23 2 93 30 24 41 81 74 5
78 17 18 3 46 86 7 31 13 67 23 22 36 60 93 4 20 50 11 8 44 48 2 69
81 41 65 45 50 8 24 32 31 11 60 67 93 4 0 30 3 74 92 79 2 62 61 23
60 11 50 31 4 8 67 45 2 93 24 86 81 23 18 17 30 74 22 16 3 36 41 27
30 81 8 67 24 11 31 2 45 4 60 50 16 36 18 22 23 27 17 93 74 94 80 3
7 51 23 30 1 94 3 13 81 80 50 8 16 60 57 32 46 17 63 62 45 11 31 69
24 30 81 8 45 58 4 32 74 50 11 16 60 67 2 18 36 23 31 41 69 22 17 79
67 24 8 30 11 4 81 31 16 60 45 50 2 17 18 36 23 93 22 74 86 27 3 71
58 32 74 69 30 24 59 2 45 4 81 16 50 8 41 80 68 11 1 23 18 85 70 73
77 66 28 76 75 49 9 21 87 91 54 89 43 19 64 6 72 88 95 37 84 59 70 53
24 45 8 11 81 4 50 30 60 67 74 2 16 31 23 18 93 86 22 36 17 32 58 27
31 60 67 11 93 50 4 8 45 86 2 17 24 81 23 3 18 30 22 74 16 36 27 14
31 93 67 60 50 8 4 11 45 86 24 2 81 17 18 3 23 30 74 14 22 41 65 16
13 1 27 7 57 36 17 23 78 94 16 43 63 46 30 51 20 59 67 3 39 90 80 48
8 11 4 50 60 24 45 67 30 31 2 81 74 18 16 23 93 17 86 22 36 3 41 27
42 71 18 17 22 27 44 16 35 11 78 67 81 36 8 2 95 24 30 20 60 23 88 6
3 61 31 23 86 93 78 17 14 60 36 68 50 67 13 48 39 5 69 2 26 11 8 45
60 31 11 67 50 8 4 45 2 24 93 81 30 23 17 86 18 16 74 22 3 36 41 27
11 8 67 24 18 4 81 31 45 60 30 50 17 2 16 71 93 22 23 42 36 41 74 27
65 5 33 35 15 92 41 12 46 61 55 40 86 32 68 62 14 71 79 42 73 29 0 21
77 28 75 9 66 76 49 87 89 21 91 19 64 43 54 6 72 88 95 37 84 70 59 53
40 33 32 12 0 56 62 5 65 46 10 61 1 35 38 81 92 15 42 44 79 58 25 43
58 32 70 40 30 24 59 25 1 79 81 85 33 89 16 45 0 95 71 12 54 56 38 19
60 31 50 45 4 11 93 67 8 86 24 2 17 23 81 3 30 18 16 74 22 36 14 41
67 11 8 50 60 31 4 45 24 93 81 2 18 30 23 17 16 86 74 22 36 3 44 27
3 48 61 69 23 5 26 35 86 31 10 74 93 52 56 50 39 60 4 2 36 53 13 94
93 31 60 67 86 50 11 4 17 45 14 8 3 2 23 24 18 22 51 94 44 81 71 36
59 89 75 95 54 6 9 84 19 70 91 87 77 66 49 72 28 88 43 21 73 53 58 37
60 67 31 11 50 4 8 45 17 16 36 93 18 30 24 81 2 22 23 3 14 44 94 27


92 63 64 75 62 89 27 34 49 13 47 78 22 19 84 0 55 17 20 10 36 94 59 29
72 4 45 12 95 52 60 37 11 3 50 23 80 18 70 35 73 20 46 38 91 66 21 61
69 1 2 11 49 76 45 42 64 9 36 10 55 17 57 86 93 47 31 92 54 19 58 30
78 0 22 76 19 10 59 31 17 93 84 38 36 30 34 13 58 47 48 28 2 11 27 9
0 22 78 19 59 76 10 17 31 93 84 38 34 36 30 13 47 58 89 28 27 2 48 9
88 36 10 1 17 78 6 19 13 22 76 30 47 93 38 59 27 0 58 28 31 55 34 2
18 16 7 79 77 61 12 91 66 21 35 60 40 1 3 65 70 52 46 51 88 4 15 85
51 77 49 61 91 80 7 83 85 18 21 70 35 62 46 16 79 40 65 12 75 66 33 73
45 56 54 83 26 53 12 52 15 28 37 80 11 60 72 77 82 69 73 4 46 33 95 50
16 35 7 61 79 66 60 91 77 85 12 50 21 4 70 72 46 18 33 73 51 52 80 3
22 0 78 19 84 10 89 34 17 59 13 76 47 31 27 36 38 93 63 28 30 6 2 9
68 71 14 95 2 69 5 49 10 92 75 67 57 87 86 27 64 20 84 36 24 56 76 32
77 80 85 7 33 79 61 53 60 21 83 50 70 16 91 24 46 35 18 12 40 72 94 3
70 73 72 50 61 91 60 46 21 85 90 7 80 66 12 77 51 4 82 18 16 15 33 52
64 5 49 86 71 68 92 65 75 62 25 43 2 57 26 87 69 14 63 67 10 27 24 20
91 61 70 21 60 73 50 7 72 77 18 46 51 66 90 12 16 80 15 85 4 3 79 33
19 84 34 0 78 59 22 47 13 76 36 31 27 63 10 28 93 38 9 17 2 30 89 48
78 10 76 2 0 22 59 19 17 93 55 36 31 30 34 84 13 47 58 27 48 38 11 9
77 18 7 12 16 33 61 21 79 50 35 85 91 60 70 4 3 80 72 46 66 82 40 73
31 30 59 93 76 17 48 38 10 58 0 78 22 19 36 44 41 9 11 84 34 13 47 74
95 87 26 85 45 44 69 43 71 3 72 50 73 68 38 60 66 12 32 4 21 52 67 81
15 83 53 80 37 66 43 79 77 7 40 46 3 54 52 51 61 90 33 60 12 16 21 85
72 4 50 60 12 73 52 70 91 85 61 35 16 7 21 33 29 45 51 3 79 46 90 66
83 80 15 43 53 77 90 37 66 51 61 46 40 41 25 89 91 73 35 70 32 58 21 3
10 76 59 78 19 93 31 0 36 22 30 17 38 84 13 34 28 58 48 47 2 11 27 9
61 91 70 21 77 60 7 50 80 73 72 46 85 12 18 51 16 90 66 79 33 15 3 35
45 69 43 14 52 73 83 11 68 71 26 56 90 8 12 95 15 58 54 61 18 77 66 46
26 43 95 69 45 83 5 73 14 11 56 90 12 15 8 52 68 58 87 46 54 3 66 42
69 73 70 50 91 90 21 26 61 72 33 85 7 46 77 60 4 12 57 18 87 82 80 15
30 93 76 48 59 41 74 36 31 10 58 78 38 17 11 19 28 8 0 22 2 64 9 13
70 61 91 21 50 77 60 7 72 73 85 80 46 18 90 12 33 51 16 4 79 66 3 15
95 12 4 72 3 45 50 85 60 26 21 52 80 77 46 33 24 61 35 70 91 66 7 73
70 61 91 21 90 50 60 73 72 77 80 46 7 51 18 85 66 33 15 12 4 16 79 3
76 10 93 31 59 78 17 30 19 0 22 38 48 36 58 84 2 28 13 34 11 47 9 55
60 50 80 77 4 85 12 72 21 33 7 61 70 79 46 91 16 3 18 35 40 73 45 66
77 7 18 61 91 16 79 21 80 85 60 70 12 33 46 50 35 40 3 66 72 51 4 83
74 73 41 90 70 91 61 82 66 51 21 8 72 50 60 5 46 15 69 43 4 52 26 35
59 76 31 93 0 78 19 10 22 38 30 48 17 84 28 36 13 34 58 2 47 9 27 11
36 47 13 19 84 10 28 78 63 34 27 38 59 31 76 0 22 56 93 30 94 20 17 55
28 13 47 19 10 78 36 22 38 84 0 27 34 59 54 76 31 2 93 17 63 11 58 89
50 72 4 33 70 85 21 77 60 61 91 7 12 79 80 46 16 73 3 40 51 18 90 35
43 52 66 72 91 61 60 21 12 73 95 70 45 83 77 8 15 18 3 51 65 7 4 85
61 70 91 21 77 60 7 50 72 80 85 46 73 18 12 90 33 51 16 66 79 4 15 3
76 59 93 10 31 78 30 19 0 22 17 36 38 48 58 84 13 11 28 34 2 47 9 27
95 71 87 57 67 68 86 85 69 38 89 53 14 3 33 6 32 75 50 24 26 11 80 28
85 79 80 7 53 77 16 35 33 60 21 46 61 12 70 66 82 91 3 72 50 83 18 4
66 15 37 83 53 79 80 6 16 7 77 46 89 18 12 35 40 60 3 54 45 52 61 51
54 0 78 22 17 76 59 93 75 19 27 6 30 48 34 36 31 84 38 2 28 11 9 63
45 3 12 52 72 95 4 50 60 24 11 73 83 54 46 56 77 28 70 15 61 85 21 66
61 91 73 70 66 46 21 77 90 51 85 80 7 60 18 50 35 82 15 83 16 12 72 3
53 79 12 16 54 35 7 83 94 77 52 60 4 80 85 27 88 33 40 45 3 47 20 13
79 77 61 16 80 33 91 21 50 85 7 70 18 60 3 73 51 24 40 75 46 62 90 20
77 80 61 7 21 70 85 60 91 33 50 79 46 72 12 16 83 18 73 35 3 51 40 90
78 0 22 19 10 76 59 17 31 93 84 36 34 13 38 30 47 58 28 2 27 48 9 89
51 80 82 91 70 50 92 21 60 79 61 85 7 77 4 46 62 72 16 33 75 25 18 40
61 70 91 21 77 7 60 50 73 72 85 46 80 18 90 12 51 16 33 79 66 4 15 82
70 21 72 91 4 50 61 60 7 51 18 12 77 90 73 52 3 65 46 85 35 80 33 79
72 4 60 52 51 61 91 12 70 50 7 21 77 73 46 80 16 18 79 85 66 35 40 3
45 54 95 11 38 28 26 56 43 58 69 53 71 12 10 84 13 19 36 47 1 52 6 83
0 19 22 84 34 78 13 27 36 10 47 76 59 28 38 17 31 93 89 63 54 2 9 6
74 48 30 41 93 59 31 81 76 90 20 11 36 56 24 38 58 29 55 78 84 0 19 9
17 76 10 30 93 78 31 36 59 22 0 19 58 38 55 48 11 13 2 84 34 47 9 27
0 22 78 31 89 59 93 76 19 38 10 17 11 58 84 30 9 34 28 48 36 13 6 47
54 53 34 27 0 37 89 84 9 22 19 56 78 28 2 76 13 6 47 93 55 59 38 63
76 10 78 93 17 31 0 59 22 19 30 38 36 58 84 48 13 34 2 47 11 28 9 55
53 27 34 47 13 54 94 63 84 28 6 19 36 89 78 22 0 62 56 20 37 9 79 2
5 44 81 39 92 64 68 23 67 32 63 40 20 29 86 71 25 34 8 62 49 14 65 13
77 61 50 7 33 21 80 60 91 70 85 46 12 18 73 72 16 79 3 35 4 90 15 69
53 56 83 26 5 87 62 15 81 34 75 2 54 92 80 89 94 40 29 57 67 37 0 27
45 52 43 8 95 54 83 58 56 12 72 3 66 14 73 42 60 15 46 37 50 61 77 90
91 61 70 73 46 21 60 77 50 7 12 90 72 66 80 15 18 85 51 33 82 4 3 16
5 75 22 78 17 93 59 0 71 49 63 62 27 55 2 92 10 19 67 64 30 84 87 89
70 91 61 73 50 21 72 60 90 77 46 85 51 7 80 18 12 4 66 33 82 35 3 16
0 19 78 22 84 59 38 31 13 10 76 93 34 28 36 47 17 30 58 27 48 89 9 54
28 2 93 10 76 11 17 78 48 22 19 95 30 59 27 84 36 58 0 31 87 6 24 13
10 93 31 59 30 76 17 19 36 78 48 38 58 11 22 0 28 84 2 47 13 55 9 34
83 53 43 54 56 45 15 12 79 7 52 80 60 77 35 68 40 14 23 86 16 85 61 69
92 49 64 65 62 75 63 68 8 43 95 20 51 94 14 23 79 27 16 7 37 5 74 18
87 69 85 33 71 80 26 50 53 57 46 77 79 73 7 16 90 60 21 70 15 72 81 4
43 83 8 65 54 15 5 66 3 95 77 52 37 1 68 14 56 45 61 23 12 53 18 7
33 25 11 90 6 53 57 72 86 29 73 82 4 74 60 70 37 45 95 80 3 79 50 61
0 22 78 19 10 76 59 17 31 84 34 93 36 13 38 47 30 89 27 28 58 2 9 63
22 0 19 78 34 84 89 54 17 47 6 10 27 13 59 38 76 31 93 36 9 28 63 2
88 16 94 79 7 20 35 12 4 1 61 91 60 50 77 85 21 75 70 62 72 49 63 14
34 84 53 27 54 0 13 89 47 19 63 22 78 94 9 36 37 56 28 2 81 6 38 55
0 78 19 22 34 10 84 59 13 36 17 76 47 27 31 89 38 63 93 2 28 30 9 55
15 6 1 66 16 79 52 12 35 43 54 18 83 3 7 40 37 46 77 45 61 53 88 23
61 91 70 21 77 60 73 46 90 12 7 80 15 72 66 52 50 18 83 51 85 3 43 35
22 34 0 19 78 27 84 13 6 89 47 36 10 63 59 17 76 54 2 28 38 31 55 9
14 68 32 2 75 71 87 95 44 10 69 84 27 59 24 76 36 57 19 48 93 8 81 56
0 22 89 84 34 54 78 19 6 17 53 27 59 76 9 55 2 31 93 10 13 58 47 38
70 91 61 21 50 73 60 72 77 7 85 46 12 18 90 80 4 16 51 66 33 35 3 82
91 70 50 73 72 21 61 90 60 18 4 7 46 85 12 77 51 82 52 66 16 69 80 33
0 78 22 19 10 76 17 36 31 84 59 93 38 34 13 47 30 28 27 2 58 9 89 11
93 76 30 31 17 59 0 10 58 78 22 38 48 19 11 36 84 55 2 9 34 13 89 28
79 16 7 77 18 61 12 1 66 91 3 85 35 88 21 83 60 40 65 46 51 94 75 52


