
52 70 17 79 9 88 65 85 22 6 59 37 38 43 48 95 2 55 47 74 89 34 49 13
91 73 27 40 29 90 46 78 33 24 53 42 5 77 39 62 75 93 74 57 44 11 0 16
44 84 63 3 77 16 93 35 81 75 76 5 57 15 23 74 72 30 54 0 67 92 60 14
74 38 75 92 14 44 60 63 35 81 3 93 84 76 77 52 8 5 72 95 73 57 67 16
0 57 15 16 30 77 84 54 81 83 3 39 93 5 63 76 72 67 44 23 64 35 18 66
31 28 48 47 82 1 65 56 17 26 32 37 70 45 61 6 85 89 49 71 21 43 20 69
78 12 27 29 62 52 17 22 6 70 79 46 94 38 88 40 86 42 53 33 9 59 85 37
65 70 56 17 48 37 31 1 85 6 32 71 49 43 45 88 2 28 47 50 26 61 82 89
74 86 38 79 52 81 41 60 23 59 75 19 13 92 3 44 9 22 35 62 14 73 63 67
73 27 29 90 46 33 40 78 91 53 42 24 12 35 62 5 72 66 44 93 39 74 55 16
63 44 93 35 84 75 72 3 5 16 14 76 77 92 15 54 74 30 8 81 60 57 23 38
0 57 16 30 84 15 54 81 77 5 72 63 3 44 93 23 35 76 83 39 66 75 67 64
40 29 27 73 46 90 78 91 33 53 42 12 62 94 6 59 89 24 74 79 55 95 52 25
38 52 14 60 74 92 9 75 88 35 44 23 95 34 63 79 55 8 62 85 76 3 73 77
48 85 65 56 28 70 50 31 2 88 17 71 37 26 51 9 6 47 43 49 34 1 32 89
79 74 86 59 52 81 41 38 22 75 92 60 23 62 3 44 57 69 55 19 35 73 77 17
48 17 31 47 65 70 37 28 1 85 45 6 56 82 49 32 19 61 43 89 13 26 88 69
83 20 82 21 69 68 1 19 39 45 32 26 0 61 86 18 47 31 41 15 57 89 25 30
83 20 69 82 21 32 1 19 45 61 0 68 41 26 39 57 86 18 89 47 37 71 31 49
14 95 75 92 50 8 51 34 63 44 72 35 93 38 5 60 77 74 3 76 54 88 9 2
65 28 56 31 48 70 17 37 26 1 47 32 85 82 71 43 6 61 2 89 45 49 50 21
26 21 82 31 56 28 32 71 36 68 1 61 20 48 47 51 18 39 65 45 83 37 89 2
14 92 60 38 75 35 74 52 95 63 44 9 34 23 93 76 62 77 8 3 5 88 72 55
80 11 4 67 58 7 3 10 8 66 95 44 23 34 12 63 75 93 87 16 84 54 14 30
86 69 19 41 20 45 83 81 79 1 47 22 82 57 59 61 89 37 32 13 74 49 62 6
72 54 51 64 15 84 16 5 93 39 30 68 63 0 14 35 76 8 36 44 66 18 77 50
1 37 45 32 82 17 19 65 31 56 47 69 49 89 70 20 61 6 71 48 26 21 28 43
58 10 67 13 8 3 93 44 80 84 63 76 15 81 60 16 64 11 57 95 54 30 77 74
84 44 63 16 93 5 72 35 54 30 15 3 77 76 75 23 64 0 14 57 66 81 92 74
1 45 69 37 20 32 82 19 17 61 47 49 89 65 70 31 6 22 56 43 79 48 41 21
12 27 78 29 53 90 46 73 23 62 59 55 66 94 42 92 35 18 22 75 79 39 74 24
44 84 63 35 93 3 75 16 72 76 5 77 74 15 81 23 54 57 30 92 14 67 0 60
19 69 1 45 37 47 17 20 89 82 6 61 32 31 78 27 49 79 70 65 48 46 41 12
39 15 30 0 16 54 84 72 64 93 68 5 57 83 63 76 18 77 67 21 51 3 36 44
29 27 78 73 33 46 90 62 40 42 53 12 6 91 89 94 25 55 24 32 70 17 18 65
44 35 75 63 14 5 72 93 92 77 54 84 16 8 3 76 30 15 95 74 23 60 66 38
57 0 16 15 84 30 54 81 77 5 3 93 63 44 72 76 39 35 83 67 75 23 66 64
65 56 2 70 48 85 28 17 50 71 31 37 26 32 6 88 43 89 1 47 49 82 51 21
0 83 81 57 84 15 3 16 30 86 39 77 67 20 23 54 76 44 68 63 93 69 41 5
14 35 44 63 75 5 72 93 92 84 23 76 16 77 60 38 54 3 30 74 64 8 95 15
80 58 4 10 38 8 3 74 13 79 22 11 52 44 67 7 9 86 75 23 59 60 81 88
81 44 3 74 75 63 77 23 35 57 84 76 93 16 92 67 15 5 38 0 72 60 30 54
19 37 45 17 1 69 89 6 47 79 86 70 65 61 41 22 32 52 49 20 48 43 85 31
84 93 16 72 63 5 54 44 15 35 30 76 77 3 75 14 57 64 0 8 92 67 81 74
25 89 49 62 24 91 45 32 6 73 40 1 60 2 19 37 43 87 61 5 82 56 85 67
60 92 35 38 14 93 75 74 27 63 90 8 5 44 94 77 23 84 72 76 52 95 12 62
51 64 72 14 54 34 93 5 30 50 8 15 68 39 84 16 28 63 36 95 85 35 76 9
51 72 64 14 54 5 93 30 8 34 84 63 16 15 35 50 76 44 95 92 39 75 77 36
75 74 44 92 14 38 35 63 60 3 23 93 76 77 95 8 84 81 5 72 52 16 73 67
29 94 62 0 25 83 21 54 30 39 64 57 26 16 76 15 20 78 36 84 68 82 46 63
23 44 3 81 84 77 63 57 35 16 0 30 76 93 15 75 74 5 67 54 72 66 64 60
31 28 56 65 48 37 1 26 17 70 85 82 32 47 45 43 89 71 2 49 6 21 61 19
1 65 37 17 48 45 56 47 31 70 82 32 49 19 26 6 71 85 61 21 89 28 13 69
80 4 58 8 87 11 7 3 40 10 77 91 55 75 34 66 44 95 15 22 23 43 27 76
1 32 37 82 56 45 26 65 17 71 20 21 61 69 31 70 89 49 47 19 2 6 48 28
41 69 79 20 19 47 86 83 22 59 23 61 45 43 13 89 81 17 18 82 6 1 37 57
44 84 63 72 16 93 54 5 30 15 77 3 35 75 76 23 14 0 92 57 8 64 67 81
83 0 57 20 69 81 16 39 30 15 18 3 23 59 66 84 41 54 61 67 21 68 82 11
4 80 58 87 10 55 22 11 34 66 23 59 43 3 67 44 13 7 79 75 77 54 16 15
38 14 60 9 74 92 52 75 35 44 63 8 88 95 23 85 34 76 93 3 13 77 73 84
20 69 47 19 1 61 83 89 82 45 79 43 22 32 31 59 37 68 4 17 13 28 41 49
86 41 19 79 69 45 22 81 52 74 47 59 17 6 37 89 20 1 38 13 49 61 62 70
29 78 73 27 33 62 90 46 40 91 5 35 24 12 53 25 72 42 94 93 39 30 16 64
75 44 63 14 3 92 74 35 77 38 93 5 76 8 60 84 95 72 16 81 54 23 73 57
23 30 35 84 44 16 77 3 63 0 5 54 15 93 72 64 66 75 76 81 57 74 18 55
81 93 84 77 63 3 15 76 57 16 44 74 35 0 75 67 5 60 30 54 23 72 39 90
50 85 65 43 70 48 56 88 13 34 2 10 7 95 80 28 58 9 4 71 17 51 37 49
81 57 84 0 83 41 67 86 15 76 16 93 39 3 63 74 44 72 30 5 23 35 77 90
40 73 62 91 27 90 29 78 33 25 42 18 24 83 46 55 5 77 89 79 69 81 57 20
5 25 60 76 93 72 84 62 67 63 77 16 44 54 57 15 30 35 81 14 64 0 92 3
74 75 92 35 38 14 60 44 63 94 93 52 95 77 76 73 81 8 5 3 23 62 91 84
54 15 16 39 0 30 72 84 5 64 68 57 93 66 51 18 63 36 83 21 77 35 3 76
15 16 54 84 30 93 72 5 0 39 64 63 57 76 77 44 35 3 68 67 51 8 36 81
8 10 38 73 76 80 58 9 14 67 88 52 74 91 44 53 87 85 95 92 29 60 63 75
58 67 10 93 44 3 8 15 64 91 63 54 16 30 84 77 72 80 76 11 51 39 75 0
29 73 27 40 91 46 78 90 33 24 42 53 62 89 6 94 12 55 25 2 51 32 11 39
4 58 80 7 10 13 3 87 67 8 43 42 66 75 63 95 52 81 77 38 44 74 86 55
80 87 4 55 10 11 58 67 73 53 44 66 24 3 43 22 7 42 77 34 23 63 16 81
2 50 65 70 85 56 88 34 95 71 43 17 28 48 37 36 42 51 31 9 26 6 89 53
30 54 16 5 72 15 84 64 93 63 0 35 77 44 76 66 39 51 23 3 75 14 57 18
54 16 30 5 72 15 93 84 63 35 77 64 44 51 0 76 75 14 3 66 39 23 34 92
75 44 63 35 92 93 14 3 77 72 5 84 16 74 76 54 15 8 95 23 30 57 81 60
44 63 84 35 3 75 93 16 77 5 81 72 57 76 15 74 23 30 54 92 0 14 67 60
84 16 30 15 44 54 3 93 63 0 72 77 35 57 23 5 76 64 67 81 75 66 39 8
64 30 54 72 16 84 15 5 93 39 51 0 68 63 76 35 18 44 77 8 14 3 36 67
44 63 3 35 84 75 77 23 93 81 16 76 74 5 57 72 30 15 54 92 0 60 14 67
52 38 74 92 60 75 79 14 9 95 81 88 86 44 59 35 22 3 41 23 55 63 62 73
85 48 28 88 9 65 50 70 31 17 6 47 13 56 37 2 34 51 52 38 43 14 49 95
19 45 69 47 1 82 20 31 37 61 89 32 13 17 28 86 6 49 83 48 43 41 22 21
54 72 5 15 93 64 16 51 30 84 39 63 76 14 0 68 35 77 8 36 44 75 18 67
82 20 31 21 26 1 69 61 32 83 45 47 56 36 71 19 37 28 13 43 17 49 68 89
3 44 23 81 57 84 63 16 76 74 0 35 67 30 75 77 72 66 15 93 54 5 58 64
44 74 81 75 3 63 35 57 77 92 84 23 76 93 16 5 38 72 15 60 67 14 73 54
46 8 91 67 10 93 49 58 76 78 53 95 94 40 13 15 27 39 19 11 80 21 9 84
56 70 37 32 65 17 2 43 1 61 20 71 26 82 69 50 45 89 21 49 6 31 22 48
17 37 70 65 1 45 47 6 31 48 19 32 89 49 69 82 61 43 28 85 56 22 20 2


25 44 8 75 28 87 55 60 16 10 89 79 47 0 58 80 1 85 13 78 11 51 94 40
39 18 38 67 65 32 74 61 22 31 34 84 23 9 33 27 15 48 43 12 45 62 7 42
88 94 80 10 14 75 85 73 13 11 2 24 49 55 77 47 4 26 51 28 0 58 1 57
39 31 18 67 84 38 22 72 61 74 9 32 23 65 34 44 20 43 15 12 54 33 42 95
75 55 10 16 73 49 13 2 14 94 11 28 0 93 20 57 92 85 81 88 4 25 78 80
55 10 94 75 80 16 58 85 2 13 88 14 1 8 47 28 49 11 73 0 51 77 25 24
29 78 41 35 5 19 60 69 79 21 26 1 82 72 94 70 73 86 48 11 25 27 83 62
10 78 16 75 58 80 85 13 28 2 1 26 55 11 51 49 5 70 14 0 73 29 57 86
28 27 79 0 54 34 25 7 20 19 92 6 40 70 78 11 82 72 3 21 89 81 2 23
81 7 20 44 92 43 17 40 42 51 15 0 14 64 12 60 31 73 74 4 54 79 66 89
1 85 26 58 80 10 47 2 87 13 88 55 8 75 11 0 28 51 73 49 94 57 66 16
24 80 51 10 47 73 79 14 13 85 58 75 87 11 8 0 56 28 71 94 17 2 55 26
39 18 61 84 38 67 22 31 74 65 34 9 27 23 32 43 82 20 62 42 44 72 68 92
10 80 75 73 85 13 47 16 0 11 94 2 28 58 55 88 14 57 8 1 51 79 49 87
22 61 67 34 31 20 65 18 92 84 74 39 38 9 95 45 44 23 32 42 40 91 36 72
8 85 10 13 87 1 58 80 55 75 47 28 2 94 11 0 79 14 16 88 73 57 26 62
36 15 64 76 63 84 42 95 39 67 68 43 48 65 38 61 18 45 32 22 33 31 56 7
89 27 30 94 75 69 47 10 80 88 73 24 6 51 25 41 85 55 0 13 70 49 16 59
18 38 67 74 39 32 31 65 61 22 84 30 9 82 48 23 33 34 92 68 12 27 95 63
51 86 53 70 68 69 80 82 30 27 5 26 7 6 14 35 4 73 24 11 2 85 12 57
81 68 30 95 7 45 65 4 63 32 18 69 48 67 86 23 34 56 38 52 31 70 5 53
47 11 88 73 53 80 64 94 57 4 49 10 13 85 5 58 1 87 8 28 2 25 14 79
88 94 73 2 47 10 49 0 80 75 16 11 14 4 24 55 6 13 20 85 77 51 57 19
72 19 9 31 22 29 41 35 32 18 84 74 70 5 82 61 67 38 27 39 54 25 65 34
88 10 73 49 0 11 2 75 94 57 16 55 47 80 26 20 4 24 14 13 43 85 28 58
22 20 31 27 82 18 72 74 70 67 61 9 41 29 34 6 39 92 81 50 38 44 32 84
93 22 61 21 55 36 34 92 63 42 48 31 20 29 89 95 70 67 74 54 83 35 84 18
4 57 24 85 51 88 76 11 94 2 10 80 0 28 58 13 1 14 73 75 79 26 56 55
58 85 80 55 1 10 2 47 87 13 75 8 11 26 94 88 16 73 28 49 57 14 0 79
22 61 18 65 67 38 39 34 31 23 74 9 32 84 20 33 92 48 27 95 72 42 63 43
85 58 80 10 13 1 47 26 11 2 73 88 75 87 55 28 94 57 0 8 79 14 56 16
12 76 51 24 53 68 30 17 91 7 43 86 4 64 15 42 87 14 40 77 54 79 80 84
44 34 23 9 65 61 33 32 89 22 54 84 38 40 91 45 90 62 72 18 39 82 67 42
58 85 80 13 26 47 1 8 10 62 87 55 75 2 56 79 28 94 11 16 14 73 88 24
48 56 26 43 1 39 54 12 40 65 23 84 38 33 93 62 66 15 87 18 7 76 9 17
88 75 49 16 94 80 2 10 73 77 29 55 13 28 90 47 85 0 14 11 50 26 89 19
13 85 80 10 73 94 75 11 47 2 88 58 28 14 57 55 8 16 1 87 0 49 4 24
94 2 88 13 85 80 73 10 11 47 75 14 58 1 28 49 57 55 4 56 26 16 0 24
76 5 27 83 7 79 4 35 86 70 78 51 48 82 46 24 53 81 63 37 28 21 56 57
19 81 72 77 92 36 74 6 53 67 42 31 32 91 76 9 18 20 35 12 25 41 39 28
17 90 77 15 60 71 89 59 43 75 63 49 68 50 44 52 95 29 24 41 42 54 80 16
61 38 65 39 67 18 23 32 9 22 34 31 74 84 33 72 12 15 92 54 27 44 82 62
10 55 80 75 85 94 2 88 11 13 58 28 73 1 16 0 47 14 8 49 57 87 51 26
20 92 10 16 51 25 2 94 55 75 88 49 11 4 73 80 6 14 28 0 57 66 78 83
65 38 61 23 67 39 18 9 34 22 32 33 31 74 84 44 92 72 27 60 82 62 36 91
62 33 65 53 45 58 8 23 32 72 79 66 9 91 38 34 26 87 39 12 1 69 48 76
38 61 39 67 18 65 31 22 9 74 32 23 84 34 33 72 15 27 92 48 82 12 54 20
10 88 13 94 85 47 73 2 55 80 11 26 75 0 28 14 1 58 24 4 7 21 93 83
51 80 0 88 10 53 26 73 86 11 14 24 2 85 58 55 75 6 49 57 66 16 28 94
66 91 44 60 56 72 19 20 57 74 43 53 35 3 39 31 50 5 67 40 76 73 95 38
62 58 45 8 66 1 87 60 3 16 23 55 34 33 26 65 91 29 36 50 40 69 38 85
61 31 22 67 9 92 18 74 38 39 84 21 20 34 32 25 41 23 44 65 72 82 33 95
27 18 23 39 65 31 9 82 84 74 22 38 61 67 17 20 34 68 43 90 44 92 32 70
13 85 80 10 11 28 75 47 58 73 94 8 2 1 87 14 55 88 57 79 0 16 26 56
7 15 48 82 81 27 70 51 86 4 46 52 14 50 76 63 56 37 24 79 90 57 17 2
77 90 81 72 17 6 19 59 82 15 88 27 24 70 54 42 94 31 75 41 14 74 50 29
73 10 80 47 13 11 85 75 88 2 14 94 4 57 58 28 16 24 55 49 0 56 79 26
77 75 94 10 88 55 85 80 2 47 13 58 49 11 73 26 16 14 28 1 0 24 90 8
95 68 30 63 84 48 40 69 31 34 52 22 23 43 7 67 92 18 37 65 4 57 20 74
93 70 89 21 41 88 72 48 90 94 29 22 42 5 77 27 34 81 6 54 47 75 35 2
10 80 85 73 11 47 75 13 2 94 88 28 58 55 0 1 57 14 16 49 79 87 4 8
55 10 94 80 2 85 1 75 8 88 58 28 13 11 16 47 14 0 87 73 66 49 51 57
94 75 5 21 10 49 55 16 88 77 80 11 25 85 13 73 41 2 28 8 35 6 1 0
1 85 87 80 58 11 10 13 47 28 8 73 0 2 79 57 75 88 94 14 16 26 55 66
19 88 94 72 47 73 54 75 85 13 89 10 80 55 77 26 2 35 24 29 93 14 1 90
62 26 58 56 45 39 1 43 38 93 95 63 48 34 84 47 68 40 18 36 66 65 32 29
10 85 13 80 75 11 73 94 2 28 47 55 58 88 14 57 8 1 16 0 87 79 49 4
46 16 47 57 49 75 85 28 10 11 2 13 4 58 73 87 3 53 66 0 80 91 1 59
80 51 0 75 73 85 10 88 28 47 14 13 2 11 94 58 16 1 8 57 24 87 55 79
60 29 64 69 15 59 43 36 16 89 50 66 49 95 68 44 90 17 71 56 83 63 45 52
80 73 47 85 88 94 75 10 58 0 11 13 8 2 1 69 51 19 25 28 49 16 14 55
20 92 81 31 4 30 74 67 25 22 68 69 43 84 63 18 42 40 27 53 83 12 0 57
90 50 72 44 41 16 29 77 75 19 82 3 46 52 86 6 71 88 5 14 54 80 36 21
67 18 38 61 22 31 74 65 39 32 9 23 34 84 33 92 48 27 72 20 54 82 15 42
77 19 41 90 29 72 94 6 25 52 88 80 86 49 75 5 50 73 59 64 60 8 9 16
13 28 85 94 11 73 47 80 10 79 58 8 2 87 14 88 57 75 4 45 56 0 55 1
58 85 80 1 13 47 26 87 10 11 75 8 73 28 2 79 88 57 0 14 94 55 62 16
38 39 65 18 48 67 32 61 23 22 9 31 45 82 33 84 74 95 34 56 62 72 91 63
90 68 69 71 50 59 17 43 51 89 48 44 52 46 29 30 60 80 82 12 95 64 86 16
13 73 14 10 11 80 94 85 28 88 47 2 0 4 57 24 75 79 56 8 58 87 55 1
41 12 82 86 6 90 53 68 77 5 9 51 60 15 69 19 50 25 17 74 21 80 31 30
92 20 31 74 67 43 18 84 81 27 22 42 61 6 95 39 44 9 82 12 17 54 32 68
77 88 94 2 36 75 19 85 14 28 10 47 80 55 49 13 1 58 73 11 0 26 24 64
55 1 93 8 2 94 10 58 13 88 85 87 75 28 47 62 11 25 80 16 79 49 66 45
19 70 88 2 29 25 73 82 49 10 5 75 11 57 0 94 80 90 28 47 56 85 1 93
76 53 57 70 5 4 30 82 51 86 16 7 46 69 68 11 79 10 83 85 2 13 73 28
26 1 85 51 73 75 7 47 2 88 80 11 4 10 86 14 13 58 50 19 28 15 83 24
92 22 31 74 67 18 61 20 65 38 23 39 9 27 84 34 81 32 48 82 42 33 95 44
38 65 61 39 67 23 18 22 9 31 74 32 34 84 33 44 72 12 92 54 15 27 20 42
8 62 1 87 85 58 33 45 13 80 79 55 94 28 47 75 10 2 56 14 11 66 73 88
10 13 80 85 75 11 73 28 47 2 94 14 58 57 88 0 55 16 8 79 87 4 1 49
57 4 88 64 47 24 2 30 73 76 53 5 85 94 80 63 11 1 56 68 13 14 10 87
50 90 59 14 82 64 71 2 48 29 68 75 70 16 44 49 30 43 51 40 80 56 52 36
7 76 79 87 1 28 91 51 3 53 26 40 85 48 58 83 13 8 11 2 55 86 10 14
10 13 80 85 11 75 73 2 28 94 47 88 55 58 14 0 57 16 79 1 49 8 87 4
85 10 80 1 88 75 58 0 2 13 47 55 11 73 94 28 87 57 16 8 51 26 14 49


9 19 89 75 88 87 28 59 70 32 84 77 42 43 91 6 54 58 53 21 73 64 66 49
59 75 58 89 88 6 9 87 70 95 91 19 84 77 28 32 43 21 73 49 54 66 42 53
51 60 61 31 93 3 52 4 67 14 65 11 8 50 74 2 86 24 5 33 41 81 12 68
33 0 68 65 40 76 72 62 55 29 12 10 37 79 41 85 20 35 56 32 28 86 49 22
7 33 41 40 12 68 65 0 46 62 78 5 86 51 83 38 64 76 32 3 37 93 61 81
0 33 40 51 65 62 81 79 61 3 1 7 83 43 85 56 37 60 47 13 72 25 4 76
67 4 60 8 11 31 61 24 23 3 14 93 18 27 17 22 51 36 44 2 74 52 81 50
60 4 31 67 8 11 14 61 52 17 3 50 93 23 24 51 74 2 18 27 44 57 90 22
86 81 74 11 24 4 60 16 67 2 61 8 41 5 68 36 93 51 83 31 65 3 23 78
86 82 72 93 64 84 74 47 53 75 15 90 77 58 70 46 73 78 89 51 9 11 2 88
86 39 64 45 53 70 82 84 5 57 69 71 21 88 58 75 26 73 77 42 66 50 46 59
33 65 40 0 68 12 62 47 61 56 38 41 55 22 72 81 5 85 10 4 37 82 52 35
62 80 63 34 94 55 41 37 92 52 61 3 73 47 40 50 22 45 14 0 79 2 83 60
60 4 67 11 8 61 31 14 24 74 50 17 3 52 2 51 44 23 27 18 36 93 16 22
74 11 4 2 81 60 30 50 16 69 58 24 61 8 86 52 67 27 23 41 22 18 68 47
90 46 78 15 7 18 26 17 36 38 13 86 16 92 93 24 3 30 67 23 31 57 12 95
58 89 59 32 75 95 9 88 49 91 6 87 73 19 28 86 77 84 54 0 21 37 72 40
16 45 2 52 69 86 50 58 39 34 70 80 53 84 57 94 26 51 74 22 82 20 10 14
50 27 52 60 3 11 4 30 16 67 8 26 17 90 14 61 36 2 18 74 31 7 13 23
11 4 60 67 8 61 31 74 24 14 3 2 93 81 18 52 23 50 51 17 22 27 44 30
74 69 2 11 16 81 4 50 30 58 52 60 8 23 65 27 24 33 67 22 86 36 61 5
11 60 4 67 3 8 90 74 18 61 31 52 50 2 17 30 24 27 14 16 13 23 36 81
31 67 8 60 14 4 61 93 11 3 17 51 24 18 52 44 23 50 94 90 36 2 63 22
19 9 89 75 88 28 42 84 70 32 43 87 59 54 53 77 73 58 6 91 21 66 64 37
89 9 19 75 88 59 87 28 32 70 42 77 43 6 84 54 58 91 73 21 66 49 95 53
6 87 95 91 54 66 77 49 21 71 9 88 28 75 19 59 89 43 79 32 1 76 42 29
31 60 67 4 8 61 11 14 93 3 24 17 51 74 18 52 23 50 2 44 81 90 94 22
8 81 4 67 11 60 31 30 24 2 61 74 18 94 27 3 22 23 14 17 36 50 52 16
28 77 21 91 49 87 75 6 88 9 66 95 64 19 89 32 54 59 43 1 42 76 40 71
88 70 64 75 87 9 53 59 84 89 19 42 32 77 73 28 58 66 21 43 6 71 91 45
41 62 55 83 40 12 65 51 33 72 86 47 61 32 5 10 37 79 7 0 73 82 76 3
86 7 16 45 64 78 5 70 51 13 82 3 58 52 36 39 71 57 38 84 90 26 59 53
59 95 75 88 6 49 58 91 89 9 87 77 73 19 32 21 66 54 28 84 42 86 70 64
50 52 60 74 61 11 4 14 31 2 3 93 8 67 47 51 82 94 63 90 23 44 41 18
41 65 33 40 68 73 55 0 86 5 12 15 47 75 37 89 69 64 84 58 38 46 19 9
90 3 60 14 31 61 4 41 67 93 11 8 51 52 50 74 2 24 63 15 62 7 17 57
9 19 88 75 89 87 28 59 70 43 77 42 32 6 84 91 54 66 21 64 53 58 73 49
26 27 16 36 78 59 30 13 69 95 6 89 38 88 63 42 17 54 70 58 84 48 90 57
28 9 89 75 19 88 70 87 77 84 32 59 58 43 91 64 21 73 42 54 6 53 66 49
11 74 4 24 60 8 67 81 61 2 16 30 86 27 18 23 31 3 14 22 50 44 52 41
10 83 38 72 56 48 26 12 80 62 45 81 82 25 55 41 3 2 40 47 61 52 94 1
50 52 86 5 93 3 51 39 2 45 14 60 31 74 82 4 69 61 90 78 53 11 23 7
59 75 77 70 21 66 88 64 91 87 89 9 28 84 6 53 19 54 49 95 71 58 73 42
24 17 18 23 57 13 16 67 27 36 31 78 93 8 14 26 30 3 52 90 61 4 60 12
24 67 8 30 81 11 4 60 16 36 18 17 61 31 74 3 27 23 13 2 14 90 93 78
58 86 59 89 70 84 32 73 75 88 53 87 5 69 9 95 45 16 64 77 40 91 19 6
18 67 24 8 31 93 72 17 4 12 11 60 3 81 61 2 14 36 26 30 83 10 94 23
56 65 33 10 61 4 0 12 11 60 8 68 74 81 67 48 31 62 40 52 38 2 50 14
6 95 59 66 87 54 91 88 71 75 21 49 19 28 89 77 9 42 1 32 70 43 58 64
31 67 8 60 4 14 61 11 93 3 17 24 51 52 18 44 23 50 94 22 90 36 63 27
13 30 7 1 80 26 16 27 43 36 81 10 94 83 3 25 48 34 39 51 52 17 23 22
60 4 11 67 8 31 61 14 3 24 74 93 2 52 18 17 50 23 51 44 27 90 94 63
89 84 58 75 53 70 73 9 59 42 88 19 32 28 69 37 87 64 77 21 91 66 6 86
74 11 60 4 61 50 41 2 52 65 93 67 31 68 3 8 14 5 24 86 15 23 33 12
9 59 89 84 88 58 70 75 19 32 87 53 28 77 73 91 54 42 43 6 66 95 64 21
31 93 60 61 14 52 3 4 67 11 8 51 50 23 74 2 17 90 24 18 13 44 57 94
17 36 31 44 14 51 57 27 67 52 93 3 60 13 8 61 23 22 45 16 94 82 4 90
67 8 24 4 11 60 31 61 17 18 14 81 3 23 30 93 36 74 27 22 51 44 16 2
75 70 84 89 9 88 59 58 87 53 19 77 64 28 73 32 91 42 21 43 6 66 54 49
51 31 52 14 60 50 44 4 67 61 3 8 93 11 17 2 36 57 94 45 22 90 23 63
82 45 5 41 39 86 47 50 55 64 52 53 70 51 61 14 93 44 46 92 62 15 84 90
75 89 19 9 88 42 59 32 28 87 54 84 73 6 58 77 43 91 70 49 53 95 21 66
9 89 19 88 75 59 87 28 32 70 43 42 77 58 6 54 84 91 73 95 21 66 49 53
33 40 65 0 68 12 62 5 47 85 46 37 41 38 55 32 82 84 64 79 56 53 39 73
60 4 11 61 67 8 31 14 74 52 3 2 50 93 24 51 94 18 23 63 17 44 22 90
89 32 75 58 19 9 59 28 88 73 42 79 54 87 95 37 84 6 49 43 91 77 40 70
40 33 65 0 42 84 53 47 89 37 32 19 79 28 75 5 73 70 58 69 85 9 41 68
61 3 60 4 50 52 11 31 62 8 33 67 74 65 2 93 14 51 12 46 0 81 41 24
67 17 4 31 60 18 8 11 36 3 93 90 23 24 61 14 78 46 27 74 52 50 13 2
41 65 33 0 81 51 62 55 47 83 79 68 40 12 61 92 37 7 32 76 3 14 35 73
60 4 31 11 67 8 61 14 93 3 24 74 52 51 2 50 17 18 23 44 94 90 63 22
8 67 4 60 61 31 11 81 24 14 30 94 3 22 27 51 2 17 93 63 23 52 18 80
7 1 43 80 30 51 13 62 83 10 32 39 84 3 70 53 56 94 37 47 26 69 52 73
32 58 89 79 75 19 73 37 42 59 9 40 0 47 95 28 54 81 88 84 41 6 87 49
67 24 8 4 11 60 81 31 30 61 17 18 36 14 74 23 3 16 2 93 27 22 44 51
58 89 32 59 9 88 75 87 19 70 84 95 77 28 91 6 73 49 40 54 53 79 43 21
54 19 43 76 9 42 28 66 1 88 89 75 37 6 53 79 87 84 77 21 71 91 70 59
58 89 32 59 75 73 84 9 88 70 86 95 19 42 69 40 47 87 28 79 53 37 6 91
60 31 67 4 8 61 11 14 93 3 24 17 51 74 18 52 23 50 2 44 90 94 81 22
31 93 67 14 60 8 61 4 51 3 24 11 17 44 18 23 50 52 2 90 94 74 63 36
13 16 30 27 36 7 17 1 57 26 43 90 18 23 94 78 34 3 80 48 63 6 56 95
11 4 60 67 8 61 74 31 24 14 3 2 93 18 81 23 50 52 17 51 30 22 27 44
87 77 95 21 91 49 6 71 88 28 66 64 86 40 59 54 75 32 19 46 9 43 89 35
78 7 23 68 13 93 38 3 17 24 36 12 67 31 14 46 33 16 61 60 65 72 4 8
60 31 67 4 8 11 61 14 93 3 24 51 17 52 74 18 23 2 50 44 94 22 90 81
67 8 31 4 24 60 11 61 17 14 18 93 3 51 44 81 94 90 23 30 36 27 22 63
65 33 40 5 68 12 35 46 0 55 86 47 41 62 32 64 23 79 76 82 85 28 74 21
9 75 89 19 88 28 87 70 59 77 84 43 32 42 91 54 58 6 21 53 64 73 66 49
33 40 65 0 12 68 62 5 47 32 56 10 72 79 55 46 37 41 38 76 1 28 19 35
89 59 9 58 75 88 32 87 19 70 28 77 6 91 84 43 95 73 42 21 49 54 66 64
60 4 31 61 67 8 11 14 93 3 51 52 24 50 74 17 2 23 18 44 90 94 22 63
11 4 60 67 8 61 74 24 31 18 14 3 93 23 2 81 17 52 27 30 50 22 90 51
57 23 85 0 48 56 15 65 13 33 38 79 72 8 30 68 4 74 11 10 3 2 81 1
31 93 60 67 14 61 8 4 51 3 11 17 24 52 50 23 18 44 90 2 94 74 36 22
89 9 59 19 75 70 88 84 87 43 58 28 53 32 42 54 6 77 73 91 66 21 95 64
67 8 60 31 4 61 11 14 24 17 3 93 51 44 18 23 52 36 74 22 27 81 30 94


92 62 63 64 49 75 27 13 34 89 47 82 79 2 6 25 18 19 78 22 84 42 36 24
95 12 72 45 4 60 11 46 73 50 82 52 56 80 3 70 28 85 77 35 38 15 91 44
2 42 49 27 84 62 86 1 19 36 54 34 63 17 6 59 92 9 78 76 93 10 0 22
0 22 78 10 1 76 17 19 93 6 59 34 30 89 31 38 9 2 54 28 13 36 84 48
0 22 78 10 1 76 19 17 6 93 59 34 89 30 31 9 38 2 54 28 84 13 36 27
88 17 36 10 6 1 47 34 22 38 76 54 2 19 0 78 9 18 30 28 89 31 93 27
94 79 16 7 61 91 77 20 21 70 40 65 50 33 88 4 80 85 73 60 47 35 51 24
49 42 75 65 51 57 92 83 62 86 64 80 14 16 85 77 91 7 61 79 33 70 24 40
12 95 56 72 82 60 45 53 4 26 50 87 73 77 69 33 15 85 83 80 52 46 24 35
79 7 61 77 16 60 33 94 91 50 35 80 21 70 4 85 20 72 46 25 82 73 66 83
0 78 22 10 1 19 6 89 34 76 59 93 17 2 30 9 38 27 13 54 81 31 28 84
68 71 92 64 86 62 2 49 42 5 57 29 55 65 14 63 75 40 81 20 6 10 39 27
77 7 16 61 91 80 50 70 85 33 79 21 20 60 72 4 94 35 83 46 73 90 51 24
90 70 72 33 50 21 91 60 20 74 61 4 80 7 77 73 16 85 51 46 24 15 79 12
49 42 62 75 92 65 86 64 57 63 2 68 27 51 14 83 71 84 55 69 24 26 13 54
70 91 21 61 90 50 72 33 74 77 73 20 80 4 16 60 85 7 51 79 46 40 24 69
13 34 27 63 19 84 78 81 2 36 0 22 6 1 89 9 10 54 37 47 28 62 76 93
2 93 78 30 76 0 55 59 10 34 1 6 22 17 19 48 31 81 89 84 11 41 71 9
7 77 16 79 33 94 20 12 50 80 85 24 4 61 72 21 60 70 91 14 56 35 83 46
31 10 30 17 76 59 93 38 0 22 1 78 41 19 9 89 48 34 81 6 54 2 58 36
45 95 60 44 82 32 50 4 72 12 80 46 85 87 8 3 38 77 73 25 26 11 70 91
83 85 77 80 7 16 61 91 52 70 51 79 35 53 33 46 72 14 21 50 94 60 40 4
72 60 4 50 70 80 91 73 77 61 33 85 21 12 7 90 95 16 46 20 45 79 25 35
17 0 22 59 76 31 93 10 30 78 1 38 6 89 19 9 48 54 34 2 41 84 58 28
76 93 10 1 2 78 0 30 19 59 22 17 34 31 6 9 36 48 38 28 27 84 41 13
61 70 91 77 21 50 80 85 16 33 7 72 60 90 4 20 79 73 74 46 51 83 35 40
83 43 86 57 52 51 65 68 26 14 42 49 56 29 69 61 73 90 40 91 21 5 70 77
26 43 73 83 90 52 69 45 56 3 60 72 70 95 85 5 91 77 12 58 61 87 15 74
70 61 91 21 33 77 90 80 85 7 50 20 16 69 72 83 51 73 4 74 14 46 40 60
48 15 41 37 74 30 93 90 59 81 56 76 31 29 11 2 64 18 58 24 71 78 92 8
70 91 61 21 77 50 33 7 20 16 80 90 72 85 4 60 79 73 51 74 46 24 14 83
95 12 60 72 4 50 80 45 56 46 77 82 85 33 70 3 21 91 61 26 20 79 73 90
90 70 74 91 21 50 72 33 61 20 4 60 77 80 73 16 7 85 15 51 79 24 46 69
76 10 1 17 93 30 31 59 0 78 22 48 19 9 2 38 34 41 6 28 54 84 58 13
60 4 50 72 80 33 77 70 91 20 21 61 7 79 85 16 12 90 46 25 73 24 82 45
77 7 16 80 33 20 61 85 91 94 79 50 21 70 4 72 60 83 24 56 40 35 14 46
74 90 58 70 60 15 91 61 8 41 5 73 48 52 21 45 50 85 44 77 56 72 80 26
93 76 0 78 59 19 30 22 48 10 1 2 34 28 9 89 38 31 6 17 13 81 41 27
77 85 80 91 70 61 50 60 16 7 21 33 20 4 72 83 79 90 35 56 46 40 82 69
53 87 28 69 82 67 26 27 45 13 95 54 24 71 4 60 56 6 86 33 89 50 72 84
33 50 79 20 77 7 16 4 72 70 80 21 61 85 91 60 24 14 90 56 94 51 35 40
43 52 83 91 61 77 46 70 73 21 72 50 60 85 66 95 90 12 65 4 74 80 3 16
91 70 61 77 21 50 33 80 7 16 72 85 60 4 20 90 79 73 46 51 74 83 94 40
76 93 30 10 0 78 59 1 22 17 19 31 2 34 38 48 6 9 41 36 89 28 81 54
95 82 87 60 72 4 45 11 50 69 26 53 38 80 25 6 32 44 86 3 28 89 73 71
53 79 25 35 7 89 47 6 82 16 63 13 18 94 27 88 22 85 66 20 84 54 44 45
44 53 66 45 58 23 89 38 32 8 25 85 60 35 83 82 52 80 95 31 43 39 77 69
75 27 54 62 2 6 78 0 84 42 22 1 65 93 36 19 49 17 59 9 76 63 13 86
95 12 45 3 72 60 4 28 52 56 11 50 24 82 77 46 73 80 83 53 85 70 14 15
58 74 41 35 43 83 51 85 23 48 61 31 70 8 40 91 77 80 73 66 30 88 21 16
53 7 35 94 79 12 83 16 77 85 80 60 4 61 72 20 33 14 50 47 52 56 24 88
79 88 16 61 94 77 91 73 33 80 50 7 70 21 20 35 4 85 60 51 82 72 3 40
77 61 7 91 80 16 70 50 33 85 21 79 20 72 60 4 94 83 35 90 46 51 73 24
0 22 10 78 1 17 76 19 6 34 93 59 89 9 2 30 54 31 38 28 13 36 27 84
50 80 16 33 4 79 91 70 20 21 60 7 61 77 82 25 85 72 90 40 74 51 94 46
61 70 91 21 77 50 33 16 7 80 20 85 90 72 60 79 4 73 51 74 83 46 40 14
91 61 70 21 77 50 72 33 80 7 4 16 85 20 90 60 79 73 51 46 94 74 83 35
72 60 61 77 70 91 50 73 4 85 21 90 80 33 52 7 12 83 16 51 56 46 20 79
45 95 11 28 38 12 26 44 54 56 60 53 52 23 72 32 10 81 73 1 58 19 57 76
78 0 19 34 22 1 10 6 76 28 13 93 2 27 54 84 89 81 59 9 36 38 17 30
90 15 74 20 37 56 24 21 70 33 72 48 91 50 4 51 73 18 29 41 60 52 69 81
17 10 76 1 22 78 0 30 93 31 19 59 6 38 34 9 2 89 36 48 54 41 27 55
0 38 22 89 78 10 6 93 76 17 1 19 31 28 59 30 11 9 34 54 81 84 36 48
78 0 76 22 2 19 6 93 28 1 59 10 34 54 17 27 13 84 9 30 38 89 48 36
17 10 76 22 0 1 78 93 31 19 38 6 30 59 9 34 54 2 89 28 36 41 48 13
53 47 13 94 27 63 79 84 54 62 34 7 28 56 24 12 14 75 36 86 20 19 16 4
5 44 68 81 39 40 23 29 8 66 32 92 38 89 43 71 31 64 58 45 20 10 55 52
56 87 24 69 50 60 20 77 37 33 80 4 12 26 72 45 90 85 15 21 95 82 79 7
0 34 78 6 2 28 22 19 89 76 1 27 87 10 13 54 81 93 53 9 59 17 84 36
45 52 43 95 60 12 44 8 72 58 3 38 50 66 61 46 70 73 32 77 74 91 16 56
70 91 61 77 50 21 72 80 90 33 85 60 7 4 73 16 74 20 46 51 69 79 83 35
75 93 2 17 27 78 22 0 30 42 84 1 49 19 59 76 11 36 6 48 34 63 10 18
70 61 91 50 21 77 80 72 85 33 90 60 16 7 74 4 73 20 51 46 79 83 35 40
19 0 78 22 1 34 6 10 13 76 28 54 89 93 27 17 9 59 84 38 36 2 30 31
75 42 57 95 27 49 86 12 72 4 28 2 84 6 53 54 24 62 0 56 22 93 14 65
61 74 91 70 43 90 21 73 5 60 77 83 50 58 52 51 46 8 40 80 72 85 33 16
83 77 80 7 61 91 85 16 70 72 79 50 33 60 4 21 94 20 73 46 35 14 56 12
92 62 64 49 65 63 75 51 29 42 68 40 79 16 20 18 7 86 2 27 55 94 34 5
89 0 6 87 22 78 59 38 93 71 76 19 1 10 28 81 53 34 48 2 30 13 84 37
43 52 68 83 31 65 5 17 54 66 58 1 30 10 8 9 59 76 3 93 39 23 22 48
25 60 45 72 73 90 33 50 70 74 4 82 95 77 80 91 61 11 21 85 8 46 15 20
0 78 22 10 1 19 76 6 34 17 93 59 89 9 2 30 38 54 31 13 28 36 27 84
22 0 10 1 78 6 19 17 34 76 54 89 59 9 93 38 2 31 27 84 28 30 13 36
94 20 79 61 16 33 7 50 21 91 70 77 4 60 72 80 85 14 90 24 73 46 51 82
34 54 19 22 0 78 6 13 1 27 10 89 84 28 36 9 81 17 2 53 38 47 76 59
78 10 0 22 2 34 19 6 1 76 17 59 9 93 89 27 36 30 13 81 31 38 54 84
0 22 78 1 10 19 6 76 17 34 93 59 54 89 38 9 30 31 2 13 81 28 36 84
61 91 70 77 21 85 90 80 73 83 72 50 33 60 16 7 46 51 74 20 4 69 52 14
78 22 0 6 19 34 1 10 89 2 27 17 76 13 54 59 9 93 84 36 28 38 30 81
95 32 54 3 75 27 12 36 44 72 28 37 46 6 60 2 84 19 87 4 11 86 57 22
22 0 78 6 1 17 19 10 54 59 34 76 93 2 84 9 27 89 30 13 28 31 36 38
70 91 61 21 77 50 33 80 16 85 7 72 90 20 60 4 73 79 74 51 46 83 40 14
70 91 61 21 90 50 77 72 33 80 20 85 60 16 7 4 74 73 51 79 46 24 83 40
0 78 22 1 10 19 76 34 6 93 17 2 59 28 54 9 38 30 89 13 36 31 27 84
30 31 93 48 41 17 76 59 58 10 1 38 0 22 11 78 9 2 6 19 89 34 54 43
94 79 7 16 77 61 91 20 85 50 21 33 70 83 60 4 80 51 35 72 73 24 46 65


