
17 65 88 85 37 6 45 1 31 70 47 61 59 43 52 22 28 2 49 69 32 48 19 13
91 40 27 73 78 29 90 24 33 46 42 53 39 5 77 11 75 18 95 89 66 0 93 16
84 44 93 74 23 35 81 63 16 76 3 14 30 60 75 15 5 92 77 67 38 18 72 68
14 60 84 93 44 35 74 38 63 75 23 92 5 76 77 81 3 67 64 16 9 15 54 72
57 0 83 15 54 39 16 77 30 18 81 75 72 20 66 21 3 68 63 5 67 71 92 11
65 17 32 82 61 26 1 2 70 37 56 28 31 88 71 49 45 48 21 6 36 20 85 47
78 27 52 12 86 9 38 85 62 22 29 47 31 19 94 40 88 6 17 13 48 79 42 46
56 65 32 26 1 61 2 82 71 70 21 17 37 36 49 20 45 88 59 6 69 11 31 89
86 38 13 19 74 9 64 23 81 52 31 85 84 68 3 35 47 41 14 44 93 76 60 67
27 73 40 91 78 90 29 33 46 42 53 5 35 12 24 62 93 74 18 44 30 72 77 84
93 44 84 63 14 35 92 30 75 60 74 76 15 77 72 23 16 5 3 54 67 81 38 64
0 57 81 16 15 18 30 83 77 39 54 84 5 92 68 72 44 41 63 74 75 93 23 76
27 40 78 73 91 29 46 90 42 33 94 12 53 62 66 55 76 39 6 74 5 25 95 52
38 9 14 23 60 74 35 44 52 64 84 93 76 86 92 63 75 81 3 13 5 8 67 73
65 70 56 2 48 26 28 88 50 51 36 85 37 71 17 32 21 82 31 49 61 1 6 43
79 86 52 19 41 22 59 69 45 17 47 81 9 6 1 13 37 20 74 89 61 38 49 62
31 85 17 48 28 88 65 47 37 45 1 6 61 70 82 49 13 32 26 43 2 19 69 56
68 86 81 19 84 41 39 93 67 16 15 74 76 3 38 0 83 57 64 5 69 63 30 60
20 69 82 83 21 1 32 45 61 71 37 26 49 41 56 59 19 2 89 17 57 39 36 79
51 75 34 95 50 14 54 77 72 63 92 5 60 35 44 93 30 15 8 84 76 16 73 67
65 56 2 26 70 17 32 61 82 71 1 37 36 21 88 28 49 31 20 45 48 6 43 50
26 36 56 21 82 2 71 32 61 65 20 70 1 17 49 37 28 31 11 45 83 51 69 50
14 60 92 35 44 23 63 74 38 93 75 84 76 77 9 5 34 30 72 95 3 81 15 54
80 58 10 3 67 4 8 7 11 95 66 44 23 34 13 76 43 14 9 63 38 84 93 64
81 41 86 19 74 68 69 83 57 3 79 84 67 0 76 93 38 45 23 15 39 47 22 20
72 15 54 51 84 63 30 93 5 68 14 16 35 92 0 77 60 44 75 64 76 18 67 39
1 45 82 37 32 17 61 69 65 20 21 49 56 71 26 2 6 31 47 89 59 70 19 88
58 10 67 13 8 3 93 44 76 80 84 64 63 74 81 14 60 15 38 16 95 9 7 68
84 44 14 35 93 63 23 30 60 74 76 16 75 5 92 3 77 72 15 54 38 64 67 81
20 1 82 32 61 21 69 56 71 45 59 26 37 17 2 49 65 70 83 36 79 89 22 6
12 27 78 29 90 55 73 62 23 18 53 42 66 94 40 34 92 46 35 22 75 95 74 5
84 44 93 74 63 35 23 30 92 81 76 16 14 3 15 60 75 77 5 72 67 54 18 68
69 45 27 1 19 20 82 49 17 31 61 78 37 47 89 6 32 91 79 40 21 12 41 59
15 16 0 30 54 72 84 93 68 39 63 5 57 77 18 81 76 3 44 67 75 92 35 74
27 78 40 73 29 62 42 91 33 90 6 53 25 12 46 55 94 89 32 5 88 65 17 61
14 75 34 54 77 92 63 35 72 44 60 30 5 93 95 51 84 15 76 16 23 8 50 73
57 39 0 83 16 15 81 18 54 68 20 21 30 3 77 41 59 5 71 84 67 75 93 66
2 65 70 56 26 32 36 17 71 37 88 61 82 21 1 50 28 48 6 45 49 85 20 25
84 15 81 30 68 44 63 3 0 93 16 67 77 74 92 76 23 35 54 18 72 60 75 5
14 23 44 35 84 63 60 38 93 74 5 76 92 64 75 30 72 9 3 77 16 34 67 15
80 58 38 9 4 13 86 3 10 74 8 23 52 19 44 67 76 14 84 60 64 81 7 22
74 81 44 23 84 3 93 76 35 16 92 67 63 75 14 60 77 15 30 38 68 5 18 9
19 31 45 85 86 47 1 69 13 6 37 17 61 89 88 22 52 82 28 49 32 48 65 59
84 93 44 63 14 35 16 5 76 15 30 60 75 77 54 72 92 74 23 3 67 81 64 38
25 62 6 45 89 32 1 2 24 37 73 82 61 5 56 91 21 17 69 49 65 26 85 71
60 35 38 14 93 74 92 84 23 63 9 44 5 76 64 75 94 27 90 72 30 15 77 81
51 72 30 63 54 14 34 5 15 93 8 84 64 35 95 60 92 68 77 16 75 44 50 76
72 14 51 63 54 34 30 35 5 60 93 92 84 75 77 44 15 95 8 76 64 16 23 50
44 14 23 74 35 60 84 93 63 92 75 38 76 3 77 81 5 30 9 67 72 16 15 64
71 56 21 26 2 32 36 82 1 65 49 45 29 37 61 20 17 70 88 25 59 83 94 69
23 84 44 74 35 93 38 81 14 63 3 76 60 30 92 67 16 68 64 77 5 75 15 18
28 85 31 65 48 37 17 88 1 26 2 47 70 45 82 32 49 56 61 6 43 89 13 21
85 48 88 47 1 45 65 31 17 50 13 6 52 37 26 86 49 61 56 38 70 28 32 19
80 4 8 58 87 11 3 7 10 40 34 66 77 55 44 75 95 22 67 23 91 43 76 53
32 1 56 82 2 37 26 21 61 65 71 17 20 45 70 69 49 36 59 89 6 47 88 83
41 83 79 81 69 23 18 57 19 20 22 86 0 74 3 55 47 59 44 67 66 92 89 43
44 63 92 30 84 75 77 93 72 15 35 14 54 16 23 76 5 60 3 74 81 18 67 34
57 0 83 39 20 18 16 15 59 11 21 66 54 68 81 30 3 71 82 69 61 41 79 58
4 80 87 22 55 58 10 34 43 3 59 23 11 66 79 67 44 75 13 50 12 77 76 92
38 9 14 64 60 74 23 35 84 44 93 13 86 63 76 85 8 3 52 48 67 92 5 75
19 69 47 89 45 31 86 22 41 20 1 37 79 61 82 59 17 13 83 6 32 49 43 28
86 19 41 69 47 81 74 79 45 13 52 22 9 38 89 31 6 23 68 20 67 83 3 37
78 27 73 29 62 40 91 33 90 5 25 46 42 12 72 24 35 18 53 94 51 39 30 77
75 14 44 77 23 35 63 54 60 93 84 3 92 16 76 34 5 74 81 67 15 30 18 73
23 35 84 44 74 63 14 30 93 3 38 60 92 76 81 18 5 16 72 75 68 64 15 77
84 93 74 81 68 63 16 76 35 15 3 44 67 60 14 38 5 30 64 23 77 75 0 54
50 43 65 70 56 10 7 80 88 58 4 2 26 8 36 28 48 71 85 49 34 17 51 37
68 84 81 74 93 15 16 67 0 76 63 30 44 35 3 18 72 23 5 39 38 60 57 64
40 73 62 27 91 78 25 90 33 29 18 5 42 83 39 6 55 57 24 89 22 69 79 20
5 25 60 62 93 84 77 63 76 72 16 67 44 15 35 54 14 30 92 18 81 75 73 74
38 94 9 74 60 35 14 93 44 23 64 84 91 63 52 76 5 92 86 75 8 73 78 81
54 0 15 51 72 30 16 57 39 77 66 18 5 75 63 83 68 84 34 21 93 92 35 11
15 54 0 16 30 72 39 5 93 63 57 84 77 68 51 92 75 18 76 35 67 44 83 3
8 80 9 76 10 38 67 73 44 14 58 64 53 13 86 87 74 23 93 85 60 46 3 91
58 10 67 3 44 8 93 80 63 91 15 84 30 11 95 16 75 76 46 74 54 72 14 64
27 40 73 91 78 29 90 42 46 33 24 53 62 55 6 5 89 11 94 66 51 39 34 25
4 13 10 58 80 7 3 87 43 67 8 86 42 19 9 85 31 38 22 64 63 66 81 28
80 87 4 55 10 58 11 43 53 44 73 66 67 22 3 24 7 34 42 23 77 79 63 16
65 2 70 17 88 56 71 43 36 37 26 50 28 85 32 61 59 1 82 49 31 42 48 21
30 54 72 5 16 63 15 77 35 75 84 44 93 34 14 92 18 23 0 76 60 51 3 73
54 72 30 15 0 51 16 77 75 63 92 5 34 18 95 44 35 84 93 57 66 76 14 39
75 92 54 77 44 63 30 15 72 16 35 93 84 5 14 76 95 34 18 3 0 23 60 74
44 84 74 93 23 35 81 63 76 16 92 30 3 14 75 5 60 77 15 72 67 18 54 38
84 44 93 63 35 23 30 16 3 15 14 74 76 75 92 67 77 72 60 54 81 5 18 68
84 63 93 14 30 44 35 72 16 5 15 60 23 76 54 92 64 75 77 74 3 68 67 18
44 84 23 74 35 93 63 14 60 3 76 81 92 75 30 16 77 5 38 15 67 72 54 18
74 23 44 60 14 92 38 75 35 81 63 76 84 93 3 77 9 67 52 5 34 30 73 15
38 9 85 48 64 14 13 28 8 86 52 60 88 31 47 23 35 74 93 84 50 44 76 6
86 19 31 13 47 85 45 28 6 9 69 48 38 52 41 89 22 37 1 17 64 88 61 82
72 54 15 5 30 63 93 16 84 77 35 14 51 75 92 0 76 44 60 68 18 67 39 64
20 82 69 49 61 17 1 45 59 31 21 19 11 37 41 36 26 43 79 83 71 10 47 32
3 74 44 23 84 81 63 67 76 35 93 30 16 38 14 68 92 75 15 60 18 77 72 0
74 44 92 63 84 75 35 81 15 93 77 3 16 30 76 23 60 5 54 14 72 0 67 57
8 10 46 58 67 49 76 91 80 93 53 7 13 15 3 39 11 95 94 19 9 21 84 68
56 70 36 2 71 26 20 32 65 11 50 21 37 17 61 82 83 51 1 49 69 95 59 43
17 37 1 65 45 61 82 32 47 70 69 31 49 6 2 20 88 26 28 56 85 89 59 71


44 25 60 91 51 7 0 78 40 8 17 75 19 42 89 16 34 79 55 70 93 62 23 52
39 18 38 67 22 31 74 65 9 84 32 61 23 81 34 48 33 15 42 72 62 92 27 12
88 14 80 94 11 10 75 85 73 2 24 58 13 49 55 57 26 28 56 77 47 4 0 1
39 18 67 38 84 22 72 31 9 23 61 74 32 15 65 81 33 54 12 34 48 20 44 43
93 55 63 22 16 89 60 49 21 29 42 13 45 75 50 34 36 48 40 95 78 56 81 7
55 75 10 94 2 80 14 58 11 16 88 85 73 28 8 49 13 79 47 25 0 57 24 87
79 1 78 58 26 85 13 94 11 10 29 56 28 80 2 57 5 66 47 0 73 14 87 62
10 58 80 49 78 11 75 26 1 85 57 16 13 2 28 73 79 5 47 88 55 14 0 51
28 79 11 45 2 0 14 57 87 94 10 13 75 8 88 85 58 80 66 47 73 55 19 25
44 7 81 43 64 40 15 91 60 20 17 51 79 66 71 87 18 69 78 23 1 26 0 4
26 1 58 85 13 10 0 56 47 80 2 51 62 49 24 57 28 14 88 66 55 79 75 11
24 80 10 51 58 79 13 14 56 26 47 11 85 0 28 71 73 75 87 2 94 1 57 55
39 18 67 38 84 31 22 61 74 9 65 23 82 92 34 32 62 72 27 42 20 33 68 15
10 80 58 2 75 11 85 13 0 28 47 57 14 94 79 73 55 1 56 87 26 88 16 49
20 22 92 65 61 93 34 31 23 95 45 67 74 38 33 63 84 9 91 18 72 36 44 21
10 85 55 13 80 75 58 2 11 94 28 14 57 0 8 87 1 79 47 88 73 56 26 16
36 42 84 64 76 63 95 15 65 38 39 67 68 22 18 61 33 31 50 74 32 48 81 66
30 27 94 10 24 80 89 85 75 51 47 26 69 13 6 58 73 14 0 55 11 88 25 1
67 18 31 74 38 39 61 9 22 65 32 84 92 82 23 33 30 81 12 48 15 72 68 54
51 80 53 86 69 73 14 11 85 26 2 6 47 10 68 24 75 94 58 0 70 88 57 79
56 87 69 13 45 57 47 24 95 7 86 68 14 4 79 5 30 70 0 83 81 52 40 11
11 47 80 53 94 1 58 26 13 85 57 10 73 88 79 49 28 14 86 64 2 46 51 5
88 73 10 49 94 2 80 75 47 4 11 0 16 14 1 85 26 58 57 24 55 43 13 51
72 22 31 19 9 84 18 38 61 67 39 32 74 29 65 35 81 33 34 41 30 54 36 23
10 26 58 85 2 13 47 80 11 57 1 56 0 28 88 75 14 94 73 49 79 55 24 66
70 5 41 82 26 29 93 0 75 47 16 28 6 27 71 13 90 10 49 2 58 77 50 36
93 61 22 92 63 21 20 48 74 42 31 33 67 38 23 54 34 36 65 18 84 9 95 89
85 80 58 24 0 14 26 10 11 51 2 57 1 88 28 13 56 73 94 75 79 47 12 66
55 58 2 10 80 85 75 11 47 94 49 13 26 1 14 57 25 88 56 73 87 28 79 16
22 61 23 65 31 67 38 74 18 20 92 9 39 48 84 34 33 81 72 95 63 32 27 42
10 85 58 80 13 11 2 1 57 26 28 47 14 75 0 94 56 73 79 88 55 87 49 24
12 76 53 51 68 86 24 80 15 77 30 91 17 69 64 43 14 54 85 4 73 66 6 82
28 34 44 45 79 62 13 0 58 55 2 91 66 89 47 40 19 8 85 32 14 94 90 71
58 13 85 80 26 47 10 56 55 1 28 2 75 14 94 79 57 11 24 51 49 0 62 66
26 1 56 43 58 0 48 40 66 81 24 47 13 88 79 93 39 51 85 12 76 10 87 73
10 88 49 94 2 75 85 80 13 28 26 58 1 16 55 11 47 14 0 73 77 57 29 56
11 10 94 75 80 85 2 73 57 13 14 47 58 28 88 55 56 1 87 79 0 49 24 8
94 2 13 85 10 58 11 14 80 88 56 57 47 28 75 73 26 45 1 55 49 0 24 4
76 5 46 83 70 35 79 48 4 27 63 81 82 93 86 21 89 59 47 56 19 78 45 2
19 28 53 85 80 14 77 6 13 86 79 11 12 26 73 76 35 94 36 2 88 45 47 0
17 90 63 71 15 60 77 44 43 52 89 68 95 59 16 75 29 50 49 8 24 64 81 61
61 38 65 31 67 74 23 9 18 22 33 39 84 92 32 34 72 54 15 20 42 82 48 12
10 55 75 80 58 2 85 11 88 94 14 73 1 0 28 57 13 47 49 26 16 8 79 87
20 92 16 8 25 88 61 73 75 4 43 6 74 55 42 54 82 35 49 94 53 90 51 70
65 23 38 61 67 9 31 33 22 18 74 92 39 34 84 72 32 20 54 44 42 27 82 15
13 58 85 80 28 79 55 26 56 14 1 10 94 2 47 11 0 57 66 62 87 51 8 75
31 38 61 65 67 74 9 23 22 18 33 39 84 92 72 32 15 34 20 54 81 48 82 42
10 26 13 85 58 0 1 47 14 2 28 56 94 7 80 88 11 79 55 75 87 57 73 24
80 51 88 73 10 26 53 11 1 75 85 58 14 0 86 24 2 49 43 47 57 55 66 6
91 66 72 44 39 38 67 76 3 65 9 31 60 18 74 84 22 54 19 50 23 20 12 61
62 58 66 13 55 28 56 26 85 1 34 71 10 45 49 0 36 3 16 40 80 69 79 47
61 67 31 22 33 18 38 9 92 23 74 65 84 20 39 72 81 82 21 54 34 43 15 95
27 23 9 65 31 18 38 22 74 84 82 67 39 61 20 92 68 44 34 17 33 77 43 6
13 85 10 28 58 80 11 2 57 14 47 79 94 1 75 0 56 26 55 73 87 88 24 66
82 15 70 86 46 81 48 27 47 7 76 44 51 90 52 79 56 83 4 63 50 95 2 41
77 90 94 6 75 14 80 88 24 19 47 51 73 13 26 10 85 59 2 17 86 71 29 30
73 47 4 80 10 85 11 75 14 2 56 58 57 88 13 24 26 79 94 49 28 1 0 16
77 75 10 94 85 55 58 80 88 2 13 47 14 26 49 11 28 0 16 1 36 24 73 6
95 68 63 30 48 40 69 23 84 52 34 22 31 67 65 60 38 18 92 90 74 20 61 82
93 21 34 70 89 48 63 22 29 36 94 42 16 41 35 45 88 95 90 5 37 20 2 55
10 85 80 58 47 11 2 73 13 75 57 28 1 14 0 26 94 88 79 56 49 55 87 24
55 10 94 2 75 80 58 88 11 85 14 28 8 57 1 13 0 66 79 87 16 73 47 49
94 75 88 10 55 49 16 2 11 85 80 13 8 28 73 5 57 6 58 77 1 29 14 26
10 11 87 0 80 1 57 85 58 73 28 79 2 14 88 13 47 75 94 56 26 66 8 55
94 88 19 29 35 55 10 85 13 2 63 75 93 37 73 47 26 1 89 45 24 56 28 14
26 58 56 1 13 47 85 10 62 43 49 93 28 66 2 57 0 24 63 40 95 55 39 29
10 11 75 80 2 85 94 57 73 14 28 13 58 47 55 88 79 0 87 1 56 8 16 49
46 47 57 16 2 10 11 28 87 91 0 49 85 56 66 13 45 89 94 44 58 4 59 75
80 0 51 10 75 85 73 14 11 88 58 28 94 2 13 47 57 79 24 26 1 87 77 56
29 16 64 15 50 60 95 69 59 68 90 71 43 36 44 17 49 52 63 75 89 45 66 80
80 85 58 14 73 94 11 10 51 75 47 0 6 13 88 2 26 53 28 57 86 49 24 69
20 4 92 69 30 8 87 68 53 23 25 65 81 16 40 33 31 73 43 11 95 57 83 0
50 90 3 16 6 52 86 75 71 77 5 41 29 37 46 49 19 94 82 88 72 36 14 30
67 31 38 74 65 61 22 18 9 33 23 92 39 84 32 81 72 48 34 20 54 15 42 82
77 6 64 52 41 29 90 80 94 49 19 88 86 30 59 75 50 8 72 26 69 71 25 13
13 28 11 45 2 94 85 10 57 79 58 47 56 14 80 75 55 87 0 73 88 8 24 66
85 80 10 58 11 75 13 14 2 57 47 0 73 28 26 1 79 94 88 87 56 51 55 49
82 48 39 29 18 38 81 67 72 31 65 95 9 23 56 66 22 32 15 76 63 69 43 41
68 69 51 71 90 12 80 82 17 50 44 43 52 86 15 46 30 59 24 14 60 89 70 73
13 56 28 11 14 85 10 57 80 47 79 94 58 2 73 0 24 87 75 88 1 26 45 4
12 41 6 82 68 53 69 51 9 86 90 77 30 15 74 31 67 80 92 27 38 18 50 54
20 92 74 31 67 27 18 22 95 61 82 38 84 9 65 81 69 39 54 68 43 70 52 30
88 36 94 77 2 75 14 10 19 85 28 49 11 80 55 73 58 47 13 0 1 24 26 56
55 2 10 75 8 94 1 88 28 93 11 87 13 58 16 85 57 79 47 45 25 73 49 14
2 70 10 57 56 85 58 47 0 75 28 11 1 49 13 19 94 79 73 88 80 26 29 66
53 57 5 76 82 69 70 30 86 47 11 46 85 79 80 2 4 73 56 10 13 26 58 1
1 85 26 13 73 81 51 14 10 0 75 58 80 19 28 47 88 79 7 62 24 2 57 3
92 31 74 22 67 61 23 18 38 65 20 9 81 48 33 84 82 39 54 27 34 32 95 63
38 61 67 31 65 23 18 22 9 74 39 84 33 92 32 72 34 54 15 20 81 48 42 82
8 33 92 65 75 61 73 55 23 4 25 16 45 94 9 88 54 74 87 77 35 11 20 83
10 80 11 13 85 58 28 2 57 75 14 47 94 79 73 0 56 55 88 87 26 1 24 49
57 64 53 2 4 47 30 76 80 11 88 24 73 85 56 49 87 14 94 10 68 58 13 86
90 50 82 71 16 75 2 49 44 68 59 64 14 29 69 70 80 52 28 40 51 30 95 46
13 79 26 58 28 1 7 85 56 62 47 76 0 10 91 2 66 51 3 86 14 83 57 53
10 11 2 80 85 58 13 28 75 57 94 47 14 79 55 0 73 56 88 87 1 26 49 24
10 1 85 80 0 88 75 58 2 11 26 73 57 13 47 14 94 55 28 51 49 87 79 56


89 9 19 28 75 88 43 87 77 59 84 70 54 32 91 58 53 21 6 49 66 40 64 37
59 6 88 95 75 32 87 58 21 43 91 9 49 89 77 28 19 73 1 66 71 84 54 70
51 60 61 31 67 3 93 4 14 8 11 24 52 45 2 50 74 65 44 23 86 5 41 36
33 29 68 55 0 40 76 37 62 65 64 20 79 10 35 12 85 51 28 21 19 41 66 9
7 41 33 51 0 65 12 46 5 40 86 62 78 64 55 68 37 32 76 35 79 93 72 83
0 62 33 79 40 47 80 37 55 43 63 51 65 7 29 81 20 82 84 85 72 61 25 56
67 60 8 4 11 31 24 61 3 14 23 2 93 18 44 36 22 74 52 51 45 16 94 27
60 4 67 8 31 11 14 61 2 52 3 24 74 23 50 93 18 45 17 51 44 22 36 94
86 24 60 67 4 61 11 8 51 45 5 16 36 31 23 14 93 2 3 44 50 65 22 74
86 82 72 89 58 64 84 28 37 15 46 75 70 77 47 9 53 88 41 5 73 90 87 7
86 45 50 5 82 90 57 44 46 23 58 16 51 24 26 70 14 64 32 78 2 11 27 60
33 61 62 55 65 52 22 74 47 14 4 10 41 60 68 56 11 20 80 81 0 31 8 3
34 63 80 94 62 55 41 47 52 61 45 2 37 50 92 74 3 39 4 0 60 14 73 8
24 60 4 45 11 67 50 8 16 2 61 23 51 44 14 86 36 3 31 17 90 52 74 22
86 16 45 50 24 5 11 30 2 4 60 23 58 74 61 44 8 90 67 14 22 3 27 36
46 90 15 78 17 26 18 38 36 7 86 13 16 21 92 66 6 95 91 71 57 12 49 64
32 88 58 59 87 89 75 95 9 6 21 91 49 19 28 77 40 73 43 84 66 42 70 54
16 45 50 51 52 24 14 2 4 36 60 94 8 61 86 67 31 44 34 22 23 57 30 11
50 4 11 60 45 8 2 61 16 14 3 67 24 52 23 31 94 27 74 90 30 18 36 44
60 4 11 8 67 31 61 14 3 2 24 74 93 52 23 18 94 51 44 22 50 45 63 81
8 4 24 2 67 74 11 60 61 23 14 31 3 50 45 30 16 52 18 22 36 17 94 5
4 60 8 67 2 11 3 31 61 24 18 14 74 90 50 52 17 23 16 36 94 93 45 30
60 8 67 4 31 11 61 14 3 24 2 93 52 23 74 18 51 45 44 94 50 22 36 17
89 9 19 84 75 28 88 43 87 70 77 59 53 58 32 54 37 91 40 73 21 6 49 66
89 9 19 88 75 59 87 28 43 77 84 91 32 54 58 6 70 49 21 53 66 95 73 40
87 6 95 91 77 9 66 49 59 54 88 43 89 21 75 28 19 32 76 58 71 1 70 40
31 67 60 4 8 61 93 11 3 14 74 2 52 24 18 23 51 81 94 17 22 44 36 63
8 67 4 11 31 60 61 2 3 24 14 74 94 18 81 93 52 23 22 63 44 16 17 36
32 88 87 58 89 28 59 77 9 40 21 91 75 49 6 19 95 70 64 43 84 66 73 86
88 87 32 9 59 58 89 75 77 19 64 43 6 28 73 84 70 40 91 21 95 53 49 66
41 62 55 12 65 83 7 51 33 40 72 86 81 64 47 61 0 32 73 5 38 37 79 35
86 45 16 5 50 24 51 23 44 90 60 36 11 4 2 61 14 8 57 3 67 30 7 78
95 6 59 49 75 91 88 87 42 21 73 66 32 9 19 54 77 89 69 30 28 58 43 76
74 52 47 50 61 60 14 2 69 31 3 4 11 41 93 8 63 94 39 67 65 45 62 34
41 73 65 40 79 55 68 75 64 92 19 37 33 46 89 15 0 69 32 84 9 53 21 76
3 41 60 61 31 90 74 14 4 52 11 8 2 67 93 50 51 63 94 45 24 15 81 92
9 89 19 88 28 43 87 75 59 77 84 91 54 70 32 21 58 6 53 49 66 40 64 95
27 26 17 18 16 13 63 90 36 57 11 67 38 60 14 30 23 4 31 81 78 52 93 74
58 89 70 84 9 32 88 19 28 87 40 75 43 59 77 53 37 73 79 91 64 21 6 54
24 11 45 4 86 60 8 16 2 61 67 50 23 5 74 44 14 3 31 30 22 90 36 51
10 83 38 26 48 80 55 56 62 72 12 45 92 82 41 94 81 52 47 73 65 2 25 14
93 5 60 3 31 14 52 74 50 4 61 67 86 45 11 8 2 51 23 78 90 24 17 46
54 66 77 28 9 21 91 75 59 89 64 76 19 43 87 88 49 6 53 84 95 70 37 32
16 26 27 30 13 24 57 17 71 23 18 78 36 68 6 95 39 38 83 70 59 50 1 45
24 67 8 4 11 60 31 61 18 3 16 23 2 36 14 17 93 74 30 81 51 44 22 90
86 45 58 5 16 50 32 24 30 82 40 70 90 44 23 51 73 33 57 64 0 36 2 83
18 12 66 72 93 71 83 17 26 38 76 48 36 81 49 91 46 54 67 21 95 10 31 24
56 10 61 52 4 2 8 60 74 11 31 22 14 94 67 45 3 50 44 80 23 62 55 47
6 59 95 71 87 88 58 91 1 66 21 49 70 77 43 32 9 78 89 75 54 28 19 30
60 11 8 4 67 61 31 14 52 3 93 24 2 23 45 44 74 94 22 18 51 50 63 27
80 13 30 27 26 94 16 1 63 34 7 81 10 36 83 43 39 48 52 25 62 23 22 14
60 4 11 8 67 61 31 2 24 14 3 74 52 23 93 50 18 45 44 51 94 22 16 17
58 89 75 84 32 28 88 19 53 70 9 73 37 40 87 59 64 77 79 21 43 91 6 49
74 11 60 5 61 41 4 14 65 93 3 31 52 8 50 67 2 86 45 24 44 15 23 90
9 89 19 59 77 28 54 75 88 84 43 87 91 66 70 53 21 49 6 64 95 32 76 58
31 60 61 93 67 3 4 14 8 11 52 74 2 18 23 24 51 94 17 22 44 81 50 36
52 67 60 16 11 27 8 14 4 61 44 45 31 36 3 23 51 22 24 93 57 94 2 63
67 8 31 24 4 60 11 61 18 2 3 36 14 23 17 93 81 16 74 22 51 94 52 44
89 75 84 9 19 53 28 70 88 59 77 58 87 43 37 54 73 32 64 91 21 40 66 49
60 4 61 45 67 31 11 8 14 51 52 44 24 50 3 2 23 36 93 16 22 74 94 5
45 86 50 5 82 44 41 11 60 61 4 52 2 51 14 8 58 24 90 74 55 0 3 23
75 19 89 9 59 88 28 54 43 87 6 77 84 91 32 49 53 95 73 37 21 66 58 70
89 9 19 88 87 59 43 75 28 77 84 58 70 32 91 54 6 53 49 21 95 66 73 40
33 55 40 47 62 65 68 0 85 79 37 29 20 69 39 53 41 84 82 19 22 35 12 70
60 4 61 8 11 31 67 2 74 14 3 52 24 93 94 50 23 18 45 51 63 44 22 81
89 32 75 58 19 9 84 88 28 59 87 73 40 37 53 43 70 77 79 54 6 49 95 91
40 79 33 84 58 32 53 37 41 65 70 89 73 75 19 0 28 5 47 64 9 15 55 69
61 60 4 8 3 31 11 67 52 14 74 2 50 45 51 93 24 44 23 94 22 65 5 41
67 18 17 31 78 4 36 8 60 93 11 3 23 46 24 61 74 90 14 2 52 44 13 22
41 81 65 62 51 55 61 47 3 83 74 14 92 7 31 60 94 12 93 42 79 52 69 8
60 4 11 67 8 31 61 14 3 2 24 93 52 74 23 51 44 18 45 50 94 22 63 17
8 67 31 61 60 4 2 94 11 14 24 3 63 81 52 22 93 23 27 36 74 16 51 18
80 7 30 1 94 43 62 51 39 34 83 70 16 13 63 84 10 58 56 50 3 32 53 52
42 32 58 73 79 75 0 47 89 19 37 41 69 40 55 84 88 81 62 5 80 53 59 33
24 67 8 4 60 16 11 31 2 36 61 23 14 17 30 3 18 45 22 44 74 93 81 94
58 32 89 70 40 88 87 9 59 84 75 77 19 28 43 73 91 95 53 64 6 49 37 21
54 76 19 9 66 28 43 75 77 89 53 37 91 21 84 49 59 6 88 87 95 79 70 64
58 86 32 5 70 40 89 73 84 88 75 87 59 79 26 83 38 28 45 9 95 77 19 16
60 4 67 31 8 11 61 14 3 93 2 24 74 52 23 18 51 44 94 22 50 45 17 63
31 60 67 4 8 61 11 14 93 3 24 2 74 51 23 52 18 44 45 50 94 17 22 81
13 27 30 1 16 17 36 57 7 94 80 26 18 23 43 63 48 34 90 6 56 78 59 95
60 4 11 8 67 61 31 24 2 14 3 74 23 93 45 52 44 18 50 51 22 94 16 36
87 49 77 91 21 95 6 88 28 66 59 9 54 75 89 43 19 64 40 71 32 76 58 1
23 24 78 16 45 50 3 14 36 67 60 17 13 2 4 7 86 8 11 68 93 5 31 61
60 31 67 4 8 11 61 14 3 93 24 2 52 74 23 18 51 44 94 22 45 17 36 50
8 67 4 60 11 31 24 61 2 14 3 74 18 93 23 94 52 44 22 51 16 36 17 45
65 33 5 68 35 40 46 41 12 86 55 29 64 32 79 21 28 76 66 77 71 75 87 19
89 9 19 28 75 43 88 77 87 84 59 70 54 53 91 58 32 21 6 66 49 37 40 64
0 65 33 40 55 5 62 41 10 45 79 32 68 56 12 86 82 37 47 58 35 51 72 29
58 87 88 89 32 9 59 70 77 43 84 40 19 28 75 91 6 21 95 64 73 49 53 66
60 4 61 11 8 67 14 31 24 3 2 52 51 45 50 93 23 74 44 94 18 22 90 5
11 60 4 8 67 24 61 14 31 23 3 2 74 93 16 18 44 45 51 52 50 90 22 5
48 56 57 65 85 10 23 15 13 14 8 4 0 3 52 79 61 1 11 62 33 74 60 47
31 67 60 93 4 8 61 14 3 11 51 24 52 2 74 18 23 17 36 44 94 22 50 45
89 9 19 59 43 84 75 88 28 77 87 54 53 70 91 6 58 66 32 49 95 21 73 37
60 4 11 67 8 61 31 24 14 3 2 52 23 44 16 93 74 51 45 18 94 22 36 50


92 62 63 64 75 49 27 34 13 47 89 84 2 19 78 55 22 6 0 68 9 65 1 10
95 45 12 11 72 4 52 60 23 46 3 70 37 80 73 50 61 15 35 85 77 21 33 91
2 1 19 27 6 84 9 54 34 10 0 22 59 17 76 13 47 78 36 93 31 30 63 48
0 78 10 22 1 17 19 76 6 93 59 89 38 34 9 54 30 31 2 28 48 84 13 27
0 22 78 10 1 19 17 89 6 59 34 76 93 38 9 54 31 30 2 84 28 13 27 48
36 76 78 10 17 19 34 1 88 0 30 22 6 93 38 89 9 54 31 27 59 2 13 55
16 7 91 61 77 79 21 94 70 20 50 33 4 85 60 80 72 65 51 24 90 40 52 12
49 42 92 62 75 65 51 68 83 64 57 40 52 35 86 2 63 55 80 85 14 74 71 91
45 95 12 56 72 53 69 60 26 15 83 4 57 35 50 52 85 77 80 33 11 73 82 46
79 60 33 61 7 91 50 77 70 21 16 4 72 20 85 80 94 46 82 51 90 65 25 73
78 0 19 22 10 34 1 6 89 17 59 9 76 2 54 27 38 93 84 13 28 30 31 48
64 92 71 86 62 49 75 29 20 65 57 79 68 25 33 82 16 63 77 2 14 7 56 61
77 50 7 33 61 16 80 91 21 70 85 20 60 72 79 4 90 24 94 46 51 12 35 69
90 70 61 73 21 72 50 60 33 91 7 80 74 20 4 16 85 46 51 94 77 79 66 69
49 92 62 64 75 65 42 86 63 68 2 5 27 71 83 25 29 51 14 57 55 79 84 87
70 61 21 91 50 90 72 60 33 74 7 80 77 16 4 73 85 20 51 46 79 94 69 15
34 27 63 13 19 84 47 6 78 2 54 22 0 62 89 1 36 9 81 10 28 59 76 55
2 55 6 0 10 78 22 1 84 89 59 17 93 34 19 71 30 48 76 9 27 87 31 13
7 16 94 79 20 33 12 77 85 50 61 18 4 80 72 21 60 14 70 24 53 91 56 46
31 17 10 59 30 93 76 0 38 78 1 22 19 48 9 89 41 34 6 54 58 2 44 28
45 95 60 4 12 72 50 80 85 3 46 26 70 21 77 91 61 90 73 52 15 23 43 7
52 85 80 83 60 77 46 7 61 70 72 53 16 91 51 35 33 50 21 4 15 90 79 12
72 60 4 50 70 33 80 61 12 85 21 7 77 73 91 45 95 69 90 46 16 15 20 79
17 0 22 59 10 31 93 1 38 78 30 76 19 89 9 6 48 54 34 2 41 58 84 28
10 0 78 93 1 59 76 19 17 22 30 2 34 9 38 31 48 6 89 54 84 28 27 41
61 70 91 50 21 60 33 72 80 77 7 85 16 90 4 20 74 51 46 73 79 69 94 12
52 83 43 69 45 73 90 56 12 51 61 70 26 91 77 57 15 72 21 3 33 85 60 46
26 69 95 43 73 83 45 90 72 12 52 60 3 70 15 85 50 74 91 56 61 57 77 21
70 61 21 33 50 91 90 80 77 72 7 60 85 69 20 16 4 73 74 46 51 79 26 12
15 91 4 70 72 50 74 21 90 61 16 77 20 33 60 51 7 80 56 85 24 65 35 52
70 61 21 50 91 33 7 60 72 77 90 80 16 20 85 4 79 74 51 73 46 94 69 24
12 72 4 50 80 60 3 85 33 21 77 95 61 70 20 14 7 46 45 91 56 16 79 90
90 70 21 91 61 50 72 74 33 60 80 4 77 20 73 7 16 85 51 79 46 69 15 25
10 17 59 0 1 93 22 30 76 31 78 48 19 9 38 89 2 54 6 28 84 34 58 13
4 60 72 50 80 77 33 70 85 20 21 7 61 12 91 16 79 90 45 24 56 53 46 69
7 16 77 20 33 79 85 80 61 94 50 21 91 70 60 4 72 24 12 56 40 46 14 18
74 90 70 91 61 60 21 50 51 72 80 73 85 77 33 15 46 69 4 52 25 82 16 8
0 93 59 78 76 10 48 1 17 19 89 22 2 28 30 38 9 34 6 41 31 54 13 27
77 85 35 80 91 16 60 7 50 70 33 4 61 21 72 56 20 83 24 46 69 12 79 82
53 69 56 4 80 33 50 72 60 24 77 85 20 87 7 26 45 12 16 79 35 14 86 70
33 20 50 79 7 16 77 80 61 21 72 4 70 85 60 91 24 90 94 12 56 14 51 46
43 52 91 8 45 70 61 74 95 72 11 21 60 73 90 50 77 85 46 66 51 4 12 65
70 61 91 50 21 33 60 77 72 7 80 85 16 90 4 20 79 74 51 46 73 69 94 12
93 10 76 59 0 17 30 1 78 22 31 19 38 48 9 89 2 6 34 54 41 28 84 58
95 87 86 57 26 82 53 69 3 71 4 72 80 12 56 6 28 50 45 84 85 29 60 33
53 47 6 13 89 27 34 19 22 63 81 78 0 84 28 88 54 1 10 9 38 79 62 44
66 58 38 31 41 44 76 17 89 93 30 0 45 81 78 48 11 22 32 23 59 10 6 1
54 6 78 17 0 32 1 59 22 93 76 19 9 10 27 2 30 75 48 34 38 84 28 41
45 95 12 11 3 52 72 28 60 56 4 53 73 15 50 38 83 77 23 69 80 85 43 14
74 51 90 58 70 91 61 85 80 21 46 73 52 43 83 40 50 77 8 35 25 66 16 60
53 12 35 56 83 7 45 52 16 47 79 94 85 4 77 14 13 60 80 24 72 27 54 28
79 77 16 20 24 75 91 33 50 61 7 4 92 47 21 94 80 49 65 85 70 63 60 64
77 50 80 33 91 85 61 70 7 60 16 21 72 20 4 79 90 24 46 35 51 12 56 74
0 78 1 10 22 19 17 76 6 34 93 89 59 38 9 54 2 30 31 28 13 84 48 27
50 80 21 91 70 16 61 20 33 7 79 60 4 77 85 90 72 82 74 51 25 94 46 40
61 70 21 91 50 33 7 77 60 16 80 72 20 90 85 4 79 51 74 46 73 94 69 24
70 91 61 21 50 72 33 60 77 4 7 90 80 16 20 85 79 74 51 73 46 12 52 94
72 60 61 70 50 21 4 33 73 90 91 85 77 80 51 7 52 12 16 20 46 79 95 94
45 95 11 28 12 54 38 53 23 26 57 56 52 43 83 10 6 0 1 19 76 22 72 71
34 19 78 6 0 1 54 22 27 13 28 10 2 84 89 9 76 38 17 93 59 47 63 81
90 20 73 18 74 94 81 66 21 37 15 70 79 51 61 41 50 72 29 33 4 91 24 3
17 76 30 93 31 10 78 59 0 1 22 38 19 48 9 41 89 6 34 2 58 55 54 84
38 0 22 10 78 89 17 93 1 19 6 76 31 59 30 9 28 11 54 34 48 84 2 41
78 0 2 19 76 1 28 22 6 10 54 34 17 27 93 89 9 59 13 38 84 30 48 41
76 17 93 41 31 10 30 78 38 1 0 58 22 59 48 19 9 89 28 2 54 6 34 11
53 13 27 47 63 56 36 84 54 79 12 28 62 34 35 14 86 94 75 24 7 83 16 71
92 5 44 40 39 81 64 63 68 29 62 75 20 65 67 32 13 71 79 47 89 23 16 34
87 69 56 50 77 33 20 26 12 4 7 80 16 85 79 72 24 57 21 60 53 61 94 70
2 0 34 22 78 1 28 6 19 89 10 87 27 13 54 84 76 9 59 93 17 38 71 48
52 43 45 95 12 8 3 58 72 60 73 65 61 74 70 66 90 91 46 21 50 83 37 77
70 61 90 91 50 21 72 60 80 33 77 85 73 74 7 4 46 16 51 20 69 15 52 79
78 17 93 22 0 30 1 19 41 89 59 34 76 10 55 9 48 84 2 11 31 27 6 38
70 61 91 21 50 90 60 72 33 80 77 85 74 7 4 16 51 20 73 46 79 69 52 12
0 19 78 22 1 10 6 38 34 89 54 17 9 93 76 59 28 84 13 31 2 30 27 48
95 42 28 57 2 6 11 12 27 54 45 53 72 22 0 86 84 93 1 4 76 14 19 48
43 74 58 91 8 65 11 51 83 5 52 35 31 70 30 90 48 61 77 21 23 60 39 17
60 72 61 7 85 70 80 50 33 77 21 91 16 4 20 79 12 90 53 94 46 73 83 52
92 49 64 62 65 75 63 29 51 79 68 16 18 42 7 20 40 94 27 55 39 25 82 74
87 71 6 89 0 22 78 28 2 1 38 19 10 59 53 76 26 34 86 93 48 54 13 84
43 31 59 10 54 30 17 1 22 0 93 9 19 78 38 84 48 76 58 34 89 2 6 83
60 72 90 73 33 70 50 61 74 45 91 4 21 80 77 25 85 95 46 20 15 51 7 82
0 78 22 19 1 10 6 34 17 89 76 59 9 54 93 38 2 84 30 13 28 27 31 48
22 0 19 10 78 1 6 34 89 54 17 9 59 84 38 2 76 27 93 13 28 31 30 48
20 7 61 16 33 79 94 50 21 70 60 77 91 4 72 85 80 90 14 24 46 51 82 12
54 34 13 19 27 84 0 22 78 6 28 89 1 10 2 9 47 63 38 17 36 59 76 81
78 0 19 34 22 10 6 1 89 9 2 17 59 76 27 93 38 13 54 84 30 31 28 63
0 6 78 22 1 19 10 38 76 17 54 34 93 9 89 31 30 59 2 28 13 41 84 48
61 70 90 91 21 60 50 72 33 77 85 80 73 74 7 52 51 4 16 46 20 69 12 83
78 34 19 6 0 22 1 10 89 27 2 54 13 84 9 17 76 59 28 38 93 63 30 47
32 75 95 27 2 44 36 14 6 19 54 47 10 84 55 28 78 1 76 22 37 59 34 0
0 22 78 19 10 1 6 17 89 34 59 9 54 38 93 84 2 76 31 30 28 13 27 48
70 61 21 91 50 33 60 72 90 7 80 77 85 16 4 20 74 73 51 79 46 69 94 12
70 61 21 91 50 90 72 60 33 7 77 20 80 4 16 85 74 73 51 46 79 69 94 15
0 78 19 1 10 22 6 34 17 76 54 89 38 93 9 2 59 28 13 27 84 30 31 48
93 30 31 17 48 76 59 10 0 41 38 1 58 78 22 9 19 89 6 2 11 54 34 55
94 79 65 20 16 7 91 75 61 77 88 21 47 92 51 63 50 33 70 24 49 85 60 18


