
17 65 70 37 2 28 43 31 89 79 6 1 85 56 49 19 47 32 61 48 45 22 69 9
91 40 27 73 29 46 78 33 90 53 24 5 42 0 16 77 39 11 93 76 18 30 57 54
44 84 72 63 54 77 93 30 35 5 75 23 16 81 64 3 8 15 74 76 14 60 92 38
14 38 74 84 72 60 63 44 92 35 75 93 8 77 81 5 64 54 3 76 15 23 16 67
0 15 16 54 57 30 77 81 5 3 93 36 84 44 63 76 72 39 75 83 64 67 59 35
17 65 31 70 1 37 82 56 32 28 89 19 47 49 45 6 69 48 26 20 61 2 71 68
78 27 12 29 62 94 52 42 6 17 70 46 53 48 40 85 47 22 31 33 49 65 88 37
65 70 17 48 31 1 37 56 6 85 89 47 28 22 45 32 49 19 43 61 88 82 79 50
19 31 17 37 89 70 85 47 48 45 2 6 69 65 13 68 1 82 49 32 28 52 86 43
27 73 29 90 78 46 40 91 33 53 42 12 5 35 64 72 76 44 30 84 93 16 74 66
44 84 63 93 72 35 75 74 14 8 77 54 23 92 30 3 64 38 81 5 60 76 16 15
0 16 30 15 54 5 57 81 36 84 72 77 93 44 3 63 76 23 18 35 64 66 75 39
27 40 78 91 29 73 46 53 90 33 12 94 42 62 6 76 89 49 95 39 25 5 11 0
38 14 60 92 35 74 23 75 52 88 34 8 44 63 64 9 72 77 84 85 93 50 76 62
70 65 48 31 17 85 28 37 47 6 56 1 19 89 49 45 82 32 43 68 2 88 13 50
69 41 79 71 59 20 83 45 2 57 86 37 19 32 1 49 17 89 21 82 81 52 39 56
70 48 17 28 31 65 85 47 6 37 1 56 19 49 45 13 89 88 82 43 32 61 50 2
39 83 21 15 86 68 26 0 57 81 20 16 69 82 45 71 19 41 32 1 84 93 30 54
83 20 21 71 69 82 39 26 32 1 56 19 68 45 2 41 89 57 37 49 0 61 59 36
75 14 72 92 63 44 35 38 60 84 8 77 74 93 3 51 54 64 23 50 5 67 76 34
65 17 31 70 56 1 28 37 32 82 89 61 6 19 47 49 48 2 45 26 43 69 85 20
26 31 82 20 61 32 69 21 28 17 2 56 71 83 89 1 36 45 29 47 65 49 68 70
14 38 92 60 35 74 63 75 23 44 52 34 77 72 8 84 9 93 64 76 62 5 88 3
67 4 80 3 11 66 10 34 8 23 58 44 95 63 54 7 24 12 30 64 84 75 22 14
19 69 45 37 1 41 68 82 71 20 89 32 83 21 56 47 49 86 2 17 31 39 26 70
51 50 88 14 64 72 38 84 8 54 93 29 48 12 85 92 63 35 68 60 26 15 62 5
1 56 37 82 32 19 45 65 89 17 69 71 20 2 49 21 26 31 70 68 6 47 61 83
58 10 13 67 8 3 93 44 80 60 84 64 63 81 76 15 54 72 74 77 30 95 16 24
44 84 72 63 23 35 64 54 77 8 30 75 93 5 14 3 16 38 74 76 60 34 81 15
1 56 65 37 17 32 82 70 45 69 49 31 89 20 19 26 71 6 61 47 22 21 43 28
12 29 27 78 18 46 66 53 55 62 42 59 90 23 22 7 94 34 73 36 33 49 35 30
44 84 72 35 63 93 75 14 8 74 23 64 54 77 30 38 5 92 60 3 16 81 76 15
17 89 49 65 31 27 37 19 70 1 6 82 46 78 32 56 69 91 40 48 45 29 20 26
15 0 16 39 57 30 81 93 54 84 5 83 72 36 76 3 21 77 63 67 41 64 44 86
27 78 29 40 73 33 91 53 46 12 6 90 62 42 25 55 89 32 94 65 70 49 17 48
44 35 77 54 84 75 63 72 23 93 8 64 14 5 30 3 16 34 60 92 38 74 76 81
0 57 16 15 39 83 36 81 54 30 5 21 71 3 59 84 20 77 93 18 76 72 41 63
70 17 65 6 31 37 32 89 2 48 85 56 28 1 47 45 49 82 19 61 69 43 26 25
8 84 63 44 64 54 77 72 35 93 3 38 23 14 76 60 30 81 15 5 16 75 74 67
14 23 38 35 44 72 75 64 63 92 60 74 84 8 34 77 5 93 30 54 76 73 3 16
80 58 4 10 8 13 38 3 9 88 11 14 74 60 52 85 92 48 44 95 63 67 7 75
81 44 84 16 93 30 3 77 54 15 63 72 74 75 5 35 23 76 8 64 0 92 14 67
1 37 65 56 19 17 31 45 70 32 82 89 49 6 68 47 2 69 71 28 26 20 85 61
84 72 44 54 93 16 30 63 5 77 35 15 81 75 64 3 8 76 23 74 14 0 92 60
25 62 45 60 6 67 24 89 32 5 2 56 1 47 49 37 85 61 17 92 70 65 48 19
38 60 14 35 92 8 93 74 27 75 72 63 84 64 94 44 52 23 5 77 78 62 91 12
51 88 14 85 48 38 60 28 34 8 64 50 9 13 35 92 72 52 63 23 75 44 84 93
14 38 60 8 35 64 34 44 72 92 75 23 63 84 51 93 88 77 54 74 76 5 50 30
14 38 44 75 74 35 23 92 63 60 8 72 84 77 93 64 3 34 76 54 5 81 30 52
21 83 71 20 26 29 32 59 57 0 82 25 39 56 1 94 91 36 69 2 45 61 40 78
44 23 35 63 84 64 72 77 8 75 54 14 38 30 93 3 60 74 5 34 76 92 16 81
31 65 70 17 37 1 28 56 48 19 89 82 85 47 32 45 6 49 2 68 43 26 69 13
48 50 65 85 70 17 47 1 31 45 56 37 6 88 19 68 52 49 82 13 26 32 89 61
80 58 4 8 3 40 10 7 77 11 87 75 91 55 15 34 63 73 44 43 42 94 76 13
1 56 32 82 37 45 19 69 20 65 71 26 89 2 21 17 49 68 70 31 61 83 6 47
41 47 43 69 18 79 36 17 28 95 20 70 31 59 83 23 2 4 22 37 89 13 42 7
44 84 72 30 54 16 77 63 75 93 23 81 3 5 35 15 64 8 74 76 14 92 0 34
83 36 20 0 21 39 26 57 71 59 82 69 16 61 2 32 15 11 18 56 68 30 66 54
4 80 58 10 3 13 22 55 34 67 66 87 23 43 59 11 79 15 44 77 63 7 75 81
38 14 60 85 52 74 9 92 48 88 13 8 35 50 23 64 75 44 63 34 28 51 72 95
19 1 82 69 20 89 37 32 71 68 56 31 45 17 2 21 65 83 49 47 26 70 79 61
19 37 41 69 45 47 1 89 17 31 82 70 49 32 6 68 20 65 71 56 2 86 83 21
27 29 78 62 73 33 40 46 91 90 12 25 5 53 42 35 18 94 72 6 0 55 16 30
44 77 63 75 54 84 72 3 35 8 23 93 14 64 5 16 81 30 76 60 15 74 34 38
23 35 34 44 64 14 30 38 75 72 63 77 84 8 60 92 74 54 3 66 5 55 93 16
93 63 60 77 14 84 74 8 76 35 81 15 9 54 75 38 92 5 44 62 64 72 3 91
13 43 50 58 80 4 10 70 65 85 48 7 28 31 56 17 37 95 88 1 47 51 19 61
38 72 84 60 74 93 64 63 14 8 35 86 76 92 44 5 81 67 62 75 54 15 16 91
40 91 73 27 78 33 90 29 62 25 5 18 46 42 53 0 55 57 83 39 77 24 16 6
60 5 93 25 76 72 84 67 44 35 63 62 54 77 14 92 64 81 16 38 74 30 24 15
35 74 93 75 44 94 60 14 63 92 77 38 84 5 8 72 23 91 81 64 54 73 76 30
54 84 16 30 66 72 5 15 64 77 35 93 63 0 3 44 75 73 8 34 81 42 57 76
15 54 16 93 84 30 5 72 0 81 77 44 76 63 64 57 8 3 35 36 67 39 75 73
10 80 67 58 73 8 76 38 44 14 87 74 3 9 91 63 11 40 88 64 93 13 48 84
58 10 67 44 3 8 80 93 91 77 63 11 13 84 81 54 76 64 75 23 74 15 60 30
27 91 40 29 73 78 46 33 90 53 42 6 62 89 24 94 32 25 55 11 49 18 48 39
4 58 10 80 3 13 43 87 7 67 63 50 42 77 81 75 15 8 34 66 23 57 84 54
80 87 4 55 10 58 67 11 73 3 44 66 34 43 22 24 23 53 63 77 30 7 13 16
2 71 82 20 32 56 89 69 1 19 21 26 31 37 17 83 65 43 68 22 59 70 61 49
30 54 16 44 5 23 84 72 77 64 35 34 63 93 75 15 0 3 66 76 8 36 81 73
54 0 16 30 34 36 5 15 18 66 51 77 59 84 72 93 11 44 57 23 64 63 35 75
54 44 75 16 84 72 77 30 63 93 81 5 35 3 15 23 0 74 76 8 92 64 14 36
44 84 72 30 16 54 5 81 63 93 77 15 35 3 75 23 74 76 64 8 0 92 14 57
44 84 54 72 64 3 8 63 30 93 23 16 77 35 15 81 75 5 76 67 14 0 74 38
64 72 84 14 44 8 35 23 38 63 93 54 60 30 75 34 77 5 92 76 74 16 3 15
44 84 63 72 54 35 77 23 64 93 30 3 75 8 5 16 81 76 14 74 15 38 60 34
38 14 52 74 92 60 88 85 50 9 48 75 35 8 63 44 23 95 13 86 34 62 77 72
85 48 38 88 28 50 52 13 14 9 47 70 60 6 51 31 92 17 65 74 95 8 43 62
31 19 37 17 1 45 47 28 82 70 89 65 32 85 48 68 69 49 6 56 2 13 26 20
93 84 54 72 15 5 16 63 30 77 64 76 35 44 14 8 75 81 60 3 92 74 0 67
26 20 39 21 71 83 82 36 69 2 19 31 56 68 32 1 41 61 10 57 0 89 95 49
3 44 63 23 72 64 84 30 8 74 75 14 38 34 35 76 54 77 16 81 5 67 93 66
84 44 63 72 81 54 16 35 93 3 5 77 15 74 75 30 8 64 23 76 92 0 14 57
91 46 67 10 93 8 76 58 40 53 78 27 95 49 9 11 80 15 94 13 90 84 21 19
50 51 11 61 70 26 17 88 56 43 24 2 65 32 95 48 22 20 33 87 10 77 14 69
17 70 65 37 31 1 19 89 82 32 56 45 47 49 6 69 28 2 48 85 20 43 26 68


51 44 25 75 0 10 28 79 8 91 16 7 78 47 86 87 60 55 40 11 80 42 17 14
39 18 38 65 67 32 74 31 84 22 9 33 61 23 45 34 43 62 15 7 12 27 91 76
88 94 80 85 75 24 14 2 11 73 13 10 55 49 4 0 1 77 26 57 58 47 6 51
72 67 18 38 33 31 84 23 39 22 20 61 9 65 44 74 15 54 12 34 43 91 40 32
55 75 93 10 16 42 13 2 28 85 49 7 79 60 0 50 21 58 73 71 78 11 8 46
55 75 10 16 80 58 85 94 13 2 8 0 14 28 1 11 88 51 49 24 73 47 87 77
78 29 79 1 26 5 35 60 21 41 62 40 58 94 48 73 93 11 69 87 25 27 70 13
75 16 10 78 13 85 80 49 11 58 55 28 57 0 2 1 87 5 73 8 51 29 86 66
28 79 27 0 54 34 19 7 11 66 58 87 40 82 91 78 72 89 93 25 70 8 1 10
81 20 92 15 43 44 33 7 18 67 17 74 61 54 31 22 23 12 42 51 4 72 38 84
13 58 85 1 26 0 55 87 75 80 2 11 28 94 47 14 10 57 8 79 73 62 24 56
24 51 14 80 87 47 11 79 71 8 73 17 13 85 75 10 0 28 58 56 55 40 44 89
61 39 18 67 38 84 22 31 74 65 9 92 20 33 23 82 34 27 68 32 53 6 25 72
80 75 10 0 85 11 13 58 55 73 28 2 87 8 16 94 51 1 57 47 14 79 88 24
22 61 67 65 38 18 31 34 23 84 20 9 39 33 74 92 45 93 95 44 32 91 40 72
8 10 55 75 13 0 85 80 94 1 58 87 16 2 11 28 57 88 51 14 73 47 25 78
36 76 64 63 15 42 84 95 45 39 67 65 68 18 48 38 61 43 22 33 7 31 32 50
30 27 69 89 6 24 94 75 10 80 51 73 41 85 8 25 88 47 17 12 4 11 55 14
18 31 74 67 38 22 39 61 65 30 33 84 48 32 9 23 92 82 20 68 43 95 53 81
51 53 69 86 80 27 70 82 6 30 26 68 11 14 5 58 85 35 12 94 73 0 2 41
56 30 95 69 23 65 45 34 32 68 62 53 70 7 87 48 52 40 38 63 12 86 83 47
11 47 80 88 1 94 73 64 87 8 79 58 53 57 14 85 28 13 10 4 49 69 2 75
88 94 73 4 10 6 80 49 2 81 75 0 64 16 29 1 24 90 47 30 85 36 14 19
72 19 31 9 22 82 38 18 74 61 29 67 32 5 39 65 35 33 41 84 34 20 90 70
58 13 85 55 11 75 26 1 2 28 80 10 94 0 57 47 73 14 88 56 24 87 16 49
82 27 70 41 34 9 5 90 6 32 23 22 29 72 93 62 31 77 61 38 18 39 19 69
93 22 61 92 21 34 20 36 63 42 89 45 67 60 54 31 18 48 74 33 95 38 70 9
24 0 85 11 57 4 51 14 94 80 28 88 73 1 2 76 58 6 13 56 75 10 12 87
55 58 85 75 13 80 2 11 10 1 94 87 8 0 14 47 28 24 16 57 26 73 51 88
22 23 61 65 38 18 31 67 34 74 39 20 9 33 84 92 48 32 95 93 27 45 7 63
85 13 11 80 75 1 58 0 10 73 55 2 28 94 87 57 14 47 88 26 24 8 79 51
12 76 53 51 68 30 91 24 15 17 14 43 86 64 4 77 42 80 54 84 47 7 87 59
44 34 91 40 28 62 45 79 90 82 54 66 89 65 71 50 32 23 78 25 19 58 9 84
58 13 85 55 26 80 75 47 56 2 11 28 62 1 94 8 14 87 24 10 16 0 57 49
65 33 23 39 48 72 9 45 38 34 54 62 32 84 18 22 81 56 67 31 93 12 26 15
88 29 90 49 77 16 94 50 75 2 80 6 64 36 13 10 85 41 26 73 55 15 1 30
85 13 94 80 75 73 11 1 2 10 58 55 57 0 47 14 28 24 87 88 8 16 26 56
94 2 13 85 88 80 11 1 75 58 73 14 55 10 24 47 49 57 26 30 64 0 56 4
79 5 35 83 76 27 7 46 70 78 86 56 48 82 4 53 81 51 59 63 93 45 19 91
19 28 88 72 26 36 1 76 35 77 2 81 73 85 42 91 79 3 0 64 53 13 66 11
17 15 77 90 63 71 75 95 60 59 24 49 52 68 43 86 89 50 81 14 41 80 16 64
38 65 61 39 67 18 31 74 22 9 23 84 32 34 33 54 72 20 12 15 92 45 62 82
55 10 75 80 85 0 94 11 16 2 73 13 88 8 1 58 28 57 14 87 51 47 24 49
92 20 25 61 4 10 16 74 22 88 51 67 31 6 54 81 33 82 21 44 94 35 9 73
65 38 39 23 18 61 67 9 22 33 34 31 74 84 32 45 44 62 20 91 72 27 92 54
62 32 65 53 23 45 72 79 91 34 26 9 78 66 39 69 33 82 58 40 38 3 27 35
38 65 31 67 39 61 18 9 22 74 23 33 84 32 34 72 20 15 54 45 92 82 62 27
10 75 13 85 0 26 88 28 55 80 14 1 11 73 94 2 42 87 51 47 58 79 7 27
51 80 0 10 73 75 11 88 85 14 57 94 24 2 16 55 86 4 87 28 53 26 1 58
66 91 44 57 79 56 19 50 3 76 72 40 78 58 5 35 53 73 83 11 85 87 45 28
62 58 45 32 34 36 66 55 16 65 3 39 50 95 40 60 13 26 91 69 28 90 29 68
92 20 61 22 25 33 67 31 74 18 9 38 23 44 84 21 82 81 43 65 54 60 91 34
65 18 38 27 67 23 31 74 22 39 61 9 33 84 82 34 17 92 68 20 32 44 43 90
13 85 11 58 80 28 75 55 1 10 0 2 14 94 47 87 73 57 8 24 79 56 26 88
7 48 70 79 81 51 46 56 14 15 82 86 27 76 47 24 4 52 17 63 28 83 89 2
77 90 6 17 81 88 64 15 36 94 63 41 29 26 86 75 72 24 30 68 19 59 32 14
85 80 11 13 75 73 47 58 2 14 10 28 94 1 55 57 4 0 24 56 88 79 26 87
77 75 55 94 10 88 13 85 36 2 16 49 80 6 26 11 58 14 1 0 47 28 73 64
95 30 68 40 63 84 69 23 48 52 12 34 43 87 57 90 24 60 31 65 70 53 37 71
41 88 6 89 94 70 90 29 37 21 48 30 26 5 27 77 75 49 72 13 63 81 2 34
85 80 75 10 73 11 0 2 13 94 1 28 55 47 14 57 88 58 87 16 8 4 51 24
55 10 94 75 80 0 2 85 8 11 16 88 28 13 58 1 14 57 73 87 51 66 24 47
94 10 88 75 6 5 49 80 16 77 8 55 85 29 21 35 13 1 26 73 2 0 11 68
87 11 85 0 13 1 80 28 58 73 75 57 79 8 47 14 10 55 2 94 66 16 88 24
88 19 94 72 26 13 24 29 63 85 35 73 75 10 47 6 55 2 81 89 1 37 80 14
45 32 62 39 56 26 34 58 36 63 65 38 18 95 84 43 13 93 68 64 47 17 15 48
75 10 85 80 11 73 13 0 55 94 2 1 28 14 57 87 58 88 8 47 16 24 51 4
47 57 16 46 89 2 85 66 58 11 75 53 4 0 55 13 49 28 91 56 76 10 73 79
80 0 51 75 85 73 28 11 10 1 58 13 88 57 2 94 14 47 55 16 87 8 79 24
29 15 36 64 50 16 90 68 17 49 59 63 77 3 75 43 45 69 89 80 95 88 71 13
80 58 69 85 0 6 75 94 73 11 8 1 10 78 47 13 55 88 53 28 19 87 51 57
20 92 81 4 30 23 25 68 43 31 69 67 84 48 33 74 63 95 22 61 12 18 73 40
90 50 6 16 29 37 3 52 41 5 75 36 88 77 86 49 82 94 30 80 19 68 69 2
67 31 38 22 18 74 61 33 65 39 9 23 84 20 92 32 34 48 72 54 27 82 81 63
77 52 90 6 29 41 64 49 19 86 88 94 5 26 75 50 30 15 80 2 72 59 37 13
13 58 28 85 1 11 56 2 47 55 94 87 80 14 26 75 57 0 79 8 24 73 45 66
85 13 58 75 11 80 1 0 55 87 28 2 73 47 14 10 94 57 26 8 24 79 88 16
38 65 39 18 45 67 56 31 82 23 32 22 48 61 95 9 33 74 72 5 84 27 52 63
17 71 90 69 48 68 43 51 24 89 63 14 30 95 80 27 84 50 15 81 44 70 12 52
73 14 11 80 85 0 24 13 94 75 87 28 10 57 88 1 47 2 4 56 55 51 79 8
12 41 6 82 90 53 30 68 5 15 29 69 77 52 25 50 86 80 27 9 49 51 54 31
75 51 11 85 73 69 57 43 55 58 80 24 4 0 14 16 87 95 78 40 10 6 5 89
88 77 36 2 94 75 19 14 85 64 28 13 55 80 1 47 0 24 49 10 11 6 73 58
93 10 55 94 88 8 75 1 25 2 16 73 21 13 0 87 85 63 42 89 34 28 11 92
70 2 57 1 25 82 10 19 75 11 73 0 85 49 8 66 28 90 80 88 58 52 94 55
70 53 57 5 82 69 76 30 51 86 16 1 4 11 79 85 87 56 58 10 83 73 80 2
81 73 4 88 92 33 51 14 10 75 43 85 7 49 80 1 0 15 11 19 20 64 48 86
61 31 22 74 92 67 18 20 38 23 33 9 65 84 39 34 82 48 81 54 27 95 60 44
38 67 65 61 18 39 31 22 74 23 33 84 9 34 32 20 54 72 92 44 12 15 82 27
33 8 92 81 4 94 61 54 73 74 35 75 10 16 88 9 80 2 83 14 79 22 19 37
85 13 80 75 11 10 58 55 0 28 2 94 14 73 47 57 1 87 24 16 8 51 88 56
64 57 30 4 53 63 76 24 47 87 14 68 2 56 11 73 95 94 85 88 80 7 49 51
90 50 70 14 71 82 48 2 64 16 59 68 44 75 30 51 43 40 69 49 57 80 37 29
7 79 28 42 58 76 13 87 91 55 51 14 47 11 86 26 85 56 1 0 83 8 2 78
85 13 11 75 80 10 55 0 58 28 2 94 73 1 57 14 47 87 8 16 88 24 79 51
0 10 80 75 85 88 1 73 11 94 51 55 2 13 57 87 14 16 8 28 24 58 47 4


89 9 75 77 28 19 87 59 64 70 88 84 58 49 53 91 43 21 66 73 37 54 6 95
59 95 16 6 88 87 75 9 91 49 21 43 58 71 69 66 54 42 89 73 77 1 19 32
51 61 86 65 3 31 60 93 50 67 4 81 8 41 68 14 11 24 74 62 0 5 7 33
93 4 8 31 65 33 60 67 61 22 51 11 68 29 14 0 86 3 76 55 44 50 24 81
41 5 68 33 7 0 65 40 86 51 32 62 46 12 55 76 79 78 64 37 19 3 92 61
0 51 79 40 33 1 61 43 37 62 47 32 85 7 65 29 20 81 52 3 76 63 19 28
67 11 31 8 4 60 24 93 18 23 81 61 17 50 30 3 2 14 22 27 74 35 94 36
67 11 4 8 60 31 17 24 50 18 30 61 2 74 93 23 14 81 3 27 22 36 57 94
24 8 67 4 81 11 31 61 60 30 86 74 93 17 50 2 18 36 3 23 14 22 16 65
64 77 75 82 28 53 70 84 89 9 21 87 88 49 66 91 19 59 58 72 37 43 73 6
64 86 77 70 21 28 75 87 82 66 53 88 84 49 58 89 59 9 91 5 46 6 39 57
33 68 65 40 0 55 12 56 61 62 41 47 79 35 29 37 45 22 81 38 44 5 10 74
34 80 63 94 62 41 92 55 45 79 37 52 47 73 61 39 3 29 85 14 2 50 83 84
67 11 60 4 8 31 17 24 50 61 93 18 2 30 3 23 81 74 14 36 27 86 51 90
74 24 11 4 86 30 61 50 60 8 2 67 81 16 23 31 22 17 18 3 36 45 27 41
46 90 26 78 7 18 15 36 38 17 13 16 92 12 86 57 95 3 83 6 24 75 49 66
86 24 16 30 32 74 58 81 59 36 0 95 69 68 42 41 65 72 73 75 61 88 8 89
16 69 58 59 71 86 95 45 88 80 32 73 30 6 84 9 2 34 10 72 24 75 26 87
11 50 60 4 30 67 8 18 17 3 31 27 61 24 90 36 16 14 2 81 74 23 94 26
60 4 11 31 8 67 61 93 24 50 81 74 2 14 3 18 17 30 23 94 63 22 51 86
24 30 8 11 74 67 4 81 16 61 36 50 23 2 60 17 31 18 86 22 27 3 78 57
18 17 11 30 67 8 60 24 90 4 50 31 16 2 61 3 74 27 36 13 81 23 57 14
31 67 60 8 4 11 93 18 50 61 17 14 24 3 81 2 30 94 23 74 22 44 51 63
89 9 75 28 84 19 70 77 53 37 58 64 87 59 88 49 43 91 73 21 66 42 54 69
9 89 75 59 87 19 77 88 28 49 58 91 84 64 70 21 43 66 6 73 95 54 53 69
54 57 6 71 20 27 80 10 95 30 16 85 29 34 18 79 90 66 94 1 91 49 76 87
31 60 67 4 8 11 93 61 50 14 18 17 24 3 81 2 74 23 30 94 51 22 44 63
8 81 67 31 30 4 11 60 24 18 94 17 2 93 61 14 50 3 23 22 27 36 25 10
28 21 87 77 91 49 64 88 6 75 95 66 59 9 89 46 32 19 42 72 43 71 54 86
64 75 9 87 77 88 89 59 49 28 21 66 91 58 19 6 73 84 95 70 53 43 32 69
41 51 62 55 83 61 79 32 10 65 80 45 86 40 47 3 92 29 72 37 12 5 0 7
7 64 86 70 58 53 59 84 43 88 69 75 39 16 51 13 45 82 5 78 87 1 73 72
95 59 88 6 87 91 49 9 75 66 16 21 77 69 72 73 58 89 64 54 19 71 43 28
52 50 60 74 14 61 11 4 93 82 3 31 47 2 51 94 63 90 8 67 39 41 44 65
41 65 68 73 55 5 40 15 79 37 47 92 75 64 69 33 89 46 84 86 53 58 19 42
41 90 79 3 14 50 60 31 61 15 93 4 11 8 67 81 92 52 63 74 51 94 2 25
9 89 75 77 28 87 19 59 88 49 64 91 66 21 43 58 84 70 6 53 54 95 73 37
27 26 16 78 36 18 17 30 13 57 63 90 38 23 48 20 80 54 6 95 59 67 11 7
89 75 84 9 58 70 37 28 19 53 77 64 73 59 87 88 49 69 42 43 91 21 32 66
24 11 4 8 74 67 60 30 61 2 31 81 50 86 17 18 23 16 3 93 36 14 22 27
10 83 56 45 55 38 26 80 48 92 72 14 47 73 62 12 41 52 65 82 61 25 2 81
86 50 60 4 93 31 11 74 61 67 14 3 8 5 23 17 2 24 18 51 52 78 44 81
77 21 91 75 49 59 66 87 6 88 28 9 64 95 89 54 19 84 43 53 70 69 58 73
16 78 95 26 6 27 13 12 59 24 36 38 18 66 57 54 71 91 49 48 30 23 75 21
24 30 67 17 8 36 11 81 31 4 18 16 60 23 93 2 13 27 61 3 57 50 78 14
58 59 75 69 89 32 64 73 88 84 9 70 87 53 95 86 77 42 28 49 19 6 21 91
93 18 31 67 2 8 94 4 11 60 3 14 26 83 24 17 81 10 12 51 48 23 25 63
56 61 4 8 11 60 74 10 2 31 81 67 50 24 30 68 65 23 33 14 93 55 22 94
6 95 78 54 71 59 66 36 16 91 49 87 21 42 1 88 75 9 77 89 69 58 32 43
60 67 11 4 31 8 93 50 14 61 18 81 3 17 24 2 23 74 30 94 22 44 25 63
13 1 7 43 30 80 26 27 16 36 81 51 83 72 10 52 48 94 25 39 23 3 14 63
60 4 11 67 8 31 50 61 93 2 74 18 24 14 3 17 81 23 94 30 22 63 44 27
75 58 89 84 73 9 28 70 53 64 69 59 42 88 37 19 87 77 21 32 49 91 66 5
74 5 68 65 41 86 50 60 11 93 61 4 15 3 14 31 33 67 12 8 2 52 55 44
9 89 59 75 77 88 84 87 19 58 70 64 91 49 53 28 66 21 69 54 95 73 6 43
52 14 86 3 61 93 23 50 60 82 4 11 7 45 5 74 39 51 2 31 13 47 78 57
67 4 60 31 11 8 50 93 18 61 17 81 14 30 27 3 23 2 94 24 22 74 52 44
67 8 24 31 11 4 17 60 30 81 18 93 61 23 2 36 50 3 14 22 74 27 16 94
75 89 58 84 9 59 70 53 64 88 69 87 73 77 19 28 49 37 91 21 95 66 43 6
4 60 31 67 8 11 50 61 81 24 93 74 2 17 18 14 30 3 23 94 22 44 51 63
5 45 82 52 47 41 39 55 37 53 50 70 86 84 79 92 44 15 14 61 40 64 62 51
59 9 75 89 88 87 95 49 91 58 77 19 6 69 28 73 54 21 66 84 42 43 64 70
9 89 75 59 87 88 19 77 28 58 49 84 70 91 43 64 54 53 73 6 66 21 95 42
33 40 65 0 55 68 5 79 47 62 22 37 61 12 41 56 35 82 29 20 52 85 32 39
60 74 61 4 50 2 11 52 31 8 14 67 94 3 93 63 18 34 24 23 81 44 51 22
32 58 37 89 42 69 84 40 73 47 75 70 19 53 0 41 9 79 55 59 28 62 5 39
40 89 84 37 28 75 5 33 58 53 42 70 19 73 32 64 79 68 9 69 15 47 41 0
61 60 3 50 4 11 31 8 67 93 74 65 81 14 2 51 62 24 86 41 30 52 45 94
18 17 67 4 78 60 11 31 93 8 23 50 36 3 90 24 46 27 74 14 2 13 22 61
41 65 51 81 61 79 3 0 62 68 14 55 47 7 31 60 83 33 32 92 8 12 93 67
60 4 11 31 67 8 93 50 61 14 2 18 74 3 24 17 81 23 94 30 51 44 63 86
8 81 31 67 30 4 60 11 61 94 24 2 93 14 3 17 18 50 63 22 23 80 27 51
7 51 1 43 13 80 30 3 62 39 83 32 52 94 47 70 84 53 81 72 69 58 61 37
41 81 32 30 0 61 79 58 69 74 42 24 47 73 8 55 5 62 92 37 11 68 36 4
24 67 8 30 31 17 4 11 81 60 18 93 36 2 61 23 16 50 3 14 74 22 94 27
58 89 75 9 59 84 69 53 88 70 19 87 73 77 32 64 37 28 49 91 95 6 66 21
54 19 9 77 28 89 43 66 49 53 91 75 84 37 87 88 6 21 70 59 64 69 95 73
58 86 74 32 69 5 45 84 73 89 47 70 42 61 41 75 59 11 16 0 53 68 55 26
60 31 67 4 11 8 93 61 50 14 18 17 24 3 81 2 74 23 30 94 51 22 44 63
31 93 67 8 60 4 11 61 24 14 50 3 81 17 2 18 74 51 23 86 65 94 30 44
13 27 1 7 16 36 57 30 17 43 78 23 26 90 18 48 94 51 80 6 95 63 59 39
4 11 60 8 67 31 24 61 50 93 74 81 18 17 2 30 3 14 23 94 86 22 36 44
71 86 78 35 21 6 87 17 91 95 44 46 16 49 22 2 27 77 18 24 23 36 66 88
68 78 7 12 46 36 33 64 23 65 13 86 5 38 3 17 66 72 75 88 21 24 93 28
60 31 67 4 11 8 93 61 50 14 24 18 17 3 81 2 74 23 30 94 51 22 44 63
67 8 31 4 11 60 24 18 17 81 93 61 50 30 2 14 74 94 3 23 22 27 36 63
65 5 68 33 41 40 86 55 12 46 35 79 32 29 15 76 64 28 0 21 62 74 71 92
89 75 9 28 77 19 84 70 53 64 59 58 87 88 49 37 43 91 73 66 21 54 69 6
0 33 40 65 68 55 5 79 32 12 41 56 62 37 47 76 29 19 45 35 10 61 81 42
89 58 75 9 59 88 87 19 84 32 70 28 73 77 49 64 91 69 42 95 6 43 53 21
60 4 31 11 67 93 50 8 61 14 3 24 74 2 18 17 81 23 51 94 86 30 44 90
60 11 4 67 8 31 93 50 61 18 24 14 74 17 3 81 2 23 30 94 22 27 44 90
48 65 23 68 33 38 15 3 56 10 62 0 57 85 12 13 61 8 4 81 25 14 1 93
31 93 67 60 8 4 11 24 61 14 50 17 3 18 81 2 51 23 74 30 94 86 22 44
59 9 89 75 84 58 88 19 87 77 70 53 49 69 43 54 91 6 28 95 66 73 64 21
67 60 4 11 31 8 93 61 17 18 50 14 24 81 3 2 30 23 74 94 22 44 27 36


92 62 63 75 64 49 27 89 13 34 47 2 84 78 79 19 6 22 68 55 24 20 94 71
95 45 12 72 4 60 11 38 28 37 44 3 50 73 35 82 46 15 80 53 26 23 52 85
2 9 49 27 1 86 11 47 84 92 19 34 36 76 93 62 17 10 6 64 0 59 63 22
0 22 93 78 10 76 1 59 19 17 6 30 38 34 31 2 89 28 84 27 9 48 81 54
0 22 78 10 19 93 1 59 6 76 34 17 38 89 2 30 31 28 27 84 47 9 13 81
88 36 76 10 1 47 34 6 2 66 27 19 78 17 30 22 3 0 93 94 62 63 13 38
88 94 16 65 18 36 7 61 79 62 47 63 92 91 49 3 73 43 21 66 75 51 52 4
49 51 83 80 77 91 61 85 70 7 90 16 33 74 21 92 65 75 42 35 50 72 46 40
56 12 72 26 95 45 60 69 50 83 82 73 15 85 4 87 77 33 35 80 46 52 53 90
79 61 60 16 7 33 91 77 70 4 21 50 72 29 35 85 51 66 20 25 73 83 80 46
0 78 22 19 10 6 34 1 89 93 59 27 76 2 38 47 84 13 28 17 81 36 30 9
86 71 64 92 62 68 2 49 40 75 14 63 20 67 57 69 25 6 5 27 81 89 84 13
77 85 80 7 50 61 91 16 70 60 21 33 20 83 79 72 4 35 56 46 90 51 12 52
90 72 60 70 74 50 80 85 52 33 46 73 15 61 4 69 91 21 56 7 12 16 77 83
49 92 62 64 75 65 86 2 63 68 42 71 25 27 57 14 24 5 69 83 51 67 84 13
91 70 61 21 50 72 60 73 90 77 4 7 16 80 85 51 74 33 46 20 79 82 83 35
19 34 84 27 13 78 47 63 0 22 2 89 28 10 36 1 6 81 9 54 93 59 76 38
55 2 78 6 34 10 22 1 0 19 93 17 84 76 11 9 59 71 27 30 89 13 64 31
7 16 79 77 33 12 20 4 50 21 18 61 94 72 85 80 60 35 70 14 91 24 82 46
31 10 17 93 76 30 59 0 22 1 38 78 19 81 34 6 48 41 9 36 89 2 28 54
45 95 44 26 60 80 50 72 87 4 85 32 38 43 3 12 73 23 8 15 57 46 77 21
83 85 77 80 61 7 91 70 51 52 16 60 73 72 90 35 46 50 66 4 21 33 15 74
72 70 91 61 60 4 77 85 80 50 7 73 21 33 90 16 35 51 83 46 12 79 52 15
31 59 93 30 17 0 38 22 76 48 10 78 1 89 6 41 58 9 11 19 2 81 55 84
10 1 19 93 0 76 78 22 2 34 59 30 6 36 17 27 28 38 47 13 84 31 9 89
61 91 70 77 50 85 21 7 60 80 72 16 4 90 33 73 83 51 74 46 79 35 20 52
43 52 83 56 51 73 61 29 69 12 57 65 90 91 77 26 45 70 86 8 46 58 21 32
26 43 69 73 95 83 56 90 52 8 12 45 15 72 58 87 85 74 60 91 77 57 50 61
70 91 77 61 85 50 90 7 80 33 21 69 60 83 72 4 73 16 46 74 56 35 20 51
36 34 63 27 19 47 88 76 1 78 10 13 2 93 6 62 30 0 22 28 59 84 81 37
91 70 61 77 50 21 7 85 60 80 72 4 90 16 33 20 83 79 51 73 74 46 52 35
12 72 95 50 45 4 80 60 56 26 21 85 33 77 3 35 70 61 7 91 87 46 14 24
70 90 91 50 61 72 60 21 77 80 4 74 33 85 7 73 16 51 20 46 83 79 15 12
48 31 30 93 41 76 17 58 9 59 1 10 0 38 11 2 22 19 28 78 55 34 84 6
60 4 80 50 33 77 72 20 79 21 70 91 7 85 61 16 12 46 35 90 45 71 73 82
77 16 7 20 80 79 33 91 61 21 85 50 70 4 94 60 72 56 83 35 24 40 46 82
74 90 70 61 91 73 60 51 85 77 50 72 66 80 21 83 52 4 15 7 46 16 82 33
93 48 0 28 59 78 19 22 76 10 2 38 89 1 30 34 31 81 41 6 9 27 13 17
91 77 85 7 80 50 61 70 60 16 4 21 72 33 35 20 83 82 90 79 46 73 12 56
53 28 13 27 54 6 19 84 34 47 0 89 78 22 87 2 38 81 37 10 1 36 59 93
50 33 79 4 72 77 20 60 7 80 16 70 85 21 61 91 56 12 83 35 82 14 90 24
43 52 95 83 72 91 8 73 66 61 50 70 74 77 60 12 45 85 90 4 21 51 46 65
91 61 70 77 50 7 60 21 85 80 72 16 4 33 90 73 83 51 46 79 74 20 35 52
76 10 93 1 0 78 19 59 22 30 2 17 34 6 38 36 31 28 27 9 13 47 89 81
95 87 86 26 57 71 69 80 53 89 33 82 6 45 38 64 72 50 11 3 37 84 67 28
53 89 35 6 22 79 81 47 82 44 71 78 0 25 87 84 85 38 45 27 80 7 19 13
58 66 26 44 85 45 23 73 32 80 31 8 15 74 69 38 35 41 83 90 53 39 48 52
75 54 32 27 59 0 93 78 6 17 95 22 48 30 1 76 19 65 2 41 28 84 62 36
95 3 45 12 72 52 60 56 4 50 28 14 24 83 11 46 77 80 54 85 15 73 43 38
74 58 51 61 73 90 91 66 70 85 83 80 77 46 41 35 21 40 23 43 52 8 82 7
7 12 16 4 79 60 77 35 52 72 85 83 80 50 94 56 33 61 20 21 91 53 46 14
79 16 94 88 61 7 73 4 62 77 33 75 80 49 92 82 91 20 50 21 60 70 14 3
77 80 50 91 70 85 61 7 60 21 33 72 16 4 20 83 79 35 90 46 51 56 73 74
0 22 78 10 93 1 76 19 59 6 34 17 2 38 30 89 28 31 27 84 13 9 36 47
80 79 91 70 50 21 20 33 16 61 77 82 60 4 7 85 90 51 74 72 40 46 92 25
61 91 70 77 7 21 50 60 85 16 80 90 4 72 33 20 83 73 79 51 74 46 52 35
91 61 70 21 4 77 60 72 7 50 16 90 33 85 80 51 73 20 35 79 12 52 46 74
72 60 61 4 50 91 70 73 52 77 85 51 12 7 83 21 90 16 80 33 56 46 35 26
45 95 26 28 54 12 53 38 56 23 57 11 43 72 52 44 69 15 37 35 60 87 81 8
19 0 78 22 34 10 1 6 28 93 27 2 76 13 84 59 47 89 38 54 36 81 17 9
19 93 48 84 36 78 34 30 0 76 1 63 9 59 31 13 27 89 55 37 81 11 41 22
17 30 76 93 31 1 41 10 59 55 0 22 78 36 38 48 2 58 11 6 19 9 88 89
22 0 38 78 93 10 6 89 19 59 76 1 11 17 31 28 30 34 81 9 84 47 2 27
0 78 28 2 22 6 76 93 19 1 10 27 34 59 54 38 13 17 84 30 89 36 47 37
76 93 10 0 17 22 1 30 78 59 38 2 31 19 6 34 41 89 28 36 48 81 9 27
53 94 13 27 79 47 63 54 34 28 12 88 62 84 20 14 56 7 24 36 33 4 16 86
5 81 44 39 92 40 23 68 64 71 67 29 9 32 20 89 63 38 66 31 8 34 94 13
50 77 56 80 85 7 33 72 4 21 60 69 87 20 61 91 26 16 70 79 12 83 35 46
87 26 2 0 78 76 6 28 34 93 22 59 1 10 41 53 81 54 19 89 48 27 13 69
43 45 52 95 58 8 12 65 3 72 54 56 83 66 60 38 46 31 42 74 35 73 61 50
91 70 61 77 80 85 50 90 72 60 73 21 7 4 74 33 46 83 51 16 35 69 82 52
75 17 78 11 22 93 0 84 19 27 2 1 30 59 55 63 10 34 76 6 49 36 89 13
70 91 61 50 77 21 90 60 85 80 72 74 7 4 73 33 51 16 83 46 35 52 20 82
0 22 78 19 38 1 10 93 59 6 84 28 34 89 13 76 54 27 47 81 2 53 31 9
42 28 53 95 57 27 2 6 72 86 54 84 22 12 25 93 0 19 49 37 48 4 78 14
61 70 91 74 21 90 77 60 51 52 73 83 43 50 72 85 7 46 16 66 4 35 65 8
83 60 85 77 56 91 72 7 61 50 80 70 4 16 12 52 73 21 33 35 90 79 46 51
92 62 49 65 64 75 63 29 51 79 18 16 94 20 68 40 7 24 14 27 55 74 34 82
87 53 71 26 89 6 0 22 38 78 69 28 86 59 81 37 44 19 2 84 57 10 93 13
43 65 8 52 83 31 17 58 30 3 54 48 59 66 93 1 76 10 9 68 56 49 44 41
25 33 57 90 73 86 70 82 74 72 60 61 11 80 71 21 45 91 51 4 50 77 20 79
0 22 78 10 19 1 93 6 76 34 59 2 89 17 38 27 30 28 84 47 36 13 31 81
22 0 78 10 1 6 19 93 59 34 76 89 38 17 2 27 47 84 28 54 30 31 13 9
79 20 94 16 61 7 91 70 60 33 50 4 77 21 72 85 80 14 82 90 12 73 83 51
19 78 0 34 22 54 84 6 10 13 27 47 1 28 89 81 53 38 2 93 36 59 76 9
0 78 22 19 10 6 34 2 89 1 93 76 27 59 38 9 81 47 17 13 36 84 30 28
0 22 6 76 78 10 1 93 59 19 17 38 30 31 34 54 2 36 89 81 9 28 13 27
61 90 91 70 83 52 77 21 73 85 74 51 50 72 60 80 7 46 43 33 4 69 16 12
78 22 0 19 6 10 34 1 2 27 93 89 59 76 84 47 13 28 38 17 36 54 9 81
32 75 3 65 44 36 54 95 27 2 17 14 94 19 46 55 37 10 47 78 63 22 76 6
0 22 78 93 10 59 6 1 17 19 76 2 89 34 38 84 30 31 54 9 28 27 47 13
70 61 91 77 50 21 60 7 85 72 80 90 16 4 33 73 74 83 51 46 20 79 35 52
91 70 61 50 77 21 60 90 7 72 85 4 80 16 33 73 20 74 51 83 46 52 12 79
0 78 22 10 19 93 1 76 6 34 59 2 28 38 17 89 27 84 30 13 31 36 47 81
30 93 31 76 17 48 41 59 0 1 10 38 22 11 78 58 9 19 2 6 89 55 34 36
16 94 79 7 77 61 91 85 20 51 21 83 52 60 70 65 50 4 75 35 72 12 80 66


