
17 70 65 28 85 88 47 6 37 48 43 31 19 52 45 9 13 22 38 69 86 50 89 23
29 24 73 33 46 90 53 91 94 5 89 42 27 40 16 0 30 18 93 54 51 62 35 84
84 44 93 77 63 14 92 34 35 76 75 74 23 60 67 5 30 72 3 55 8 51 38 54
38 60 14 74 48 63 85 86 52 92 9 81 84 75 62 93 8 35 44 13 77 76 67 47
0 15 16 54 57 39 21 83 30 71 56 36 26 59 5 51 2 32 61 20 66 72 82 18
31 17 69 65 1 45 70 82 37 20 32 28 2 43 56 89 26 71 21 19 36 50 59 83
85 48 17 86 47 70 19 38 6 52 12 37 88 29 78 62 9 74 31 28 46 89 45 23
11 56 21 59 71 26 61 32 1 36 20 57 82 39 15 83 2 68 50 0 22 65 80 31
48 85 38 86 47 52 19 74 9 70 6 13 17 60 14 37 28 88 23 92 95 75 81 41
29 24 33 46 73 89 42 90 35 53 12 62 94 27 6 14 74 34 38 84 93 79 55 25
84 44 14 93 63 92 77 35 74 76 60 75 34 23 67 8 38 3 9 55 72 5 30 95
16 30 54 0 15 5 72 51 18 84 66 57 77 93 83 36 39 34 21 67 3 59 71 61
29 46 33 73 24 90 94 89 42 62 25 53 6 12 40 35 55 79 74 5 63 0 18 14
38 74 14 9 60 23 52 92 75 44 48 35 63 13 34 85 8 86 95 76 55 88 79 77
48 70 47 85 17 19 52 6 88 28 37 9 38 13 65 86 74 31 60 95 43 45 75 23
52 70 85 17 6 9 47 38 19 48 86 88 60 74 37 65 75 62 28 14 79 23 45 13
17 70 31 28 37 65 19 47 85 45 48 43 69 88 6 1 89 50 52 82 13 86 22 20
68 81 45 19 69 1 37 39 26 86 82 20 32 83 21 41 31 71 57 56 15 25 89 47
20 82 21 32 26 56 71 1 83 39 2 57 69 36 68 45 31 61 0 37 89 59 15 49
75 77 14 92 44 3 34 60 63 76 74 23 8 93 51 95 13 35 9 84 67 38 52 5
65 31 1 17 69 20 82 70 2 43 56 32 45 28 71 26 37 61 21 59 89 50 36 83
36 26 2 20 32 82 21 71 56 83 57 39 1 61 69 59 0 31 45 89 68 50 16 65
9 74 38 60 52 14 92 23 75 63 48 44 35 85 86 13 95 47 34 8 79 76 6 55
3 7 58 8 13 78 49 4 10 67 95 76 44 80 75 23 77 92 34 14 93 52 9 60
86 19 81 41 37 47 45 74 38 69 52 70 48 68 6 60 62 9 89 17 85 63 31 92
51 84 93 54 5 15 72 16 30 77 63 18 67 0 14 44 76 66 35 34 3 92 64 8
1 56 82 32 21 71 26 20 2 69 39 45 83 57 68 31 36 65 37 89 61 59 49 17
58 10 67 13 3 44 8 93 80 76 84 60 14 4 95 63 77 74 7 64 81 92 34 9
44 84 14 34 77 63 93 35 92 23 75 76 60 55 8 74 5 3 67 30 72 51 38 9
20 56 82 32 21 1 71 26 83 2 69 57 39 59 36 45 61 68 31 0 65 89 11 49
78 12 27 7 17 49 47 70 50 53 23 92 62 75 48 13 69 31 89 36 37 39 28 20
14 44 92 74 84 63 60 35 23 38 76 93 77 75 34 8 9 55 67 95 3 81 52 72
29 78 89 12 24 27 46 53 6 47 48 17 73 41 91 70 33 19 38 86 37 35 9 74
15 0 39 57 16 83 21 54 26 71 30 56 68 36 32 72 5 82 20 2 18 51 1 84
29 89 24 73 33 46 62 12 53 6 94 42 35 25 17 90 78 37 86 70 69 48 85 45
77 34 84 44 93 14 35 5 51 30 54 92 63 55 75 76 23 72 8 3 60 16 66 67
0 16 57 15 39 54 21 71 83 56 36 26 30 59 61 5 2 32 51 20 18 66 82 11
29 89 33 2 25 24 32 62 69 17 73 46 42 20 36 65 45 50 82 94 71 26 6 70
84 30 15 54 51 72 93 5 16 11 0 77 18 63 66 8 90 44 76 81 68 80 67 3
14 23 9 74 38 60 75 92 44 52 34 95 63 35 13 48 8 85 55 76 77 79 86 6
80 22 4 52 38 88 8 9 40 60 48 13 74 85 58 55 95 23 11 19 47 44 86 14
92 44 14 74 84 77 23 63 60 76 34 75 35 9 93 38 81 67 8 3 55 52 95 13
35 93 14 77 75 84 3 63 9 60 44 34 79 76 92 5 74 38 67 52 8 23 66 54
84 93 54 30 5 72 16 77 51 15 44 67 63 18 76 0 3 35 34 14 66 92 64 73
24 29 73 46 89 33 40 90 67 91 43 62 93 25 1 45 76 10 35 6 87 5 81 84
38 60 74 14 92 9 52 75 23 35 48 63 8 86 85 95 6 44 47 93 13 77 34 81
14 34 44 92 77 63 60 93 84 74 75 35 23 76 9 8 55 51 38 3 67 79 95 5
14 44 34 77 92 84 63 60 93 35 75 23 74 76 8 55 9 51 38 3 67 5 72 95
74 38 14 60 23 9 92 52 75 44 13 35 63 95 48 8 34 85 86 76 55 77 81 47
29 56 71 21 26 94 32 1 82 2 57 20 39 83 36 45 68 25 59 33 46 69 0 89
44 14 92 23 84 74 63 35 34 77 60 38 93 76 75 8 55 67 9 3 72 95 13 30
37 31 17 70 19 28 69 45 43 85 47 48 65 89 1 86 6 82 20 88 32 41 13 2
50 81 86 38 84 52 14 48 60 64 19 85 77 68 93 88 47 62 8 74 13 63 67 25
80 8 4 91 40 11 27 22 7 58 55 3 49 95 87 66 44 88 76 77 75 59 79 15
1 56 20 32 82 21 26 71 2 69 83 39 57 45 36 68 61 31 37 65 59 89 0 50
28 43 41 70 47 17 37 69 31 19 89 6 48 45 13 65 86 85 20 23 2 36 10 95
92 44 14 84 77 63 74 34 23 75 35 93 60 76 67 3 8 38 72 95 9 55 81 30
56 21 71 20 83 26 57 36 32 82 2 39 59 61 0 1 16 11 15 69 54 68 66 49
4 80 22 11 58 40 49 66 7 55 59 13 87 8 3 44 88 76 43 34 10 79 61 23
38 74 9 52 60 14 48 85 23 13 92 86 75 47 44 63 35 8 6 95 88 76 81 34
19 37 70 17 47 31 69 43 45 65 1 89 41 68 86 20 6 28 82 22 48 52 32 87
86 19 47 48 38 52 70 85 37 74 6 41 17 9 81 60 28 13 45 31 92 69 23 14
29 24 89 73 33 46 62 35 94 12 25 0 53 18 72 78 51 16 93 30 5 64 42 92
54 77 5 84 34 51 16 93 44 30 3 67 18 14 66 55 63 75 76 72 15 8 35 64
23 74 14 92 38 60 44 9 34 35 75 63 55 52 95 13 8 77 84 79 76 86 3 48
93 63 77 84 14 44 35 60 75 76 92 5 34 67 74 9 3 51 8 54 30 72 38 55
7 58 13 49 3 80 4 10 50 8 43 75 88 65 52 85 70 48 87 77 95 60 47 9
86 38 74 63 48 41 60 81 47 72 84 92 14 19 67 9 6 76 93 44 28 85 13 62
29 33 73 90 24 46 25 94 62 40 89 42 6 5 53 91 18 32 27 22 21 83 45 39
5 72 84 76 93 77 25 44 62 63 30 67 54 16 60 18 92 15 81 51 14 73 0 35
14 74 60 94 35 9 63 38 75 92 23 44 93 34 52 84 55 73 90 76 95 77 79 62
0 16 15 54 57 21 39 83 71 56 26 30 36 59 5 66 32 61 2 72 20 51 82 18
16 54 15 0 30 5 72 51 57 39 93 66 83 84 21 18 36 71 56 26 59 77 61 11
76 67 14 44 8 74 38 9 60 92 63 10 93 52 75 13 3 23 84 77 48 34 81 58
58 67 44 93 10 3 94 77 76 91 84 30 54 80 63 51 8 34 16 11 5 13 14 66
46 73 29 90 33 24 94 40 89 42 62 53 25 6 91 27 12 55 5 18 35 32 22 0
4 7 3 58 80 13 87 43 10 42 22 8 11 50 28 66 75 67 95 47 61 52 65 31
80 4 11 22 87 55 66 44 53 3 59 58 90 30 40 7 67 54 79 34 43 42 84 10
65 17 31 43 70 2 69 1 82 37 20 28 32 45 56 71 89 26 50 59 36 21 19 12
30 54 34 77 5 84 51 93 16 44 72 18 35 66 55 63 14 15 92 76 3 0 23 75
54 51 34 30 16 5 77 66 18 0 79 15 93 55 84 59 72 44 3 63 35 75 61 76
34 77 44 92 14 84 75 93 63 35 23 51 76 55 67 3 30 79 60 74 95 5 54 9
84 44 93 77 63 14 92 35 34 76 5 74 23 30 72 75 60 67 3 55 8 51 38 18
84 44 77 93 67 34 63 30 72 3 51 92 14 35 76 54 23 8 5 75 18 16 60 55
84 44 92 14 63 77 35 93 34 23 74 76 60 72 8 75 67 30 3 38 55 51 5 9
14 74 23 44 60 92 38 9 75 63 35 34 77 52 8 55 84 76 95 13 93 79 3 67
38 74 52 9 48 60 14 86 85 92 23 47 75 13 6 44 63 95 81 19 35 88 8 70
38 85 48 86 52 74 9 47 13 60 14 23 6 19 92 88 75 70 8 95 81 63 35 17
19 85 37 17 70 47 31 86 48 28 45 6 69 43 38 13 52 88 65 89 41 9 1 74
84 93 5 54 30 51 77 16 72 15 63 76 18 67 44 0 35 3 14 34 92 66 73 75
36 82 20 31 26 69 2 32 1 71 56 21 83 45 39 68 37 57 43 17 61 70 11 65
74 38 23 9 14 63 44 60 55 92 86 52 13 48 95 35 34 85 75 28 67 47 84 6
92 84 44 63 77 14 74 93 35 76 23 81 60 34 67 72 75 3 30 51 38 8 95 5
49 46 91 67 76 10 93 8 58 53 40 78 15 11 80 13 27 84 39 3 7 68 19 64
69 1 82 20 32 45 31 56 26 37 2 21 71 17 70 68 50 83 36 39 65 19 57 61
17 70 37 31 45 69 19 65 28 43 1 47 82 89 20 6 85 48 32 2 88 86 41 26


25 16 8 75 94 55 0 44 10 87 86 51 28 11 60 79 40 89 42 80 58 95 91 77
39 62 38 18 53 45 7 32 3 65 34 58 40 56 12 33 76 87 48 91 1 26 43 84
88 75 94 73 10 85 14 77 26 80 24 13 11 28 49 58 16 51 2 64 56 47 63 68
39 32 72 1 38 18 33 62 84 12 65 45 91 66 56 40 3 26 15 58 48 60 34 95
92 20 74 22 55 61 31 67 9 16 44 36 23 60 34 42 90 50 84 81 6 17 75 93
55 16 25 77 94 75 93 66 86 8 10 36 92 78 91 51 58 17 49 71 44 74 88 90
10 94 85 13 73 80 26 58 11 14 47 75 79 28 1 56 78 29 88 0 2 45 49 69
29 70 10 2 0 28 51 13 75 26 82 58 85 80 41 14 86 47 78 45 7 49 83 3
27 34 92 20 67 23 28 31 7 6 78 21 82 9 3 51 61 54 22 52 84 70 15 18
15 12 81 18 54 17 67 31 32 42 64 51 89 39 7 44 14 52 0 61 43 72 77 6
13 26 85 47 56 10 58 80 79 14 45 2 28 62 24 0 88 66 73 75 1 25 57 53
24 47 80 10 13 56 79 58 85 26 14 0 28 45 71 51 73 87 86 11 2 62 75 59
62 45 58 55 49 53 66 68 16 84 64 5 71 25 38 34 39 86 80 79 52 69 35 27
80 10 58 13 47 85 0 26 28 73 94 79 75 25 16 14 56 66 62 11 45 1 88 51
95 66 93 57 44 91 34 22 36 40 92 78 20 56 61 65 3 4 76 84 25 67 45 52
10 0 8 13 25 85 80 55 58 51 28 87 26 2 94 79 86 47 66 75 1 62 45 14
57 15 36 76 64 42 84 63 24 68 2 48 4 81 29 18 6 37 38 56 39 31 30 65
89 27 30 6 51 47 41 69 54 80 29 42 94 10 37 9 59 72 88 75 85 17 26 5
80 26 62 56 58 47 45 79 85 13 53 86 73 24 30 68 66 87 69 35 48 10 77 14
51 26 57 80 85 68 7 5 2 70 37 58 13 27 47 10 6 24 82 73 35 1 30 28
47 13 56 26 24 58 80 45 79 85 57 10 73 14 1 62 87 28 0 68 69 32 2 4
47 64 88 80 5 54 57 93 53 1 58 26 72 62 13 73 85 11 12 32 4 21 45 68
47 80 88 58 26 13 1 85 10 45 73 62 56 2 94 28 0 24 57 77 14 5 32 49
19 47 72 5 80 88 1 29 13 56 41 73 32 35 94 49 25 58 70 83 59 52 26 69
26 13 58 85 10 47 56 45 80 79 28 73 14 1 62 88 75 24 0 94 66 2 49 11
37 29 5 75 88 47 10 51 57 6 80 73 85 2 13 27 14 26 93 58 70 28 82 41
22 61 92 74 20 31 67 55 9 23 34 93 18 84 36 81 42 21 38 54 6 48 44 65
76 57 24 37 4 85 26 79 28 5 56 13 58 51 53 10 73 88 80 7 21 1 94 45
58 62 26 2 80 45 85 47 10 13 56 25 87 79 55 66 1 24 88 49 94 86 0 71
23 65 22 61 20 38 34 74 67 31 18 48 92 9 84 39 33 63 27 21 95 30 82 8
26 13 58 85 80 47 10 1 45 79 28 62 56 73 0 88 24 87 14 11 94 66 2 57
76 12 53 24 91 40 68 43 4 17 30 42 77 64 79 87 15 57 51 54 85 66 46 56
91 66 44 40 34 8 16 87 28 60 79 90 25 62 45 58 55 0 80 50 89 78 11 59
58 62 26 13 45 80 47 85 56 79 10 1 28 24 0 66 87 73 14 94 88 2 57 86
56 13 26 47 28 79 85 58 10 45 73 0 80 1 24 14 11 87 88 66 62 94 57 40
80 13 77 85 26 10 47 88 2 58 14 75 28 49 16 64 86 1 45 59 0 73 94 62
85 10 13 73 80 58 47 26 28 56 94 88 75 45 79 14 24 1 0 62 11 66 2 87
13 26 85 47 80 58 56 10 45 28 73 1 2 79 14 24 88 62 94 66 0 77 11 75
76 4 79 27 5 24 78 35 83 53 56 48 70 54 91 3 63 21 82 43 93 28 81 40
85 73 28 75 11 13 10 26 88 14 80 77 94 79 47 1 91 0 2 32 66 53 49 78
17 90 15 77 86 60 59 71 8 87 95 42 55 25 0 50 41 43 11 64 89 19 69 16
61 23 74 67 20 31 65 22 38 92 9 84 18 34 44 39 33 12 54 82 72 27 21 6
55 8 16 75 25 94 9 20 88 66 44 19 92 89 2 42 10 74 87 22 77 23 0 14
92 20 74 61 31 67 9 22 55 23 44 6 16 27 81 54 8 84 78 42 36 25 82 75
61 23 20 67 74 92 31 22 65 9 38 84 18 34 44 39 33 60 91 27 21 82 78 72
13 58 26 85 10 80 47 79 45 28 1 56 73 62 94 0 14 66 87 88 24 75 2 11
74 20 61 23 9 31 92 67 22 65 38 84 18 81 44 34 27 33 6 15 82 54 30 72
10 13 26 7 85 5 58 47 28 88 80 94 73 24 1 56 79 45 21 57 51 75 27 0
85 80 10 73 26 13 58 51 24 14 88 47 75 0 79 28 56 11 2 25 87 94 66 86
91 44 66 38 39 53 67 60 84 95 74 31 72 18 61 19 65 78 22 20 76 40 43 12
62 66 58 45 16 69 60 86 53 91 87 26 34 13 95 79 56 40 1 80 3 0 28 25
67 61 31 74 92 18 20 38 84 65 22 23 33 39 9 91 44 60 34 82 50 95 21 78
0 86 28 58 16 80 77 62 71 45 87 14 10 79 2 70 47 90 51 82 13 17 68 50
13 85 10 28 26 47 80 1 58 73 79 56 45 0 14 75 94 24 11 88 66 57 62 2
15 7 14 50 2 51 81 48 4 82 86 24 12 43 3 68 30 27 17 63 57 54 70 47
86 77 90 71 15 19 42 41 59 47 2 81 0 51 17 87 8 70 80 14 75 52 82 6
47 13 26 85 58 1 80 56 73 45 79 10 28 32 24 62 14 57 88 66 49 0 77 5
77 10 75 85 86 80 58 26 0 13 2 55 94 47 14 87 16 88 11 79 73 28 45 71
68 63 84 95 48 4 31 30 82 67 7 34 18 37 65 57 38 90 92 69 70 23 61 32
41 42 70 89 48 90 21 27 72 88 5 22 6 94 30 35 2 36 82 29 77 75 49 59
85 10 13 47 80 73 58 26 28 79 75 56 14 0 45 94 88 24 11 1 2 66 62 87
55 8 25 16 94 66 92 20 9 77 74 91 44 34 36 75 60 78 10 51 23 93 0 53
77 55 25 75 86 90 21 41 49 16 5 11 94 8 64 60 10 19 35 92 50 42 88 91
13 85 28 10 80 79 47 58 0 73 26 11 14 1 56 45 87 88 75 66 24 94 62 2
19 41 42 72 54 59 47 15 2 71 29 9 90 64 89 80 86 88 81 48 6 75 73 50
62 45 58 26 1 56 47 32 13 39 80 85 79 66 3 33 28 24 87 38 0 59 18 10
10 75 73 85 13 28 94 80 58 88 79 14 47 26 11 0 16 24 56 2 45 1 87 66
46 66 91 79 47 56 45 58 87 13 59 44 16 36 85 62 28 0 95 10 40 43 80 73
51 27 0 80 70 29 83 2 19 37 85 57 10 89 88 47 52 75 69 26 13 28 71 1
60 64 89 15 69 59 71 16 36 55 66 77 50 8 43 14 90 86 44 0 49 20 17 29
80 19 47 85 25 73 71 10 69 58 88 13 78 0 70 94 75 26 8 57 2 6 5 42
92 20 81 65 23 31 67 74 61 4 84 18 9 33 30 22 44 21 27 8 69 68 38 48
86 50 41 71 90 72 82 3 2 14 42 52 77 55 16 29 80 46 70 19 75 88 6 36
67 61 31 18 38 74 23 65 20 92 84 22 33 39 9 82 48 27 34 15 6 81 21 54
19 77 86 41 52 29 49 25 90 80 94 5 59 64 15 75 8 71 50 88 6 60 72 10
13 26 58 47 85 45 10 80 1 28 56 79 62 73 0 24 14 88 87 94 66 2 57 11
58 85 13 80 10 26 47 79 73 45 28 62 56 88 14 0 24 75 94 1 11 87 66 2
56 45 1 62 58 32 47 79 48 26 66 13 39 24 57 80 95 33 63 85 86 4 38 91
71 50 90 69 86 59 48 60 17 8 87 89 84 70 95 14 0 66 15 68 51 43 12 80
13 47 85 10 80 28 26 56 58 73 79 45 24 14 1 0 88 94 2 75 57 62 11 87
41 86 12 11 82 90 60 50 25 19 53 68 77 74 21 9 17 15 69 8 94 80 92 5
92 75 51 20 31 74 11 67 4 78 6 43 81 73 36 27 44 55 54 14 95 42 61 57
77 64 36 19 88 15 2 94 75 55 50 49 26 29 90 72 45 85 14 1 47 59 86 13
55 8 1 94 10 87 25 58 62 45 2 93 88 75 13 85 26 66 16 73 79 47 34 0
19 29 70 82 50 25 5 57 78 93 56 80 10 2 83 47 45 52 58 13 49 73 66 85
76 24 57 30 70 51 37 79 5 53 68 82 6 4 85 7 46 40 56 10 13 26 73 78
85 73 26 13 47 10 7 75 28 11 1 14 80 79 4 88 2 57 45 32 58 51 49 24
20 23 61 74 31 67 92 22 65 38 18 9 84 27 82 48 81 34 8 21 44 33 54 30
38 61 23 18 65 67 39 84 31 22 34 33 74 20 9 72 12 92 54 44 15 82 27 48
8 94 33 55 75 73 88 65 16 9 23 62 79 45 81 87 58 35 10 80 66 42 22 83
10 13 85 28 80 58 26 47 79 73 56 75 14 0 45 24 94 11 88 1 2 66 62 51
57 6 37 5 4 88 47 24 2 29 82 73 51 27 30 83 85 80 64 54 72 68 76 81
2 71 70 48 59 14 82 90 50 64 51 30 29 68 57 75 0 47 80 16 36 49 24 6
7 76 3 28 79 53 40 91 4 27 87 83 12 32 11 13 51 45 43 93 17 26 0 85
10 13 85 58 80 28 47 26 79 73 56 45 75 0 14 94 88 1 24 66 11 2 62 87
85 10 13 80 58 26 47 0 28 79 56 45 73 88 14 62 1 24 75 87 2 94 66 11


9 75 89 28 77 87 88 21 64 91 47 49 19 59 70 54 66 37 43 95 6 73 53 72
16 58 86 57 26 84 42 59 73 27 74 34 70 52 69 36 80 5 23 39 53 90 75 50
51 69 61 60 74 50 65 4 86 0 33 68 81 31 41 67 5 2 40 62 11 93 3 24
40 93 61 33 31 8 65 46 14 67 12 24 4 3 60 62 11 68 18 50 81 1 86 79
33 62 40 46 12 61 7 78 65 68 5 83 41 51 0 32 1 38 43 64 86 13 47 85
0 40 33 32 1 62 79 51 61 65 81 13 43 7 46 68 30 5 85 15 12 83 60 69
4 11 60 67 24 50 8 30 81 31 2 14 45 22 23 27 74 86 93 36 3 18 61 35
4 60 50 11 67 8 31 14 30 24 81 2 23 93 27 74 3 45 22 17 36 86 18 44
60 4 11 50 86 24 74 67 2 81 31 45 8 61 30 14 93 3 23 18 5 41 69 36
75 64 89 70 59 84 47 9 53 73 77 21 28 37 88 87 42 49 72 91 52 66 95 19
86 58 42 84 70 5 45 57 52 73 39 53 74 90 75 64 59 69 47 16 89 82 37 61
33 40 65 12 68 0 46 62 61 1 85 32 5 56 38 83 41 48 35 43 45 47 82 79
62 40 85 61 43 1 46 33 63 94 3 32 68 39 83 80 5 37 0 34 65 47 52 19
60 11 4 50 2 74 67 45 14 8 24 86 31 30 22 81 23 61 3 27 44 16 69 51
74 4 60 86 50 11 45 69 58 2 24 61 5 16 67 30 81 23 8 14 27 22 41 31
90 15 18 38 78 86 36 17 16 46 26 13 7 24 93 5 57 3 67 31 92 30 60 25
58 84 37 59 89 73 53 70 75 69 42 47 52 9 5 86 64 74 72 21 16 0 28 49
69 16 58 74 50 4 60 86 2 81 30 52 80 34 36 24 84 45 26 61 11 53 27 39
11 60 4 45 50 86 74 24 30 27 14 2 8 16 67 23 3 22 31 61 81 44 58 90
4 60 11 50 67 8 24 31 2 14 30 81 74 86 45 3 93 61 23 22 18 27 41 44
74 4 60 86 58 11 50 69 45 24 2 16 5 30 67 61 81 23 8 27 22 31 3 14
86 60 4 50 74 11 16 69 61 18 24 3 90 2 67 30 5 36 58 45 81 31 8 27
8 67 11 24 4 31 60 30 14 50 93 81 25 45 3 23 18 2 86 22 44 61 17 27
28 77 75 9 87 47 88 21 19 64 89 91 54 70 43 49 66 37 72 42 59 53 84 73
75 9 89 77 28 87 21 88 59 91 64 49 47 19 37 66 70 95 54 43 6 73 72 53
6 29 95 54 71 66 79 87 76 20 49 91 55 19 77 9 28 21 88 89 75 42 57 34
31 93 67 8 14 60 81 4 50 3 11 17 24 30 18 2 36 61 51 25 23 22 27 74
4 67 11 81 60 30 8 24 50 31 2 14 45 74 22 23 3 93 27 36 25 32 61 44
82 71 17 1 21 64 93 19 76 87 25 46 91 77 54 72 28 66 88 79 49 6 14 29
84 59 73 75 89 53 58 70 37 52 9 42 47 64 95 69 49 21 28 77 88 87 91 66
41 55 51 12 65 92 7 32 61 72 79 35 82 73 0 40 29 45 33 19 47 80 83 58
58 86 69 74 16 5 84 45 61 52 39 7 53 70 50 60 2 73 78 4 42 11 59 3
59 9 75 21 91 64 49 88 95 77 66 87 6 73 89 47 28 19 54 72 53 37 84 70
82 39 50 61 14 74 2 60 53 52 51 11 84 86 45 3 4 41 31 93 90 69 47 62
41 65 33 55 15 68 73 74 38 40 46 47 0 12 64 5 75 89 53 72 78 84 85 69
90 62 3 41 18 61 78 79 86 93 15 46 60 31 50 83 14 5 45 24 11 25 67 4
9 75 77 28 89 87 21 88 91 49 64 59 66 19 47 54 95 37 43 70 6 73 72 53
26 16 27 30 11 4 60 2 36 14 45 50 63 67 90 80 44 34 24 8 74 81 17 22
70 47 84 75 42 89 37 28 53 73 64 9 58 77 21 59 87 39 52 43 88 19 72 49
11 4 45 86 60 50 74 24 2 8 67 30 23 14 61 81 5 31 58 32 16 27 69 22
10 83 38 48 56 62 12 1 40 32 61 13 3 43 45 68 46 26 72 0 33 41 51 81
86 74 5 50 60 58 45 61 4 11 69 2 24 3 31 39 14 41 90 23 93 16 84 67
9 91 88 59 21 77 66 75 54 95 49 87 64 28 89 6 19 76 37 47 53 73 70 72
95 71 6 57 66 54 91 87 16 19 49 21 59 9 77 78 26 76 75 24 28 64 38 89
11 4 67 24 60 8 30 50 31 81 14 86 2 45 3 93 61 74 23 18 36 27 22 25
58 86 74 69 45 5 61 4 60 16 50 11 2 84 24 41 52 39 23 53 42 70 27 73
71 76 54 66 19 91 6 95 87 17 72 21 77 49 88 18 10 43 9 93 64 12 1 28
40 33 62 65 46 61 12 56 68 0 1 4 85 48 10 81 11 60 45 5 83 67 31 50
24 67 18 30 36 4 8 11 78 50 81 60 31 17 16 23 25 90 14 2 93 74 45 27
8 11 24 30 67 4 45 25 60 81 14 50 32 31 23 93 44 3 22 2 86 27 79 18
7 13 27 80 30 1 36 43 16 26 94 81 51 25 32 39 23 17 3 34 22 14 0 56
60 4 11 50 2 8 67 31 14 24 74 86 3 30 45 93 81 23 61 18 22 27 44 90
84 70 89 53 75 42 58 73 37 47 59 52 64 9 28 21 39 77 88 87 69 49 72 91
5 74 86 60 50 11 61 4 45 65 33 2 68 41 40 69 23 24 58 93 14 0 31 12
9 59 88 75 52 89 91 77 66 53 54 21 95 19 64 47 87 49 37 28 84 72 70 73
75 84 70 64 59 53 47 89 52 73 9 37 21 77 28 42 88 87 49 91 39 72 66 43
8 67 30 11 4 81 25 14 24 45 60 44 50 31 27 22 23 32 93 3 17 79 36 1
67 8 24 31 4 30 11 81 60 14 50 93 2 3 23 36 17 18 22 25 27 45 86 16
75 64 47 70 84 53 9 89 59 77 21 73 28 88 87 37 91 52 49 72 66 42 19 39
60 4 50 11 67 8 31 45 14 24 81 2 30 74 86 61 3 22 23 93 44 27 25 18
47 70 64 84 75 39 53 82 73 42 37 28 21 89 52 77 9 72 87 19 88 66 58 43
77 87 88 91 21 54 28 9 19 66 75 64 49 47 6 89 43 95 72 59 76 70 37 73
89 75 77 87 9 28 88 21 91 49 59 54 19 70 64 43 95 47 66 37 6 73 72 42
33 40 65 46 12 62 68 85 5 61 0 47 1 43 64 19 83 28 37 32 72 9 76 38
74 52 69 2 39 58 84 53 50 82 61 70 60 45 86 73 94 63 34 55 4 37 80 47
32 79 41 40 5 25 0 45 33 1 81 62 30 58 61 68 46 15 83 89 24 65 55 8
46 33 40 65 5 68 0 12 38 62 15 42 47 85 78 28 41 64 70 84 89 61 75 79
62 61 33 46 40 5 65 12 86 68 69 83 3 0 1 60 58 85 39 50 45 78 32 4
18 67 4 31 11 8 60 2 50 93 24 78 17 3 74 90 36 23 22 14 30 46 86 16
0 51 32 33 65 41 40 61 81 79 62 83 12 7 45 60 68 5 1 30 67 24 50 14
60 11 31 4 50 14 8 67 2 93 24 3 86 30 45 81 74 61 18 23 22 17 27 44
30 81 8 67 31 14 4 60 11 24 22 50 27 93 3 2 36 23 17 25 80 94 32 44
7 13 51 1 32 30 80 3 43 39 61 62 27 0 83 52 84 14 16 36 81 50 94 58
32 45 40 0 79 30 81 41 5 58 24 4 68 61 8 25 11 33 60 62 1 67 50 86
4 11 24 67 60 8 30 50 81 31 14 45 2 23 86 74 93 22 3 25 36 27 44 61
74 4 50 60 81 69 11 2 67 32 30 8 24 41 31 45 14 58 86 27 61 3 23 5
54 76 66 19 9 91 88 77 95 6 49 87 21 28 71 43 37 59 75 85 89 47 64 72
45 86 11 4 74 58 5 60 50 61 24 2 32 23 69 41 8 14 27 30 67 22 3 16
31 8 67 11 60 14 4 93 50 24 30 3 81 2 18 23 61 17 86 45 25 22 74 44
31 93 8 67 14 24 4 60 11 50 81 3 18 17 25 30 2 61 86 51 23 45 41 79
13 7 16 36 17 27 26 80 30 57 1 34 94 43 90 25 3 63 23 6 81 39 59 51
4 60 11 50 24 86 45 67 74 2 8 30 31 14 81 61 23 3 93 22 27 18 16 44
87 46 71 82 77 54 88 76 91 28 21 6 49 40 44 72 29 12 1 35 43 66 95 19
23 7 78 24 93 31 14 68 86 3 17 38 8 11 67 25 4 30 50 36 13 60 81 45
31 67 8 60 4 11 93 14 50 24 81 30 2 3 18 23 17 61 45 86 22 25 74 36
8 24 11 67 31 4 14 60 30 25 50 45 81 2 93 44 23 3 18 22 17 86 27 90
33 65 40 46 5 12 68 35 85 0 23 62 61 55 86 74 82 79 32 47 22 64 83 15
9 75 77 28 89 87 21 88 64 91 47 19 66 49 59 54 37 70 43 95 53 6 73 84
40 33 65 46 12 62 32 68 61 5 0 1 45 83 79 81 4 60 11 86 93 67 24 41
58 84 70 42 89 73 37 53 59 52 75 69 5 47 39 9 64 16 28 32 45 74 49 0
86 50 60 4 11 45 61 14 24 31 74 2 67 8 3 93 30 23 81 5 41 90 51 18
11 60 4 50 86 24 2 8 67 74 45 31 14 23 30 93 3 61 81 22 18 27 16 90
48 0 65 56 33 23 1 13 15 68 10 79 40 8 62 4 61 3 30 57 50 11 45 81
31 93 67 17 8 14 51 81 3 18 60 24 50 4 30 36 11 61 2 25 90 71 23 22
9 54 59 91 75 66 77 88 19 95 21 87 49 64 89 28 47 43 6 53 37 70 52 73
11 4 60 67 8 14 50 31 24 30 81 45 3 25 2 22 93 61 44 23 86 27 18 36


92 64 62 63 49 75 16 27 34 47 20 13 79 94 24 87 69 65 7 89 84 19 55 36
95 72 12 4 11 45 28 60 50 73 56 3 52 80 46 82 14 70 26 61 33 53 21 91
2 86 49 62 42 69 57 27 64 75 84 55 63 87 47 1 36 34 13 71 92 83 19 54
0 78 22 76 17 10 93 31 59 30 19 1 58 38 48 36 89 41 13 84 34 9 55 6
0 22 78 76 10 17 59 31 93 19 30 1 38 58 89 48 36 13 84 34 41 9 6 55
88 66 17 15 93 30 1 10 76 41 58 55 38 31 78 0 36 2 3 47 8 48 18 22
18 88 94 91 16 61 79 65 7 21 92 70 51 66 40 73 33 3 20 77 62 49 64 8
49 75 42 51 57 65 83 62 86 92 40 14 2 64 77 68 7 85 35 61 80 18 79 21
12 72 28 82 56 95 53 60 4 45 50 11 52 77 15 33 80 73 46 35 87 85 54 25
61 21 70 7 33 46 91 77 50 79 18 35 85 60 80 72 3 51 73 20 83 40 16 4
0 22 78 89 19 10 59 34 17 76 36 1 31 6 13 84 93 38 30 47 27 55 9 54
68 2 71 5 49 14 92 42 64 62 86 83 55 69 57 61 51 46 70 21 91 29 20 40
77 7 79 33 21 35 85 61 50 80 20 91 70 16 46 53 60 83 94 18 40 72 3 24
41 66 93 58 76 2 48 88 30 17 11 1 15 10 90 38 73 28 78 31 74 8 12 0
49 62 65 64 92 75 86 42 2 63 57 68 27 51 14 26 69 83 43 40 71 55 24 34
91 70 61 21 73 33 50 18 72 51 7 46 80 77 3 60 88 90 74 79 40 4 35 66
34 47 36 19 84 27 13 78 22 63 0 54 10 89 6 76 59 55 1 9 31 93 17 30
76 0 55 78 93 22 10 31 30 17 19 59 34 58 2 1 48 36 84 89 41 13 38 6
18 94 7 33 12 16 79 77 20 61 50 21 24 85 80 70 3 4 14 72 88 60 35 91
31 30 17 41 58 93 76 59 48 10 38 0 78 22 1 19 8 9 89 43 36 44 23 34
45 95 60 44 87 46 80 26 50 4 38 32 39 72 71 82 43 3 12 69 85 66 81 28
83 53 52 85 46 57 77 42 51 14 35 43 68 65 7 75 40 49 79 86 66 3 81 54
72 60 4 50 12 95 73 33 70 45 91 25 61 21 80 77 53 3 46 7 90 35 79 85
48 58 59 31 30 41 17 93 74 38 76 11 0 22 43 89 78 10 44 32 8 23 1 6
76 93 10 78 30 17 0 31 22 19 1 59 58 36 41 48 38 34 47 13 27 84 2 55
61 70 21 91 33 7 50 80 77 46 73 18 79 72 60 85 51 40 3 35 83 90 94 4
69 86 57 43 26 42 2 83 62 68 5 49 14 71 29 75 64 65 55 52 54 92 80 39
43 26 69 5 57 45 86 87 58 2 83 38 15 76 44 1 48 93 30 39 95 90 41 68
69 26 57 86 61 21 80 91 33 7 70 83 40 49 14 65 77 20 51 62 35 42 46 92
36 76 19 93 30 47 31 84 78 22 0 34 10 15 27 59 13 1 17 38 58 6 9 41
61 91 21 70 33 7 77 80 50 79 46 72 18 20 85 40 60 35 3 94 51 73 4 16
95 12 45 80 60 50 46 72 4 26 56 71 3 57 77 87 79 86 69 83 20 14 21 91
91 70 61 33 21 50 90 72 80 73 77 60 46 7 51 79 4 18 40 74 3 35 12 20
76 93 10 30 78 31 17 0 22 19 59 1 58 48 41 36 38 13 34 84 9 55 27 47
4 60 50 72 12 77 53 33 79 80 45 20 7 28 35 46 85 21 70 3 56 91 61 94
7 94 77 18 79 85 33 21 61 20 16 80 91 70 50 24 40 83 35 56 46 12 51 3
48 41 58 30 93 76 31 74 10 17 38 59 5 11 1 2 0 22 90 44 78 43 26 23
76 93 0 78 10 22 30 31 17 59 19 48 1 58 38 41 36 13 89 9 34 84 11 27
84 13 63 54 56 47 34 36 20 19 27 89 9 23 24 44 35 16 52 28 6 87 77 53
28 54 0 27 36 34 13 47 22 19 6 9 78 89 87 38 10 67 53 84 1 11 56 59
79 50 33 7 77 4 20 21 35 72 61 70 12 53 85 91 16 80 94 60 40 14 24 46
43 26 83 57 46 42 52 45 95 14 5 68 39 65 3 66 91 61 80 77 71 21 69 70
61 70 21 91 33 7 77 50 80 79 46 72 18 85 60 35 51 73 40 3 20 4 83 94
76 93 30 10 31 78 17 0 22 59 19 1 58 48 38 41 36 13 34 84 11 55 89 9
95 69 87 45 80 60 26 32 50 11 86 38 71 6 72 4 2 57 39 46 44 3 12 73
53 85 7 79 16 77 35 18 46 60 50 21 33 83 25 80 20 94 3 72 4 61 82 70
53 85 25 60 46 18 83 77 52 44 45 66 7 35 73 82 23 21 81 33 70 80 16 50
75 42 57 62 2 27 86 49 83 54 65 84 6 95 12 72 4 56 63 78 71 0 36 13
95 45 12 28 60 3 72 4 11 52 50 24 56 46 80 77 38 83 67 54 73 71 53 14
74 61 51 73 70 83 21 91 18 77 46 66 40 90 35 25 85 43 33 80 7 3 88 68
53 77 35 20 7 79 12 16 56 52 85 83 24 4 94 60 14 46 80 33 72 3 40 28
77 61 21 33 79 50 70 91 7 85 73 18 80 46 35 51 16 88 3 83 60 94 40 20
77 7 33 21 61 79 70 50 91 35 80 85 20 46 60 72 83 40 53 16 4 3 18 94
76 0 17 78 93 22 10 31 30 59 1 58 19 48 38 41 36 89 13 34 9 84 11 55
50 79 21 70 33 91 60 7 4 82 16 18 61 80 51 25 77 46 20 85 40 92 72 94
61 91 21 70 33 7 77 80 79 50 46 20 18 40 51 85 72 94 35 3 73 83 60 14
91 72 70 33 4 61 21 12 50 7 79 20 80 77 51 90 94 46 60 35 73 40 14 3
72 60 4 12 95 52 73 11 25 50 61 70 33 28 91 3 77 21 51 53 90 56 45 35
11 28 45 95 38 60 54 12 56 44 72 4 9 6 0 37 15 93 76 36 22 52 10 58
78 19 0 22 76 10 1 36 34 13 93 47 84 27 17 31 30 59 38 89 6 54 58 9
90 91 94 15 73 4 20 37 33 47 72 70 12 36 80 79 63 50 61 24 84 60 8 51
17 76 30 93 31 58 48 41 10 59 78 1 0 22 38 19 55 89 36 2 11 9 13 6
38 11 89 0 22 31 93 78 59 17 58 76 10 30 6 9 19 44 48 45 1 28 41 36
78 76 0 22 93 19 10 17 59 30 31 1 13 38 36 48 58 84 41 27 34 2 55 6
41 93 76 17 58 30 48 31 10 78 59 0 1 22 38 2 19 11 66 55 89 74 36 9
53 56 20 79 94 16 63 12 54 4 7 24 77 52 35 27 28 13 85 84 47 14 34 83
5 68 44 92 64 43 81 29 55 39 23 71 89 32 63 69 62 66 34 16 20 31 65 58
77 83 80 85 46 7 79 35 21 20 50 33 24 61 69 91 60 53 52 40 70 56 16 4
80 25 33 53 77 70 50 83 85 73 7 21 61 79 90 60 91 72 46 51 16 40 35 87
45 60 8 44 95 72 52 28 38 12 50 43 3 18 70 66 73 74 37 61 4 46 11 58
70 61 91 21 33 72 73 50 77 80 46 7 18 60 3 35 90 51 12 85 40 4 79 83
75 49 2 80 73 57 42 90 51 70 72 74 87 61 18 71 91 88 50 21 4 62 83 46
70 61 91 21 33 50 72 73 80 7 77 46 18 60 51 3 79 35 90 85 40 74 4 83
54 13 84 19 6 53 0 37 56 22 89 78 36 87 28 59 38 95 34 9 23 32 27 52
72 95 28 4 11 12 67 27 6 56 93 0 82 15 50 54 25 48 9 22 42 75 53 84
30 10 93 58 31 76 17 48 41 59 11 5 38 1 55 78 19 43 0 22 74 2 9 36
83 53 79 7 77 80 61 33 21 91 72 70 46 35 85 14 12 60 20 3 52 94 50 40
92 64 62 49 65 63 75 51 29 68 42 16 43 5 20 79 55 40 34 7 94 2 27 69
87 53 69 71 85 80 81 6 25 89 56 32 50 26 86 67 60 39 79 95 44 82 83 73
43 68 83 5 54 52 65 8 77 35 63 92 3 26 14 46 39 62 75 23 59 49 42 31
25 60 11 72 28 73 82 50 53 4 23 45 52 33 90 8 95 74 70 77 67 37 61 21
0 22 78 10 76 19 17 59 31 93 30 1 89 38 36 58 13 34 48 84 6 9 41 27
22 0 78 59 10 19 54 89 84 6 31 17 34 76 1 36 13 38 93 30 9 47 27 48
94 20 63 79 75 47 7 27 14 16 62 88 3 4 21 49 61 12 91 34 50 55 33 24
53 16 79 7 35 77 85 94 20 83 3 33 88 80 12 14 18 60 46 21 24 40 52 56
78 10 76 22 0 17 1 93 19 30 59 34 31 55 2 36 27 47 58 13 41 48 89 62
0 22 78 31 19 17 6 76 38 1 59 30 10 58 93 89 84 13 37 54 36 9 48 41
61 43 91 70 69 21 80 83 46 77 3 73 57 33 7 26 72 52 35 90 50 85 18 60
6 34 27 78 22 47 89 0 13 54 19 1 84 36 63 10 55 62 59 17 88 2 53 9
95 32 75 72 87 4 12 2 27 71 6 56 60 54 86 50 36 26 57 11 47 80 84 46
0 22 84 54 6 78 59 19 13 10 17 34 89 9 27 1 31 36 93 76 30 63 75 55
61 91 70 21 33 7 80 50 18 77 73 72 79 46 3 51 60 40 20 94 90 35 88 14
91 61 70 21 33 7 77 50 72 80 79 60 46 20 4 18 40 35 3 12 73 51 94 90
0 78 22 76 10 19 93 17 31 36 30 1 59 38 34 13 84 58 47 48 27 89 9 6
93 30 17 76 58 31 48 41 59 10 0 22 38 78 1 11 19 89 55 36 9 2 6 8
79 77 7 61 21 91 94 33 85 20 70 35 16 46 18 50 3 60 83 51 40 24 72 52


