17 65 70 37 88 2 43 85 50 56 61 6 59 28 1 45 52 32 47 26 71 49 82 11
91 29 24 73 90 27 40 33 46 78 53 42 39 5 89 83 12 20 57 15 93 18 71 77
63 81 30 72 84 44 93 23 74 77 3 41 76 0 68 14 15 35 67 19 16 89 75 92
60 14 75 92 62 93 77 9 74 5 72 81 63 35 38 44 89 15 84 54 86 25 76 3
15 0 30 93 16 77 81 84 63 3 72 54 39 68 57 44 76 67 18 5 74 41 75 35
28 85 48 31 88 17 47 65 6 61 43 50 45 70 26 37 12 56 82 36 32 2 42 1
78 14 23 38 9 86 62 35 41 74 90 60 72 64 19 12 84 27 63 92 93 29 68 81
56 1 65 61 32 17 26 37 2 45 88 50 70 82 21 6 71 85 43 28 31 47 59 11
74 23 41 63 81 44 72 86 84 19 14 3 30 93 77 89 76 92 35 9 68 67 0 75
90 73 29 33 46 27 40 78 89 91 42 72 35 30 39 76 93 63 74 62 77 18 23 81
63 44 74 93 81 3 72 30 23 77 84 14 76 41 75 92 35 67 15 0 68 9 16 60
0 15 16 30 83 5 57 18 54 39 84 81 68 72 93 77 63 3 41 89 76 35 44 74
46 29 73 90 40 33 27 42 78 91 89 62 12 53 76 24 94 74 79 9 41 63 35 55
14 9 60 23 38 74 92 44 35 75 86 41 34 63 77 76 55 81 89 79 72 19 3 93
85 28 88 65 70 17 37 50 47 56 48 2 6 43 45 61 1 26 52 32 31 82 49 8
79 75 74 92 60 81 35 41 52 44 23 57 63 55 77 14 3 62 22 59 9 95 86 76
17 28 65 85 88 37 61 45 70 1 56 50 47 26 6 2 31 32 82 43 21 48 49 71
20 68 83 82 39 19 69 31 64 21 86 84 15 26 1 45 0 16 32 54 18 13 25 47
83 20 57 21 39 82 0 15 71 16 69 54 32 68 26 18 1 5 36 84 56 45 19 30
75 14 9 34 77 92 89 44 74 63 95 51 60 35 23 3 93 72 76 81 30 41 5 67
65 61 17 56 88 50 2 28 85 26 70 37 1 32 45 43 6 82 31 21 47 71 36 59
31 26 82 21 32 36 61 56 45 1 85 50 2 71 28 20 65 88 17 6 37 43 47 11
74 92 23 60 14 44 63 35 9 75 41 77 81 76 72 3 89 86 93 79 30 34 84 55
58 10 80 8 11 7 67 49 95 3 13 4 66 46 44 9 12 93 23 76 43 64 79 34
81 41 19 86 74 63 84 0 68 93 3 30 15 77 83 67 72 44 76 92 89 23 57 18
26 21 56 82 32 1 50 2 61 45 37 71 65 20 31 36 85 17 88 70 28 47 51 6
1 56 32 2 26 45 82 21 65 61 37 71 17 50 85 70 88 6 31 20 28 43 36 47
58 10 67 13 3 93 8 44 80 76 84 63 30 81 19 68 9 15 64 41 74 72 14 95
72 30 84 23 63 44 93 81 68 3 77 74 0 76 14 41 15 35 16 67 18 19 89 64
1 37 45 32 61 56 82 65 17 70 2 69 20 26 21 6 71 88 43 50 59 47 49 28
12 78 27 90 73 62 23 29 55 92 35 53 75 18 74 34 40 42 79 91 41 14 89 24
63 72 74 84 41 44 81 23 30 93 3 76 77 68 14 19 0 35 67 92 86 15 75 18
46 69 20 27 91 78 12 49 29 31 24 47 90 45 53 19 82 83 7 13 40 1 17 37
15 39 16 0 84 68 54 30 93 72 5 83 18 57 81 63 67 64 3 77 76 19 41 44
73 29 62 33 90 78 40 25 42 27 46 6 89 55 35 94 24 53 12 91 5 60 18 52
50 65 2 56 70 88 59 17 71 37 85 26 43 52 34 61 11 95 51 32 36 1 53 28
57 16 15 54 39 0 83 5 30 93 18 84 68 81 3 72 77 63 67 76 20 64 44 35
65 2 56 17 32 61 50 37 85 45 26 1 70 88 6 28 82 21 71 43 47 31 36 25
83 20 68 19 39 69 0 84 86 15 82 67 18 57 30 11 81 54 31 16 64 80 21 10
23 63 44 74 72 14 41 30 77 9 35 81 84 92 76 3 93 89 75 68 0 60 86 18
80 58 10 8 4 38 79 13 22 95 44 9 67 3 23 74 11 92 49 19 66 76 55 14
81 44 74 63 23 41 3 30 93 84 77 72 76 67 92 0 14 68 19 86 75 35 15 89
85 45 31 1 26 21 32 61 56 71 82 2 65 17 6 88 20 37 50 28 12 59 43 25
16 15 84 54 93 72 30 39 0 68 64 63 5 77 81 3 76 67 18 14 44 35 89 41
25 62 73 6 40 32 45 29 1 2 5 61 24 37 85 82 56 91 17 21 26 65 70 78
23 74 60 92 14 35 41 9 63 44 72 93 77 86 75 81 30 76 84 19 89 3 68 90
14 72 23 44 63 30 84 74 93 9 76 77 35 92 3 60 41 68 81 64 67 89 19 86
14 72 9 23 44 77 60 63 92 35 34 74 30 84 93 76 51 64 3 75 89 81 38 41
74 23 44 14 63 92 41 75 81 9 35 77 72 3 76 93 60 30 84 86 67 89 19 68
56 71 26 2 21 1 32 65 45 82 37 50 88 61 70 17 49 29 59 85 36 28 6 20
23 44 63 74 41 30 72 84 81 3 93 77 76 68 86 14 19 0 35 67 92 89 9 15
85 28 65 37 56 17 1 26 45 50 2 88 61 43 82 32 31 70 47 21 6 49 36 71
26 31 82 1 21 50 56 85 45 32 61 88 65 47 71 28 37 17 48 2 36 6 20 49
80 4 8 58 10 87 11 91 3 95 66 44 34 22 55 27 49 7 67 77 23 75 40 9
1 56 32 2 61 26 65 37 45 82 21 17 50 71 70 88 6 85 20 43 28 36 47 31
41 19 23 81 86 89 92 74 83 18 67 44 0 3 79 13 63 57 30 76 69 75 68 72
63 44 72 30 23 81 74 77 93 3 84 14 41 76 0 92 67 35 68 15 75 89 9 16
0 83 16 15 39 18 57 30 68 54 84 3 67 81 72 19 93 63 41 5 23 44 20 76
4 80 22 87 34 55 66 11 58 10 43 59 79 23 44 49 36 13 67 40 3 92 95 8
14 23 74 44 9 63 92 60 86 41 72 35 76 77 81 84 93 3 19 30 75 89 38 67
23 19 30 41 44 81 74 68 63 89 3 0 84 77 76 86 72 18 92 35 93 67 15 9
41 86 19 74 81 23 44 63 92 3 84 67 14 76 72 93 89 60 75 77 68 9 35 30
29 62 73 33 78 90 25 89 27 40 5 35 46 24 42 18 91 60 72 77 39 30 94 0
75 77 14 34 54 44 3 16 63 5 9 93 23 81 72 35 55 15 76 74 87 30 84 67
23 44 74 63 30 41 72 81 84 3 77 35 93 14 76 68 19 92 0 86 75 67 9 89
93 63 81 84 72 30 77 3 74 0 44 15 76 41 68 67 14 23 16 35 75 19 39 89
50 43 65 56 88 85 28 70 17 37 2 49 10 26 1 4 61 7 8 71 45 11 58 36
84 41 19 81 72 68 30 63 0 93 86 74 76 23 44 67 3 15 18 77 39 16 35 89
73 62 5 90 40 25 18 89 33 35 77 91 78 29 81 39 72 0 30 68 84 63 41 57
62 5 25 60 77 72 84 35 18 89 93 81 63 76 30 14 73 16 41 74 0 15 86 68
9 94 75 14 35 60 74 91 79 95 92 34 63 23 44 77 52 62 90 89 73 78 33 93
21 71 20 82 26 57 32 54 83 56 36 39 16 1 15 11 5 2 59 61 0 50 51 66
54 16 15 21 39 5 71 57 83 0 51 26 82 20 93 36 30 32 84 68 56 72 64 18
8 10 58 38 46 48 49 80 76 52 67 9 28 95 47 88 70 91 29 85 37 43 53 79
67 3 58 44 93 63 30 84 10 76 81 72 23 15 77 74 13 9 0 14 68 16 80 41
73 29 40 90 33 46 27 78 91 24 62 42 89 53 25 55 6 35 12 5 76 51 34 18
58 10 13 80 7 4 3 67 8 87 16 54 84 64 15 44 63 81 77 19 68 0 93 66
80 87 4 55 53 10 11 58 66 67 22 7 43 44 42 3 24 34 54 16 13 59 36 30
65 2 50 56 17 70 88 43 37 85 61 26 32 1 71 28 59 45 21 82 36 6 11 49
30 72 16 84 93 77 63 15 0 54 35 23 44 5 68 14 18 3 76 81 39 64 74 89
63 30 77 44 72 3 93 81 74 0 23 84 75 76 35 15 16 14 92 41 89 18 54 68
63 44 74 77 81 3 23 30 72 93 75 92 14 76 41 84 35 0 15 67 9 89 16 68
63 81 72 30 44 93 74 77 84 23 3 41 0 76 35 15 14 75 68 92 16 89 67 18
84 30 72 3 93 63 44 23 81 68 67 0 76 77 74 41 15 16 14 19 64 39 18 35
84 72 30 68 23 93 63 41 44 81 0 76 64 19 3 18 77 15 14 16 67 74 86 89
23 44 63 74 81 72 30 84 3 77 41 93 76 14 35 92 0 75 68 67 19 9 89 15
74 92 60 75 44 23 14 41 79 9 63 86 81 35 38 77 3 76 89 19 55 72 93 34
48 85 28 38 47 31 88 6 17 13 50 37 8 45 65 70 43 52 26 61 86 1 56 64
31 48 28 47 85 13 45 82 69 38 6 86 19 1 61 37 26 20 32 64 43 17 88 21
54 16 15 39 5 84 72 93 30 68 0 64 18 77 63 76 51 81 3 67 35 14 57 89
31 82 26 21 36 61 11 56 1 20 32 71 45 49 2 65 28 17 43 50 85 88 37 10
23 63 3 44 41 81 74 30 72 84 67 76 0 19 68 93 77 86 14 92 35 18 89 15
74 92 81 63 44 75 41 77 23 3 35 0 30 76 93 89 72 60 86 57 79 14 84 19
58 10 8 49 46 67 80 95 11 13 7 76 93 91 3 53 9 64 44 39 15 94 19 71
95 51 50 70 92 43 11 69 87 37 66 58 55 4 41 10 38 17 75 52 65 56 36 42
17 37 65 70 45 88 61 1 28 85 6 56 47 2 43 32 50 26 82 31 21 52 49 69


75 16 10 94 0 25 8 58 87 44 28 79 2 13 11 47 1 85 80 14 40 55 49 93
67 39 18 31 38 74 9 65 61 22 34 23 32 92 84 42 33 72 27 15 81 82 12 48
80 88 85 14 26 10 11 58 73 94 13 75 47 2 4 1 28 49 24 79 51 57 56 86
39 18 72 32 84 31 67 38 22 23 15 65 9 74 81 34 42 61 33 12 44 54 48 3
22 92 42 61 74 20 67 31 55 34 63 93 9 81 36 18 38 23 84 60 39 65 25 48
55 75 94 58 10 16 85 2 80 1 49 13 14 47 26 88 11 87 79 28 45 73 8 77
94 58 1 79 26 80 73 14 11 85 13 10 87 47 78 2 57 56 88 75 45 69 28 86
10 58 26 13 2 80 75 85 14 11 28 73 1 47 4 16 79 94 49 88 57 56 0 78
28 20 27 0 25 6 92 81 19 79 23 54 66 51 70 82 89 34 11 7 9 44 43 21
43 10 73 28 14 4 56 0 13 51 26 80 11 47 79 24 2 57 66 20 7 94 88 58
1 87 26 85 58 47 80 2 88 14 75 45 53 62 13 10 94 79 11 49 4 56 24 73
10 80 47 13 14 26 58 2 11 24 79 28 73 94 56 4 85 0 88 75 51 57 43 1
84 92 18 27 39 42 31 22 74 67 61 34 9 25 55 38 20 72 23 60 44 65 82 68
10 80 58 2 47 13 85 26 14 11 94 73 75 88 79 1 28 57 4 56 87 0 16 45
20 93 95 43 22 63 81 36 21 56 42 92 66 16 57 40 84 91 48 89 28 83 44 29
8 87 1 94 85 75 45 58 10 2 55 13 80 11 16 88 79 57 47 14 26 28 73 0
36 76 64 15 84 63 42 67 38 61 65 31 18 39 50 95 22 33 32 81 74 23 34 92
10 94 80 47 75 89 58 26 14 13 73 88 85 51 0 11 69 24 30 4 2 49 28 6
74 31 67 18 12 9 38 39 92 82 32 61 65 84 30 23 68 72 42 22 27 81 34 33
51 80 53 14 26 73 86 69 11 47 58 24 85 10 4 13 79 2 1 88 94 75 0 68
56 47 0 87 24 13 26 57 4 79 14 58 73 53 7 45 86 69 70 11 95 1 10 80
11 47 80 26 73 58 88 14 53 13 10 94 85 4 2 1 79 86 28 49 57 87 51 75
88 10 47 73 2 26 13 80 4 58 11 14 94 56 85 75 28 57 49 0 1 24 79 16
22 72 31 18 67 9 74 61 39 38 32 84 65 23 34 81 33 92 42 27 20 82 19 5
26 10 58 13 47 2 80 73 56 85 11 88 14 4 79 28 75 57 1 94 0 49 24 43
20 70 90 0 82 27 21 93 41 81 29 6 22 5 43 42 51 44 46 37 16 59 18 36
22 93 61 34 92 63 55 36 42 74 31 67 38 23 48 21 9 33 65 95 72 32 18 54
24 80 51 4 26 14 73 85 57 58 11 10 13 2 56 88 47 79 1 94 28 0 53 75
87 58 85 1 55 2 80 75 26 47 94 88 10 45 49 8 16 11 13 14 62 57 79 73
22 31 34 18 67 23 61 39 74 65 38 9 92 42 84 32 81 20 48 33 72 27 95 63
58 26 85 13 10 47 80 1 11 2 73 88 14 79 94 75 57 87 28 4 45 56 0 24
12 51 68 53 76 24 30 86 80 77 6 15 69 82 64 71 14 17 27 54 91 19 26 7
28 79 0 10 11 2 80 94 13 14 47 58 45 51 75 88 66 16 85 26 73 8 87 40
58 80 26 85 47 13 1 75 87 14 10 2 79 11 45 73 94 88 24 56 28 4 53 57
56 58 26 47 1 13 73 79 11 87 14 2 28 45 10 57 88 0 80 85 4 94 24 43
10 88 13 2 80 75 26 47 85 58 11 73 49 28 14 94 16 4 1 56 45 79 57 0
85 73 10 94 13 2 80 47 11 1 58 88 26 75 14 57 4 79 87 28 45 56 49 24
2 13 58 26 47 88 10 85 11 94 73 80 14 4 1 56 45 57 28 75 79 87 49 24
93 76 48 63 5 70 83 56 21 79 4 37 45 81 27 22 57 24 95 78 7 35 20 54
73 80 53 14 26 51 19 88 86 11 13 28 85 4 77 6 12 10 47 75 79 58 2 94
90 17 75 10 77 71 13 28 56 47 49 0 26 43 2 16 94 15 11 80 45 63 14 73
61 67 38 31 74 65 9 23 34 22 18 39 92 32 33 72 84 42 15 27 81 82 44 62
55 75 10 94 80 16 85 88 2 49 58 8 25 14 11 13 26 1 66 28 47 19 6 73
20 25 92 6 42 74 81 22 43 51 16 9 61 44 49 10 31 27 78 66 83 67 36 4
23 61 67 65 9 38 34 31 74 92 22 18 39 33 32 72 84 42 27 44 81 15 82 25
1 87 85 58 26 80 8 13 94 45 14 79 47 73 11 62 2 53 75 88 10 57 28 86
38 67 65 61 31 9 23 74 22 39 18 33 34 32 92 72 84 42 15 81 27 82 62 44
13 10 26 47 58 2 85 88 56 73 14 79 94 4 1 11 57 75 28 80 87 0 93 45
80 51 14 26 10 73 53 11 58 24 47 88 85 86 4 2 13 75 43 0 56 79 28 94
39 91 72 38 66 67 32 18 65 31 74 84 50 61 44 22 33 9 19 23 62 95 60 42
62 55 34 23 60 78 36 3 65 8 38 16 66 39 87 25 91 69 95 32 50 33 9 44
25 92 61 9 22 74 20 67 23 34 31 33 65 42 21 82 50 78 44 38 81 91 95 72
27 0 20 44 28 43 51 77 71 82 90 84 68 25 6 53 92 69 17 86 80 12 41 70
13 10 73 26 85 58 47 11 80 2 14 28 1 79 88 94 4 57 75 56 87 45 0 24
7 15 81 48 51 70 24 14 17 27 54 56 63 37 86 4 43 82 47 52 12 46 0 83
77 6 51 90 14 73 19 75 80 24 88 47 26 94 71 13 10 85 0 68 59 82 81 2
47 73 26 4 56 58 13 80 43 10 14 85 11 88 2 24 57 75 79 28 49 1 0 53
75 77 10 85 80 88 47 2 26 94 11 58 13 14 49 73 16 1 28 45 79 4 0 87
95 63 48 84 68 34 22 30 7 23 31 18 70 90 81 67 93 65 92 52 32 38 69 20
93 21 89 48 16 36 22 63 95 70 29 34 90 45 42 55 5 20 72 61 94 2 59 88
10 13 47 2 26 58 85 73 80 11 14 88 4 79 75 94 28 57 1 56 45 87 0 49
55 25 8 66 94 16 10 75 2 78 88 87 77 92 62 36 19 93 69 80 1 6 28 3
10 75 13 49 85 88 11 2 94 26 58 28 16 80 73 47 4 45 1 57 21 14 79 77
1 87 58 85 13 47 11 26 79 80 2 10 45 73 14 88 28 94 57 75 4 0 56 16
88 94 93 19 13 85 47 75 10 89 54 73 2 56 26 59 90 1 57 45 4 14 77 29
58 13 26 47 56 10 2 85 4 57 1 88 28 45 73 79 11 80 14 75 0 87 49 94
10 85 2 13 11 75 94 80 73 58 47 88 14 26 1 79 57 4 28 87 45 56 16 49
46 47 16 28 57 4 10 2 56 45 89 13 11 85 79 75 58 26 73 88 87 49 93 1
80 51 14 73 85 26 58 75 0 47 69 86 11 12 24 88 10 1 13 94 2 71 19 77
15 60 64 36 44 92 61 29 67 31 74 50 18 38 22 23 71 65 9 17 63 39 69 59
80 53 51 69 73 85 58 86 14 26 47 11 75 88 94 1 10 6 19 13 24 77 2 87
20 81 0 43 51 4 28 24 56 69 83 53 18 11 92 66 30 79 10 84 13 27 57 68
16 90 50 75 86 44 52 21 3 41 46 49 36 55 5 77 60 88 14 71 80 94 69 29
67 31 74 65 38 61 9 18 22 23 39 92 34 33 32 42 84 72 81 27 82 15 44 48
77 19 41 64 6 52 80 90 86 82 49 75 59 88 94 69 73 8 71 29 51 26 50 85
13 58 45 47 26 1 85 87 2 79 10 11 73 94 56 88 28 80 57 14 4 75 0 24
85 1 58 26 87 80 47 45 13 11 14 2 88 73 79 75 10 94 57 28 24 56 4 0
56 4 76 79 57 66 24 45 47 11 26 43 73 13 53 95 58 83 48 1 86 28 10 2
12 51 68 69 71 80 82 86 30 14 17 19 15 24 27 44 77 46 50 90 53 54 6 52
73 13 10 56 4 47 28 11 14 88 79 2 57 26 58 94 80 85 1 24 0 75 45 87
12 41 82 68 9 6 53 86 74 69 67 31 51 27 92 38 65 19 18 15 23 77 72 39
20 43 92 81 31 42 27 95 18 74 51 84 67 22 6 82 17 7 39 9 30 70 12 44
88 2 85 94 75 13 77 26 10 14 80 47 58 73 11 1 28 4 49 45 57 56 24 79
45 1 93 94 87 2 13 55 75 85 16 10 58 8 88 47 57 79 28 26 11 73 49 14
10 88 56 57 2 79 13 11 73 85 4 58 26 47 80 28 75 94 1 45 70 0 49 14
51 53 24 80 86 68 4 26 57 73 69 70 5 14 76 11 85 10 6 47 56 2 79 58
85 73 75 14 26 13 10 11 1 80 2 88 47 58 79 94 4 28 57 45 56 87 24 49
20 92 81 74 22 31 67 18 23 42 27 61 9 65 34 82 38 39 84 48 95 25 70 78
38 67 61 65 39 31 23 74 9 18 22 34 32 84 33 92 72 42 15 81 44 27 82 54
8 62 33 1 45 55 87 85 75 94 79 73 88 14 2 65 80 77 3 57 13 11 4 16
10 13 80 58 47 26 11 85 2 73 14 28 88 4 79 75 57 94 56 1 87 0 45 24
57 88 4 64 2 24 73 47 76 53 80 85 56 26 11 14 30 68 5 1 86 94 10 13
71 14 90 75 2 16 50 49 51 80 70 59 73 57 10 82 28 68 24 13 85 47 26 43
76 7 91 44 62 79 28 3 27 87 48 45 40 33 53 83 15 17 34 93 1 23 39 54
10 13 58 2 47 11 85 80 26 73 88 14 94 75 79 28 4 57 1 56 87 45 16 0
1 85 58 80 47 10 26 88 2 87 13 75 11 14 94 73 79 57 45 4 28 56 0 16


9 19 28 87 89 43 75 88 54 77 21 91 76 66 6 59 49 95 32 37 73 71 25 84
59 75 58 89 95 88 73 6 9 87 91 21 49 77 43 19 84 28 54 42 76 66 37 32
51 60 61 50 31 52 3 14 4 11 86 93 8 67 2 45 74 44 24 46 90 23 5 65
33 51 8 67 65 24 93 31 60 4 0 61 12 46 3 11 44 68 22 74 14 62 86 2
7 33 41 0 12 40 51 65 46 78 62 86 68 5 64 72 37 93 32 3 47 35 61 81
0 33 40 62 65 7 51 81 47 46 3 85 79 61 12 38 1 13 60 14 90 67 31 8
60 4 8 67 11 31 61 14 24 2 3 50 44 52 23 74 16 51 45 22 93 90 18 27
60 4 14 11 31 8 52 50 61 2 67 3 24 23 45 44 74 51 90 16 93 22 86 94
74 4 61 60 86 50 11 24 52 2 31 67 8 3 16 14 45 5 23 51 93 90 44 22
64 53 84 75 88 89 9 28 70 77 82 73 21 87 42 86 37 59 72 19 91 58 66 43
86 45 82 70 57 39 64 5 93 90 23 53 52 50 26 58 84 46 44 2 14 11 51 3
33 65 40 12 62 68 0 38 61 41 5 56 45 48 52 3 14 60 47 11 46 4 50 31
63 34 80 62 94 47 85 41 3 55 52 39 61 50 82 45 8 60 2 11 37 22 44 4
60 11 50 4 8 2 14 52 61 31 67 3 44 51 45 24 74 90 23 16 86 22 93 82
74 69 58 86 52 5 16 50 4 45 61 2 11 60 84 23 41 27 70 3 39 14 24 8
15 46 90 78 17 36 38 26 86 18 92 13 93 7 16 57 5 30 3 12 23 67 31 24
59 89 75 88 9 58 95 87 19 37 6 91 73 28 77 49 54 21 76 43 32 66 84 42
52 50 45 16 4 74 14 86 60 61 2 31 51 3 5 39 8 11 44 23 67 93 24 22
52 11 60 50 61 4 14 3 2 8 45 16 31 67 74 90 44 23 24 27 51 86 94 22
60 4 11 61 8 2 31 67 14 74 50 52 24 3 44 51 23 90 45 16 93 86 22 18
74 52 4 16 50 69 2 45 11 61 60 8 5 3 23 86 67 14 39 22 58 24 27 57
60 11 4 52 61 50 2 8 3 14 67 74 16 31 90 24 23 45 27 44 94 51 18 86
31 8 14 11 60 67 4 61 3 44 52 50 24 2 45 51 90 23 93 94 16 74 22 86
9 19 28 89 87 75 54 43 88 77 91 21 76 6 49 66 95 59 32 37 73 42 71 84
9 89 75 87 19 88 28 54 43 77 59 91 6 21 95 49 76 66 32 73 37 71 84 25
54 6 95 66 79 87 19 76 91 9 49 77 75 28 71 21 89 43 88 25 32 29 59 30
31 60 67 4 8 61 11 14 2 3 24 52 50 51 74 93 44 23 90 16 22 45 18 94
8 4 60 67 11 61 31 2 14 24 52 50 3 74 44 16 23 51 22 45 94 18 90 93
28 87 21 77 91 88 9 89 49 75 19 32 59 6 54 43 95 66 76 42 64 71 37 25
9 77 88 64 87 66 43 28 21 75 71 19 76 89 91 53 54 59 6 25 32 73 49 95
41 62 7 12 40 33 55 83 65 51 32 47 86 81 72 79 5 0 61 3 38 69 64 35
60 52 50 61 14 4 11 3 45 2 31 86 8 23 51 74 67 44 24 90 16 93 5 82
95 59 75 6 49 88 91 77 54 87 9 89 21 19 73 76 66 28 43 58 81 37 30 32
11 60 50 52 2 4 14 61 74 31 3 8 45 44 51 67 90 86 23 82 93 24 94 22
41 65 40 33 55 73 68 0 15 47 12 69 79 38 58 37 86 46 84 89 92 75 19 5
90 3 60 14 31 61 11 52 41 50 4 8 51 2 67 74 45 24 93 86 44 46 82 94
9 87 19 28 43 54 88 77 75 89 21 91 66 76 6 49 59 95 32 37 71 73 25 64
26 27 16 83 57 63 90 38 5 14 36 11 52 48 45 94 23 80 60 61 2 13 4 50
89 28 9 19 75 37 32 87 88 43 77 84 54 59 21 73 91 70 76 58 66 6 53 49
74 4 11 60 61 2 50 8 52 24 14 67 16 45 86 23 3 31 44 90 5 22 18 27
10 83 38 26 48 62 56 80 41 27 12 81 45 72 55 82 92 16 52 68 14 73 32 40
86 5 45 52 93 50 3 74 60 2 39 14 4 31 11 23 61 90 51 82 57 44 46 8
77 88 21 9 87 75 91 28 59 66 89 54 19 6 76 43 49 95 64 71 32 73 53 37
71 6 95 66 54 30 87 91 19 21 77 49 75 43 59 9 32 28 76 89 88 25 26 79
67 8 4 24 60 61 11 16 31 74 2 3 14 18 23 50 90 52 44 51 22 93 27 45
86 74 45 50 52 61 4 5 60 2 11 3 14 16 23 31 24 8 90 44 51 69 93 67
66 91 49 71 21 6 95 54 77 87 76 19 88 43 9 64 28 59 75 25 30 89 17 32
56 33 65 0 61 68 4 12 52 8 10 60 11 50 14 62 31 46 48 85 2 67 38 3
71 18 78 17 1 15 30 6 36 66 39 25 54 34 95 70 42 91 21 87 29 49 43 79
45 8 14 11 44 82 24 67 31 3 94 23 57 60 52 4 61 46 90 50 2 93 51 22
13 7 1 30 80 27 36 62 26 16 81 83 3 94 48 39 23 17 43 52 14 34 10 63
60 4 11 8 2 61 31 14 67 50 52 3 74 24 44 23 51 90 45 16 93 86 22 94
89 75 84 58 37 73 9 59 88 28 19 53 87 32 70 77 21 42 43 64 91 54 76 66
86 74 11 60 50 61 4 52 2 5 14 45 3 31 8 93 44 23 90 41 24 67 51 82
9 88 54 19 59 89 75 77 28 87 95 66 91 76 43 21 49 6 32 73 84 53 64 71
86 52 45 3 93 5 61 14 23 11 60 2 31 16 4 74 50 8 90 67 51 39 57 46
45 14 44 31 11 52 8 50 60 67 61 82 3 51 39 4 57 90 23 24 16 94 93 5
67 24 16 8 4 31 60 18 61 11 2 14 3 23 74 22 52 51 50 44 36 93 90 27
89 75 9 59 88 19 87 28 73 84 77 43 37 54 21 91 95 58 32 53 49 6 66 76
60 31 50 14 52 11 61 45 4 44 51 8 3 2 67 90 86 24 23 93 74 16 82 22
82 45 50 86 52 14 11 44 61 60 39 31 3 8 51 2 4 90 5 93 41 94 46 23
75 9 88 54 89 19 87 95 28 77 6 59 43 91 49 21 76 66 73 32 37 42 71 84
9 89 19 75 87 88 28 54 43 77 59 91 6 95 21 49 32 76 66 73 37 84 25 71
33 40 65 68 62 0 12 38 47 85 5 32 41 64 56 81 55 79 46 37 28 84 35 48
4 60 61 2 11 52 8 74 50 31 14 67 3 24 44 45 51 23 16 90 22 94 86 93
89 75 19 32 9 54 28 37 87 43 88 95 59 76 73 77 6 49 91 79 21 66 58 40
33 65 41 40 0 5 47 79 70 15 46 38 12 58 84 32 68 42 45 86 55 82 53 85
61 3 60 11 52 4 31 8 50 14 2 67 45 51 86 44 74 93 46 90 23 24 65 5
46 4 67 8 31 60 90 3 11 2 50 24 61 74 44 93 23 78 14 18 52 86 51 22
41 0 62 65 47 81 7 51 79 83 33 40 12 32 3 61 55 92 68 69 38 72 14 60
60 11 4 31 8 14 61 2 50 67 52 3 24 44 74 51 45 23 90 93 86 16 22 94
8 67 31 60 61 4 14 24 2 3 11 16 52 50 94 22 44 23 51 27 74 63 80 93
7 80 3 13 94 51 52 30 39 62 1 50 61 16 23 60 83 47 11 14 8 63 45 27
58 81 79 89 32 37 73 69 75 30 47 40 59 84 19 0 95 42 54 68 41 28 9 88
24 67 16 8 31 4 60 11 14 2 61 23 3 44 50 45 51 52 93 90 74 18 22 94
74 69 58 4 41 47 61 81 50 5 60 2 11 84 52 33 27 55 8 86 80 24 18 16
54 76 66 6 95 43 19 9 77 49 91 87 28 88 21 75 71 81 25 89 59 37 79 32
58 5 86 69 70 74 45 84 27 26 11 83 47 41 16 73 61 52 23 89 2 50 32 4
60 31 11 4 8 67 61 14 2 3 50 24 52 51 44 93 74 23 90 45 16 86 22 94
31 67 60 14 8 51 4 61 24 11 93 3 2 44 50 52 23 90 45 74 86 22 16 94
13 27 17 30 1 36 16 7 57 94 26 80 63 18 43 23 48 34 39 3 67 90 56 59
60 4 11 61 8 2 31 50 74 14 52 67 24 3 44 45 23 16 51 86 90 93 22 18
49 87 95 77 6 91 21 88 28 54 75 19 59 9 66 76 89 43 42 71 32 73 40 64
78 7 68 93 64 36 17 13 39 33 86 23 3 46 5 53 38 65 12 85 84 83 70 48
60 31 4 11 8 14 61 67 2 3 52 50 24 51 44 93 74 23 90 45 16 86 22 94
8 11 31 60 67 24 4 14 61 2 44 50 3 52 51 90 23 45 74 16 18 94 22 93
65 33 40 5 68 35 12 46 0 85 86 64 47 23 55 15 32 21 76 72 28 41 77 87
9 19 43 54 28 75 87 89 88 77 76 91 21 6 66 95 59 49 32 37 73 71 25 84
33 65 0 40 12 62 5 46 68 41 61 51 45 56 38 11 60 4 8 86 10 47 14 31
89 9 75 59 19 32 87 88 28 43 54 77 73 91 95 6 37 58 21 76 49 84 66 70
60 31 4 14 61 11 50 52 8 3 2 67 51 24 45 44 74 93 90 23 86 16 22 94
11 60 4 2 8 74 61 50 67 52 14 31 24 3 23 16 44 45 90 86 51 93 22 18
0 15 33 48 56 85 13 23 65 1 57 39 53 84 3 68 62 47 52 70 37 82 69 10
31 51 67 14 60 93 8 61 4 3 11 24 50 52 44 2 90 23 45 86 74 16 22 94
9 54 75 89 43 19 88 59 87 95 77 28 6 91 66 49 76 21 73 32 37 84 53 71
8 60 31 67 4 14 11 61 3 52 24 50 44 2 51 90 23 16 45 74 93 22 94 18


62 92 63 64 75 49 27 34 13 65 47 89 84 78 19 36 6 22 87 2 55 82 0 42
95 45 12 72 4 11 60 46 73 3 50 52 37 70 80 56 77 53 33 28 61 21 94 82
2 19 1 27 36 9 6 34 76 10 17 54 0 59 84 22 78 93 30 48 31 13 47 49
0 22 10 78 17 19 76 1 59 31 30 93 6 9 89 34 38 48 54 41 2 36 84 13
0 22 78 10 19 17 76 1 59 31 6 30 89 9 93 34 38 48 54 41 36 2 84 13
17 1 10 76 6 22 36 0 30 19 78 31 41 93 34 89 38 9 59 2 54 88 48 55
88 94 16 91 79 77 18 61 7 65 40 20 21 70 33 50 3 35 47 51 85 92 60 72
49 42 62 75 65 92 57 2 27 83 86 63 17 22 64 54 68 59 0 6 19 78 84 1
12 45 53 56 72 95 26 60 4 28 52 80 73 83 11 77 50 33 82 69 15 85 46 57
79 77 33 60 61 16 7 91 50 94 85 35 70 20 46 21 80 72 53 14 65 51 25 39
78 0 19 22 34 10 1 6 89 17 76 59 9 31 30 54 93 84 36 38 2 27 13 48
68 92 49 64 62 5 65 29 75 14 63 42 2 55 71 86 51 20 40 16 94 79 24 61
77 7 33 61 85 80 16 50 70 79 91 20 60 21 94 72 53 90 12 24 18 51 46 35
70 61 90 21 72 50 33 60 7 80 91 20 85 16 77 18 51 12 46 52 69 94 79 3
49 92 62 75 65 42 64 86 63 68 2 27 83 57 14 51 5 24 71 87 69 29 13 25
70 21 61 91 90 50 72 33 20 60 7 51 77 18 16 80 85 73 94 46 79 3 74 12
34 84 27 13 19 63 36 78 54 0 22 47 6 89 9 1 2 10 62 76 59 17 55 31
2 34 78 0 10 76 1 19 55 22 17 93 30 6 48 59 41 9 89 71 31 84 36 27
77 94 16 7 12 33 20 79 18 24 50 85 61 60 72 80 70 21 53 4 56 14 3 91
31 30 41 59 17 76 93 10 48 38 0 78 22 1 58 9 19 89 34 6 54 23 2 44
45 60 4 44 80 50 72 26 46 95 12 32 85 82 90 3 73 70 77 53 91 33 25 11
83 53 52 66 43 56 57 85 54 68 80 15 14 42 71 51 45 37 84 58 65 25 77 11
72 60 12 50 4 80 33 70 77 61 91 21 45 53 7 73 90 85 20 94 95 79 46 56
31 17 30 59 76 93 22 0 10 48 78 38 41 1 9 19 89 6 58 54 34 55 11 2
76 10 17 0 78 93 1 30 19 59 22 31 48 41 9 34 38 2 6 89 36 54 58 84
61 70 91 21 50 33 77 7 72 60 80 90 85 16 20 79 94 51 18 46 12 3 69 73
52 83 73 69 26 45 56 12 90 43 68 61 14 37 3 70 57 21 11 72 77 91 15 33
26 73 90 45 69 43 52 12 72 95 60 11 3 83 70 61 5 21 91 57 37 77 80 33
70 61 21 33 69 7 20 90 50 80 91 77 72 16 85 60 18 51 94 79 12 46 24 56
15 74 37 90 73 4 48 41 8 93 81 30 64 36 91 29 92 59 21 76 72 65 70 20
70 61 21 50 33 7 91 20 77 72 60 16 90 80 85 79 94 18 51 12 46 24 3 69
72 12 60 50 4 80 45 95 3 56 77 70 33 46 21 85 61 20 94 7 79 90 91 53
90 70 21 61 50 91 72 33 60 20 7 80 77 51 16 18 85 73 46 74 79 94 69 12
17 10 76 0 78 22 19 1 31 30 59 93 9 48 38 41 34 6 89 54 2 36 84 58
60 72 50 12 77 33 4 80 70 20 7 61 85 53 21 79 94 16 91 56 90 3 24 45
77 94 7 16 33 85 20 61 80 79 50 70 21 91 60 72 56 24 18 53 12 90 40 69
74 58 66 41 48 93 11 81 30 76 59 90 38 8 43 44 5 31 10 73 2 32 26 15
76 0 78 10 59 19 93 48 1 22 30 17 31 9 41 34 2 38 89 6 54 13 36 58
84 47 13 36 89 63 19 54 44 34 27 23 38 9 78 0 31 22 55 6 62 39 83 17
53 4 56 28 33 60 50 77 72 69 80 12 24 26 79 94 20 7 85 16 35 45 87 47
50 33 79 20 7 77 72 16 61 70 94 21 80 85 60 12 24 91 56 53 51 14 4 90
43 52 95 8 91 73 66 45 72 70 74 61 21 46 3 90 60 50 11 12 77 37 18 58
70 61 21 50 33 91 7 77 72 60 20 80 85 90 16 79 94 51 18 46 12 69 3 24
76 10 93 30 0 59 17 78 1 19 31 48 22 41 38 9 34 2 6 89 54 58 36 84
95 4 26 87 82 11 86 45 57 72 44 32 38 80 60 50 6 28 3 84 89 73 46 12
53 7 85 16 79 80 77 33 20 60 50 94 70 61 21 72 18 25 24 12 35 69 46 91
44 58 66 32 53 38 45 83 52 89 31 23 8 37 11 6 43 80 25 22 26 35 17 0
75 27 42 65 49 57 62 95 78 2 54 93 48 0 59 22 6 19 84 17 9 1 86 76
45 95 12 28 11 4 52 72 3 60 56 73 53 50 24 38 77 80 37 46 15 83 90 54
41 58 30 31 48 59 17 93 76 1 38 22 10 23 89 43 0 6 74 9 78 8 11 66
53 12 35 79 77 7 56 16 52 85 83 80 94 60 33 24 72 4 47 20 14 50 45 61
47 88 36 63 6 75 62 89 27 1 64 22 84 55 92 34 17 19 59 49 78 0 65 9
77 33 61 7 50 70 80 85 20 60 16 91 21 79 72 94 90 53 12 51 24 46 18 69
0 10 17 22 78 1 76 19 59 6 31 93 30 9 34 89 54 38 48 41 2 36 13 58
50 16 21 70 20 91 7 61 33 79 51 80 77 60 85 94 18 72 25 90 40 46 24 4
61 70 21 33 7 91 50 77 20 16 60 72 80 85 90 79 94 51 18 12 46 69 24 14
91 61 70 72 33 50 21 77 7 20 60 94 80 16 79 85 90 51 12 46 4 18 3 24
72 60 61 70 50 90 33 21 12 77 91 52 80 85 7 20 73 94 51 16 79 3 56 53
45 11 28 38 95 54 26 44 6 71 12 0 10 22 19 1 76 36 17 9 84 31 93 52
34 13 19 27 84 78 54 0 1 22 6 36 2 10 28 89 9 76 17 63 47 38 59 71
90 20 21 37 70 50 18 72 33 61 94 81 74 51 56 91 24 60 7 73 4 3 77 15
17 76 10 30 31 93 59 0 78 1 22 48 41 19 9 38 89 6 58 34 2 54 36 55
38 0 22 31 78 93 76 10 17 89 30 19 6 59 11 1 9 48 41 54 58 34 44 36
78 0 19 22 10 6 54 76 17 1 34 9 2 89 59 93 27 30 38 13 31 36 48 84
17 58 41 76 10 93 30 31 48 38 59 0 1 22 78 9 19 2 89 6 54 55 11 34
47 53 27 13 63 84 54 56 79 28 34 36 62 94 4 86 35 83 75 24 6 12 87 71
5 68 44 81 39 92 40 29 64 23 8 63 32 43 66 89 34 62 47 55 13 16 14 25
56 20 50 87 24 12 81 77 33 69 37 60 4 94 79 21 18 72 7 53 80 85 26 90
87 2 86 34 6 71 0 22 27 5 89 78 54 67 19 1 13 76 26 10 62 17 36 28
52 45 95 12 60 72 3 43 70 8 61 90 50 91 73 37 21 46 74 66 77 18 94 7
70 61 91 90 21 50 72 33 60 80 77 7 85 20 16 51 46 69 73 18 12 79 94 3
51 75 90 18 72 70 21 50 61 16 20 80 91 7 49 65 4 33 12 24 3 79 74 94
70 61 21 91 50 90 72 33 60 7 77 80 20 85 16 51 18 46 79 94 73 12 3 69
0 78 19 22 10 76 59 17 6 31 9 38 1 54 93 30 89 48 34 84 41 13 36 2
95 28 57 27 42 2 4 6 54 11 76 93 48 0 86 22 36 71 12 19 17 1 78 75
93 17 10 30 76 41 31 59 1 48 38 58 78 0 9 19 22 2 11 55 89 43 34 36
80 77 33 61 7 85 60 70 72 79 91 50 53 20 21 16 94 90 12 56 51 46 14 52
92 64 62 49 65 63 75 29 68 51 42 40 16 79 18 55 5 74 7 94 14 34 20 27
87 71 26 86 6 69 89 0 81 22 53 57 78 48 2 19 38 13 28 59 34 76 32 1
31 17 30 10 59 22 76 1 0 54 9 43 19 78 93 48 58 38 41 6 89 34 84 36
45 73 95 11 60 72 90 33 53 25 37 80 74 70 50 61 77 4 91 21 57 46 12 52
0 22 78 19 10 17 1 76 6 34 89 9 59 31 30 93 54 38 48 36 41 2 84 13
22 0 19 17 6 78 10 1 76 54 89 9 34 31 59 30 38 93 36 48 84 41 2 27
94 20 61 7 50 21 16 33 70 77 79 91 60 85 72 14 80 3 51 24 90 12 18 46
27 54 13 47 84 34 53 6 63 19 36 22 28 89 0 78 71 9 1 83 2 35 62 10
10 0 78 22 19 1 34 17 76 6 2 9 59 89 30 93 31 54 48 36 41 38 27 13
0 22 78 10 19 1 17 76 6 54 59 38 9 93 31 30 34 89 48 2 41 13 58 36
61 70 90 72 91 21 60 50 33 77 80 85 7 20 69 12 52 51 16 73 46 94 18 3
34 6 19 78 22 0 27 54 89 1 84 10 13 9 36 17 2 76 59 63 31 30 38 93
95 32 4 11 44 36 27 6 46 82 75 60 2 84 28 19 55 1 45 76 73 38 0 10
0 22 78 17 19 10 6 1 59 54 76 9 31 34 93 89 30 48 38 84 2 41 13 27
70 61 21 91 50 33 7 77 72 60 20 90 16 80 85 94 79 18 51 46 12 69 3 73
70 21 61 91 50 90 72 33 20 60 7 77 16 80 85 18 94 51 79 12 46 73 3 69
0 78 19 10 22 1 17 76 34 6 54 9 31 89 93 30 59 38 36 48 2 84 13 41
30 17 93 76 31 41 10 48 59 0 1 22 78 38 19 58 9 89 6 34 2 54 36 11
94 79 91 77 65 20 61 16 51 7 3 21 50 85 33 70 75 88 60 14 24 18 46 72


